0 0 1.99996875874836
0 1 -2.130352312353713e-05
0 2 4.1713428525023e-07
0 3 -4.200555882130844e-05
0 4 -7.598313282819517e-05
0 5 2.359969151967803e-05
0 6 3.647963011218312e-06
0 7 5.556414000399445e-05
0 8 1.307568076899486e-05
0 9 1.540206278506798e-05
0 10 -6.922406509443447e-05
0 11 -3.29846576396768e-05
0 12 -5.240296190400205e-05
0 13 -1.148014393822647e-05
0 14 -1.128205798908255e-05
0 15 -0.000176345287599458
0 16 0.0001123286970235071
0 17 6.727813973233271e-05
0 18 -7.083701990177193e-05
0 19 9.229445806855998e-05
0 20 3.015334932015492e-05
0 21 0.0004501338272545877
0 22 -0.0001612332798971229
0 23 -0.0002076659604376938
0 24 0.0003531524404440625
1 0 -2.130352312353715e-05
1 1 1.992302834414444
1 2 0.000585337660377842
1 3 -0.0002756417919301526
1 4 -0.002047511668123548
1 5 -0.001247858179972222
1 6 -0.0006004838431805441
1 7 0.002959729520523096
1 8 4.885632463907755e-05
1 9 0.002211657736763156
1 10 0.004021154050185408
1 11 0.001727336542724157
1 12 0.0009566486655199749
1 13 0.0001147643927861778
1 14 0.001296857444556442
1 15 -0.001356113302236742
1 16 -0.004028085345221416
1 17 -0.001538497621292197
1 18 0.000554088664276889
1 19 -0.00149652160626313
1 20 0.00100891876724918
1 21 -0.004628345540983824
1 22 0.001018797687962607
1 23 0.001338236119274894
1 24 -0.006689857777190054
2 0 4.171342852502207e-07
2 1 0.0005853376603778436
2 2 1.992446353261348
2 3 -0.0004979328684898287
2 4 -0.0004665665583377775
2 5 -0.000394841163339008
2 6 0.0008206169039476903
2 7 0.003058226521408627
2 8 -0.0007998593466684168
2 9 0.004298337639227556
2 10 0.003926713433943177
2 11 0.001655426547182271
2 12 -0.001036827222024526
2 13 1.57546495711585e-05
2 14 0.001137527107775811
2 15 0.002067683989460951
2 16 0.0005398220642074418
2 17 -0.001054483829254966
2 18 0.001284878266125979
2 19 -0.002255016470361606
2 20 -0.00389472030211826
2 21 -0.00611208981465627
2 22 0.001517684086515112
2 23 -0.0001882226080713073
2 24 -0.007685667761570952
3 0 -4.200555882130755e-05
3 1 -0.0002756417919301532
3 2 -0.000497932868489838
3 3 1.988168328329193
3 4 -0.0007903762718968303
3 5 0.0007276004287077764
3 6 -0.0001216854535190637
3 7 0.0006616970210504792
3 8 -0.0003654861475709244
3 9 -0.0007786606738519491
3 10 -0.001458411398451653
3 11 -0.0002295470429695695
3 12 -0.002042348894442987
3 13 -0.0002638216540643558
3 14 -0.0002949844505903302
3 15 0.0005228299295452152
3 16 -3.387293945739185e-05
3 17 -0.0008447033530178899
3 18 0.000635385152342986
3 19 0.001485341695082762
3 20 0.0003154372377635555
3 21 0.0007245311637080734
3 22 0.002143346027224302
3 23 -0.0008411147263514801
3 24 0.001809723397323627
4 0 -7.598313282819456e-05
4 1 -0.002047511668123521
4 2 -0.000466566558337795
4 3 -0.0007903762718968169
4 4 1.985619389291294
4 5 0.0001265390709116024
4 6 0.003993494345264866
4 7 0.0001762119930980622
4 8 -0.0007957052390295159
4 9 0.003365631275808701
4 10 -0.006117898367499685
4 11 -0.002853066988417762
4 12 -0.0003435511057166003
4 13 -0.0008359922528876424
4 14 -0.0009011336366919142
4 15 0.006425876812619889
4 16 -4.930675035871033e-05
4 17 -0.0004783997780298305
4 18 -2.067749688926981e-05
4 19 0.0007584756206639715
4 20 0.00128762688712958
4 21 0.0006250803534894557
4 22 -0.0003076699511616777
4 23 0.0007030587085009972
4 24 0.006617684478321003
5 0 2.359969151967716e-05
5 1 -0.001247858179972225
5 2 -0.0003948411633390049
5 3 0.0007276004287077778
5 4 0.0001265390709115557
5 5 1.982366008400577
5 6 -0.001800915636427143
5 7 -0.001676960329681694
5 8 0.0008709966072333105
5 9 -0.002052061997128368
5 10 0.00023381467024699
5 11 0.001448244202512837
5 12 0.003968278135682513
5 13 -0.001467556178478091
5 14 -0.000416564293974262
5 15 -0.001223343070403036
5 16 -0.0008446486615310802
5 17 -0.0008932274891998969
5 18 0.000441971251651234
5 19 -0.001522562413097864
5 20 0.002623724526079299
5 21 0.001275547315910068
5 22 -0.0007525384963674961
5 23 -0.0004868544764325593
5 24 0.0003382174785219923
6 0 3.647963011219224e-06
6 1 -0.0006004838431805402
6 2 0.0008206169039476936
6 3 -0.0001216854535190626
6 4 0.0039934943452649
6 5 -0.001800915636427139
6 6 1.983726637377993
6 7 0.001830688878819358
6 8 0.0001486502586786471
6 9 0.004711397416135027
6 10 -0.003921215313488951
6 11 0.0003227729553597911
6 12 -0.002644271423024142
6 13 -0.004536443072233113
6 14 -0.005856581973667961
6 15 -0.001060047934668872
6 16 0.0005750561934648251
6 17 9.573306902244615e-05
6 18 -0.001384217963441493
6 19 0.001300502031239362
6 20 -2.127755512812944e-05
6 21 0.0003263448516263476
6 22 0.0005642222608589892
6 23 0.0006455108694040489
6 24 0.0007105692431885621
7 0 5.556414000399425e-05
7 1 0.002959729520523053
7 2 0.003058226521408615
7 3 0.0006616970210505083
7 4 0.000176211993098037
7 5 -0.001676960329681683
7 6 0.001830688878819365
7 7 1.979957722056988
7 8 -5.599957077295835e-05
7 9 0.003901160883221273
7 10 -0.001487649599721433
7 11 0.001371781551677844
7 12 0.004922145563506841
7 13 -0.004616502538467543
7 14 -0.008619575227674616
7 15 0.002559259109306765
7 16 0.00137269811383844
7 17 -0.001398567028314539
7 18 -0.0004219703459006697
7 19 -0.003064467659909609
7 20 0.002282493894323856
7 21 0.002411897484308223
7 22 0.001252450594757446
7 23 -2.982434405109547e-05
7 24 0.004044639625864235
8 0 1.307568076899596e-05
8 1 4.885632463907644e-05
8 2 -0.000799859346668434
8 3 -0.0003654861475709605
8 4 -0.0007957052390295025
8 5 0.0008709966072332392
8 6 0.0001486502586788205
8 7 -5.59995707730142e-05
8 8 1.975274105941954
8 9 -0.004604733888865862
8 10 0.002404784462427888
8 11 -0.004705899938348519
8 12 0.002211248141508522
8 13 0.01464027646666287
8 14 0.02535307887229107
8 15 6.023511145713056e-05
8 16 0.00382389184322413
8 17 -0.0008508433210755513
8 18 0.00655506107403387
8 19 -0.0006213148914602012
8 20 0.000906145614120814
8 21 6.683542181847864e-05
8 22 -0.001745153147357527
8 23 0.0007611610623113603
8 24 0.001486007194448748
9 0 1.540206278506821e-05
9 1 0.002211657736763144
9 2 0.004298337639227481
9 3 -0.0007786606738519661
9 4 0.003365631275808757
9 5 -0.002052061997128317
9 6 0.00471139741613505
9 7 0.003901160883221257
9 8 -0.00460473388886597
9 9 1.982602932255774
9 10 -0.002584067708090401
9 11 -0.006450342388497125
9 12 0.0001360517244468549
9 13 0.01037915461711626
9 14 0.01623033621070642
9 15 -0.001511156451485887
9 16 0.001266904715595478
9 17 0.001082083329105617
9 18 0.003071268028885182
9 19 0.0006820380779514523
9 20 0.003699743977417187
9 21 0.001472979683591572
9 22 -0.00163453627392096
9 23 -0.0009344635943514145
9 24 0.007230472046872616
10 0 -6.922406509443506e-05
10 1 0.004021154050185323
10 2 0.003926713433943194
10 3 -0.001458411398451704
10 4 -0.006117898367499746
10 5 0.000233814670247012
10 6 -0.003921215313488772
10 7 -0.001487649599721351
10 8 0.002404784462427872
10 9 -0.002584067708090368
10 10 1.977303888710119
10 11 0.003848300409079348
10 12 -0.002774559179405124
10 13 -0.009961391202413815
10 14 -0.0276981049666565
10 15 0.001298889838741634
10 16 -0.0006653955821040213
10 17 0.000442788874788052
10 18 -0.00696550319557508
10 19 0.004202278770980372
10 20 -0.002384609807004104
10 21 0.002616814315985425
10 22 0.0007267500180813415
10 23 0.001660271674391711
10 24 0.01591399459531432
11 0 -3.298465763967904e-05
11 1 0.001727336542724083
11 2 0.00165542654718226
11 3 -0.0002295470429695667
11 4 -0.002853066988417759
11 5 0.001448244202512762
11 6 0.0003227729553597597
11 7 0.00137178155167773
11 8 -0.004705899938348577
11 9 -0.006450342388497017
11 10 0.003848300409079296
11 11 1.967255462996165
11 12 -0.000520670127412003
11 13 0.02593504560750765
11 14 0.05372093697183011
11 15 -0.0007914594948699369
11 16 0.000327448023334456
11 17 0.004841387327403827
11 18 0.01109368896830965
11 19 0.00499111086797001
11 20 0.001138255885357239
11 21 0.001671354624916223
11 22 -0.001863733653878155
11 23 0.0001483852237619622
11 24 0.008855730487982634
12 0 -5.240296190400262e-05
12 1 0.0009566486655200276
12 2 -0.001036827222024577
12 3 -0.002042348894442951
12 4 -0.00034355110571652
12 5 0.003968278135682702
12 6 -0.002644271423024158
12 7 0.004922145563506808
12 8 0.002211248141508528
12 9 0.0001360517244468329
12 10 -0.002774559179405152
12 11 -0.0005206701274120021
12 12 1.981349018986262
12 13 -0.002497980943738484
12 14 4.184906118338022e-05
12 15 -0.004337337624809678
12 16 -0.02895929828853694
12 17 -0.005917562827489122
12 18 0.004084597991022411
12 19 -0.00628397662579957
12 20 0.02149206181622171
12 21 0.003181792708623357
12 22 -0.01206064180701963
12 23 -0.02651776537225816
12 24 -0.002219656871177183
13 0 -1.148014393822643e-05
13 1 0.0001147643927861757
13 2 1.575464957111699e-05
13 3 -0.0002638216540643264
13 4 -0.0008359922528876436
13 5 -0.001467556178477938
13 6 -0.004536443072233007
13 7 -0.004616502538467664
13 8 0.01464027646666522
13 9 0.0103791546171159
13 10 -0.009961391202413801
13 11 0.02593504560750583
13 12 -0.002497980943738567
13 13 1.926000826929233
13 14 -0.001251928991897345
13 15 -0.001688853981502367
13 16 -0.0004410689440586795
13 17 0.006036030837437275
13 18 0.01110768853880857
13 19 -0.0004310784370456496
13 20 -0.0003648214859349184
13 21 -1.422884590805882e-05
13 22 -0.0003528907440881409
13 23 0.0009117186857206519
13 24 0.001104007818579886
14 0 -1.128205798908256e-05
14 1 0.001296857444556529
14 2 0.001137527107775837
14 3 -0.0002949844505903475
14 4 -0.0009011336366919929
14 5 -0.0004165642939742598
14 6 -0.005856581973667792
14 7 -0.008619575227675293
14 8 0.02535307887229039
14 9 0.01623033621070785
14 10 -0.0276981049666556
14 11 0.05372093697183165
14 12 4.184906118334718e-05
14 13 -0.001251928991897535
14 14 0.108763591980962
14 15 -0.001520213284217145
14 16 0.007190816290072002
14 17 -0.001280408365004176
14 18 0.01209815823142908
14 19 0.003575314519831622
14 20 0.003769775961252671
14 21 -0.001649927599081297
14 22 -0.003658189970892029
14 23 0.0002571110716807287
14 24 -0.0003904403711079656
15 0 -0.000176345287599445
15 1 -0.001356113302236801
15 2 0.00206768398946097
15 3 0.0005228299295452278
15 4 0.006425876812619594
15 5 -0.001223343070403113
15 6 -0.001060047934668886
15 7 0.002559259109306754
15 8 6.023511145712274e-05
15 9 -0.001511156451485888
15 10 0.001298889838741622
15 11 -0.0007914594948699703
15 12 -0.004337337624809403
15 13 -0.00168885398150236
15 14 -0.001520213284217137
15 15 0.02300830919580234
15 16 0.0008171709566529752
15 17 0.002415165704831086
15 18 0.002376065003894321
15 19 -0.002123823913481746
15 20 0.004786149702525647
15 21 -0.003068249957195375
15 22 0.002783806699790319
15 23 0.001608214184633569
15 24 0.0007868600120332258
16 0 0.0001123286970235103
16 1 -0.004028085345221415
16 2 0.0005398220642073443
16 3 -3.387293945740925e-05
16 4 -4.930675035870615e-05
16 5 -0.0008446486615309896
16 6 0.0005750561934647297
16 7 0.0013726981138385
16 8 0.003823891843224249
16 9 0.00126690471559544
16 10 -0.0006653955821039602
16 11 0.0003274480233344818
16 12 -0.02895929828853996
16 13 -0.0004410689440588434
16 14 0.007190816290071955
16 15 0.000817170956652939
16 16 0.0164744702320276
16 17 0.000289361266443308
16 18 0.001417313164330379
16 19 0.005844368515317432
16 20 -0.006613028598689504
16 21 0.004349467964489663
16 22 -0.00407075277246959
16 23 0.005436449161226226
16 24 0.0009048909502532575
17 0 6.72781397323316e-05
17 1 -0.001538497621292165
17 2 -0.001054483829254997
17 3 -0.0008447033530178913
17 4 -0.0004783997780298082
17 5 -0.000893227489199893
17 6 9.573306902242805e-05
17 7 -0.001398567028314403
17 8 -0.000850843321075564
17 9 0.001082083329105599
17 10 0.0004427888747880593
17 11 0.004841387327403765
17 12 -0.005917562827488869
17 13 0.006036030837437208
17 14 -0.001280408365004285
17 15 0.002415165704831142
17 16 0.0002893612664432811
17 17 0.01619494143140172
17 18 -0.008196182858340759
17 19 0.001750801199037594
17 20 -0.001305233066387949
17 21 0.001441660941382831
17 22 0.001439970697710942
17 23 -5.878409473713536e-05
17 24 0.00111454330219752
18 0 -7.083701990177809e-05
18 1 0.0005540886642768824
18 2 0.00128487826612601
18 3 0.0006353851523430098
18 4 -2.067749688926295e-05
18 5 0.0004419712516512624
18 6 -0.00138421796344155
18 7 -0.0004219703459006674
18 8 0.006555061074034019
18 9 0.003071268028885162
18 10 -0.006965503195574945
18 11 0.01109368896831
18 12 0.004084597991022608
18 13 0.01110768853880899
18 14 0.01209815823142945
18 15 0.002376065003894189
18 16 0.001417313164330421
18 17 -0.008196182858340768
18 18 0.008280684366250561
18 19 0.0007064126264795616
18 20 0.001761553427036174
18 21 -0.001993906011202061
18 22 -0.0008021536890081613
18 23 -0.0002468247251966929
18 24 -0.0003417428898829274
19 0 9.229445806856151e-05
19 1 -0.001496521606263094
19 2 -0.002255016470361599
19 3 0.00148534169508277
19 4 0.0007584756206639793
19 5 -0.001522562413097888
19 6 0.001300502031239486
19 7 -0.003064467659909571
19 8 -0.0006213148914602123
19 9 0.0006820380779514982
19 10 0.004202278770980122
19 11 0.004991110867970242
19 12 -0.006283976625799645
19 13 -0.0004310784370456324
19 14 0.003575314519831702
19 15 -0.002123823913481712
19 16 0.005844368515317431
19 17 0.001750801199037524
19 18 0.0007064126264795666
19 19 0.01743676984815603
19 20 0.001951970087325888
19 21 0.000436934816928998
19 22 0.001905051869153884
19 23 8.866992472420276e-05
19 24 0.002427471189893522
20 0 3.015334932015502e-05
20 1 0.001008918767249266
20 2 -0.003894720302118218
20 3 0.000315437237763558
20 4 0.001287626887129576
20 5 0.00262372452607956
20 6 -2.127755512813968e-05
20 7 0.00228249389432392
20 8 0.000906145614120878
20 9 0.00369974397741723
20 10 -0.002384609807004177
20 11 0.001138255885357235
20 12 0.0214920618162214
20 13 -0.0003648214859349874
20 14 0.003769775961252457
20 15 0.004786149702525806
20 16 -0.006613028598689787
20 17 -0.001305233066388059
20 18 0.001761553427036108
20 19 0.001951970087325973
20 20 0.01635449918521277
20 21 0.001086948225249356
20 22 -0.003336136557395791
20 23 -0.003133534917655458
20 24 0.001354222782928727
21 0 0.0004501338272545796
21 1 -0.004628345540983786
21 2 -0.006112089814655951
21 3 0.0007245311637080819
21 4 0.0006250803534895714
21 5 0.001275547315910024
21 6 0.0003263448516263729
21 7 0.002411897484308241
21 8 6.68354218184327e-05
21 9 0.00147297968359152
21 10 0.002616814315985498
21 11 0.001671354624916269
21 12 0.003181792708623391
21 13 -1.4228845908092e-05
21 14 -0.001649927599081023
21 15 -0.003068249957195391
21 16 0.004349467964489503
21 17 0.001441660941382823
21 18 -0.001993906011202145
21 19 0.0004369348169290013
21 20 0.00108694822524937
21 21 0.02354142872529866
21 22 -0.001554682863202207
21 23 -0.002504659183045068
21 24 0.004212451404936828
22 0 -0.000161233279897113
22 1 0.001018797687962634
22 2 0.001517684086515142
22 3 0.002143346027224399
22 4 -0.0003076699511617067
22 5 -0.0007525384963674048
22 6 0.0005642222608589131
22 7 0.001252450594757467
22 8 -0.00174515314735742
22 9 -0.001634536273920941
22 10 0.0007267500180811175
22 11 -0.001863733653878284
22 12 -0.01206064180701956
22 13 -0.0003528907440881458
22 14 -0.003658189970891819
22 15 0.002783806699790405
22 16 -0.004070752772469753
22 17 0.001439970697710862
22 18 -0.0008021536890081489
22 19 0.001905051869153857
22 20 -0.003336136557395775
22 21 -0.001554682863202103
22 22 0.01536368537905181
22 23 0.003321864958428262
22 24 -0.001248191976920748
23 0 -0.0002076659604376919
23 1 0.001338236119274843
23 2 -0.0001882226080713154
23 3 -0.0008411147263514727
23 4 0.0007030587085009374
23 5 -0.0004868544764326528
23 6 0.0006455108694038538
23 7 -2.982434405118491e-05
23 8 0.0007611610623113581
23 9 -0.0009344635943514157
23 10 0.001660271674391688
23 11 0.0001483852237620001
23 12 -0.02651776537225924
23 13 0.000911718685720607
23 14 0.0002571110716806861
23 15 0.001608214184633664
23 16 0.005436449161226388
23 17 -5.878409473720601e-05
23 18 -0.0002468247251967116
23 19 8.86699247242056e-05
23 20 -0.003133534917655472
23 21 -0.002504659183045117
23 22 0.003321864958428112
23 23 0.019521898714449
23 24 -0.00028791817284617
24 0 0.0003531524404441031
24 1 -0.006689857777189938
24 2 -0.007685667761571041
24 3 0.001809723397323664
24 4 0.006617684478320941
24 5 0.0003382174785220047
24 6 0.0007105692431885027
24 7 0.00404463962586416
24 8 0.001486007194448721
24 9 0.007230472046872469
24 10 0.01591399459531397
24 11 0.008855730487982223
24 12 -0.002219656871177036
24 13 0.001104007818579857
24 14 -0.0003904403711079762
24 15 0.0007868600120331058
24 16 0.0009048909502532218
24 17 0.001114543302197487
24 18 -0.000341742889882918
24 19 0.002427471189893549
24 20 0.001354222782928834
24 21 0.004212451404936776
24 22 -0.001248191976920641
24 23 -0.0002879181728461311
24 24 0.02071745291795452
