0 0 1.999968126188369
0 1 -1.188764597070753e-05
0 2 -4.778572092088521e-05
0 3 -0.0001039706775522538
0 4 -7.287857479483502e-06
0 5 -4.476612985391366e-06
0 6 -1.300917043004635e-05
0 7 -2.109757365258928e-05
0 8 -4.954755576226872e-05
0 9 9.366694193998084e-06
0 10 -3.7209925981429e-06
0 11 4.377225925116594e-06
0 12 8.311357511645114e-06
0 13 -4.831556680475429e-06
0 14 1.190525965975136e-06
0 15 1.418162845336531e-06
0 16 -2.98853702134359e-06
0 17 -7.136654450200924e-06
0 18 7.711354624130363e-05
0 19 1.531752299599689e-05
0 20 0.0002679468064423079
0 21 -8.595097904461318e-05
0 22 -6.075078824311558e-05
0 23 -2.651368436342827e-05
0 24 0.0001387254736400315
0 25 -5.332959368937031e-05
0 26 -2.132413523830325e-05
0 27 0.0001035452262906237
1 0 -1.188764597070749e-05
1 1 1.989431032670463
1 2 0.0002555291321831595
1 3 -0.0004192419441482933
1 4 0.0007083135119367561
1 5 0.001794413626122362
1 6 -0.000879153825653052
1 7 0.0001547463325071435
1 8 0.000426877799165476
1 9 -0.0001842025194948292
1 10 -0.0001739547555882186
1 11 -0.0002139369213703443
1 12 3.16911917866203e-05
1 13 -0.0001169487555701596
1 14 7.983223396413056e-05
1 15 -0.0003130874417000962
1 16 1.096980074768344e-05
1 17 0.0002995405531536241
1 18 -0.00163420858052558
1 19 8.239391491195461e-05
1 20 1.277588060102291e-05
1 21 0.0001431783565659995
1 22 -0.0008915545957386493
1 23 0.001648622375448497
1 24 -0.0003615006761525992
1 25 -0.0007047149677381999
1 26 0.0002550892483061441
1 27 -0.0008408071968477313
2 0 -4.778572092088515e-05
2 1 0.0002555291321831605
2 2 1.988483140876339
2 3 -0.0006129726562148993
2 4 0.0005619447901534706
2 5 -0.0002316739223113443
2 6 0.0005491428007819322
2 7 0.002091069804106519
2 8 -0.0001990281211282186
2 9 0.0001543732756605562
2 10 -0.0002263571441990344
2 11 0.0001014820328255566
2 12 0.0001165245545142111
2 13 -9.367327624278701e-05
2 14 0.0002495122087095588
2 15 -0.0003697384767010973
2 16 0.0001766058179818885
2 17 5.28968633092941e-05
2 18 -0.002437072685637422
2 19 0.001987999006520059
2 20 -0.0009042992663571794
2 21 0.000181414482202136
2 22 0.001246149185072801
2 23 0.0007176713365760568
2 24 0.0005463624957518128
2 25 -0.0003460716163907677
2 26 -0.0002540260624241409
2 27 -0.0008403599942242937
3 0 -0.0001039706775522569
3 1 -0.0004192419441483034
3 2 -0.0006129726562149117
3 3 1.984071221348427
3 4 -0.001643589262305544
3 5 0.0002742666701193903
3 6 -0.0002120493092665324
3 7 -0.0003803986743950638
3 8 0.001748178355774553
3 9 -0.0006775505036068584
3 10 0.0005279094414342856
3 11 4.203981383096534e-05
3 12 -0.0001473779664718315
3 13 8.152296763628384e-05
3 14 8.970029795388568e-05
3 15 -0.0007395143976419857
3 16 6.732630596646143e-05
3 17 -7.430365589594103e-05
3 18 0.0006603000589345521
3 19 0.000539080947197005
3 20 0.001196677564361945
3 21 -0.0001853061982026913
3 22 -8.374979346558809e-05
3 23 -0.001208580213955649
3 24 0.0004611534403106029
3 25 0.0001845961226363446
3 26 -0.0002481830069232435
3 27 0.001784238800013294
4 0 -7.287857479483777e-06
4 1 0.0007083135119367152
4 2 0.0005619447901534635
4 3 -0.001643589262305528
4 4 1.988306603388706
4 5 0.0008366934664525956
4 6 -0.0007085129152105938
4 7 0.003352837233093002
4 8 -0.0008316596505993685
4 9 -0.0003588822564710296
4 10 4.819108406748309e-06
4 11 -0.0004952791596753653
4 12 9.633139381291946e-05
4 13 4.945565665069578e-05
4 14 0.0004043240616534094
4 15 6.944237816603823e-05
4 16 0.0003168350555925892
4 17 7.618258088116593e-06
4 18 -0.003880662133718225
4 19 0.002783335463669475
4 20 -0.0009454465423874194
4 21 0.000239208221463129
4 22 -0.00103280473035134
4 23 -0.003192671592512002
4 24 0.0008161040449263328
4 25 0.0001962109552120041
4 26 -0.0002496698439716912
4 27 0.001648413079400693
5 0 -4.476612985391197e-06
5 1 0.001794413626122316
5 2 -0.000231673922311338
5 3 0.0002742666701193852
5 4 0.0008366934664525952
5 5 1.98293998535926
5 6 -0.002121699175986802
5 7 0.0003222577277343392
5 8 -0.00170340951454814
5 9 -0.003831381948025142
5 10 0.004218933500443409
5 11 -0.0005861740232833353
5 12 4.69639343758754e-05
5 13 0.0001605853886272099
5 14 -6.774411812090941e-05
5 15 0.0005604059814881546
5 16 0.0002360397258160519
5 17 -0.001332871627775623
5 18 0.005613683198630112
5 19 0.002190520441785268
5 20 -0.002446932531802537
5 21 0.0001838569008492039
5 22 0.002830544214416692
5 23 -0.00148116345478945
5 24 -0.001108577562323283
5 25 -0.001643960476786956
5 26 -0.0006865006216916109
5 27 -0.001295589213730947
6 0 -1.300917043004613e-05
6 1 -0.0008791538256530196
6 2 0.0005491428007818647
6 3 -0.0002120493092665432
6 4 -0.0007085129152106517
6 5 -0.002121699175986833
6 6 1.979979289491038
6 7 9.426868125520425e-06
6 8 0.0005511363415440238
6 9 -0.0002397590124166446
6 10 0.0002958775048233651
6 11 -0.000353682231149496
6 12 0.0002289458183761276
6 13 0.0003856618049297624
6 14 0.0002450210066321636
6 15 -2.590034893868649e-05
6 16 -8.162794849158352e-05
6 17 0.0009995206014143119
6 18 -0.00270904069897314
6 19 -0.002033508393832221
6 20 0.001387477301765839
6 21 5.777921034836241e-05
6 22 -0.002459895031189121
6 23 0.002930793780708168
6 24 -0.000573081947892604
6 25 -0.0008444765194259079
6 26 -0.0003323835809795195
6 27 -0.0002536978925272046
7 0 -2.109757365258875e-05
7 1 0.0001547463325071633
7 2 0.002091069804106497
7 3 -0.0003803986743950788
7 4 0.003352837233093003
7 5 0.0003222577277344284
7 6 9.42686812550463e-06
7 7 1.983270799546414
7 8 -0.001279829778413162
7 9 0.001500696738817827
7 10 -0.002097670921674049
7 11 -6.105233594720213e-05
7 12 0.0005495427730904038
7 13 -2.639256683611066e-05
7 14 8.059107961834247e-05
7 15 0.0007838162281123674
7 16 -5.221652437524448e-05
7 17 0.0003941069746445652
7 18 -0.0005535170651214084
7 19 -0.003829617540914519
7 20 -0.001299499698883594
7 21 0.0009311739824409506
7 22 -0.00266959371504554
7 23 -0.002824571193820335
7 24 -0.001822398461948125
7 25 0.002252516690969116
7 26 0.0009847435801550767
7 27 0.001342707714141295
8 0 -4.954755576226793e-05
8 1 0.0004268777991654936
8 2 -0.0001990281211282882
8 3 0.00174817835577447
8 4 -0.0008316596505993355
8 5 -0.00170340951454813
8 6 0.0005511363415440928
8 7 -0.001279829778413111
8 8 1.977801935546489
8 9 -0.0008227086259569715
8 10 -0.002037164517973583
8 11 0.0005433741815519734
8 12 -0.001335260188359733
8 13 0.0001175786578336614
8 14 -0.0007011068462250918
8 15 0.001403259621965232
8 16 -0.0006668503260800899
8 17 -0.001041186010631786
8 18 0.003195555516415105
8 19 0.0009957277602995122
8 20 0.002921250048019314
8 21 -0.0008058218735614932
8 22 -0.0001403304997198997
8 23 0.002183437091843928
8 24 -0.001883576169511197
8 25 -0.0008950786163905894
8 26 -0.0006995695111696589
8 27 0.001456423072785162
9 0 9.36669419399747e-06
9 1 -0.0001842025194948394
9 2 0.0001543732756605364
9 3 -0.0006775505036068718
9 4 -0.0003588822564710399
9 5 -0.003831381948025128
9 6 -0.0002397590124166193
9 7 0.001500696738817862
9 8 -0.0008227086259569407
9 9 1.964161550577114
9 10 -0.01670066950242996
9 11 0.002785176292944
9 12 -0.008096998882977048
9 13 0.0017250449484682
9 14 0.0007677148176921838
9 15 0.002837195873545051
9 16 -0.003285732848660914
9 17 -0.001734523317608431
9 18 -0.002236579317016742
9 19 -0.0009390254530733572
9 20 -0.001517255215594097
9 21 0.0002963903937953179
9 22 -0.002057802828935117
9 23 -0.001541978244537401
9 24 -0.000754802792565927
9 25 -0.001218713423056913
9 26 -0.0004189931451768453
9 27 -0.0001493692544554933
10 0 -3.720992598142468e-06
10 1 -0.0001739547555881991
10 2 -0.0002263571441990648
10 3 0.0005279094414342889
10 4 4.819108406764708e-06
10 5 0.004218933500443554
10 6 0.0002958775048234032
10 7 -0.002097670921674074
10 8 -0.002037164517973723
10 9 -0.01670066950242999
10 10 1.965744877495948
10 11 0.001988291462330638
10 12 -0.008655479426033843
10 13 0.00166967677339429
10 14 -0.001473766035788964
10 15 0.0006084501936314962
10 16 -0.003388025992935971
10 17 -0.001945671235228766
10 18 0.002080239243358603
10 19 0.001092308942266397
10 20 0.0009911126272551729
10 21 -0.001272840900231567
10 22 0.002498348318092815
10 23 0.001608402659062245
10 24 0.001339209199789089
10 25 0.001138446553712633
10 26 0.0005442319504386838
10 27 7.932412260320466e-05
11 0 4.377225925117193e-06
11 1 -0.0002139369213703535
11 2 0.0001014820328255553
11 3 4.203981383096432e-05
11 4 -0.0004952791596753911
11 5 -0.0005861740232833417
11 6 -0.0003536822311494789
11 7 -6.105233594720255e-05
11 8 0.0005433741815519515
11 9 0.002785176292944025
11 10 0.001988291462330588
11 11 1.924695644673828
11 12 -0.00102670846573787
11 13 0.02101064113436163
11 14 0.01982733125642279
11 15 0.005337840565063503
11 16 -0.006499180968067701
11 17 -0.002119318946864985
11 18 0.000270042119098608
11 19 -0.000231679491242082
11 20 0.0002800996701050785
11 21 0.001460613203244698
11 22 0.0005248018256188918
11 23 -0.0004062955538694312
11 24 -0.0002977730957679982
11 25 0.00031526256736503
11 26 0.000252408957419844
11 27 -6.460368161648116e-05
12 0 8.311357511644972e-06
12 1 3.169119178662208e-05
12 2 0.0001165245545141951
12 3 -0.000147377966471841
12 4 9.633139381291352e-05
12 5 4.696393437593676e-05
12 6 0.0002289458183761421
12 7 0.0005495427730904336
12 8 -0.001335260188359737
12 9 -0.00809699888297687
12 10 -0.008655479426033754
12 11 -0.001026708465738002
12 12 1.903220410977183
12 13 -0.0006417185848625565
12 14 0.007382487912105154
12 15 -0.01245326360829612
12 16 0.009405403577223845
12 17 -0.002850550711875021
12 18 -0.001490627748443147
12 19 -0.001333364496449032
12 20 -0.001028541697803585
12 21 -0.001243438490581902
12 22 -0.0005481196987052147
12 23 -0.0001293403783938645
12 24 7.672139754094848e-05
12 25 -0.0001137691149263848
12 26 7.215504381755195e-05
12 27 0.0002135675061211549
13 0 -4.831556680475963e-06
13 1 -0.0001169487555701556
13 2 -9.367327624279537e-05
13 3 8.152296763627916e-05
13 4 4.945565665069775e-05
13 5 0.0001605853886271985
13 6 0.0003856618049297187
13 7 -2.63925668360842e-05
13 8 0.0001175786578336726
13 9 0.001725044948468214
13 10 0.00166967677339417
13 11 0.02101064113436115
13 12 -0.0006417185848626501
13 13 1.896166505889452
13 14 0.01624367874226744
13 15 0.01538771666465176
13 16 -0.01336222958092617
13 17 -0.007867412084932678
13 18 -0.001709437164569411
13 19 -0.001085923829649571
13 20 0.0004481444670019453
13 21 -0.001837528975611183
13 22 -6.400407515180946e-05
13 23 0.0002377294933778924
13 24 -2.316180999363146e-05
13 25 0.0004072049689878459
13 26 -0.0002404615233756644
13 27 -9.145154687409523e-05
14 0 1.190525965975184e-06
14 1 7.983223396412428e-05
14 2 0.0002495122087095532
14 3 8.970029795388029e-05
14 4 0.0004043240616534059
14 5 -6.774411812091169e-05
14 6 0.0002450210066321741
14 7 8.059107961834507e-05
14 8 -0.0007011068462251158
14 9 0.0007677148176921829
14 10 -0.001473766035788899
14 11 0.01982733125642262
14 12 0.007382487912104718
14 13 0.01624367874226714
14 14 0.1145139115781238
14 15 -0.001437872549181447
14 16 0.00911765796548843
14 17 0.0007352376962216866
14 18 0.001388311534989841
14 19 -0.0001746664685508485
14 20 0.0007159490362978497
14 21 0.0008357171935420561
14 22 0.0005024132137942821
14 23 0.0003181509685162657
14 24 -9.306725859961185e-05
14 25 -5.118112329210399e-05
14 26 0.0002567664662385998
14 27 -0.0002823467496974568
15 0 1.418162845336473e-06
15 1 -0.000313087441700073
15 2 -0.000369738476701101
15 3 -0.0007395143976419899
15 4 6.944237816603954e-05
15 5 0.000560405981488163
15 6 -2.590034893868947e-05
15 7 0.0007838162281124331
15 8 0.001403259621965261
15 9 0.002837195873545241
15 10 0.0006084501936315148
15 11 0.00533784056506396
15 12 -0.01245326360829528
15 13 0.01538771666465171
15 14 -0.001437872549181232
15 15 0.09804982509587029
15 16 0.003213694561410799
15 17 0.007048424831435146
15 18 -0.0004239361416982273
15 19 0.001816440517433604
15 20 0.0003124772080037918
15 21 0.002675797312866096
15 22 0.0003879564998985066
15 23 -0.0004201140611735913
15 24 0.0001735122766942495
15 25 -0.0002123843670587519
15 26 9.936854276911018e-05
15 27 0.00032763140019667
16 0 -2.988537021343627e-06
16 1 1.096980074768411e-05
16 2 0.0001766058179818909
16 3 6.732630596646093e-05
16 4 0.0003168350555925716
16 5 0.0002360397258160453
16 6 -8.162794849158662e-05
16 7 -5.221652437524469e-05
16 8 -0.000666850326080025
16 9 -0.003285732848660761
16 10 -0.003388025992936207
16 11 -0.006499180968068238
16 12 0.009405403577224573
16 13 -0.01336222958092648
16 14 0.00911765796548759
16 15 0.003213694561410662
16 16 0.06648513216036603
16 17 0.0006460459123985207
16 18 0.0006378816861386805
16 19 -0.0003706380684784998
16 20 0.0006266781913594841
16 21 0.0003615047077385436
16 22 0.0003300384140723681
16 23 6.771335281308134e-05
16 24 -1.39364234539391e-05
16 25 0.0004370629899741648
16 26 -1.862312616641456e-05
16 27 -0.000274391519392135
17 0 -7.136654450200812e-06
17 1 0.0002995405531536348
17 2 5.289686330929668e-05
17 3 -7.430365589594141e-05
17 4 7.618258088121999e-06
17 5 -0.001332871627775594
17 6 0.0009995206014142628
17 7 0.000394106974644556
17 8 -0.001041186010631733
17 9 -0.001734523317608284
17 10 -0.001945671235228798
17 11 -0.002119318946865167
17 12 -0.002850550711874835
17 13 -0.007867412084932364
17 14 0.0007352376962218856
17 15 0.007048424831434884
17 16 0.0006460459123983583
17 17 0.0478360776223563
17 18 0.003954043053025781
17 19 0.002891871502839172
17 20 -0.0003492780723932169
17 21 0.001373036972233482
17 22 0.000109046932997202
17 23 0.0002808854058838157
17 24 -0.000185756668899177
17 25 -0.0006352912239265967
17 26 0.0007220249272392968
17 27 -0.000180477999301718
18 0 7.711354624130362e-05
18 1 -0.00163420858052555
18 2 -0.002437072685637337
18 3 0.0006603000589345543
18 4 -0.00388066213371835
18 5 0.005613683198629962
18 6 -0.002709040698973008
18 7 -0.0005535170651214053
18 8 0.003195555516415208
18 9 -0.002236579317016877
18 10 0.002080239243358592
18 11 0.0002700421190986036
18 12 -0.001490627748443044
18 13 -0.001709437164569404
18 14 0.001388311534989888
18 15 -0.0004239361416982162
18 16 0.000637881686138654
18 17 0.003954043053025841
18 18 0.01642878486312147
18 19 -0.0005180896846663989
18 20 -1.582098271977224e-05
18 21 0.0002617300235632194
18 22 -0.0003972321663703575
18 23 -0.002023665305206486
18 24 0.00181085215109534
18 25 0.0007788136737892972
18 26 -0.0021071702092378
18 27 0.001452793863752466
19 0 1.531752299599744e-05
19 1 8.239391491195882e-05
19 2 0.001987999006520057
19 3 0.0005390809471970228
19 4 0.002783335463669578
19 5 0.002190520441785268
19 6 -0.002033508393832159
19 7 -0.00382961754091444
19 8 0.0009957277602995118
19 9 -0.0009390254530733998
19 10 0.001092308942266378
19 11 -0.0002316794912420842
19 12 -0.001333364496449058
19 13 -0.001085923829649608
19 14 -0.000174666468550844
19 15 0.001816440517433579
19 16 -0.0003706380684784663
19 17 0.00289187150283927
19 18 -0.0005180896846663674
19 19 0.01629037424544695
19 20 0.001550305403680951
19 21 -0.001631717369473058
19 22 0.001012247087942458
19 23 0.0004272387274365767
19 24 0.0002839792174166842
19 25 0.001062582348904518
19 26 -0.001980462789751986
19 27 0.0005406351635710387
20 0 0.0002679468064422906
20 1 1.277588060101259e-05
20 2 -0.000904299266357163
20 3 0.001196677564361921
20 4 -0.0009454465423874526
20 5 -0.002446932531802798
20 6 0.001387477301765811
20 7 -0.001299499698883667
20 8 0.002921250048019417
20 9 -0.001517255215594132
20 10 0.0009911126272551811
20 11 0.0002800996701050783
20 12 -0.001028541697803572
20 13 0.0004481444670019391
20 14 0.0007159490362978373
20 15 0.0003124772080037148
20 16 0.0006266781913594945
20 17 -0.0003492780723932171
20 18 -1.582098271982802e-05
20 19 0.001550305403680936
20 20 0.019250554888561
20 21 -0.005291697137622739
20 22 -0.001754438653551259
20 23 -6.101735026722206e-05
20 24 0.002749723694967819
20 25 -0.001813225384399458
20 26 0.0006528700396272727
20 27 0.003167532256440701
21 0 -8.595097904461047e-05
21 1 0.0001431783565660059
21 2 0.0001814144822021395
21 3 -0.000185306198202688
21 4 0.0002392082214631299
21 5 0.0001838569008491962
21 6 5.777921034836288e-05
21 7 0.000931173982440937
21 8 -0.0008058218735614922
21 9 0.0002963903937953025
21 10 -0.001272840900231582
21 11 0.001460613203244646
21 12 -0.00124343849058183
21 13 -0.00183752897561119
21 14 0.0008357171935420344
21 15 0.002675797312866123
21 16 0.0003615047077385339
21 17 0.001373036972233462
21 18 0.0002617300235632015
21 19 -0.001631717369473029
21 20 -0.005291697137622781
21 21 0.002009105418856792
21 22 -0.001570958301121609
21 23 -2.52100425688246e-05
21 24 -0.0009647364496970377
21 25 0.0001319378402447262
21 26 5.305306657371928e-05
21 27 -0.0006641177766858364
22 0 -6.075078824311685e-05
22 1 -0.0008915545957386566
22 2 0.001246149185072721
22 3 -8.374979346558732e-05
22 4 -0.00103280473035132
22 5 0.00283054421441684
22 6 -0.002459895031189352
22 7 -0.002669593715045354
22 8 -0.0001403304997198715
22 9 -0.002057802828935088
22 10 0.00249834831809282
22 11 0.0005248018256188792
22 12 -0.0005481196987052123
22 13 -6.400407515180555e-05
22 14 0.0005024132137943184
22 15 0.0003879564998984845
22 16 0.00033003841407239
22 17 0.000109046932997188
22 18 -0.0003972321663703569
22 19 0.001012247087942575
22 20 -0.001754438653551282
22 21 -0.001570958301121558
22 22 0.01980622140580177
22 23 -0.0009890292762282553
22 24 0.001867605764577892
22 25 0.0005985267092855845
22 26 -0.000802763361979841
22 27 -0.0003380653096853555
23 0 -2.651368436342804e-05
23 1 0.001648622375448499
23 2 0.0007176713365760891
23 3 -0.001208580213955702
23 4 -0.003192671592511972
23 5 -0.001481163454789492
23 6 0.00293079378070788
23 7 -0.002824571193820237
23 8 0.002183437091844187
23 9 -0.001541978244537378
23 10 0.001608402659062238
23 11 -0.0004062955538694267
23 12 -0.0001293403783938584
23 13 0.0002377294933778941
23 14 0.0003181509685162638
23 15 -0.0004201140611735952
23 16 6.771335281308766e-05
23 17 0.00028088540588381
23 18 -0.002023665305206443
23 19 0.0004272387274365473
23 20 -6.101735026726897e-05
23 21 -2.521004256884113e-05
23 22 -0.0009890292762281937
23 23 0.01616831205453268
23 24 0.0004047200595810735
23 25 -0.0008093619057146425
23 26 0.001404676184369875
23 27 0.0003883576022572426
24 0 0.0001387254736400273
24 1 -0.0003615006761525903
24 2 0.0005463624957517942
24 3 0.0004611534403105894
24 4 0.0008161040449263936
24 5 -0.001108577562323197
24 6 -0.0005730819478925644
24 7 -0.001822398461948084
24 8 -0.001883576169511034
24 9 -0.0007548027925659228
24 10 0.001339209199789174
24 11 -0.0002977730957680098
24 12 7.672139754095683e-05
24 13 -2.316180999362877e-05
24 14 -9.306725859956922e-05
24 15 0.0001735122766942377
24 16 -1.393642345392854e-05
24 17 -0.0001857566688992392
24 18 0.001810852151095361
24 19 0.0002839792174166672
24 20 0.002749723694967752
24 21 -0.0009647364496970281
24 22 0.001867605764577975
24 23 0.0004047200595810853
24 24 0.01500600322830246
24 25 3.687330280108534e-05
24 26 0.000188049204077452
24 27 -0.0009608636544337366
25 0 -5.332959368937101e-05
25 1 -0.0007047149677381615
25 2 -0.0003460716163907913
25 3 0.0001845961226363315
25 4 0.0001962109552120024
25 5 -0.001643960476786968
25 6 -0.0008444765194258984
25 7 0.00225251669096928
25 8 -0.0008950786163905763
25 9 -0.001218713423056733
25 10 0.001138446553712607
25 11 0.0003152625673650156
25 12 -0.0001137691149263813
25 13 0.0004072049689878589
25 14 -5.118112329211213e-05
25 15 -0.0002123843670587711
25 16 0.0004370629899742007
25 17 -0.000635291223926597
25 18 0.0007788136737893344
25 19 0.00106258234890455
25 20 -0.001813225384399458
25 21 0.000131937840244719
25 22 0.0005985267092855678
25 23 -0.0008093619057146185
25 24 3.687330280105662e-05
25 25 0.01281667353901142
25 26 0.001341150955869089
25 27 0.0005626428549147753
26 0 -2.132413523830425e-05
26 1 0.0002550892483061511
26 2 -0.0002540260624241522
26 3 -0.0002481830069232342
26 4 -0.0002496698439716927
26 5 -0.0006865006216916237
26 6 -0.0003323835809794989
26 7 0.000984743580155068
26 8 -0.0006995695111696685
26 9 -0.0004189931451768342
26 10 0.0005442319504387033
26 11 0.0002524089574198335
26 12 7.215504381756065e-05
26 13 -0.0002404615233756573
26 14 0.0002567664662385829
26 15 9.936854276912973e-05
26 16 -1.862312616644319e-05
26 17 0.0007220249272393009
26 18 -0.002107170209237809
26 19 -0.00198046278975197
26 20 0.0006528700396272384
26 21 5.305306657374395e-05
26 22 -0.0008027633619798462
26 23 0.001404676184369938
26 24 0.0001880492040774387
26 25 0.001341150955869126
26 26 0.01469087789033009
26 27 -0.0003689138601918768
27 0 0.0001035452262906228
27 1 -0.0008408071968476993
27 2 -0.0008403599942243192
27 3 0.001784238800013276
27 4 0.001648413079400756
27 5 -0.001295589213730917
27 6 -0.0002536978925272109
27 7 0.001342707714141221
27 8 0.001456423072785128
27 9 -0.0001493692544555317
27 10 7.932412260319118e-05
27 11 -6.460368161648043e-05
27 12 0.0002135675061211714
27 13 -9.145154687409519e-05
27 14 -0.0002823467496974662
27 15 0.0003276314001966869
27 16 -0.0002743915193921325
27 17 -0.000180477999301687
27 18 0.001452793863752477
27 19 0.0005406351635710061
27 20 0.003167532256440966
27 21 -0.0006641177766858218
27 22 -0.0003380653096854827
27 23 0.0003883576022572631
27 24 -0.0009608636544337595
27 25 0.0005626428549147767
27 26 -0.0003689138601918555
27 27 0.01240702111540686
