0 0 1.999963636360526
0 1 -4.20043125201101e-05
0 2 -1.16462154999237e-05
0 3 -7.729070923310561e-05
0 4 5.132578567428924e-07
0 5 -3.679892368234964e-06
0 6 9.756513458752335e-07
0 7 2.201792910560635e-06
0 8 1.027503765206463e-05
0 9 -2.587816954415539e-06
0 10 -1.112866510533413e-05
0 11 1.832192191670846e-05
0 12 -7.425091982684109e-05
0 13 -3.899005062765954e-05
0 14 3.251301001618714e-05
0 15 2.39573768904848e-06
0 16 -0.0001446430087795659
0 17 -2.579096229227399e-05
0 18 -0.000105004968196779
0 19 -0.0001037447045912191
0 20 2.088095340167304e-05
0 21 0.0003206643831225412
0 22 9.309474507633686e-06
1 0 -4.200431252011016e-05
1 1 1.988398259779868
1 2 9.228425708168772e-05
1 3 -0.0004650023259618722
1 4 2.124292068262514e-05
1 5 0.0004563160244297543
1 6 0.000106103286887517
1 7 -0.0006843557846774548
1 8 -0.0003964412416480369
1 9 0.0001951866404088066
1 10 0.001731637916511232
1 11 -0.0009856538017082989
1 12 -4.121542828977022e-05
1 13 3.813494705126784e-06
1 14 -0.0007545066069374371
1 15 8.758542315711027e-05
1 16 0.001158878063221068
1 17 -2.137438147101671e-05
1 18 0.0007867066711690949
1 19 0.0004412252907660721
1 20 -0.0001656057699332742
1 21 4.854038554772872e-05
1 22 3.176472959298981e-05
2 0 -1.164621549992373e-05
2 1 9.228425708169094e-05
2 2 1.987305885663353
2 3 6.556990120572437e-05
2 4 -3.212814700791778e-05
2 5 0.0001721046822123355
2 6 -0.0002278118776126944
2 7 0.001585692006546704
2 8 0.001421996364635038
2 9 -0.000202383540639555
2 10 -0.0001099057679750255
2 11 0.001412632854324602
2 12 -0.0002219829907013614
2 13 0.001892837814935449
2 14 -0.000282006367602567
2 15 1.102982761507144e-05
2 16 -8.891766154018924e-06
2 17 -0.000164210037966331
2 18 -0.0004669816180407684
2 19 0.0002047502200558304
2 20 0.0008875356042531779
2 21 -0.0004677740650529223
2 22 -8.752118838507955e-05
3 0 -7.729070923310531e-05
3 1 -0.0004650023259618606
3 2 6.55699012057243e-05
3 3 1.984451095177494
3 4 1.44149689083737e-08
3 5 -6.253379926605035e-05
3 6 5.075780012456602e-05
3 7 0.000374009693072572
3 8 0.001019299262632815
3 9 -5.348079384699569e-05
3 10 -0.0002654534540140451
3 11 0.003466468543142463
3 12 0.0004100806290106445
3 13 0.0009334393134931779
3 14 -0.0002109875037507939
3 15 0.000163506799157525
3 16 0.0002830242043312744
3 17 0.0006895888645463727
3 18 0.0005704596637764743
3 19 0.0003544401178076003
3 20 -0.0003513521676471161
3 21 0.0001326908831427783
3 22 0.0001110400999951564
4 0 5.132578567428556e-07
4 1 2.12429206826218e-05
4 2 -3.212814700792198e-05
4 3 1.441496890857699e-08
4 4 1.980348606699852
4 5 7.9548741299799e-05
4 6 6.635903118294406e-05
4 7 0.0001123850365005428
4 8 -1.685154090306789e-05
4 9 0.000916165146200704
4 10 -0.0001533949145328408
4 11 -0.0004260521236547132
4 12 -0.0001494327630664927
4 13 0.0004097667814636499
4 14 -0.0001275276694379443
4 15 -0.0009484565745108787
4 16 -0.0003147268694675715
4 17 -1.028389316480788e-05
4 18 0.0001539759108237405
4 19 -0.0002731575169530978
4 20 5.532513915301316e-05
4 21 1.958929769220641e-05
4 22 0.000276650554707177
5 0 -3.679892368234922e-06
5 1 0.0004563160244297385
5 2 0.0001721046822123427
5 3 -6.253379926602596e-05
5 4 7.954874129980572e-05
5 5 1.977882860270965
5 6 0.0001933243890426301
5 7 -0.0009813643478537425
5 8 -0.0009769530153208412
5 9 3.55395687516088e-05
5 10 0.0003234951229701109
5 11 -0.00657751459429345
5 12 0.002268415397298336
5 13 -0.00286706688176509
5 14 0.0004505505984215971
5 15 7.924651279095197e-05
5 16 -0.002016316216395754
5 17 -0.0004777060364761655
5 18 0.0001695573749600987
5 19 0.0006066275851257563
5 20 0.000759323717579378
5 21 0.0008666057314636161
5 22 0.000191473837830973
6 0 9.756513458752987e-07
6 1 0.0001061032868875183
6 2 -0.0002278118776126929
6 3 5.075780012456715e-05
6 4 6.635903118293253e-05
6 5 0.0001933243890426324
6 6 1.978237394494672
6 7 0.0004803423512135183
6 8 7.88669290618892e-05
6 9 -5.095014982266886e-05
6 10 -0.0003281319560222879
6 11 0.0005220315569642459
6 12 -0.0004729327366596607
6 13 0.000788496975129948
6 14 0.0006279643739577931
6 15 0.0003778071349338634
6 16 0.0001518689345439355
6 17 -0.0001612434037123375
6 18 -0.0003421055419056194
6 19 0.0001539142636644475
6 20 0.0002229209940044806
6 21 -0.0001394648069444464
6 22 0.0003319976526666851
7 0 2.201792910560644e-06
7 1 -0.0006843557846774452
7 2 0.001585692006546717
7 3 0.0003740096930725607
7 4 0.0001123850365005392
7 5 -0.0009813643478537529
7 6 0.0004803423512135074
7 7 1.975889394254202
7 8 -0.0001897005262517333
7 9 0.0002834569040104078
7 10 -3.144742151050528e-05
7 11 0.002472624552150111
7 12 0.002036926767700066
7 13 -0.003895469932424475
7 14 -0.00135804897698758
7 15 -0.0001524211831595731
7 16 0.0007684621207401562
7 17 8.630776168925713e-05
7 18 0.0006937128221589073
7 19 -0.0002461665740817819
7 20 -0.001376029037738688
7 21 -0.0003249469907001518
7 22 0.0002445444945113082
8 0 1.027503765206446e-05
8 1 -0.0003964412416480409
8 2 0.001421996364635069
8 3 0.001019299262632848
8 4 -1.685154090306995e-05
8 5 -0.0009769530153208464
8 6 7.886692906189861e-05
8 7 -0.0001897005262517455
8 8 1.976588728098536
8 9 7.791512005270748e-07
8 10 -0.002113882731970453
8 11 0.008650438019630568
8 12 0.002236684588428299
8 13 -0.002331754514077265
8 14 0.002753279529371583
8 15 -0.0002628605758419688
8 16 0.002347793168104263
8 17 0.001324091753535915
8 18 0.0002927264310030374
8 19 -0.0004831806930894627
8 20 -0.001277508985400869
8 21 -0.00120469664150518
8 22 0.0002784141291132816
9 0 -2.587816954415672e-06
9 1 0.0001951866404088191
9 2 -0.0002023835406395622
9 3 -5.348079384699366e-05
9 4 0.0009161651462007419
9 5 3.553956875162946e-05
9 6 -5.09501498226693e-05
9 7 0.0002834569040104147
9 8 7.791512005213286e-07
9 9 1.975833615149672
9 10 -0.0001379198506079732
9 11 -0.0005349699788682856
9 12 -0.0008133881429351008
9 13 0.0004860160862592824
9 14 -0.0002205084222761956
9 15 0.0003250370167688489
9 16 -0.0004127595739542636
9 17 -0.0001517140350483924
9 18 7.428203790142172e-05
9 19 -0.0001566001764333556
9 20 0.0001948483345442052
9 21 -0.0001442876112122785
9 22 0.001471476919578887
10 0 -1.112866510533441e-05
10 1 0.001731637916511218
10 2 -0.0001099057679750405
10 3 -0.0002654534540140356
10 4 -0.0001533949145328499
10 5 0.0003234951229701711
10 6 -0.0003281319560223143
10 7 -3.144742151053702e-05
10 8 -0.002113882731970463
10 9 -0.0001379198506079743
10 10 1.973250378432037
10 11 -0.002594928927792163
10 12 -0.003884407635080337
10 13 -0.000927857390106167
10 14 0.0005184952510250197
10 15 -0.0001589826840185712
10 16 -0.00139767624445231
10 17 -0.001279047007485066
10 18 -0.000391332166053462
10 19 -2.572538191921423e-06
10 20 0.0004701479042692134
10 21 0.001008232937237653
10 22 -0.0003757851057071719
11 0 1.832192191670811e-05
11 1 -0.0009856538017082991
11 2 0.001412632854324602
11 3 0.003466468543142486
11 4 -0.0004260521236547211
11 5 -0.006577514594293449
11 6 0.0005220315569641895
11 7 0.002472624552150109
11 8 0.008650438019630512
11 9 -0.000534969978868297
11 10 -0.002594928927792168
11 11 1.989313945999256
11 12 0.01353117755177844
11 13 -0.002396140769902462
11 14 0.003441786188776615
11 15 -0.00036424919934424
11 16 0.005160344038937739
11 17 0.0044391268501536
11 18 0.0009138409939036091
11 19 -0.0004824440527467309
11 20 -0.001786817743039051
11 21 -0.002818002369333144
11 22 0.0005143931655098382
12 0 -7.425091982684107e-05
12 1 -4.121542828977187e-05
12 2 -0.0002219829907013559
12 3 0.0004100806290106564
12 4 -0.0001494327630664949
12 5 0.002268415397298204
12 6 -0.000472932736659646
12 7 0.002036926767700023
12 8 0.002236684588428327
12 9 -0.000813388142935098
12 10 -0.003884407635080366
12 11 0.01353117755177863
12 12 0.02081098783856907
12 13 -0.008429089051147139
12 14 0.004816906139647816
12 15 -0.001289241326742497
12 16 0.004193079924419839
12 17 -0.003046636982762801
12 18 -0.001570470691633891
12 19 -0.0005849793717971507
12 20 0.001926170690256668
12 21 -0.003360551311990644
12 22 -0.0001763668637163399
13 0 -3.899005062765974e-05
13 1 3.813494705129968e-06
13 2 0.001892837814935461
13 3 0.0009334393134932094
13 4 0.0004097667814636352
13 5 -0.002867066881765029
13 6 0.0007884969751299436
13 7 -0.003895469932424317
13 8 -0.002331754514077229
13 9 0.0004860160862592779
13 10 -0.0009278573901061637
13 11 -0.002396140769902508
13 12 -0.008429089051147164
13 13 0.01631082196195519
13 14 0.005362911926530539
13 15 -0.0009012621018250815
13 16 0.0023853238026482
13 17 -0.004228940338970848
13 18 -0.001189977885001674
13 19 -0.0004159767749792485
13 20 0.001729895908421896
13 21 -0.002073047076844596
13 22 -0.0002427441100808861
14 0 3.25130100161873e-05
14 1 -0.0007545066069374535
14 2 -0.0002820063676025715
14 3 -0.0002109875037507938
14 4 -0.0001275276694379453
14 5 0.0004505505984215973
14 6 0.0006279643739577818
14 7 -0.001358048976987611
14 8 0.002753279529371594
14 9 -0.0002205084222761952
14 10 0.0005184952510250364
14 11 0.003441786188776514
14 12 0.004816906139647782
14 13 0.005362911926530592
14 14 0.02038361014860721
14 15 0.0005100435508659804
14 16 -0.0002098172545488016
14 17 0.004016830066248736
14 18 0.0005001819590995016
14 19 7.54607272238619e-05
14 20 -0.0009838341890943255
14 21 0.001519447258562188
14 22 0.0001181835573528827
15 0 2.395737689048499e-06
15 1 8.758542315710993e-05
15 2 1.102982761507077e-05
15 3 0.0001635067991575246
15 4 -0.0009484565745108845
15 5 7.924651279095197e-05
15 6 0.0003778071349338594
15 7 -0.0001524211831595716
15 8 -0.0002628605758419684
15 9 0.0003250370167688588
15 10 -0.0001589826840185692
15 11 -0.0003642491993442385
15 12 -0.001289241326742485
15 13 -0.0009012621018250833
15 14 0.0005100435508659716
15 15 0.02223619626178798
15 16 9.878125046074119e-05
15 17 -0.0004025920617037714
15 18 -0.0002020707037359346
15 19 5.902089670307879e-05
15 20 0.0001796075713641466
15 21 -7.023538853978092e-05
15 22 -0.0008202629118242565
16 0 -0.0001446430087795638
16 1 0.001158878063221059
16 2 -8.891766154019459e-06
16 3 0.0002830242043312845
16 4 -0.0003147268694675859
16 5 -0.002016316216395714
16 6 0.0001518689345439358
16 7 0.0007684621207401531
16 8 0.002347793168104257
16 9 -0.0004127595739542603
16 10 -0.001397676244452333
16 11 0.005160344038937664
16 12 0.004193079924419826
16 13 0.002385323802648142
16 14 -0.0002098172545488452
16 15 9.878125046075046e-05
16 16 0.0190243374548844
16 17 0.002522412551234306
16 18 -0.0003889308722034644
16 19 -0.0006123619201754798
16 20 -0.001312044955810626
16 21 -0.0009734474885673195
16 22 9.429730282372659e-05
17 0 -2.579096229227403e-05
17 1 -2.137438147101641e-05
17 2 -0.0001642100379663602
17 3 0.0006895888645463818
17 4 -1.028389316480759e-05
17 5 -0.0004777060364761559
17 6 -0.0001612434037123302
17 7 8.630776168925515e-05
17 8 0.001324091753535905
17 9 -0.0001517140350483987
17 10 -0.001279047007485061
17 11 0.00443912685015358
17 12 -0.003046636982762763
17 13 -0.00422894033897088
17 14 0.004016830066248705
17 15 -0.0004025920617037645
17 16 0.002522412551234308
17 17 0.01969309975088109
17 18 9.400079721471579e-05
17 19 -6.155482795420221e-05
17 20 -0.0001041315754194342
17 21 -0.0004745343263942989
17 22 -3.484271927003058e-05
18 0 -0.0001050049681967779
18 1 0.0007867066711690928
18 2 -0.0004669816180407588
18 3 0.0005704596637764671
18 4 0.000153975910823742
18 5 0.0001695573749601028
18 6 -0.0003421055419056031
18 7 0.0006937128221588933
18 8 0.0002927264310030387
18 9 7.428203790142135e-05
18 10 -0.0003913321660534625
18 11 0.0009138409939036203
18 12 -0.001570470691633917
18 13 -0.001189977885001644
18 14 0.0005001819590995511
18 15 -0.0002020707037359304
18 16 -0.0003889308722034729
18 17 9.400079721473508e-05
18 18 0.01941275174000861
18 19 0.0006309856018358089
18 20 0.0008115623586588258
18 21 8.081817770431467e-05
18 22 -0.0001125809490991563
19 0 -0.0001037447045912225
19 1 0.0004412252907660691
19 2 0.0002047502200558306
19 3 0.0003544401178076013
19 4 -0.0002731575169530956
19 5 0.0006066275851257666
19 6 0.0001539142636644418
19 7 -0.0002461665740817805
19 8 -0.000483180693089453
19 9 -0.0001566001764333581
19 10 -2.5725381919266e-06
19 11 -0.0004824440527467249
19 12 -0.0005849793717971539
19 13 -0.0004159767749791927
19 14 7.546072722384206e-05
19 15 5.90208967030821e-05
19 16 -0.0006123619201754854
19 17 -6.155482795419773e-05
19 18 0.0006309856018358242
19 19 0.01939836229495558
19 20 -0.0003782279087561921
19 21 0.000298159726519035
19 22 2.04351584336861e-05
20 0 2.088095340167309e-05
20 1 -0.0001656057699332753
20 2 0.0008875356042531865
20 3 -0.0003513521676471248
20 4 5.53251391530126e-05
20 5 0.0007593237175793681
20 6 0.0002229209940044805
20 7 -0.001376029037738708
20 8 -0.001277508985400857
20 9 0.0001948483345442059
20 10 0.0004701479042692135
20 11 -0.001786817743039085
20 12 0.001926170690256657
20 13 0.001729895908421882
20 14 -0.000983834189094311
20 15 0.0001796075713641603
20 16 -0.00131204495581061
20 17 -0.0001041315754194418
20 18 0.0008115623586588366
20 19 -0.0003782279087561896
20 20 0.0173233776901568
20 21 0.0003929212114305165
20 22 -4.190718620570305e-05
21 0 0.0003206643831225388
21 1 4.854038554772967e-05
21 2 -0.0004677740650529268
21 3 0.0001326908831427907
21 4 1.958929769220585e-05
21 5 0.0008666057314636031
21 6 -0.0001394648069444419
21 7 -0.0003249469907001441
21 8 -0.001204696641505198
21 9 -0.0001442876112122785
21 10 0.001008232937237651
21 11 -0.002818002369333212
21 12 -0.003360551311990697
21 13 -0.002073047076844622
21 14 0.001519447258562202
21 15 -7.023538853977579e-05
21 16 -0.0009734474885673338
21 17 -0.0004745343263942764
21 18 8.081817770431632e-05
21 19 0.0002981597265190318
21 20 0.0003929212114305128
21 21 0.01937387836649657
21 22 -9.669399391336794e-05
22 0 9.30947450763382e-06
22 1 3.176472959298973e-05
22 2 -8.752118838507951e-05
22 3 0.0001110400999951537
22 4 0.0002766505547071825
22 5 0.000191473837830977
22 6 0.0003319976526666882
22 7 0.0002445444945113087
22 8 0.0002784141291132785
22 9 0.001471476919578895
22 10 -0.0003757851057071662
22 11 0.0005143931655098308
22 12 -0.0001763668637163511
22 13 -0.0002427441100808857
22 14 0.0001181835573528828
22 15 -0.0008202629118242554
22 16 9.429730282371781e-05
22 17 -3.484271927002697e-05
22 18 -0.0001125809490991734
22 19 2.043515843368852e-05
22 20 -4.19071862057002e-05
22 21 -9.669399391336654e-05
22 22 0.01856877604783305
