0 0 1.999996700586867
0 1 -2.865125887141333e-06
0 2 -1.48917505422725e-05
0 3 -3.967672054568769e-07
0 4 2.192311136166366e-05
0 5 -2.409128657166978e-05
0 6 4.82036807903675e-06
0 7 -5.47950646319676e-05
0 8 5.069612736679154e-05
0 9 -4.516054504296427e-06
0 10 2.205273379743354e-07
0 11 -8.482877649441377e-07
0 12 -2.971015608459073e-05
0 13 7.145931504683241e-05
0 14 5.005459614358393e-05
0 15 0.0001224793653486338
1 0 -2.865125887141331e-06
1 1 1.998183489162684
1 2 -0.0005275319309133757
1 3 0.0009215690469066883
1 4 -0.003246788651905608
1 5 -0.0002380280280462618
1 6 0.0001732551422875157
1 7 -0.000820952785672583
1 8 0.0009462455906136049
1 9 0.0006110328229702168
1 10 -2.956048036614322e-06
1 11 0.0004446999161202006
1 12 -0.001798555154250379
1 13 -0.001435590777873438
1 14 -0.0005438942932771327
1 15 0.002205183160106327
2 0 -1.48917505422725e-05
2 1 -0.0005275319309133752
2 2 1.992366099655683
2 3 0.0003938086334976955
2 4 -0.001537053822329084
2 5 0.002697413713336995
2 6 -0.0005031756033642821
2 7 0.006508572116271569
2 8 -0.00590104757883239
2 9 -3.407941834697541e-05
2 10 -0.0002324250421689184
2 11 0.001234337499300921
2 12 0.001525651955732658
2 13 -0.00698369475199481
2 14 -0.003624334043640797
2 15 -0.01112859160206512
3 0 -3.96767205456875e-07
3 1 0.0009215690469066889
3 2 0.0003938086334976962
3 3 1.994243395530126
3 4 0.0005036042853849048
3 5 -0.004782138382738475
3 6 0.0003226098364031134
3 7 0.001595943937569792
3 8 -0.001281619273357176
3 9 0.003231580077602739
3 10 0.000101961545428156
3 11 -0.001629207240294266
3 12 0.00503776768901741
3 13 -0.0007606325804298432
3 14 0.001717909778943945
3 15 -0.0009125420129941777
4 0 2.192311136166388e-05
4 1 -0.00324678865190563
4 2 -0.001537053822329082
4 3 0.0005036042853849023
4 4 1.989519244869622
4 5 2.507377793786324e-05
4 6 0.0001804434975940035
4 7 -0.0008026636466414725
4 8 0.001526261073022804
4 9 0.0003145646096669367
4 10 -0.0001614702286531212
4 11 0.0009177219215774988
4 12 -0.0006072333959844397
4 13 -8.18375566045556e-05
4 14 0.007012996124385223
4 15 0.004837478609018777
5 0 -2.409128657166972e-05
5 1 -0.0002380280280462678
5 2 0.002697413713336959
5 3 -0.00478213838273853
5 4 2.507377793787262e-05
5 5 1.986649839340204
5 6 0.0006647709399859924
5 7 -0.001369077563955135
5 8 -0.001191081080898686
5 9 0.003543135812172167
5 10 0.002180197878896782
5 11 -0.0001663363385774103
5 12 -0.0001458361039750067
5 13 -0.000184420314680549
5 14 0.006915066302068206
5 15 -0.000494111967497176
6 0 4.82036807903681e-06
6 1 0.0001732551422875156
6 2 -0.0005031756033642822
6 3 0.0003226098364031149
6 4 0.0001804434975940055
6 5 0.0006647709399859956
6 6 1.989099276288479
6 7 -0.01062294452058087
6 8 -0.01150980019982008
6 9 -0.0006427959803021806
6 10 0.02100367690660664
6 11 0.01897255300040981
6 12 0.002665988396607921
6 13 9.95063826208145e-05
6 14 -0.0007453691646999633
6 15 3.133603644140985e-05
7 0 -5.479506463196781e-05
7 1 -0.0008209527856725824
7 2 0.006508572116271571
7 3 0.001595943937569783
7 4 -0.0008026636466414896
7 5 -0.001369077563955124
7 6 -0.01062294452058079
7 7 1.976713474491155
7 8 -0.002659577447875814
7 9 -0.0009215754512593273
7 10 0.02063970543919254
7 11 0.03463202130194611
7 12 0.001750817841276994
7 13 0.003508349510346557
7 14 -0.0001699998358581277
7 15 0.0135526153880338
8 0 5.069612736679133e-05
8 1 0.0009462455906136065
8 2 -0.005901047578832384
8 3 -0.001281619273357169
8 4 0.001526261073022788
8 5 -0.001191081080898695
8 6 -0.01150980019982005
8 7 -0.002659577447875593
8 8 1.977295027309359
8 9 0.0001696602288636127
8 10 0.02035347494926457
8 11 0.03815700234499318
8 12 -0.000472379665089931
8 13 -0.001488514071718363
8 14 0.000720252969537964
8 15 -0.01240211678940673
9 0 -4.516054504296417e-06
9 1 0.0006110328229702131
9 2 -3.407941834696843e-05
9 3 0.003231580077602715
9 4 0.000314564609666923
9 5 0.003543135812172118
9 6 -0.0006427959803021796
9 7 -0.0009215754512593556
9 8 0.0001696602288635908
9 9 1.983948273101084
9 10 0.0007327083913188861
9 11 -0.001404464456448192
9 12 -0.0029594671416929
9 13 -0.01443594571311534
9 14 0.03777990497448351
9 15 -0.003043647417930836
10 0 2.205273379752142e-07
10 1 -2.956048036614847e-06
10 2 -0.0002324250421689171
10 3 0.0001019615454281534
10 4 -0.0001614702286531393
10 5 0.00218019787889681
10 6 0.02100367690660631
10 7 0.02063970543919257
10 8 0.02035347494926434
10 9 0.0007327083913188846
10 10 1.934528715645676
10 11 -0.006699053715029848
10 12 0.0005569283752067123
10 13 -5.008409496695676e-05
10 14 0.001275823267051775
10 15 -0.00122571945309891
11 0 -8.482877649441449e-07
11 1 0.0004446999161201989
11 2 0.001234337499300923
11 3 -0.001629207240294265
11 4 0.0009177219215775159
11 5 -0.0001663363385774161
11 6 0.01897255300041025
11 7 0.03463202130194712
11 8 0.03815700234499363
11 9 -0.001404464456448232
11 10 -0.006699053715029717
11 11 0.1022034971904897
11 12 0.005143788267303754
11 13 -5.642328519408552e-05
11 14 6.392121553053866e-05
11 15 0.0002833096800865824
12 0 -2.971015608459074e-05
12 1 -0.001798555154250357
12 2 0.001525651955732672
12 3 0.005037767689017339
12 4 -0.0006072333959844267
12 5 -0.0001458361039750044
12 6 0.002665988396607935
12 7 0.00175081784127697
12 8 -0.0004723796650899041
12 9 -0.002959467141692848
12 10 0.0005569283752067022
12 11 0.005143788267303807
12 12 0.01213891085924631
12 13 0.006168082330035059
12 14 0.0003347305265326325
12 15 -0.004689657467623174
13 0 7.145931504683192e-05
13 1 -0.001435590777873438
13 2 -0.006983694751994755
13 3 -0.0007606325804298381
13 4 -8.183755660453538e-05
13 5 -0.0001844203146806005
13 6 9.950638262080729e-05
13 7 0.003508349510346565
13 8 -0.001488514071718367
13 9 -0.01443594571311531
13 10 -5.008409496695391e-05
13 11 -5.642328519408311e-05
13 12 0.00616808233003491
13 13 0.01969969496558217
13 14 -0.0009139688376149288
13 15 0.007172533202363558
14 0 5.005459614358478e-05
14 1 -0.0005438942932771308
14 2 -0.003624334043640822
14 3 0.00171790977894396
14 4 0.007012996124385378
14 5 0.006915066302068415
14 6 -0.0007453691646999562
14 7 -0.0001699998358581244
14 8 0.0007202529695379575
14 9 0.03777990497448454
14 10 0.001275823267051748
14 11 6.392121553055465e-05
14 12 0.0003347305265326236
14 13 -0.0009139688376149345
14 14 0.02531773842057154
14 15 0.003180870359667714
15 0 0.0001224793653486331
15 1 0.002205183160106335
15 2 -0.01112859160206505
15 3 -0.000912542012994194
15 4 0.004837478609018826
15 5 -0.0004941119674971844
15 6 3.133603644141236e-05
15 7 0.01355261538803388
15 8 -0.01240211678940656
15 9 -0.003043647417930719
15 10 -0.001225719453098898
15 11 0.0002833096800866177
15 12 -0.004689657467623176
15 13 0.007172533202363421
15 14 0.00318087035966773
15 15 0.01809662257461441
