0 0 1.999996464260798
0 1 -2.526015563155585e-06
0 2 -8.64792634771065e-06
0 3 -1.036197602889164e-05
0 4 -2.182130733577451e-05
0 5 -2.943385298118869e-05
0 6 4.813678903362949e-07
0 7 3.001944328847801e-05
0 8 -6.984517513503353e-05
0 9 -4.366305034420688e-06
0 10 -9.197865451361833e-07
0 11 -5.721880870926112e-06
0 12 5.913568618907465e-06
0 13 5.294925578204696e-05
0 14 -3.713873977017556e-05
0 15 -3.899658088039613e-05
0 16 -0.0001181530827077038
1 0 -2.526015563155591e-06
1 1 1.99797440439578
1 2 -0.0004935556833425162
1 3 0.002246882162422351
1 4 0.002646161381626728
1 5 -0.000414139110118879
1 6 0.0001708028405623218
1 7 0.0004926992743240722
1 8 -0.001256017249232175
1 9 0.0007757876531876396
1 10 5.813362962888706e-05
1 11 0.0001996521784098807
1 12 -0.0023153433207253
1 13 -0.000232314578671406
1 14 0.0004849639853039103
1 15 0.0016794122476663
1 16 -0.002074586223898176
2 0 -8.647926347710633e-06
2 1 -0.0004935556833425167
2 2 1.992680645661812
2 3 0.0009848504790751739
2 4 0.001188277756152848
2 5 0.003041183744618804
2 6 0.0001238687596934658
2 7 -0.002876187901621395
2 8 0.007053912337948431
2 9 -9.442514692421699e-05
2 10 -6.311762800618949e-05
2 11 0.002153152853625779
2 12 -0.001343303212034294
2 13 -0.003673603564798103
2 14 0.003289965158824593
2 15 0.002091574095359543
2 16 0.0102548633519391
3 0 -1.03619760288917e-05
3 1 0.002246882162422357
3 2 0.0009848504790751734
3 3 1.990484854161374
3 4 -0.001375495462375143
3 5 -0.005457428120624357
3 6 -0.001259955870033508
3 7 -0.0008719267118434757
3 8 0.003889681574244274
3 9 0.004359363374681112
3 10 3.806076925883317e-05
3 11 0.0004497252269569644
3 12 0.001946219311016143
3 13 -0.001978098101014268
3 14 0.002446458940453075
3 15 -0.000808976343561693
3 16 0.002414130583751502
4 0 -2.182130733577445e-05
4 1 0.002646161381626736
4 2 0.001188277756152848
4 3 -0.001375495462375142
4 4 1.990172374740985
4 5 0.001595192580120281
4 6 -0.0003990313654529722
4 7 -0.001539011763593005
4 8 0.0006105743406488116
4 9 -0.00139208985885186
4 10 0.0006845276490448779
4 11 -0.0006526848655820786
4 12 0.00171717943100971
4 13 0.0006885431715731873
4 14 -0.0008900754772701099
4 15 0.00629092742818204
4 16 0.004125296449841049
5 0 -2.943385298118866e-05
5 1 -0.0004141391101188802
5 2 0.003041183744618808
5 3 -0.005457428120624353
5 4 0.001595192580120285
5 5 1.98673912563025
5 6 -0.001491107030671935
5 7 0.0006103191800335177
5 8 0.0008230830990691516
5 9 0.004274187907281459
5 10 -6.865116002586695e-05
5 11 -0.0009541793062163692
5 12 -0.006313007368989085
5 13 -0.000132714067232404
5 14 0.001398597993841997
5 15 -0.006268467650528527
5 16 -0.0009957486608737295
6 0 4.813678903360065e-07
6 1 0.0001708028405623202
6 2 0.0001238687596934656
6 3 -0.001259955870033505
6 4 -0.0003990313654529793
6 5 -0.001491107030671936
6 6 1.986477366828008
6 7 -0.01655929192327623
6 8 -0.007250903165139055
6 9 7.339757921282655e-05
6 10 0.01985317726147744
6 11 0.02081424315093744
6 12 -0.0007250681445990005
6 13 7.310235916127007e-05
6 14 -0.001387725236731967
6 15 -0.001849579552358085
6 16 -0.0003959985260042154
7 0 3.001944328847785e-05
7 1 0.0004926992743240718
7 2 -0.002876187901621375
7 3 -0.0008719267118434719
7 4 -0.001539011763592983
7 5 0.0006103191800335144
7 6 -0.01655929192327628
7 7 1.97534531390292
7 8 -0.004523859340024889
7 9 0.0003769813482404339
7 10 0.02134156245990979
7 11 0.0464713487836358
7 12 -0.002103486959816705
7 13 0.0009782905111064217
7 14 -0.001930215302421193
7 15 -0.001361889928217134
7 16 0.004465063245303758
8 0 -6.984517513503432e-05
8 1 -0.00125601724923218
8 2 0.007053912337948439
8 3 0.003889681574244303
8 4 0.0006105743406487961
8 5 0.000823083099069172
8 6 -0.007250903165139024
8 7 -0.004523859340024781
8 8 1.978668240886619
8 9 -0.001894135604352131
8 10 0.01132975759312717
8 11 0.01856211903964113
8 12 0.00327687960035381
8 13 0.0009598522706255332
8 14 -0.001377336807593056
8 15 0.004128908222836642
8 16 -0.01455641675676444
9 0 -4.366305034420699e-06
9 1 0.0007757876531876202
9 2 -9.442514692419254e-05
9 3 0.004359363374681091
9 4 -0.001392089858851866
9 5 0.004274187907281448
9 6 7.339757921283563e-05
9 7 0.0003769813482403918
9 8 -0.001894135604352126
9 9 1.979592579156879
9 10 -0.0002424826386321402
9 11 -0.0004733145339681854
9 12 -0.02110722918398181
9 13 -0.007383837043892906
9 14 0.01266810342775168
9 15 -0.03594425621775271
9 16 0.001383106857458303
10 0 -9.197865451361973e-07
10 1 5.813362962888783e-05
10 2 -6.311762800619024e-05
10 3 3.806076925883609e-05
10 4 0.000684527649044889
10 5 -6.865116002586943e-05
10 6 0.01985317726147784
10 7 0.02134156245990998
10 8 0.01132975759312693
10 9 -0.0002424826386321453
10 10 1.949490896990444
10 11 0.0123683630269017
10 12 -0.0006083287316899165
10 13 -0.0001960033332831871
10 14 -0.001256065332479795
10 15 -0.001018856802988889
10 16 0.0004371950697109942
11 0 -5.721880870926035e-06
11 1 0.0001996521784098813
11 2 0.002153152853625716
11 3 0.000449725226956968
11 4 -0.0006526848655820812
11 5 -0.0009541793062163813
11 6 0.02081424315093741
11 7 0.04647134878363453
11 8 0.01856211903964104
11 9 -0.0004733145339681861
11 10 0.01236836302690162
11 11 0.09156736388904764
11 12 -0.001513598972889962
11 13 0.001360135222991431
11 14 -0.003523475102193326
11 15 -0.0004747279357557085
11 16 0.0008452494695217601
12 0 5.913568618907497e-06
12 1 -0.002315343320725302
12 2 -0.001343303212034312
12 3 0.001946219311016136
12 4 0.001717179431009696
12 5 -0.006313007368989106
12 6 -0.0007250681445989814
12 7 -0.002103486959816741
12 8 0.003276879600353799
12 9 -0.02110722918398191
12 10 -0.0006083287316899254
12 11 -0.001513598972889961
12 12 0.02575485198080514
12 13 0.004245168304145818
12 14 -0.008029101827312347
12 15 0.001753535363484822
12 16 0.0002810684080059182
13 0 5.294925578204723e-05
13 1 -0.0002323145786714051
13 2 -0.0036736035647981
13 3 -0.0019780981010143
13 4 0.000688543171573188
13 5 -0.0001327140672324213
13 6 7.310235916126921e-05
13 7 0.000978290511106403
13 8 0.0009598522706255412
13 9 -0.007383837043892732
13 10 -0.0001960033332831674
13 11 0.001360135222991439
13 12 0.004245168304145855
13 13 0.00658582917359174
13 14 -0.006169918296274406
13 15 0.0002735103033616252
13 16 -0.005488689957579767
14 0 -3.713873977017555e-05
14 1 0.0004849639853039081
14 2 0.003289965158824633
14 3 0.002446458940453143
14 4 -0.0008900754772701158
14 5 0.001398597993842044
14 6 -0.001387725236731985
14 7 -0.001930215302421213
14 8 -0.001377336807593042
14 9 0.01266810342775177
14 10 -0.001256065332479768
14 11 -0.003523475102193347
14 12 -0.008029101827312486
14 13 -0.006169918296274387
14 14 0.007181105846520791
14 15 -0.003428233749777611
14 16 0.003759500501829041
15 0 -3.899658088039595e-05
15 1 0.001679412247666279
15 2 0.002091574095359533
15 3 -0.0008089763435616788
15 4 0.006290927428182063
15 5 -0.006268467650528578
15 6 -0.001849579552358072
15 7 -0.001361889928217151
15 8 0.004128908222836613
15 9 -0.03594425621775248
15 10 -0.001018856802988876
15 11 -0.0004747279357557193
15 12 0.001753535363484816
15 13 0.000273510303361631
15 14 -0.00342823374977758
15 15 0.02399096188791927
15 16 0.002755578223174381
16 0 -0.0001181530827077038
16 1 -0.002074586223898212
16 2 0.01025486335193929
16 3 0.002414130583751508
16 4 0.004125296449841064
16 5 -0.0009957486608737345
16 6 -0.0003959985260042087
16 7 0.004465063245303741
16 8 -0.01455641675676473
16 9 0.001383106857458331
16 10 0.0004371950697109971
16 11 0.0008452494695217615
16 12 0.0002810684080059224
16 13 -0.005488689957579721
16 14 0.003759500501829045
16 15 0.002755578223174532
16 16 0.01729762058097949
