1.023000000000000000e+03
1.535000000000000000e+03
1.791000000000000000e+03
1.919000000000000000e+03
1.983000000000000000e+03
2.015000000000000000e+03
2.031000000000000000e+03
2.039000000000000000e+03
2.043000000000000000e+03
2.045000000000000000e+03
2.046000000000000000e+03
2.559000000000000000e+03
2.815000000000000000e+03
2.943000000000000000e+03
3.007000000000000000e+03
3.039000000000000000e+03
3.055000000000000000e+03
3.063000000000000000e+03
3.067000000000000000e+03
3.069000000000000000e+03
3.070000000000000000e+03
3.327000000000000000e+03
3.455000000000000000e+03
3.519000000000000000e+03
3.551000000000000000e+03
3.567000000000000000e+03
3.575000000000000000e+03
3.579000000000000000e+03
3.581000000000000000e+03
3.582000000000000000e+03
3.711000000000000000e+03
3.775000000000000000e+03
3.807000000000000000e+03
3.823000000000000000e+03
3.831000000000000000e+03
3.835000000000000000e+03
3.837000000000000000e+03
3.838000000000000000e+03
3.903000000000000000e+03
3.935000000000000000e+03
3.951000000000000000e+03
3.959000000000000000e+03
3.963000000000000000e+03
3.965000000000000000e+03
3.966000000000000000e+03
3.999000000000000000e+03
4.015000000000000000e+03
4.023000000000000000e+03
4.027000000000000000e+03
4.029000000000000000e+03
4.030000000000000000e+03
4.047000000000000000e+03
4.055000000000000000e+03
4.059000000000000000e+03
4.061000000000000000e+03
4.062000000000000000e+03
4.071000000000000000e+03
4.075000000000000000e+03
4.077000000000000000e+03
4.078000000000000000e+03
4.083000000000000000e+03
4.085000000000000000e+03
4.086000000000000000e+03
4.089000000000000000e+03
4.607000000000000000e+03
4.863000000000000000e+03
4.991000000000000000e+03
5.055000000000000000e+03
5.087000000000000000e+03
5.103000000000000000e+03
5.111000000000000000e+03
5.115000000000000000e+03
5.117000000000000000e+03
5.118000000000000000e+03
5.375000000000000000e+03
5.503000000000000000e+03
5.567000000000000000e+03
5.599000000000000000e+03
5.615000000000000000e+03
5.623000000000000000e+03
5.627000000000000000e+03
5.629000000000000000e+03
5.759000000000000000e+03
5.823000000000000000e+03
5.855000000000000000e+03
5.871000000000000000e+03
5.879000000000000000e+03
5.883000000000000000e+03
5.885000000000000000e+03
5.886000000000000000e+03
5.951000000000000000e+03
5.983000000000000000e+03
5.999000000000000000e+03
6.007000000000000000e+03
6.011000000000000000e+03
6.013000000000000000e+03
6.014000000000000000e+03
6.047000000000000000e+03
6.063000000000000000e+03
6.071000000000000000e+03
6.075000000000000000e+03
6.077000000000000000e+03
6.078000000000000000e+03
6.095000000000000000e+03
6.103000000000000000e+03
6.107000000000000000e+03
6.109000000000000000e+03
6.110000000000000000e+03
6.119000000000000000e+03
6.123000000000000000e+03
6.125000000000000000e+03
6.126000000000000000e+03
6.131000000000000000e+03
6.133000000000000000e+03
6.134000000000000000e+03
6.137000000000000000e+03
6.138000000000000000e+03
6.140000000000000000e+03
6.399000000000000000e+03
6.527000000000000000e+03
6.591000000000000000e+03
6.623000000000000000e+03
6.639000000000000000e+03
6.647000000000000000e+03
6.651000000000000000e+03
6.653000000000000000e+03
6.654000000000000000e+03
6.783000000000000000e+03
6.847000000000000000e+03
6.879000000000000000e+03
6.895000000000000000e+03
6.903000000000000000e+03
6.907000000000000000e+03
6.909000000000000000e+03
6.910000000000000000e+03
6.975000000000000000e+03
7.007000000000000000e+03
7.023000000000000000e+03
7.031000000000000000e+03
7.035000000000000000e+03
7.037000000000000000e+03
7.038000000000000000e+03
7.071000000000000000e+03
7.087000000000000000e+03
7.095000000000000000e+03
7.099000000000000000e+03
7.101000000000000000e+03
7.102000000000000000e+03
7.119000000000000000e+03
7.127000000000000000e+03
7.131000000000000000e+03
7.133000000000000000e+03
7.134000000000000000e+03
7.143000000000000000e+03
7.147000000000000000e+03
7.149000000000000000e+03
7.150000000000000000e+03
7.155000000000000000e+03
7.157000000000000000e+03
7.158000000000000000e+03
7.161000000000000000e+03
7.162000000000000000e+03
7.295000000000000000e+03
7.359000000000000000e+03
7.391000000000000000e+03
7.407000000000000000e+03
7.415000000000000000e+03
7.419000000000000000e+03
7.519000000000000000e+03
7.535000000000000000e+03
7.543000000000000000e+03
7.547000000000000000e+03
7.583000000000000000e+03
7.599000000000000000e+03
7.607000000000000000e+03
7.611000000000000000e+03
7.631000000000000000e+03
7.639000000000000000e+03
7.643000000000000000e+03
7.655000000000000000e+03
7.659000000000000000e+03
7.661000000000000000e+03
7.667000000000000000e+03
7.775000000000000000e+03
7.791000000000000000e+03
7.839000000000000000e+03
7.855000000000000000e+03
7.863000000000000000e+03
7.869000000000000000e+03
7.887000000000000000e+03
7.895000000000000000e+03
7.901000000000000000e+03
7.902000000000000000e+03
7.911000000000000000e+03
7.915000000000000000e+03
7.917000000000000000e+03
7.923000000000000000e+03
7.929000000000000000e+03
7.967000000000000000e+03
7.983000000000000000e+03
7.995000000000000000e+03
7.997000000000000000e+03
8.015000000000000000e+03
8.023000000000000000e+03
8.043000000000000000e+03
8.045000000000000000e+03
8.051000000000000000e+03
8.053000000000000000e+03
8.079000000000000000e+03
8.093000000000000000e+03
8.107000000000000000e+03
8.109000000000000000e+03
8.124000000000000000e+03
8.135000000000000000e+03
8.141000000000000000e+03
8.149000000000000000e+03
8.184000000000000000e+03
8.703000000000000000e+03
8.959000000000000000e+03
9.087000000000000000e+03
9.151000000000000000e+03
9.183000000000000000e+03
9.199000000000000000e+03
9.207000000000000000e+03
9.211000000000000000e+03
9.213000000000000000e+03
9.214000000000000000e+03
9.471000000000000000e+03
9.599000000000000000e+03
9.663000000000000000e+03
9.695000000000000000e+03
9.711000000000000000e+03
9.719000000000000000e+03
9.723000000000000000e+03
9.725000000000000000e+03
9.726000000000000000e+03
9.855000000000000000e+03
9.919000000000000000e+03
9.951000000000000000e+03
9.967000000000000000e+03
9.975000000000000000e+03
9.979000000000000000e+03
9.981000000000000000e+03
9.982000000000000000e+03
1.004700000000000000e+04
1.007900000000000000e+04
1.009500000000000000e+04
1.010300000000000000e+04
1.010700000000000000e+04
1.010900000000000000e+04
1.011000000000000000e+04
1.014300000000000000e+04
1.015900000000000000e+04
1.016700000000000000e+04
1.017100000000000000e+04
1.017300000000000000e+04
1.017400000000000000e+04
1.019100000000000000e+04
1.019900000000000000e+04
1.020300000000000000e+04
1.020500000000000000e+04
1.020600000000000000e+04
1.021500000000000000e+04
1.021900000000000000e+04
1.022100000000000000e+04
1.022200000000000000e+04
1.022700000000000000e+04
1.022900000000000000e+04
1.023000000000000000e+04
1.023300000000000000e+04
1.023400000000000000e+04
1.049500000000000000e+04
1.062300000000000000e+04
1.068700000000000000e+04
1.071900000000000000e+04
1.073500000000000000e+04
1.074300000000000000e+04
1.074700000000000000e+04
1.074900000000000000e+04
1.075000000000000000e+04
1.087900000000000000e+04
1.094300000000000000e+04
1.097500000000000000e+04
1.099100000000000000e+04
1.099900000000000000e+04
1.100300000000000000e+04
1.100500000000000000e+04
1.100600000000000000e+04
1.107100000000000000e+04
1.110300000000000000e+04
1.111900000000000000e+04
1.112700000000000000e+04
1.113100000000000000e+04
1.113300000000000000e+04
1.113400000000000000e+04
1.116700000000000000e+04
1.118300000000000000e+04
1.119100000000000000e+04
1.119500000000000000e+04
1.119700000000000000e+04
1.119800000000000000e+04
1.121500000000000000e+04
1.122300000000000000e+04
1.122700000000000000e+04
1.122900000000000000e+04
1.123000000000000000e+04
1.123900000000000000e+04
1.124300000000000000e+04
1.124500000000000000e+04
1.124600000000000000e+04
1.125100000000000000e+04
1.125300000000000000e+04
1.125400000000000000e+04
1.125700000000000000e+04
1.126000000000000000e+04
1.139100000000000000e+04
1.148700000000000000e+04
1.151100000000000000e+04
1.151500000000000000e+04
1.151700000000000000e+04
1.158300000000000000e+04
1.161500000000000000e+04
1.163100000000000000e+04
1.163900000000000000e+04
1.164300000000000000e+04
1.167900000000000000e+04
1.169500000000000000e+04
1.170300000000000000e+04
1.170700000000000000e+04
1.173500000000000000e+04
1.173900000000000000e+04
1.174100000000000000e+04
1.174200000000000000e+04
1.175100000000000000e+04
1.175500000000000000e+04
1.176300000000000000e+04
1.176900000000000000e+04
1.183900000000000000e+04
1.188700000000000000e+04
1.189500000000000000e+04
1.190200000000000000e+04
1.193500000000000000e+04
1.195100000000000000e+04
1.195900000000000000e+04
1.196300000000000000e+04
1.196500000000000000e+04
1.198300000000000000e+04
1.199100000000000000e+04
1.199500000000000000e+04
1.200700000000000000e+04
1.201100000000000000e+04
1.201900000000000000e+04
1.202100000000000000e+04
1.202200000000000000e+04
1.202500000000000000e+04
1.206300000000000000e+04
1.207900000000000000e+04
1.208700000000000000e+04
1.211900000000000000e+04
1.212300000000000000e+04
1.213500000000000000e+04
1.213900000000000000e+04
1.214700000000000000e+04
1.214900000000000000e+04
1.215000000000000000e+04
1.215300000000000000e+04
1.215400000000000000e+04
1.217500000000000000e+04
1.218300000000000000e+04
1.218700000000000000e+04
1.218900000000000000e+04
1.219900000000000000e+04
1.220500000000000000e+04
1.221100000000000000e+04
1.221800000000000000e+04
1.223800000000000000e+04
1.224500000000000000e+04
1.224600000000000000e+04
1.225900000000000000e+04
1.226500000000000000e+04
1.226800000000000000e+04
1.227300000000000000e+04
1.254300000000000000e+04
1.267100000000000000e+04
1.273500000000000000e+04
1.276700000000000000e+04
1.278300000000000000e+04
1.279100000000000000e+04
1.279500000000000000e+04
1.279700000000000000e+04
1.279800000000000000e+04
1.292700000000000000e+04
1.299100000000000000e+04
1.302300000000000000e+04
1.303900000000000000e+04
1.304700000000000000e+04
1.305100000000000000e+04
1.305300000000000000e+04
1.305400000000000000e+04
1.311900000000000000e+04
1.315100000000000000e+04
1.316700000000000000e+04
1.317500000000000000e+04
1.317900000000000000e+04
1.318100000000000000e+04
1.321500000000000000e+04
1.323100000000000000e+04
1.323900000000000000e+04
1.324300000000000000e+04
1.324500000000000000e+04
1.324600000000000000e+04
1.326300000000000000e+04
1.327100000000000000e+04
1.327500000000000000e+04
1.327700000000000000e+04
1.327800000000000000e+04
1.328700000000000000e+04
1.329100000000000000e+04
1.329300000000000000e+04
1.329400000000000000e+04
1.329900000000000000e+04
1.330100000000000000e+04
1.330200000000000000e+04
1.330500000000000000e+04
1.330600000000000000e+04
1.350300000000000000e+04
1.355900000000000000e+04
1.367900000000000000e+04
1.368700000000000000e+04
1.372700000000000000e+04
1.374300000000000000e+04
1.375100000000000000e+04
1.375500000000000000e+04
1.377500000000000000e+04
1.378300000000000000e+04
1.378700000000000000e+04
1.378900000000000000e+04
1.379900000000000000e+04
1.380300000000000000e+04
1.381100000000000000e+04
1.388700000000000000e+04
1.394300000000000000e+04
1.394700000000000000e+04
1.399900000000000000e+04
1.401300000000000000e+04
1.401400000000000000e+04
1.403100000000000000e+04
1.404300000000000000e+04
1.404500000000000000e+04
1.405900000000000000e+04
1.406700000000000000e+04
1.406900000000000000e+04
1.411100000000000000e+04
1.412700000000000000e+04
1.413500000000000000e+04
1.415900000000000000e+04
1.417300000000000000e+04
1.419700000000000000e+04
1.419800000000000000e+04
1.420400000000000000e+04
1.422300000000000000e+04
1.423100000000000000e+04
1.423500000000000000e+04
1.423700000000000000e+04
1.423800000000000000e+04
1.425100000000000000e+04
1.425900000000000000e+04
1.426100000000000000e+04
1.426200000000000000e+04
1.427900000000000000e+04
1.428300000000000000e+04
1.429400000000000000e+04
1.430000000000000000e+04
1.430700000000000000e+04
1.430900000000000000e+04
1.458900000000000000e+04
1.475100000000000000e+04
1.478100000000000000e+04
1.480700000000000000e+04
1.481300000000000000e+04
1.483000000000000000e+04
1.483700000000000000e+04
1.491100000000000000e+04
1.497100000000000000e+04
1.497400000000000000e+04
1.505500000000000000e+04
1.506700000000000000e+04
1.509800000000000000e+04
1.515900000000000000e+04
1.516300000000000000e+04
1.520700000000000000e+04
1.521100000000000000e+04
1.521900000000000000e+04
1.522100000000000000e+04
1.522800000000000000e+04
1.524700000000000000e+04
1.525500000000000000e+04
1.527100000000000000e+04
1.527800000000000000e+04
1.528300000000000000e+04
1.528500000000000000e+04
1.528600000000000000e+04
1.529000000000000000e+04
1.530300000000000000e+04
1.532100000000000000e+04
1.533100000000000000e+04
1.535200000000000000e+04
1.551900000000000000e+04
1.559800000000000000e+04
1.561200000000000000e+04
1.567700000000000000e+04
1.570700000000000000e+04
1.579700000000000000e+04
1.584300000000000000e+04
1.585200000000000000e+04
1.593300000000000000e+04
1.601500000000000000e+04
1.607700000000000000e+04
1.608300000000000000e+04
1.609900000000000000e+04
1.610500000000000000e+04
1.617100000000000000e+04
1.622000000000000000e+04
1.632500000000000000e+04
1.689500000000000000e+04
1.715100000000000000e+04
1.727900000000000000e+04
1.734300000000000000e+04
1.737500000000000000e+04
1.739100000000000000e+04
1.739900000000000000e+04
1.740300000000000000e+04
1.740500000000000000e+04
1.740600000000000000e+04
1.766300000000000000e+04
1.779100000000000000e+04
1.785500000000000000e+04
1.788700000000000000e+04
1.790300000000000000e+04
1.791100000000000000e+04
1.791500000000000000e+04
1.791700000000000000e+04
1.791800000000000000e+04
1.804700000000000000e+04
1.811100000000000000e+04
1.814300000000000000e+04
1.815900000000000000e+04
1.816700000000000000e+04
1.817100000000000000e+04
1.817300000000000000e+04
1.823900000000000000e+04
1.827100000000000000e+04
1.828700000000000000e+04
1.829500000000000000e+04
1.829900000000000000e+04
1.830100000000000000e+04
1.830200000000000000e+04
1.833500000000000000e+04
1.835100000000000000e+04
1.835900000000000000e+04
1.836300000000000000e+04
1.836500000000000000e+04
1.836600000000000000e+04
1.838300000000000000e+04
1.839100000000000000e+04
1.839500000000000000e+04
1.839700000000000000e+04
1.840700000000000000e+04
1.841100000000000000e+04
1.841300000000000000e+04
1.841400000000000000e+04
1.841900000000000000e+04
1.842100000000000000e+04
1.842200000000000000e+04
1.842500000000000000e+04
1.842600000000000000e+04
1.842800000000000000e+04
1.868700000000000000e+04
1.881500000000000000e+04
1.887900000000000000e+04
1.891100000000000000e+04
1.892700000000000000e+04
1.893500000000000000e+04
1.893900000000000000e+04
1.894100000000000000e+04
1.894200000000000000e+04
1.907100000000000000e+04
1.913500000000000000e+04
1.916700000000000000e+04
1.918300000000000000e+04
1.919100000000000000e+04
1.919500000000000000e+04
1.919700000000000000e+04
1.919800000000000000e+04
1.926300000000000000e+04
1.929500000000000000e+04
1.931100000000000000e+04
1.931900000000000000e+04
1.932300000000000000e+04
1.932500000000000000e+04
1.932600000000000000e+04
1.935900000000000000e+04
1.937500000000000000e+04
1.938300000000000000e+04
1.938700000000000000e+04
1.938900000000000000e+04
1.939000000000000000e+04
1.940700000000000000e+04
1.941500000000000000e+04
1.941900000000000000e+04
1.942100000000000000e+04
1.943100000000000000e+04
1.943500000000000000e+04
1.943700000000000000e+04
1.943800000000000000e+04
1.944300000000000000e+04
1.944500000000000000e+04
1.944600000000000000e+04
1.944900000000000000e+04
1.945000000000000000e+04
1.945200000000000000e+04
1.967900000000000000e+04
1.969500000000000000e+04
1.970300000000000000e+04
1.970900000000000000e+04
1.977500000000000000e+04
1.980700000000000000e+04
1.982300000000000000e+04
1.983100000000000000e+04
1.983500000000000000e+04
1.983700000000000000e+04
1.988700000000000000e+04
1.989500000000000000e+04
1.989900000000000000e+04
1.991900000000000000e+04
1.992700000000000000e+04
1.994300000000000000e+04
1.994700000000000000e+04
1.995000000000000000e+04
1.995500000000000000e+04
1.995700000000000000e+04
1.996100000000000000e+04
1.996200000000000000e+04
2.003100000000000000e+04
2.006300000000000000e+04
2.007900000000000000e+04
2.008700000000000000e+04
2.009100000000000000e+04
2.009300000000000000e+04
2.012700000000000000e+04
2.014300000000000000e+04
2.015100000000000000e+04
2.015500000000000000e+04
2.015700000000000000e+04
2.017500000000000000e+04
2.018300000000000000e+04
2.018700000000000000e+04
2.018900000000000000e+04
2.019900000000000000e+04
2.020300000000000000e+04
2.020600000000000000e+04
2.021100000000000000e+04
2.021300000000000000e+04
2.021400000000000000e+04
2.021700000000000000e+04
2.027100000000000000e+04
2.027900000000000000e+04
2.028300000000000000e+04
2.028600000000000000e+04
2.031500000000000000e+04
2.031700000000000000e+04
2.033100000000000000e+04
2.033300000000000000e+04
2.033900000000000000e+04
2.034100000000000000e+04
2.034500000000000000e+04
2.036700000000000000e+04
2.038100000000000000e+04
2.039100000000000000e+04
2.039500000000000000e+04
2.039700000000000000e+04
2.040300000000000000e+04
2.042300000000000000e+04
2.043500000000000000e+04
2.044200000000000000e+04
2.045400000000000000e+04
2.046500000000000000e+04
2.073500000000000000e+04
2.086300000000000000e+04
2.092700000000000000e+04
2.095900000000000000e+04
2.097500000000000000e+04
2.098300000000000000e+04
2.098700000000000000e+04
2.098900000000000000e+04
2.099000000000000000e+04
2.111900000000000000e+04
2.118300000000000000e+04
2.121500000000000000e+04
2.123100000000000000e+04
2.123900000000000000e+04
2.124300000000000000e+04
2.124500000000000000e+04
2.124600000000000000e+04
2.131100000000000000e+04
2.134300000000000000e+04
2.135900000000000000e+04
2.136700000000000000e+04
2.137100000000000000e+04
2.137300000000000000e+04
2.137400000000000000e+04
2.140700000000000000e+04
2.142300000000000000e+04
2.143100000000000000e+04
2.143500000000000000e+04
2.143700000000000000e+04
2.145500000000000000e+04
2.146300000000000000e+04
2.146700000000000000e+04
2.146900000000000000e+04
2.147000000000000000e+04
2.147900000000000000e+04
2.148300000000000000e+04
2.148500000000000000e+04
2.149100000000000000e+04
2.149300000000000000e+04
2.149400000000000000e+04
2.149700000000000000e+04
2.149800000000000000e+04
2.163100000000000000e+04
2.169500000000000000e+04
2.172700000000000000e+04
2.174300000000000000e+04
2.175100000000000000e+04
2.175500000000000000e+04
2.175800000000000000e+04
2.185500000000000000e+04
2.187100000000000000e+04
2.187900000000000000e+04
2.191900000000000000e+04
2.193500000000000000e+04
2.194300000000000000e+04
2.197500000000000000e+04
2.197900000000000000e+04
2.198100000000000000e+04
2.199100000000000000e+04
2.199500000000000000e+04
2.199700000000000000e+04
2.200300000000000000e+04
2.200500000000000000e+04
2.200900000000000000e+04
2.201200000000000000e+04
2.213500000000000000e+04
2.217500000000000000e+04
2.219100000000000000e+04
2.219900000000000000e+04
2.220300000000000000e+04
2.222300000000000000e+04
2.223100000000000000e+04
2.224700000000000000e+04
2.225100000000000000e+04
2.225300000000000000e+04
2.225400000000000000e+04
2.225900000000000000e+04
2.226100000000000000e+04
2.226200000000000000e+04
2.226500000000000000e+04
2.226600000000000000e+04
2.230300000000000000e+04
2.233100000000000000e+04
2.233300000000000000e+04
2.233400000000000000e+04
2.235100000000000000e+04
2.236300000000000000e+04
2.237500000000000000e+04
2.238100000000000000e+04
2.239600000000000000e+04
2.241500000000000000e+04
2.242900000000000000e+04
2.243900000000000000e+04
2.244500000000000000e+04
2.245100000000000000e+04
2.245300000000000000e+04
2.247500000000000000e+04
2.248600000000000000e+04
2.248900000000000000e+04
2.249000000000000000e+04
2.249900000000000000e+04
2.265500000000000000e+04
2.275100000000000000e+04
2.276700000000000000e+04
2.277900000000000000e+04
2.289500000000000000e+04
2.291000000000000000e+04
2.294300000000000000e+04
2.295900000000000000e+04
2.299100000000000000e+04
2.300300000000000000e+04
2.300500000000000000e+04
2.300600000000000000e+04
2.301500000000000000e+04
2.322300000000000000e+04
2.327500000000000000e+04
2.328900000000000000e+04
2.334300000000000000e+04
2.335700000000000000e+04
2.335800000000000000e+04
2.338700000000000000e+04
2.340300000000000000e+04
2.341100000000000000e+04
2.341700000000000000e+04
2.343900000000000000e+04
2.345400000000000000e+04
2.349500000000000000e+04
2.349900000000000000e+04
2.350700000000000000e+04
2.351300000000000000e+04
2.352300000000000000e+04
2.374100000000000000e+04
2.378900000000000000e+04
2.401100000000000000e+04
2.403700000000000000e+04
2.403800000000000000e+04
2.404200000000000000e+04
2.417400000000000000e+04
2.423700000000000000e+04
2.424300000000000000e+04
2.428200000000000000e+04
2.429400000000000000e+04
2.430800000000000000e+04
2.436500000000000000e+04
2.437100000000000000e+04
2.439100000000000000e+04
2.439700000000000000e+04
2.440300000000000000e+04
2.441900000000000000e+04
2.442100000000000000e+04
2.445500000000000000e+04
2.448600000000000000e+04
2.451700000000000000e+04
2.451800000000000000e+04
2.483100000000000000e+04
2.495900000000000000e+04
2.502300000000000000e+04
2.505500000000000000e+04
2.507100000000000000e+04
2.507900000000000000e+04
2.508300000000000000e+04
2.508500000000000000e+04
2.508600000000000000e+04
2.521500000000000000e+04
2.527900000000000000e+04
2.531100000000000000e+04
2.532700000000000000e+04
2.533500000000000000e+04
2.533900000000000000e+04
2.534100000000000000e+04
2.534200000000000000e+04
2.540700000000000000e+04
2.543900000000000000e+04
2.545500000000000000e+04
2.546300000000000000e+04
2.546700000000000000e+04
2.546900000000000000e+04
2.547000000000000000e+04
2.550300000000000000e+04
2.551900000000000000e+04
2.552700000000000000e+04
2.553100000000000000e+04
2.553300000000000000e+04
2.553400000000000000e+04
2.555100000000000000e+04
2.555900000000000000e+04
2.556300000000000000e+04
2.556500000000000000e+04
2.556600000000000000e+04
2.557500000000000000e+04
2.557900000000000000e+04
2.558100000000000000e+04
2.558200000000000000e+04
2.558700000000000000e+04
2.558900000000000000e+04
2.559300000000000000e+04
2.559400000000000000e+04
2.559600000000000000e+04
2.583900000000000000e+04
2.584700000000000000e+04
2.585100000000000000e+04
2.585300000000000000e+04
2.585400000000000000e+04
2.591900000000000000e+04
2.595100000000000000e+04
2.597500000000000000e+04
2.597900000000000000e+04
2.603900000000000000e+04
2.604300000000000000e+04
2.604500000000000000e+04
2.606300000000000000e+04
2.607100000000000000e+04
2.607500000000000000e+04
2.607700000000000000e+04
2.608700000000000000e+04
2.609100000000000000e+04
2.609300000000000000e+04
2.609400000000000000e+04
2.609900000000000000e+04
2.610100000000000000e+04
2.610600000000000000e+04
2.617500000000000000e+04
2.620700000000000000e+04
2.622300000000000000e+04
2.623100000000000000e+04
2.623500000000000000e+04
2.627100000000000000e+04
2.629500000000000000e+04
2.631900000000000000e+04
2.633100000000000000e+04
2.633300000000000000e+04
2.634300000000000000e+04
2.634700000000000000e+04
2.635500000000000000e+04
2.635700000000000000e+04
2.636100000000000000e+04
2.639900000000000000e+04
2.642300000000000000e+04
2.644700000000000000e+04
2.645500000000000000e+04
2.646100000000000000e+04
2.647100000000000000e+04
2.647500000000000000e+04
2.647800000000000000e+04
2.648300000000000000e+04
2.648500000000000000e+04
2.649200000000000000e+04
2.651100000000000000e+04
2.652300000000000000e+04
2.652500000000000000e+04
2.652600000000000000e+04
2.654100000000000000e+04
2.654700000000000000e+04
2.654900000000000000e+04
2.658100000000000000e+04
2.658600000000000000e+04
2.660200000000000000e+04
2.661600000000000000e+04
2.684700000000000000e+04
2.686300000000000000e+04
2.687100000000000000e+04
2.687500000000000000e+04
2.687700000000000000e+04
2.687800000000000000e+04
2.699900000000000000e+04
2.703900000000000000e+04
2.706700000000000000e+04
2.710200000000000000e+04
2.712300000000000000e+04
2.724700000000000000e+04
2.725500000000000000e+04
2.725900000000000000e+04
2.729500000000000000e+04
2.737900000000000000e+04
2.743900000000000000e+04
2.744700000000000000e+04
2.747100000000000000e+04
2.748300000000000000e+04
2.754700000000000000e+04
2.755900000000000000e+04
2.757100000000000000e+04
2.757400000000000000e+04
2.757700000000000000e+04
2.759500000000000000e+04
2.760600000000000000e+04
2.761200000000000000e+04
2.761900000000000000e+04
2.762800000000000000e+04
2.763400000000000000e+04
2.777300000000000000e+04
2.783800000000000000e+04
2.796500000000000000e+04
2.802500000000000000e+04
2.821500000000000000e+04
2.825300000000000000e+04
2.826700000000000000e+04
2.827000000000000000e+04
2.827800000000000000e+04
2.828200000000000000e+04
2.833100000000000000e+04
2.837300000000000000e+04
2.846700000000000000e+04
2.855100000000000000e+04
2.856500000000000000e+04
2.859400000000000000e+04
2.864200000000000000e+04
2.864400000000000000e+04
2.886300000000000000e+04
2.899100000000000000e+04
2.910300000000000000e+04
2.911500000000000000e+04
2.911800000000000000e+04
2.917100000000000000e+04
2.924700000000000000e+04
2.930700000000000000e+04
2.930900000000000000e+04
2.935900000000000000e+04
2.937100000000000000e+04
2.940500000000000000e+04
2.943000000000000000e+04
2.943600000000000000e+04
2.947100000000000000e+04
2.949900000000000000e+04
2.952700000000000000e+04
2.961100000000000000e+04
2.961300000000000000e+04
2.961900000000000000e+04
2.965100000000000000e+04
2.965800000000000000e+04
2.966900000000000000e+04
2.967600000000000000e+04
2.968100000000000000e+04
2.981500000000000000e+04
2.988500000000000000e+04
2.991100000000000000e+04
2.993300000000000000e+04
3.007300000000000000e+04
3.010900000000000000e+04
3.012600000000000000e+04
3.018200000000000000e+04
3.031100000000000000e+04
3.033000000000000000e+04
3.038200000000000000e+04
3.039300000000000000e+04
3.044400000000000000e+04
3.049400000000000000e+04
3.050700000000000000e+04
3.050900000000000000e+04
3.051700000000000000e+04
3.054200000000000000e+04
3.056600000000000000e+04
3.060600000000000000e+04
3.078300000000000000e+04
3.084600000000000000e+04
3.095100000000000000e+04
3.095800000000000000e+04
3.096500000000000000e+04
3.108500000000000000e+04
3.109100000000000000e+04
3.115700000000000000e+04
3.119300000000000000e+04
3.120600000000000000e+04
3.121200000000000000e+04
3.157100000000000000e+04
3.160100000000000000e+04
3.171400000000000000e+04
3.195800000000000000e+04
3.197800000000000000e+04
3.208300000000000000e+04
3.215000000000000000e+04
3.228300000000000000e+04
3.230700000000000000e+04
3.234600000000000000e+04
3.239800000000000000e+04
3.240300000000000000e+04
3.245700000000000000e+04
3.258800000000000000e+04
3.267600000000000000e+04
3.327900000000000000e+04
3.353500000000000000e+04
3.366300000000000000e+04
3.372700000000000000e+04
3.375900000000000000e+04
3.377500000000000000e+04
3.378300000000000000e+04
3.378700000000000000e+04
3.378900000000000000e+04
3.379000000000000000e+04
3.404700000000000000e+04
3.417500000000000000e+04
3.423900000000000000e+04
3.427100000000000000e+04
3.428700000000000000e+04
3.429500000000000000e+04
3.429900000000000000e+04
3.430100000000000000e+04
3.443100000000000000e+04
3.449500000000000000e+04
3.452700000000000000e+04
3.454300000000000000e+04
3.455100000000000000e+04
3.455500000000000000e+04
3.455700000000000000e+04
3.455800000000000000e+04
3.462300000000000000e+04
3.465500000000000000e+04
3.467100000000000000e+04
3.467900000000000000e+04
3.468300000000000000e+04
3.468500000000000000e+04
3.468600000000000000e+04
3.471900000000000000e+04
3.473500000000000000e+04
3.474300000000000000e+04
3.474700000000000000e+04
3.474900000000000000e+04
3.475000000000000000e+04
3.476700000000000000e+04
3.477500000000000000e+04
3.477900000000000000e+04
3.478100000000000000e+04
3.478200000000000000e+04
3.479100000000000000e+04
3.479500000000000000e+04
3.479700000000000000e+04
3.479800000000000000e+04
3.480300000000000000e+04
3.480500000000000000e+04
3.480900000000000000e+04
3.481200000000000000e+04
3.507100000000000000e+04
3.519900000000000000e+04
3.526300000000000000e+04
3.529500000000000000e+04
3.531100000000000000e+04
3.531900000000000000e+04
3.532300000000000000e+04
3.532500000000000000e+04
3.532600000000000000e+04
3.545500000000000000e+04
3.551900000000000000e+04
3.555100000000000000e+04
3.556700000000000000e+04
3.557500000000000000e+04
3.557900000000000000e+04
3.558100000000000000e+04
3.558200000000000000e+04
3.564700000000000000e+04
3.567900000000000000e+04
3.569500000000000000e+04
3.570300000000000000e+04
3.570700000000000000e+04
3.570900000000000000e+04
3.571000000000000000e+04
3.574300000000000000e+04
3.575900000000000000e+04
3.576700000000000000e+04
3.577100000000000000e+04
3.577300000000000000e+04
3.577400000000000000e+04
3.579100000000000000e+04
3.579900000000000000e+04
3.580300000000000000e+04
3.580500000000000000e+04
3.580600000000000000e+04
3.581500000000000000e+04
3.581900000000000000e+04
3.582100000000000000e+04
3.582700000000000000e+04
3.582900000000000000e+04
3.583000000000000000e+04
3.583300000000000000e+04
3.583400000000000000e+04
3.596700000000000000e+04
3.603100000000000000e+04
3.608700000000000000e+04
3.609300000000000000e+04
3.609400000000000000e+04
3.615900000000000000e+04
3.620700000000000000e+04
3.625500000000000000e+04
3.628300000000000000e+04
3.628500000000000000e+04
3.630300000000000000e+04
3.631100000000000000e+04
3.631500000000000000e+04
3.631700000000000000e+04
3.631800000000000000e+04
3.632700000000000000e+04
3.633100000000000000e+04
3.633300000000000000e+04
3.633900000000000000e+04
3.634500000000000000e+04
3.641500000000000000e+04
3.644700000000000000e+04
3.646300000000000000e+04
3.647100000000000000e+04
3.647500000000000000e+04
3.651100000000000000e+04
3.653500000000000000e+04
3.655900000000000000e+04
3.656700000000000000e+04
3.657100000000000000e+04
3.657300000000000000e+04
3.658300000000000000e+04
3.658700000000000000e+04
3.658900000000000000e+04
3.659500000000000000e+04
3.660100000000000000e+04
3.660200000000000000e+04
3.660400000000000000e+04
3.663900000000000000e+04
3.667000000000000000e+04
3.668700000000000000e+04
3.669500000000000000e+04
3.669900000000000000e+04
3.671100000000000000e+04
3.671700000000000000e+04
3.672300000000000000e+04
3.672500000000000000e+04
3.675100000000000000e+04
3.675900000000000000e+04
3.676300000000000000e+04
3.676500000000000000e+04
3.677500000000000000e+04
3.678100000000000000e+04
3.678700000000000000e+04
3.681100000000000000e+04
3.682500000000000000e+04
3.683500000000000000e+04
3.684900000000000000e+04
3.685600000000000000e+04
3.711900000000000000e+04
3.724700000000000000e+04
3.731100000000000000e+04
3.734300000000000000e+04
3.735900000000000000e+04
3.736700000000000000e+04
3.737100000000000000e+04
3.737300000000000000e+04
3.750300000000000000e+04
3.756700000000000000e+04
3.759900000000000000e+04
3.761500000000000000e+04
3.762300000000000000e+04
3.762700000000000000e+04
3.763000000000000000e+04
3.769500000000000000e+04
3.772700000000000000e+04
3.774300000000000000e+04
3.775100000000000000e+04
3.775500000000000000e+04
3.775700000000000000e+04
3.775800000000000000e+04
3.779100000000000000e+04
3.780700000000000000e+04
3.781500000000000000e+04
3.781900000000000000e+04
3.782100000000000000e+04
3.782200000000000000e+04
3.783900000000000000e+04
3.784700000000000000e+04
3.785100000000000000e+04
3.785300000000000000e+04
3.786300000000000000e+04
3.786700000000000000e+04
3.786900000000000000e+04
3.787000000000000000e+04
3.787500000000000000e+04
3.787700000000000000e+04
3.788100000000000000e+04
3.788200000000000000e+04
3.801500000000000000e+04
3.812700000000000000e+04
3.813500000000000000e+04
3.814100000000000000e+04
3.814200000000000000e+04
3.823900000000000000e+04
3.826300000000000000e+04
3.826900000000000000e+04
3.830300000000000000e+04
3.831900000000000000e+04
3.832700000000000000e+04
3.835100000000000000e+04
3.835900000000000000e+04
3.836300000000000000e+04
3.836500000000000000e+04
3.837500000000000000e+04
3.838100000000000000e+04
3.838200000000000000e+04
3.838700000000000000e+04
3.838900000000000000e+04
3.839000000000000000e+04
3.839300000000000000e+04
3.839400000000000000e+04
3.851100000000000000e+04
3.851900000000000000e+04
3.852300000000000000e+04
3.855900000000000000e+04
3.857500000000000000e+04
3.858300000000000000e+04
3.860700000000000000e+04
3.861500000000000000e+04
3.861900000000000000e+04
3.862200000000000000e+04
3.863100000000000000e+04
3.863500000000000000e+04
3.864300000000000000e+04
3.868700000000000000e+04
3.871100000000000000e+04
3.871500000000000000e+04
3.873500000000000000e+04
3.874300000000000000e+04
3.874900000000000000e+04
3.875900000000000000e+04
3.876300000000000000e+04
3.876500000000000000e+04
3.877300000000000000e+04
3.880700000000000000e+04
3.881300000000000000e+04
3.882300000000000000e+04
3.882900000000000000e+04
3.883000000000000000e+04
3.883700000000000000e+04
3.884400000000000000e+04
3.885900000000000000e+04
3.887300000000000000e+04
3.888300000000000000e+04
3.889000000000000000e+04
3.889800000000000000e+04
3.916300000000000000e+04
3.916500000000000000e+04
3.929100000000000000e+04
3.929300000000000000e+04
3.934300000000000000e+04
3.935800000000000000e+04
3.938700000000000000e+04
3.939900000000000000e+04
3.941100000000000000e+04
3.948700000000000000e+04
3.951900000000000000e+04
3.954900000000000000e+04
3.959900000000000000e+04
3.963100000000000000e+04
3.966100000000000000e+04
3.972700000000000000e+04
3.974200000000000000e+04
3.975900000000000000e+04
3.977100000000000000e+04
3.978700000000000000e+04
3.979700000000000000e+04
3.980400000000000000e+04
3.982300000000000000e+04
3.983500000000000000e+04
3.983800000000000000e+04
3.985100000000000000e+04
3.985300000000000000e+04
3.986100000000000000e+04
3.986200000000000000e+04
3.987900000000000000e+04
3.988300000000000000e+04
3.989100000000000000e+04
3.989300000000000000e+04
3.989400000000000000e+04
3.991000000000000000e+04
3.991400000000000000e+04
3.992400000000000000e+04
3.992800000000000000e+04
4.018100000000000000e+04
4.028600000000000000e+04
4.030900000000000000e+04
4.034700000000000000e+04
4.042500000000000000e+04
4.043600000000000000e+04
4.044000000000000000e+04
4.053500000000000000e+04
4.059100000000000000e+04
4.066200000000000000e+04
4.068100000000000000e+04
4.071900000000000000e+04
4.072700000000000000e+04
4.079600000000000000e+04
4.081000000000000000e+04
4.081200000000000000e+04
4.090800000000000000e+04
4.134300000000000000e+04
4.140700000000000000e+04
4.143900000000000000e+04
4.145500000000000000e+04
4.146300000000000000e+04
4.146700000000000000e+04
4.146900000000000000e+04
4.159900000000000000e+04
4.166300000000000000e+04
4.169500000000000000e+04
4.171100000000000000e+04
4.171900000000000000e+04
4.172300000000000000e+04
4.172500000000000000e+04
4.172600000000000000e+04
4.179100000000000000e+04
4.182300000000000000e+04
4.183900000000000000e+04
4.184700000000000000e+04
4.185100000000000000e+04
4.185300000000000000e+04
4.185400000000000000e+04
4.188700000000000000e+04
4.190300000000000000e+04
4.191100000000000000e+04
4.191500000000000000e+04
4.191700000000000000e+04
4.191800000000000000e+04
4.193500000000000000e+04
4.194300000000000000e+04
4.194700000000000000e+04
4.194900000000000000e+04
4.195900000000000000e+04
4.196300000000000000e+04
4.196500000000000000e+04
4.196600000000000000e+04
4.197100000000000000e+04
4.197300000000000000e+04
4.197700000000000000e+04
4.197800000000000000e+04
4.198000000000000000e+04
4.211100000000000000e+04
4.220700000000000000e+04
4.223100000000000000e+04
4.223700000000000000e+04
4.223800000000000000e+04
4.230300000000000000e+04
4.233500000000000000e+04
4.235900000000000000e+04
4.236300000000000000e+04
4.239900000000000000e+04
4.243000000000000000e+04
4.244700000000000000e+04
4.245500000000000000e+04
4.245900000000000000e+04
4.246100000000000000e+04
4.247100000000000000e+04
4.247500000000000000e+04
4.247800000000000000e+04
4.248900000000000000e+04
4.259100000000000000e+04
4.260700000000000000e+04
4.261500000000000000e+04
4.261900000000000000e+04
4.262200000000000000e+04
4.265500000000000000e+04
4.267900000000000000e+04
4.268300000000000000e+04
4.268500000000000000e+04
4.268600000000000000e+04
4.270300000000000000e+04
4.271100000000000000e+04
4.271500000000000000e+04
4.271700000000000000e+04
4.272700000000000000e+04
4.273100000000000000e+04
4.273400000000000000e+04
4.273900000000000000e+04
4.274100000000000000e+04
4.280700000000000000e+04
4.283900000000000000e+04
4.284300000000000000e+04
4.285500000000000000e+04
4.286900000000000000e+04
4.287400000000000000e+04
4.290300000000000000e+04
4.290900000000000000e+04
4.291900000000000000e+04
4.293100000000000000e+04
4.293300000000000000e+04
4.294000000000000000e+04
4.319900000000000000e+04
4.323100000000000000e+04
4.324700000000000000e+04
4.325500000000000000e+04
4.326100000000000000e+04
4.332700000000000000e+04
4.338300000000000000e+04
4.350700000000000000e+04
4.351300000000000000e+04
4.364300000000000000e+04
4.364600000000000000e+04
4.372700000000000000e+04
4.373500000000000000e+04
4.373900000000000000e+04
4.374100000000000000e+04
4.376300000000000000e+04
4.383100000000000000e+04
4.383500000000000000e+04
4.383700000000000000e+04
4.394300000000000000e+04
4.394900000000000000e+04
4.395800000000000000e+04
4.397500000000000000e+04
4.398200000000000000e+04
4.398700000000000000e+04
4.398900000000000000e+04
4.399400000000000000e+04
4.399600000000000000e+04
4.401800000000000000e+04
4.426300000000000000e+04
4.437500000000000000e+04
4.440500000000000000e+04
4.449100000000000000e+04
4.449300000000000000e+04
4.451700000000000000e+04
4.459900000000000000e+04
4.460300000000000000e+04
4.463500000000000000e+04
4.463700000000000000e+04
4.471700000000000000e+04
4.472900000000000000e+04
4.475000000000000000e+04
4.475800000000000000e+04
4.488300000000000000e+04
4.489000000000000000e+04
4.491600000000000000e+04
4.493500000000000000e+04
4.500400000000000000e+04
4.504000000000000000e+04
4.530700000000000000e+04
4.530900000000000000e+04
4.543500000000000000e+04
4.543700000000000000e+04
4.552700000000000000e+04
4.553400000000000000e+04
4.555000000000000000e+04
4.555500000000000000e+04
4.569100000000000000e+04
4.569400000000000000e+04
4.575700000000000000e+04
4.580300000000000000e+04
4.580500000000000000e+04
4.581300000000000000e+04
4.581700000000000000e+04
4.587100000000000000e+04
4.587900000000000000e+04
4.588300000000000000e+04
4.591100000000000000e+04
4.591500000000000000e+04
4.591800000000000000e+04
4.598100000000000000e+04
4.599500000000000000e+04
4.600500000000000000e+04
4.600600000000000000e+04
4.601200000000000000e+04
4.602300000000000000e+04
4.602900000000000000e+04
4.604100000000000000e+04
4.605800000000000000e+04
4.631800000000000000e+04
4.639700000000000000e+04
4.651000000000000000e+04
4.656300000000000000e+04
4.668500000000000000e+04
4.674300000000000000e+04
4.677300000000000000e+04
4.678000000000000000e+04
4.679700000000000000e+04
4.680300000000000000e+04
4.682200000000000000e+04
4.684000000000000000e+04
4.693100000000000000e+04
4.695000000000000000e+04
4.698300000000000000e+04
4.698900000000000000e+04
4.705700000000000000e+04
4.734200000000000000e+04
4.748100000000000000e+04
4.753300000000000000e+04
4.757100000000000000e+04
4.757300000000000000e+04
4.767500000000000000e+04
4.767700000000000000e+04
4.767800000000000000e+04
4.779000000000000000e+04
4.780100000000000000e+04
4.780400000000000000e+04
4.783000000000000000e+04
4.786400000000000000e+04
4.789500000000000000e+04
4.789900000000000000e+04
4.790100000000000000e+04
4.790200000000000000e+04
4.803500000000000000e+04
4.807000000000000000e+04
4.808200000000000000e+04
4.833400000000000000e+04
4.844100000000000000e+04
4.850400000000000000e+04
4.854000000000000000e+04
4.858800000000000000e+04
4.868600000000000000e+04
4.874500000000000000e+04
4.877900000000000000e+04
4.879400000000000000e+04
4.881700000000000000e+04
4.940700000000000000e+04
4.953500000000000000e+04
4.959900000000000000e+04
4.963100000000000000e+04
4.964700000000000000e+04
4.965500000000000000e+04
4.965900000000000000e+04
4.966100000000000000e+04
4.966200000000000000e+04
4.979100000000000000e+04
4.985500000000000000e+04
4.988700000000000000e+04
4.990300000000000000e+04
4.991100000000000000e+04
4.991500000000000000e+04
4.991700000000000000e+04
4.998300000000000000e+04
5.001500000000000000e+04
5.003100000000000000e+04
5.003900000000000000e+04
5.004300000000000000e+04
5.004500000000000000e+04
5.007900000000000000e+04
5.009500000000000000e+04
5.010300000000000000e+04
5.010700000000000000e+04
5.010900000000000000e+04
5.011000000000000000e+04
5.012700000000000000e+04
5.013500000000000000e+04
5.013900000000000000e+04
5.014100000000000000e+04
5.014200000000000000e+04
5.015100000000000000e+04
5.015500000000000000e+04
5.015700000000000000e+04
5.015800000000000000e+04
5.016300000000000000e+04
5.016500000000000000e+04
5.016600000000000000e+04
5.016900000000000000e+04
5.017200000000000000e+04
5.030300000000000000e+04
5.039900000000000000e+04
5.041500000000000000e+04
5.042300000000000000e+04
5.042700000000000000e+04
5.043000000000000000e+04
5.049500000000000000e+04
5.052700000000000000e+04
5.054300000000000000e+04
5.055100000000000000e+04
5.059100000000000000e+04
5.061500000000000000e+04
5.061900000000000000e+04
5.062100000000000000e+04
5.063900000000000000e+04
5.064700000000000000e+04
5.065300000000000000e+04
5.066300000000000000e+04
5.066900000000000000e+04
5.067500000000000000e+04
5.067700000000000000e+04
5.068400000000000000e+04
5.078300000000000000e+04
5.079900000000000000e+04
5.080700000000000000e+04
5.081100000000000000e+04
5.084700000000000000e+04
5.086300000000000000e+04
5.087100000000000000e+04
5.087500000000000000e+04
5.087800000000000000e+04
5.089500000000000000e+04
5.090300000000000000e+04
5.090700000000000000e+04
5.090900000000000000e+04
5.091900000000000000e+04
5.092300000000000000e+04
5.092500000000000000e+04
5.093100000000000000e+04
5.093800000000000000e+04
5.097500000000000000e+04
5.099900000000000000e+04
5.100600000000000000e+04
5.102300000000000000e+04
5.103100000000000000e+04
5.103700000000000000e+04
5.103800000000000000e+04
5.104700000000000000e+04
5.105100000000000000e+04
5.105400000000000000e+04
5.106100000000000000e+04
5.108700000000000000e+04
5.109500000000000000e+04
5.110100000000000000e+04
5.111100000000000000e+04
5.111800000000000000e+04
5.112300000000000000e+04
5.112500000000000000e+04
5.115000000000000000e+04
5.115500000000000000e+04
5.118500000000000000e+04
5.119200000000000000e+04
5.145100000000000000e+04
5.155100000000000000e+04
5.156700000000000000e+04
5.164300000000000000e+04
5.167100000000000000e+04
5.167800000000000000e+04
5.170500000000000000e+04
5.177500000000000000e+04
5.189500000000000000e+04
5.191900000000000000e+04
5.193100000000000000e+04
5.195000000000000000e+04
5.196200000000000000e+04
5.204700000000000000e+04
5.205900000000000000e+04
5.206200000000000000e+04
5.208600000000000000e+04
5.208900000000000000e+04
5.211100000000000000e+04
5.212300000000000000e+04
5.212500000000000000e+04
5.213900000000000000e+04
5.214100000000000000e+04
5.214200000000000000e+04
5.214700000000000000e+04
5.215300000000000000e+04
5.215600000000000000e+04
5.217100000000000000e+04
5.217300000000000000e+04
5.217900000000000000e+04
5.218100000000000000e+04
5.218600000000000000e+04
5.219500000000000000e+04
5.219700000000000000e+04
5.220900000000000000e+04
5.231900000000000000e+04
5.240700000000000000e+04
5.241300000000000000e+04
5.251100000000000000e+04
5.252700000000000000e+04
5.263100000000000000e+04
5.272100000000000000e+04
5.279100000000000000e+04
5.282900000000000000e+04
5.283000000000000000e+04
5.289100000000000000e+04
5.290900000000000000e+04
5.293900000000000000e+04
5.294700000000000000e+04
5.296500000000000000e+04
5.297800000000000000e+04
5.302100000000000000e+04
5.302200000000000000e+04
5.304900000000000000e+04
5.307500000000000000e+04
5.308200000000000000e+04
5.313400000000000000e+04
5.314500000000000000e+04
5.317600000000000000e+04
5.318700000000000000e+04
5.318900000000000000e+04
5.343900000000000000e+04
5.349900000000000000e+04
5.362300000000000000e+04
5.369400000000000000e+04
5.371100000000000000e+04
5.373900000000000000e+04
5.374200000000000000e+04
5.385500000000000000e+04
5.387100000000000000e+04
5.394300000000000000e+04
5.394900000000000000e+04
5.397500000000000000e+04
5.397900000000000000e+04
5.398200000000000000e+04
5.399100000000000000e+04
5.399700000000000000e+04
5.400300000000000000e+04
5.401000000000000000e+04
5.407500000000000000e+04
5.417400000000000000e+04
5.418700000000000000e+04
5.420100000000000000e+04
5.421900000000000000e+04
5.422900000000000000e+04
5.423300000000000000e+04
5.424300000000000000e+04
5.424600000000000000e+04
5.425200000000000000e+04
5.445900000000000000e+04
5.447900000000000000e+04
5.449400000000000000e+04
5.458700000000000000e+04
5.459000000000000000e+04
5.463700000000000000e+04
5.467100000000000000e+04
5.470700000000000000e+04
5.473900000000000000e+04
5.474600000000000000e+04
5.474800000000000000e+04
5.475500000000000000e+04
5.484500000000000000e+04
5.487800000000000000e+04
5.488700000000000000e+04
5.495100000000000000e+04
5.496600000000000000e+04
5.496900000000000000e+04
5.498300000000000000e+04
5.499000000000000000e+04
5.499700000000000000e+04
5.508300000000000000e+04
5.508500000000000000e+04
5.509400000000000000e+04
5.511500000000000000e+04
5.512900000000000000e+04
5.522000000000000000e+04
5.525200000000000000e+04
5.553400000000000000e+04
5.554600000000000000e+04
5.561100000000000000e+04
5.563900000000000000e+04
5.565500000000000000e+04
5.565900000000000000e+04
5.567000000000000000e+04
5.579600000000000000e+04
5.583900000000000000e+04
5.588700000000000000e+04
5.589500000000000000e+04
5.592600000000000000e+04
5.595100000000000000e+04
5.596300000000000000e+04
5.598200000000000000e+04
5.599600000000000000e+04
5.602600000000000000e+04
5.605200000000000000e+04
5.610900000000000000e+04
5.613900000000000000e+04
5.617200000000000000e+04
5.621300000000000000e+04
5.624800000000000000e+04
5.626200000000000000e+04
5.641300000000000000e+04
5.644100000000000000e+04
5.653400000000000000e+04
5.654000000000000000e+04
5.666600000000000000e+04
5.672500000000000000e+04
5.685500000000000000e+04
5.695200000000000000e+04
5.698800000000000000e+04
5.700200000000000000e+04
5.701200000000000000e+04
5.706400000000000000e+04
5.712300000000000000e+04
5.722100000000000000e+04
5.758300000000000000e+04
5.759100000000000000e+04
5.769500000000000000e+04
5.772300000000000000e+04
5.778700000000000000e+04
5.783100000000000000e+04
5.784500000000000000e+04
5.784900000000000000e+04
5.785200000000000000e+04
5.796700000000000000e+04
5.797500000000000000e+04
5.797900000000000000e+04
5.801500000000000000e+04
5.803100000000000000e+04
5.804500000000000000e+04
5.806300000000000000e+04
5.808700000000000000e+04
5.809400000000000000e+04
5.810600000000000000e+04
5.810800000000000000e+04
5.814300000000000000e+04
5.815900000000000000e+04
5.817100000000000000e+04
5.821500000000000000e+04
5.821900000000000000e+04
5.826300000000000000e+04
5.828500000000000000e+04
5.829700000000000000e+04
5.831100000000000000e+04
5.831500000000000000e+04
5.831800000000000000e+04
5.832300000000000000e+04
5.836000000000000000e+04
5.855100000000000000e+04
5.857500000000000000e+04
5.861100000000000000e+04
5.881200000000000000e+04
5.882700000000000000e+04
5.882900000000000000e+04
5.885700000000000000e+04
5.896700000000000000e+04
5.899700000000000000e+04
5.903100000000000000e+04
5.906600000000000000e+04
5.907900000000000000e+04
5.909700000000000000e+04
5.919000000000000000e+04
5.919300000000000000e+04
5.951100000000000000e+04
5.957500000000000000e+04
5.960700000000000000e+04
5.961300000000000000e+04
5.962900000000000000e+04
5.976500000000000000e+04
5.982100000000000000e+04
5.982700000000000000e+04
5.995900000000000000e+04
5.999500000000000000e+04
6.005900000000000000e+04
6.007100000000000000e+04
6.010300000000000000e+04
6.013800000000000000e+04
6.023100000000000000e+04
6.023700000000000000e+04
6.024300000000000000e+04
6.032600000000000000e+04
6.034400000000000000e+04
6.037000000000000000e+04
6.064600000000000000e+04
6.065000000000000000e+04
6.065800000000000000e+04
6.074700000000000000e+04
6.075500000000000000e+04
6.088400000000000000e+04
6.101400000000000000e+04
6.109400000000000000e+04
6.110800000000000000e+04
6.125800000000000000e+04
6.132200000000000000e+04
6.155100000000000000e+04
6.165500000000000000e+04
6.187500000000000000e+04
6.188100000000000000e+04
6.190900000000000000e+04
6.191400000000000000e+04
6.207000000000000000e+04
6.213400000000000000e+04
6.215100000000000000e+04
6.220000000000000000e+04
6.229300000000000000e+04
6.234300000000000000e+04
6.234700000000000000e+04
6.244000000000000000e+04
6.263100000000000000e+04
6.264300000000000000e+04
6.264600000000000000e+04
6.300300000000000000e+04
6.314600000000000000e+04
6.339400000000000000e+04
6.360900000000000000e+04
6.388300000000000000e+04
6.392100000000000000e+04
6.392200000000000000e+04
6.392400000000000000e+04
6.401500000000000000e+04
6.404500000000000000e+04
6.405300000000000000e+04
6.414100000000000000e+04
6.421600000000000000e+04
6.426900000000000000e+04
6.429800000000000000e+04
6.430600000000000000e+04
6.432900000000000000e+04
6.448000000000000000e+04
6.461400000000000000e+04
6.467700000000000000e+04
6.503500000000000000e+04
6.511200000000000000e+04
6.529200000000000000e+04
6.544000000000000000e+04
6.604700000000000000e+04
6.630300000000000000e+04
6.643100000000000000e+04
6.649500000000000000e+04
6.652700000000000000e+04
6.654300000000000000e+04
6.655100000000000000e+04
6.655500000000000000e+04
6.655700000000000000e+04
6.655800000000000000e+04
6.681500000000000000e+04
6.694300000000000000e+04
6.700700000000000000e+04
6.703900000000000000e+04
6.705500000000000000e+04
6.706300000000000000e+04
6.706700000000000000e+04
6.706900000000000000e+04
6.707000000000000000e+04
6.719900000000000000e+04
6.726300000000000000e+04
6.729500000000000000e+04
6.731100000000000000e+04
6.731900000000000000e+04
6.732300000000000000e+04
6.732500000000000000e+04
6.732600000000000000e+04
6.739100000000000000e+04
6.742300000000000000e+04
6.743900000000000000e+04
6.744700000000000000e+04
6.745100000000000000e+04
6.745300000000000000e+04
6.745400000000000000e+04
6.748700000000000000e+04
6.750300000000000000e+04
6.751100000000000000e+04
6.751500000000000000e+04
6.751700000000000000e+04
6.751800000000000000e+04
6.753500000000000000e+04
6.754300000000000000e+04
6.754700000000000000e+04
6.754900000000000000e+04
6.755000000000000000e+04
6.755900000000000000e+04
6.756300000000000000e+04
6.756500000000000000e+04
6.756600000000000000e+04
6.757100000000000000e+04
6.757300000000000000e+04
6.757400000000000000e+04
6.757700000000000000e+04
6.757800000000000000e+04
6.758000000000000000e+04
6.783900000000000000e+04
6.796700000000000000e+04
6.803100000000000000e+04
6.806300000000000000e+04
6.807900000000000000e+04
6.809100000000000000e+04
6.809300000000000000e+04
6.809400000000000000e+04
6.822300000000000000e+04
6.828700000000000000e+04
6.831900000000000000e+04
6.833500000000000000e+04
6.834300000000000000e+04
6.834700000000000000e+04
6.834900000000000000e+04
6.835000000000000000e+04
6.841500000000000000e+04
6.844700000000000000e+04
6.846300000000000000e+04
6.847100000000000000e+04
6.847500000000000000e+04
6.847700000000000000e+04
6.847800000000000000e+04
6.851100000000000000e+04
6.852700000000000000e+04
6.853500000000000000e+04
6.853900000000000000e+04
6.854100000000000000e+04
6.854200000000000000e+04
6.855900000000000000e+04
6.856700000000000000e+04
6.857100000000000000e+04
6.857300000000000000e+04
6.857400000000000000e+04
6.858300000000000000e+04
6.858700000000000000e+04
6.858900000000000000e+04
6.859000000000000000e+04
6.859500000000000000e+04
6.859700000000000000e+04
6.859800000000000000e+04
6.860100000000000000e+04
6.860400000000000000e+04
6.884700000000000000e+04
6.885900000000000000e+04
6.886200000000000000e+04
6.897500000000000000e+04
6.898700000000000000e+04
6.902300000000000000e+04
6.903900000000000000e+04
6.905100000000000000e+04
6.907900000000000000e+04
6.908500000000000000e+04
6.908600000000000000e+04
6.909900000000000000e+04
6.910100000000000000e+04
6.910700000000000000e+04
6.911000000000000000e+04
6.911300000000000000e+04
6.921500000000000000e+04
6.923100000000000000e+04
6.923900000000000000e+04
6.924300000000000000e+04
6.924500000000000000e+04
6.924600000000000000e+04
6.927900000000000000e+04
6.929500000000000000e+04
6.930300000000000000e+04
6.930700000000000000e+04
6.931000000000000000e+04
6.932700000000000000e+04
6.933500000000000000e+04
6.933900000000000000e+04
6.934100000000000000e+04
6.934200000000000000e+04
6.935100000000000000e+04
6.935500000000000000e+04
6.935700000000000000e+04
6.936600000000000000e+04
6.936900000000000000e+04
6.937200000000000000e+04
6.940700000000000000e+04
6.942300000000000000e+04
6.943100000000000000e+04
6.943500000000000000e+04
6.945500000000000000e+04
6.946700000000000000e+04
6.947900000000000000e+04
6.948300000000000000e+04
6.949300000000000000e+04
6.949700000000000000e+04
6.949800000000000000e+04
6.951900000000000000e+04
6.952700000000000000e+04
6.953100000000000000e+04
6.953300000000000000e+04
6.954300000000000000e+04
6.954700000000000000e+04
6.954900000000000000e+04
6.955000000000000000e+04
6.955500000000000000e+04
6.955700000000000000e+04
6.955800000000000000e+04
6.956100000000000000e+04
6.957500000000000000e+04
6.958700000000000000e+04
6.958900000000000000e+04
6.959000000000000000e+04
6.959300000000000000e+04
6.959400000000000000e+04
6.960300000000000000e+04
6.960900000000000000e+04
6.961200000000000000e+04
7.001500000000000000e+04
7.007900000000000000e+04
7.011100000000000000e+04
7.012700000000000000e+04
7.013500000000000000e+04
7.013900000000000000e+04
7.014100000000000000e+04
7.027100000000000000e+04
7.033500000000000000e+04
7.036700000000000000e+04
7.038300000000000000e+04
7.039100000000000000e+04
7.039500000000000000e+04
7.039700000000000000e+04
7.039800000000000000e+04
7.046300000000000000e+04
7.049500000000000000e+04
7.051100000000000000e+04
7.051900000000000000e+04
7.052300000000000000e+04
7.052500000000000000e+04
7.055900000000000000e+04
7.057500000000000000e+04
7.058300000000000000e+04
7.058700000000000000e+04
7.058900000000000000e+04
7.060700000000000000e+04
7.061500000000000000e+04
7.061900000000000000e+04
7.062100000000000000e+04
7.062200000000000000e+04
7.063100000000000000e+04
7.063500000000000000e+04
7.063700000000000000e+04
7.063800000000000000e+04
7.064300000000000000e+04
7.064500000000000000e+04
7.064900000000000000e+04
7.065000000000000000e+04
7.065200000000000000e+04
7.090300000000000000e+04
7.100700000000000000e+04
7.102300000000000000e+04
7.103100000000000000e+04
7.107100000000000000e+04
7.108700000000000000e+04
7.109500000000000000e+04
7.110200000000000000e+04
7.111900000000000000e+04
7.112700000000000000e+04
7.113100000000000000e+04
7.113400000000000000e+04
7.114300000000000000e+04
7.114700000000000000e+04
7.114900000000000000e+04
7.115500000000000000e+04
7.123100000000000000e+04
7.126300000000000000e+04
7.127900000000000000e+04
7.128700000000000000e+04
7.129100000000000000e+04
7.129300000000000000e+04
7.132700000000000000e+04
7.134300000000000000e+04
7.135100000000000000e+04
7.135700000000000000e+04
7.137500000000000000e+04
7.138700000000000000e+04
7.139900000000000000e+04
7.140300000000000000e+04
7.140500000000000000e+04
7.140600000000000000e+04
7.141100000000000000e+04
7.141300000000000000e+04
7.141400000000000000e+04
7.145500000000000000e+04
7.147100000000000000e+04
7.147900000000000000e+04
7.148300000000000000e+04
7.150300000000000000e+04
7.152700000000000000e+04
7.153100000000000000e+04
7.153300000000000000e+04
7.153400000000000000e+04
7.154800000000000000e+04
7.156700000000000000e+04
7.157500000000000000e+04
7.158100000000000000e+04
7.158200000000000000e+04
7.159100000000000000e+04
7.159700000000000000e+04
7.160500000000000000e+04
7.160900000000000000e+04
7.162900000000000000e+04
7.164400000000000000e+04
7.166600000000000000e+04
7.180700000000000000e+04
7.190300000000000000e+04
7.192700000000000000e+04
7.193100000000000000e+04
7.193300000000000000e+04
7.199900000000000000e+04
7.205500000000000000e+04
7.206100000000000000e+04
7.212300000000000000e+04
7.217100000000000000e+04
7.218100000000000000e+04
7.218600000000000000e+04
7.225500000000000000e+04
7.231500000000000000e+04
7.235100000000000000e+04
7.236700000000000000e+04
7.241300000000000000e+04
7.242300000000000000e+04
7.242900000000000000e+04
7.243700000000000000e+04
7.243800000000000000e+04
7.247900000000000000e+04
7.250300000000000000e+04
7.253900000000000000e+04
7.254200000000000000e+04
7.261500000000000000e+04
7.262100000000000000e+04
7.262200000000000000e+04
7.262900000000000000e+04
7.263400000000000000e+04
7.267500000000000000e+04
7.268100000000000000e+04
7.268900000000000000e+04
7.269000000000000000e+04
7.292600000000000000e+04
7.293500000000000000e+04
7.294900000000000000e+04
7.299100000000000000e+04
7.302100000000000000e+04
7.311500000000000000e+04
7.324700000000000000e+04
7.327100000000000000e+04
7.327700000000000000e+04
7.330300000000000000e+04
7.330700000000000000e+04
7.340100000000000000e+04
7.343400000000000000e+04
7.345000000000000000e+04
7.345700000000000000e+04
7.345800000000000000e+04
7.354900000000000000e+04
7.355800000000000000e+04
7.366700000000000000e+04
7.367600000000000000e+04
7.398300000000000000e+04
7.411100000000000000e+04
7.417500000000000000e+04
7.420700000000000000e+04
7.422300000000000000e+04
7.423100000000000000e+04
7.423500000000000000e+04
7.423800000000000000e+04
7.436700000000000000e+04
7.443100000000000000e+04
7.446300000000000000e+04
7.447900000000000000e+04
7.448700000000000000e+04
7.449100000000000000e+04
7.449300000000000000e+04
7.449400000000000000e+04
7.455900000000000000e+04
7.459100000000000000e+04
7.460700000000000000e+04
7.461500000000000000e+04
7.461900000000000000e+04
7.462100000000000000e+04
7.465500000000000000e+04
7.467100000000000000e+04
7.467900000000000000e+04
7.468300000000000000e+04
7.468500000000000000e+04
7.470300000000000000e+04
7.471100000000000000e+04
7.471500000000000000e+04
7.471700000000000000e+04
7.471800000000000000e+04
7.472700000000000000e+04
7.473100000000000000e+04
7.473300000000000000e+04
7.473400000000000000e+04
7.473900000000000000e+04
7.474100000000000000e+04
7.474500000000000000e+04
7.474600000000000000e+04
7.474800000000000000e+04
7.497500000000000000e+04
7.499900000000000000e+04
7.500500000000000000e+04
7.500600000000000000e+04
7.507100000000000000e+04
7.510300000000000000e+04
7.511900000000000000e+04
7.512700000000000000e+04
7.513100000000000000e+04
7.513300000000000000e+04
7.516700000000000000e+04
7.518300000000000000e+04
7.519100000000000000e+04
7.519700000000000000e+04
7.521500000000000000e+04
7.522300000000000000e+04
7.523000000000000000e+04
7.523900000000000000e+04
7.524300000000000000e+04
7.524500000000000000e+04
7.524600000000000000e+04
7.525100000000000000e+04
7.525300000000000000e+04
7.532700000000000000e+04
7.535900000000000000e+04
7.538300000000000000e+04
7.538700000000000000e+04
7.538900000000000000e+04
7.542300000000000000e+04
7.543900000000000000e+04
7.544700000000000000e+04
7.545100000000000000e+04
7.547100000000000000e+04
7.547900000000000000e+04
7.548300000000000000e+04
7.548500000000000000e+04
7.549500000000000000e+04
7.549900000000000000e+04
7.550100000000000000e+04
7.550200000000000000e+04
7.550900000000000000e+04
7.551000000000000000e+04
7.551400000000000000e+04
7.555100000000000000e+04
7.556700000000000000e+04
7.557500000000000000e+04
7.559900000000000000e+04
7.561100000000000000e+04
7.562300000000000000e+04
7.562700000000000000e+04
7.563500000000000000e+04
7.563800000000000000e+04
7.564100000000000000e+04
7.564400000000000000e+04
7.566300000000000000e+04
7.567100000000000000e+04
7.567500000000000000e+04
7.568700000000000000e+04
7.569100000000000000e+04
7.569300000000000000e+04
7.569400000000000000e+04
7.569900000000000000e+04
7.571900000000000000e+04
7.572300000000000000e+04
7.573400000000000000e+04
7.573800000000000000e+04
7.574900000000000000e+04
7.575300000000000000e+04
7.575400000000000000e+04
7.575600000000000000e+04
7.576100000000000000e+04
7.596700000000000000e+04
7.602900000000000000e+04
7.615700000000000000e+04
7.619100000000000000e+04
7.620700000000000000e+04
7.622200000000000000e+04
7.625400000000000000e+04
7.628400000000000000e+04
7.635100000000000000e+04
7.639900000000000000e+04
7.641100000000000000e+04
7.647100000000000000e+04
7.649500000000000000e+04
7.650900000000000000e+04
7.652300000000000000e+04
7.662300000000000000e+04
7.663800000000000000e+04
7.665900000000000000e+04
7.669500000000000000e+04
7.671700000000000000e+04
7.672300000000000000e+04
7.673200000000000000e+04
7.674700000000000000e+04
7.674900000000000000e+04
7.676200000000000000e+04
7.676400000000000000e+04
7.677100000000000000e+04
7.677300000000000000e+04
7.677400000000000000e+04
7.678000000000000000e+04
7.678500000000000000e+04
7.701500000000000000e+04
7.701900000000000000e+04
7.717300000000000000e+04
7.720700000000000000e+04
7.722700000000000000e+04
7.724100000000000000e+04
7.724400000000000000e+04
7.726700000000000000e+04
7.727300000000000000e+04
7.728900000000000000e+04
7.740300000000000000e+04
7.741500000000000000e+04
7.745500000000000000e+04
7.748300000000000000e+04
7.749100000000000000e+04
7.749700000000000000e+04
7.752300000000000000e+04
7.764300000000000000e+04
7.765300000000000000e+04
7.766700000000000000e+04
7.773300000000000000e+04
7.780000000000000000e+04
7.806300000000000000e+04
7.819900000000000000e+04
7.831100000000000000e+04
7.843100000000000000e+04
7.849500000000000000e+04
7.852300000000000000e+04
7.854300000000000000e+04
7.855500000000000000e+04
7.856700000000000000e+04
7.858100000000000000e+04
7.858500000000000000e+04
7.858800000000000000e+04
7.863900000000000000e+04
7.864700000000000000e+04
7.869500000000000000e+04
7.870200000000000000e+04
7.870700000000000000e+04
7.871000000000000000e+04
7.874700000000000000e+04
7.875900000000000000e+04
7.876300000000000000e+04
7.877700000000000000e+04
7.883300000000000000e+04
7.897300000000000000e+04
7.905500000000000000e+04
7.908300000000000000e+04
7.908500000000000000e+04
7.922600000000000000e+04
7.925900000000000000e+04
7.926200000000000000e+04
7.927100000000000000e+04
7.932200000000000000e+04
7.940700000000000000e+04
7.945300000000000000e+04
7.947500000000000000e+04
7.951100000000000000e+04
7.953100000000000000e+04
7.953400000000000000e+04
7.954800000000000000e+04
7.960400000000000000e+04
7.970200000000000000e+04
7.970500000000000000e+04
7.970800000000000000e+04
7.972400000000000000e+04
7.973600000000000000e+04
7.977000000000000000e+04
7.978600000000000000e+04
7.996700000000000000e+04
8.012100000000000000e+04
8.015900000000000000e+04
8.023800000000000000e+04
8.035800000000000000e+04
8.047800000000000000e+04
8.049900000000000000e+04
8.052700000000000000e+04
8.056900000000000000e+04
8.058900000000000000e+04
8.060100000000000000e+04
8.067900000000000000e+04
8.076000000000000000e+04
8.077500000000000000e+04
8.078200000000000000e+04
8.079300000000000000e+04
8.080300000000000000e+04
8.082400000000000000e+04
8.107000000000000000e+04
8.107500000000000000e+04
8.110900000000000000e+04
8.138400000000000000e+04
8.150700000000000000e+04
8.151000000000000000e+04
8.157800000000000000e+04
8.180200000000000000e+04
8.180400000000000000e+04
8.182800000000000000e+04
8.217500000000000000e+04
8.230300000000000000e+04
8.236700000000000000e+04
8.239900000000000000e+04
8.241500000000000000e+04
8.242300000000000000e+04
8.242700000000000000e+04
8.242900000000000000e+04
8.255900000000000000e+04
8.262300000000000000e+04
8.265500000000000000e+04
8.267100000000000000e+04
8.267900000000000000e+04
8.268300000000000000e+04
8.268500000000000000e+04
8.268600000000000000e+04
8.275100000000000000e+04
8.278300000000000000e+04
8.279900000000000000e+04
8.280700000000000000e+04
8.281100000000000000e+04
8.281300000000000000e+04
8.281400000000000000e+04
8.284700000000000000e+04
8.286300000000000000e+04
8.287100000000000000e+04
8.287500000000000000e+04
8.287700000000000000e+04
8.287800000000000000e+04
8.289500000000000000e+04
8.290300000000000000e+04
8.290700000000000000e+04
8.290900000000000000e+04
8.291000000000000000e+04
8.291900000000000000e+04
8.292300000000000000e+04
8.292500000000000000e+04
8.292600000000000000e+04
8.293100000000000000e+04
8.293300000000000000e+04
8.293400000000000000e+04
8.293700000000000000e+04
8.294000000000000000e+04
8.313500000000000000e+04
8.318300000000000000e+04
8.326300000000000000e+04
8.329500000000000000e+04
8.331100000000000000e+04
8.331900000000000000e+04
8.332500000000000000e+04
8.335900000000000000e+04
8.337500000000000000e+04
8.338300000000000000e+04
8.338900000000000000e+04
8.340700000000000000e+04
8.341500000000000000e+04
8.341900000000000000e+04
8.343100000000000000e+04
8.343500000000000000e+04
8.343700000000000000e+04
8.344300000000000000e+04
8.344500000000000000e+04
8.344900000000000000e+04
8.351900000000000000e+04
8.355100000000000000e+04
8.356700000000000000e+04
8.357500000000000000e+04
8.357900000000000000e+04
8.358100000000000000e+04
8.361500000000000000e+04
8.363100000000000000e+04
8.363900000000000000e+04
8.364300000000000000e+04
8.364500000000000000e+04
8.366300000000000000e+04
8.367500000000000000e+04
8.367800000000000000e+04
8.368700000000000000e+04
8.369300000000000000e+04
8.369900000000000000e+04
8.370500000000000000e+04
8.374300000000000000e+04
8.375900000000000000e+04
8.376700000000000000e+04
8.377100000000000000e+04
8.377300000000000000e+04
8.379100000000000000e+04
8.380300000000000000e+04
8.381900000000000000e+04
8.382100000000000000e+04
8.382700000000000000e+04
8.382900000000000000e+04
8.383000000000000000e+04
8.383300000000000000e+04
8.385500000000000000e+04
8.386700000000000000e+04
8.387900000000000000e+04
8.388300000000000000e+04
8.388500000000000000e+04
8.388600000000000000e+04
8.389700000000000000e+04
8.392500000000000000e+04
8.393200000000000000e+04
8.394100000000000000e+04
8.394200000000000000e+04
8.395400000000000000e+04
8.415900000000000000e+04
8.419100000000000000e+04
8.421900000000000000e+04
8.422200000000000000e+04
8.438300000000000000e+04
8.439900000000000000e+04
8.443900000000000000e+04
8.445900000000000000e+04
8.446200000000000000e+04
8.447300000000000000e+04
8.463900000000000000e+04
8.467000000000000000e+04
8.468700000000000000e+04
8.469500000000000000e+04
8.469900000000000000e+04
8.470200000000000000e+04
8.471500000000000000e+04
8.472600000000000000e+04
8.473000000000000000e+04
8.478300000000000000e+04
8.479100000000000000e+04
8.479700000000000000e+04
8.479800000000000000e+04
8.483900000000000000e+04
8.484300000000000000e+04
8.485300000000000000e+04
8.485700000000000000e+04
8.487900000000000000e+04
8.488700000000000000e+04
8.489100000000000000e+04
8.490700000000000000e+04
8.491000000000000000e+04
8.492100000000000000e+04
8.492200000000000000e+04
8.494100000000000000e+04
8.494200000000000000e+04
8.494900000000000000e+04
8.495600000000000000e+04
8.496300000000000000e+04
8.496600000000000000e+04
8.496900000000000000e+04
8.497800000000000000e+04
8.515100000000000000e+04
8.516700000000000000e+04
8.517500000000000000e+04
8.536900000000000000e+04
8.539900000000000000e+04
8.545400000000000000e+04
8.547500000000000000e+04
8.547700000000000000e+04
8.548900000000000000e+04
8.562100000000000000e+04
8.562500000000000000e+04
8.572200000000000000e+04
8.572400000000000000e+04
8.574500000000000000e+04
8.574600000000000000e+04
8.581700000000000000e+04
8.581800000000000000e+04
8.592500000000000000e+04
8.595500000000000000e+04
8.620700000000000000e+04
8.626900000000000000e+04
8.627000000000000000e+04
8.636700000000000000e+04
8.639800000000000000e+04
8.644700000000000000e+04
8.647900000000000000e+04
8.649300000000000000e+04
8.649400000000000000e+04
8.650700000000000000e+04
8.651500000000000000e+04
8.665100000000000000e+04
8.668700000000000000e+04
8.670300000000000000e+04
8.673500000000000000e+04
8.674900000000000000e+04
8.677700000000000000e+04
8.677800000000000000e+04
8.678000000000000000e+04
8.681500000000000000e+04
8.686300000000000000e+04
8.687100000000000000e+04
8.687800000000000000e+04
8.698700000000000000e+04
8.701800000000000000e+04
8.722700000000000000e+04
8.725900000000000000e+04
8.750100000000000000e+04
8.750900000000000000e+04
8.752300000000000000e+04
8.752500000000000000e+04
8.761400000000000000e+04
8.775100000000000000e+04
8.777900000000000000e+04
8.785900000000000000e+04
8.790000000000000000e+04
8.792800000000000000e+04
8.827900000000000000e+04
8.838100000000000000e+04
8.842700000000000000e+04
8.846300000000000000e+04
8.860700000000000000e+04
8.863700000000000000e+04
8.866700000000000000e+04
8.871900000000000000e+04
8.876200000000000000e+04
8.878100000000000000e+04
8.878900000000000000e+04
8.881000000000000000e+04
8.881700000000000000e+04
8.884700000000000000e+04
8.899500000000000000e+04
8.899700000000000000e+04
8.906000000000000000e+04
8.906400000000000000e+04
8.907200000000000000e+04
8.919500000000000000e+04
8.929900000000000000e+04
8.941900000000000000e+04
8.957200000000000000e+04
8.964300000000000000e+04
8.970500000000000000e+04
8.980200000000000000e+04
8.986300000000000000e+04
8.989800000000000000e+04
9.036500000000000000e+04
9.049100000000000000e+04
9.055100000000000000e+04
9.055800000000000000e+04
9.060600000000000000e+04
9.062000000000000000e+04
9.074900000000000000e+04
9.080700000000000000e+04
9.083100000000000000e+04
9.084300000000000000e+04
9.085500000000000000e+04
9.086100000000000000e+04
9.086900000000000000e+04
9.087000000000000000e+04
9.087400000000000000e+04
9.091100000000000000e+04
9.093500000000000000e+04
9.093900000000000000e+04
9.096700000000000000e+04
9.097100000000000000e+04
9.103500000000000000e+04
9.103800000000000000e+04
9.104700000000000000e+04
9.105400000000000000e+04
9.106500000000000000e+04
9.106600000000000000e+04
9.108300000000000000e+04
9.108500000000000000e+04
9.108600000000000000e+04
9.110700000000000000e+04
9.111000000000000000e+04
9.111600000000000000e+04
9.112100000000000000e+04
9.119900000000000000e+04
9.132500000000000000e+04
9.147100000000000000e+04
9.156300000000000000e+04
9.156500000000000000e+04
9.162200000000000000e+04
9.167900000000000000e+04
9.170300000000000000e+04
9.175100000000000000e+04
9.177000000000000000e+04
9.177200000000000000e+04
9.183000000000000000e+04
9.183400000000000000e+04
9.185100000000000000e+04
9.186500000000000000e+04
9.187500000000000000e+04
9.188100000000000000e+04
9.188900000000000000e+04
9.192700000000000000e+04
9.193100000000000000e+04
9.205800000000000000e+04
9.206700000000000000e+04
9.207600000000000000e+04
9.208200000000000000e+04
9.225500000000000000e+04
9.228600000000000000e+04
9.236700000000000000e+04
9.247100000000000000e+04
9.249500000000000000e+04
9.252500000000000000e+04
9.254000000000000000e+04
9.259800000000000000e+04
9.262700000000000000e+04
9.265700000000000000e+04
9.282700000000000000e+04
9.289900000000000000e+04
9.290600000000000000e+04
9.297100000000000000e+04
9.301100000000000000e+04
9.304800000000000000e+04
9.308200000000000000e+04
9.326300000000000000e+04
9.330800000000000000e+04
9.335700000000000000e+04
9.363500000000000000e+04
9.365000000000000000e+04
9.371100000000000000e+04
9.383100000000000000e+04
9.384900000000000000e+04
9.387600000000000000e+04
9.392100000000000000e+04
9.392800000000000000e+04
9.402500000000000000e+04
9.409800000000000000e+04
9.410000000000000000e+04
9.442900000000000000e+04
9.451900000000000000e+04
9.463700000000000000e+04
9.468400000000000000e+04
9.471200000000000000e+04
9.476700000000000000e+04
9.481100000000000000e+04
9.482300000000000000e+04
9.482700000000000000e+04
9.483800000000000000e+04
9.502100000000000000e+04
9.503400000000000000e+04
9.508200000000000000e+04
9.517800000000000000e+04
9.541400000000000000e+04
9.565100000000000000e+04
9.568600000000000000e+04
9.575900000000000000e+04
9.578300000000000000e+04
9.616800000000000000e+04
9.619300000000000000e+04
9.628700000000000000e+04
9.636600000000000000e+04
9.643700000000000000e+04
9.644200000000000000e+04
9.669000000000000000e+04
9.672100000000000000e+04
9.682600000000000000e+04
9.685400000000000000e+04
9.692100000000000000e+04
9.712100000000000000e+04
9.729500000000000000e+04
9.732500000000000000e+04
9.736300000000000000e+04
9.744900000000000000e+04
9.754300000000000000e+04
9.855900000000000000e+04
9.868700000000000000e+04
9.875100000000000000e+04
9.878300000000000000e+04
9.879900000000000000e+04
9.880700000000000000e+04
9.881100000000000000e+04
9.894300000000000000e+04
9.900700000000000000e+04
9.903900000000000000e+04
9.905500000000000000e+04
9.906300000000000000e+04
9.906700000000000000e+04
9.906900000000000000e+04
9.907000000000000000e+04
9.913500000000000000e+04
9.916700000000000000e+04
9.918300000000000000e+04
9.919100000000000000e+04
9.919500000000000000e+04
9.919700000000000000e+04
9.923100000000000000e+04
9.924700000000000000e+04
9.925500000000000000e+04
9.925900000000000000e+04
9.926100000000000000e+04
9.926200000000000000e+04
9.927900000000000000e+04
9.928700000000000000e+04
9.929100000000000000e+04
9.929300000000000000e+04
9.929400000000000000e+04
9.930300000000000000e+04
9.930700000000000000e+04
9.930900000000000000e+04
9.931500000000000000e+04
9.931700000000000000e+04
9.931800000000000000e+04
9.932100000000000000e+04
9.932200000000000000e+04
9.957900000000000000e+04
9.958100000000000000e+04
9.967900000000000000e+04
9.970300000000000000e+04
9.970700000000000000e+04
9.971000000000000000e+04
9.974300000000000000e+04
9.975900000000000000e+04
9.976700000000000000e+04
9.977300000000000000e+04
9.977400000000000000e+04
9.979100000000000000e+04
9.979900000000000000e+04
9.980300000000000000e+04
9.980500000000000000e+04
9.981500000000000000e+04
9.981900000000000000e+04
9.982100000000000000e+04
9.982700000000000000e+04
9.983600000000000000e+04
9.993500000000000000e+04
9.995100000000000000e+04
9.995900000000000000e+04
9.996300000000000000e+04
9.996500000000000000e+04
9.996600000000000000e+04
9.999900000000000000e+04
1.000230000000000000e+05
1.000270000000000000e+05
1.000300000000000000e+05
1.000470000000000000e+05
1.000550000000000000e+05
1.000590000000000000e+05
1.000610000000000000e+05
1.000710000000000000e+05
1.000750000000000000e+05
1.000770000000000000e+05
1.000780000000000000e+05
1.000830000000000000e+05
1.000850000000000000e+05
1.000890000000000000e+05
1.000900000000000000e+05
1.001270000000000000e+05
1.001510000000000000e+05
1.001550000000000000e+05
1.001750000000000000e+05
1.001830000000000000e+05
1.001870000000000000e+05
1.001900000000000000e+05
1.001990000000000000e+05
1.002030000000000000e+05
1.002060000000000000e+05
1.002140000000000000e+05
1.002180000000000000e+05
1.002200000000000000e+05
1.002390000000000000e+05
1.002510000000000000e+05
1.002530000000000000e+05
1.002630000000000000e+05
1.002670000000000000e+05
1.002690000000000000e+05
1.002750000000000000e+05
1.002770000000000000e+05
1.002810000000000000e+05
1.002820000000000000e+05
1.003010000000000000e+05
1.003070000000000000e+05
1.003100000000000000e+05
1.003140000000000000e+05
1.003160000000000000e+05
1.003230000000000000e+05
1.003250000000000000e+05
1.003380000000000000e+05
1.003400000000000000e+05
1.004790000000000000e+05
1.005750000000000000e+05
1.006030000000000000e+05
1.006050000000000000e+05
1.007030000000000000e+05
1.007310000000000000e+05
1.007670000000000000e+05
1.007910000000000000e+05
1.008390000000000000e+05
1.009590000000000000e+05
1.009890000000000000e+05
1.010230000000000000e+05
1.010470000000000000e+05
1.010530000000000000e+05
1.010710000000000000e+05
1.010790000000000000e+05
1.010830000000000000e+05
1.010850000000000000e+05
1.010950000000000000e+05
1.011010000000000000e+05
1.011070000000000000e+05
1.011130000000000000e+05
1.011810000000000000e+05
1.011990000000000000e+05
1.012110000000000000e+05
1.012130000000000000e+05
1.012140000000000000e+05
1.012300000000000000e+05
1.012380000000000000e+05
1.012440000000000000e+05
1.012710000000000000e+05
1.012750000000000000e+05
1.012870000000000000e+05
1.012910000000000000e+05
1.012990000000000000e+05
1.013020000000000000e+05
1.013190000000000000e+05
1.013230000000000000e+05
1.013250000000000000e+05
1.013260000000000000e+05
1.013340000000000000e+05
1.013470000000000000e+05
1.013500000000000000e+05
1.016070000000000000e+05
1.016220000000000000e+05
1.016630000000000000e+05
1.017190000000000000e+05
1.017390000000000000e+05
1.017470000000000000e+05
1.017530000000000000e+05
1.018170000000000000e+05
1.018350000000000000e+05
1.018680000000000000e+05
1.019350000000000000e+05
1.019490000000000000e+05
1.019750000000000000e+05
1.019810000000000000e+05
1.019820000000000000e+05
1.019970000000000000e+05
1.020030000000000000e+05
1.020430000000000000e+05
1.020620000000000000e+05
1.020870000000000000e+05
1.021010000000000000e+05
1.021020000000000000e+05
1.021170000000000000e+05
1.021240000000000000e+05
1.021320000000000000e+05
1.021670000000000000e+05
1.021730000000000000e+05
1.022340000000000000e+05
1.022600000000000000e+05
1.023130000000000000e+05
1.023420000000000000e+05
1.023540000000000000e+05
1.023560000000000000e+05
1.025910000000000000e+05
1.026230000000000000e+05
1.026390000000000000e+05
1.026470000000000000e+05
1.026510000000000000e+05
1.028150000000000000e+05
1.028460000000000000e+05
1.028710000000000000e+05
1.028750000000000000e+05
1.028870000000000000e+05
1.028910000000000000e+05
1.029010000000000000e+05
1.029080000000000000e+05
1.030230000000000000e+05
1.030350000000000000e+05
1.030710000000000000e+05
1.030870000000000000e+05
1.031020000000000000e+05
1.031190000000000000e+05
1.031310000000000000e+05
1.031490000000000000e+05
1.031570000000000000e+05
1.031580000000000000e+05
1.031640000000000000e+05
1.032150000000000000e+05
1.032230000000000000e+05
1.032290000000000000e+05
1.032300000000000000e+05
1.032770000000000000e+05
1.032920000000000000e+05
1.033110000000000000e+05
1.033420000000000000e+05
1.033490000000000000e+05
1.033560000000000000e+05
1.033710000000000000e+05
1.033740000000000000e+05
1.033820000000000000e+05
1.033950000000000000e+05
1.033970000000000000e+05
1.034020000000000000e+05
1.034120000000000000e+05
1.038230000000000000e+05
1.038470000000000000e+05
1.039210000000000000e+05
1.040390000000000000e+05
1.040510000000000000e+05
1.040930000000000000e+05
1.041030000000000000e+05
1.041070000000000000e+05
1.041100000000000000e+05
1.041470000000000000e+05
1.041630000000000000e+05
1.041650000000000000e+05
1.041770000000000000e+05
1.041800000000000000e+05
1.042520000000000000e+05
1.043310000000000000e+05
1.043420000000000000e+05
1.043550000000000000e+05
1.044010000000000000e+05
1.044180000000000000e+05
1.046850000000000000e+05
1.046910000000000000e+05
1.046940000000000000e+05
1.048710000000000000e+05
1.048900000000000000e+05
1.049070000000000000e+05
1.049450000000000000e+05
1.050150000000000000e+05
1.050470000000000000e+05
1.051410000000000000e+05
1.051730000000000000e+05
1.052010000000000000e+05
1.052620000000000000e+05
1.052870000000000000e+05
1.053010000000000000e+05
1.053360000000000000e+05
1.053570000000000000e+05
1.053880000000000000e+05
1.054260000000000000e+05
1.054410000000000000e+05
1.056300000000000000e+05
1.056600000000000000e+05
1.057570000000000000e+05
1.059230000000000000e+05
1.061540000000000000e+05
1.061640000000000000e+05
1.062680000000000000e+05
1.062810000000000000e+05
1.063520000000000000e+05
1.064020000000000000e+05
1.069350000000000000e+05
1.069870000000000000e+05
1.071190000000000000e+05
1.071330000000000000e+05
1.071830000000000000e+05
1.072270000000000000e+05
1.072290000000000000e+05
1.072390000000000000e+05
1.072450000000000000e+05
1.072460000000000000e+05
1.072540000000000000e+05
1.073190000000000000e+05
1.073230000000000000e+05
1.073670000000000000e+05
1.073710000000000000e+05
1.073790000000000000e+05
1.074450000000000000e+05
1.074500000000000000e+05
1.074630000000000000e+05
1.074750000000000000e+05
1.074910000000000000e+05
1.074940000000000000e+05
1.074980000000000000e+05
1.076450000000000000e+05
1.077070000000000000e+05
1.077510000000000000e+05
1.077700000000000000e+05
1.078070000000000000e+05
1.078370000000000000e+05
1.078380000000000000e+05
1.078630000000000000e+05
1.078830000000000000e+05
1.078910000000000000e+05
1.079500000000000000e+05
1.079570000000000000e+05
1.079820000000000000e+05
1.079900000000000000e+05
1.080060000000000000e+05
1.081470000000000000e+05
1.081870000000000000e+05
1.082050000000000000e+05
1.082180000000000000e+05
1.082350000000000000e+05
1.082450000000000000e+05
1.082520000000000000e+05
1.082650000000000000e+05
1.083030000000000000e+05
1.083450000000000000e+05
1.083590000000000000e+05
1.084270000000000000e+05
1.084440000000000000e+05
1.084970000000000000e+05
1.087650000000000000e+05
1.088930000000000000e+05
1.089510000000000000e+05
1.089570000000000000e+05
1.090440000000000000e+05
1.091110000000000000e+05
1.091630000000000000e+05
1.091650000000000000e+05
1.091710000000000000e+05
1.091770000000000000e+05
1.092070000000000000e+05
1.092830000000000000e+05
1.092850000000000000e+05
1.092890000000000000e+05
1.093410000000000000e+05
1.093870000000000000e+05
1.093970000000000000e+05
1.094590000000000000e+05
1.094920000000000000e+05
1.095210000000000000e+05
1.095280000000000000e+05
1.096890000000000000e+05
1.097880000000000000e+05
1.101030000000000000e+05
1.104090000000000000e+05
1.105300000000000000e+05
1.108110000000000000e+05
1.108790000000000000e+05
1.109510000000000000e+05
1.109690000000000000e+05
1.110210000000000000e+05
1.110300000000000000e+05
1.110660000000000000e+05
1.112210000000000000e+05
1.112470000000000000e+05
1.112710000000000000e+05
1.113030000000000000e+05
1.113310000000000000e+05
1.113830000000000000e+05
1.114610000000000000e+05
1.114990000000000000e+05
1.115160000000000000e+05
1.115880000000000000e+05
1.117030000000000000e+05
1.117980000000000000e+05
1.118270000000000000e+05
1.118990000000000000e+05
1.119150000000000000e+05
1.119430000000000000e+05
1.121510000000000000e+05
1.125170000000000000e+05
1.125220000000000000e+05
1.125450000000000000e+05
1.128210000000000000e+05
1.128730000000000000e+05
1.129730000000000000e+05
1.130930000000000000e+05
1.130940000000000000e+05
1.132030000000000000e+05
1.132060000000000000e+05
1.132100000000000000e+05
1.132290000000000000e+05
1.132370000000000000e+05
1.133150000000000000e+05
1.133620000000000000e+05
1.134460000000000000e+05
1.134490000000000000e+05
1.137560000000000000e+05
1.138620000000000000e+05
1.140660000000000000e+05
1.143090000000000000e+05
1.144560000000000000e+05
1.144660000000000000e+05
1.148150000000000000e+05
1.149270000000000000e+05
1.149350000000000000e+05
1.149410000000000000e+05
1.149420000000000000e+05
1.150630000000000000e+05
1.150670000000000000e+05
1.151030000000000000e+05
1.151330000000000000e+05
1.151660000000000000e+05
1.151750000000000000e+05
1.151890000000000000e+05
1.151960000000000000e+05
1.152950000000000000e+05
1.153110000000000000e+05
1.153230000000000000e+05
1.153250000000000000e+05
1.153590000000000000e+05
1.154070000000000000e+05
1.154190000000000000e+05
1.154370000000000000e+05
1.154430000000000000e+05
1.154490000000000000e+05
1.154500000000000000e+05
1.155350000000000000e+05
1.155590000000000000e+05
1.155630000000000000e+05
1.155740000000000000e+05
1.155990000000000000e+05
1.156110000000000000e+05
1.156130000000000000e+05
1.156230000000000000e+05
1.156270000000000000e+05
1.156380000000000000e+05
1.156550000000000000e+05
1.156620000000000000e+05
1.156830000000000000e+05
1.156850000000000000e+05
1.156860000000000000e+05
1.156900000000000000e+05
1.156970000000000000e+05
1.158350000000000000e+05
1.159310000000000000e+05
1.160150000000000000e+05
1.160470000000000000e+05
1.161350000000000000e+05
1.161950000000000000e+05
1.162830000000000000e+05
1.163150000000000000e+05
1.163790000000000000e+05
1.163810000000000000e+05
1.163910000000000000e+05
1.163980000000000000e+05
1.164060000000000000e+05
1.164270000000000000e+05
1.164370000000000000e+05
1.164660000000000000e+05
1.164950000000000000e+05
1.165070000000000000e+05
1.165090000000000000e+05
1.165810000000000000e+05
1.166430000000000000e+05
1.169510000000000000e+05
1.169670000000000000e+05
1.170470000000000000e+05
1.170790000000000000e+05
1.170830000000000000e+05
1.170860000000000000e+05
1.171470000000000000e+05
1.171630000000000000e+05
1.171710000000000000e+05
1.171980000000000000e+05
1.173390000000000000e+05
1.174050000000000000e+05
1.174060000000000000e+05
1.174210000000000000e+05
1.174290000000000000e+05
1.174300000000000000e+05
1.174610000000000000e+05
1.175270000000000000e+05
1.175330000000000000e+05
1.175470000000000000e+05
1.176540000000000000e+05
1.177200000000000000e+05
1.178070000000000000e+05
1.179330000000000000e+05
1.180590000000000000e+05
1.180740000000000000e+05
1.181210000000000000e+05
1.181960000000000000e+05
1.183640000000000000e+05
1.184370000000000000e+05
1.184740000000000000e+05
1.186020000000000000e+05
1.186890000000000000e+05
1.187220000000000000e+05
1.187240000000000000e+05
1.190210000000000000e+05
1.192190000000000000e+05
1.193570000000000000e+05
1.193830000000000000e+05
1.194390000000000000e+05
1.195320000000000000e+05
1.195670000000000000e+05
1.195750000000000000e+05
1.196270000000000000e+05
1.196540000000000000e+05
1.197050000000000000e+05
1.197240000000000000e+05
1.197360000000000000e+05
1.201540000000000000e+05
1.201840000000000000e+05
1.204360000000000000e+05
1.204980000000000000e+05
1.205450000000000000e+05
1.206110000000000000e+05
1.210130000000000000e+05
1.212600000000000000e+05
1.213040000000000000e+05
1.214430000000000000e+05
1.215480000000000000e+05
1.216420000000000000e+05
1.216490000000000000e+05
1.218000000000000000e+05
1.219760000000000000e+05
1.220210000000000000e+05
1.220260000000000000e+05
1.227680000000000000e+05
1.229990000000000000e+05
1.232870000000000000e+05
1.233770000000000000e+05
1.235020000000000000e+05
1.235350000000000000e+05
1.235590000000000000e+05
1.235650000000000000e+05
1.236100000000000000e+05
1.236210000000000000e+05
1.236340000000000000e+05
1.237470000000000000e+05
1.239660000000000000e+05
1.240620000000000000e+05
1.240710000000000000e+05
1.241210000000000000e+05
1.246170000000000000e+05
1.247240000000000000e+05
1.248050000000000000e+05
1.248650000000000000e+05
1.249830000000000000e+05
1.249870000000000000e+05
1.253560000000000000e+05
1.255870000000000000e+05
1.256030000000000000e+05
1.256380000000000000e+05
1.256680000000000000e+05
1.257100000000000000e+05
1.257170000000000000e+05
1.258360000000000000e+05
1.258580000000000000e+05
1.260530000000000000e+05
1.260680000000000000e+05
1.263840000000000000e+05
1.265130000000000000e+05
1.272900000000000000e+05
1.274010000000000000e+05
1.275030000000000000e+05
1.276860000000000000e+05
1.277280000000000000e+05
1.278770000000000000e+05
1.288640000000000000e+05
1.291070000000000000e+05
1.291890000000000000e+05
1.292280000000000000e+05
1.297290000000000000e+05
1.300900000000000000e+05
