0000000011111111111
0000000101111111111
0000000110111111111
0000000111011111111
0000000111101111111
0000000111110111111
0000000111111011111
0000000111111101111
0000000111111110111
0000000111111111011
0000000111111111101
0000000111111111110
0000001001111111111
0000001010111111111
0000001011011111111
0000001011101111111
0000001011110111111
0000001011111011111
0000001011111101111
0000001011111110111
0000001011111111011
0000001011111111101
0000001011111111110
0000001100111111111
0000001101011111111
0000001101101111111
0000001101110111111
0000001101111011111
0000001101111101111
0000001101111110111
0000001101111111011
0000001101111111101
0000001101111111110
0000001110011111111
0000001110101111111
0000001110110111111
0000001110111011111
0000001110111101111
0000001110111110111
0000001110111111011
0000001110111111101
0000001110111111110
0000001111001111111
0000001111010111111
0000001111011011111
0000001111011101111
0000001111011110111
0000001111011111011
0000001111011111101
0000001111011111110
0000001111100111111
0000001111101011111
0000001111101101111
0000001111101110111
0000001111101111011
0000001111101111101
0000001111101111110
0000001111110011111
0000001111110101111
0000001111110110111
0000001111110111011
0000001111110111101
0000001111110111110
0000001111111001111
0000001111111010111
0000001111111011011
0000001111111011101
0000001111111011110
0000001111111100111
0000001111111101011
0000001111111101101
0000001111111101110
0000001111111110011
0000001111111110101
0000001111111110110
0000001111111111001
0000001111111111010
0000001111111111100
0000010001111111111
0000010010111111111
0000010011011111111
0000010011101111111
0000010011110111111
0000010011111011111
0000010011111101111
0000010011111110111
0000010011111111011
0000010011111111101
0000010011111111110
0000010100111111111
0000010101011111111
0000010101101111111
0000010101110111111
0000010101111011111
0000010101111101111
0000010101111110111
0000010101111111011
0000010101111111101
0000010101111111110
0000010110011111111
0000010110101111111
0000010110110111111
0000010110111011111
0000010110111101111
0000010110111110111
0000010110111111011
0000010110111111101
0000010110111111110
0000010111001111111
0000010111010111111
0000010111011011111
0000010111011101111
0000010111011110111
0000010111011111011
0000010111011111101
0000010111011111110
0000010111100111111
0000010111101011111
0000010111101101111
0000010111101110111
0000010111101111011
0000010111101111101
0000010111101111110
0000010111110011111
0000010111110101111
0000010111110110111
0000010111110111011
0000010111110111101
0000010111110111110
0000010111111001111
0000010111111010111
0000010111111011011
0000010111111011101
0000010111111011110
0000010111111100111
0000010111111101011
0000010111111101101
0000010111111101110
0000010111111110011
0000010111111110101
0000010111111110110
0000010111111111001
0000010111111111010
0000010111111111100
0000011000111111111
0000011001011111111
0000011001101111111
0000011001110111111
0000011001111011111
0000011001111101111
0000011001111110111
0000011001111111011
0000011001111111101
0000011001111111110
0000011010011111111
0000011010101111111
0000011010110111111
0000011010111011111
0000011010111101111
0000011010111110111
0000011010111111011
0000011010111111101
0000011010111111110
0000011011001111111
0000011011010111111
0000011011011011111
0000011011011101111
0000011011011110111
0000011011011111011
0000011011011111101
0000011011011111110
0000011011100111111
0000011011101011111
0000011011101101111
0000011011101110111
0000011011101111011
0000011011101111101
0000011011101111110
0000011011110011111
0000011011110101111
0000011011110110111
0000011011110111011
0000011011110111101
0000011011110111110
0000011011111001111
0000011011111010111
0000011011111011011
0000011011111011101
0000011011111011110
0000011011111100111
0000011011111101011
0000011011111101101
0000011011111101110
0000011011111110011
0000011011111110101
0000011011111110110
0000011011111111001
0000011011111111010
0000011011111111100
0000011100011111111
0000011100101111111
0000011100110111111
0000011100111011111
0000011100111101111
0000011100111110111
0000011100111111011
0000011100111111101
0000011100111111110
0000011101001111111
0000011101010111111
0000011101011011111
0000011101011101111
0000011101011110111
0000011101011111011
0000011101011111101
0000011101011111110
0000011101100111111
0000011101101011111
0000011101101101111
0000011101110011111
0000011101110101111
0000011101110110111
0000011101110111011
0000011101110111101
0000011101110111110
0000011101111001111
0000011101111010111
0000011101111011011
0000011101111011101
0000011101111011110
0000011101111100111
0000011101111101011
0000011101111101101
0000011101111101110
0000011110001111111
0000011110010111111
0000011110100111111
0000011110101011111
0000011110101101111
0000011110101110111
0000011110101111011
0000011110101111101
0000011110101111110
0000011110110011111
0000011110110101111
0000011110110110111
0000011110110111011
0000011110110111101
0000011110110111110
0000011111000111111
0000011111001011111
0000011111010011111
0000011111010101111
0000011111010110111
0000011111010111011
0000011111010111101
0000011111010111110
0000011111100011111
0000011111100101111
0000011111100110111
0000011111100111011
0000011111100111101
0000011111100111110
0000011111101001111
0000011111101010111
0000011111101011011
0000011111101011101
0000011111101011110
0000011111110001111
0000011111110010111
0000011111110011011
0000011111110011101
0000011111110011110
0000011111110100111
0000011111110110011
0000011111110110101
0000011111110110110
0000100001111111111
0000100010111111111
0000100011011111111
0000100011101111111
0000100011110111111
0000100011111011111
0000100011111101111
0000100011111110111
0000100011111111011
0000100011111111101
0000100011111111110
0000100100111111111
0000100101011111111
0000100101101111111
0000100101110111111
0000100101111011111
0000100101111101111
0000100101111110111
0000100101111111011
0000100101111111101
0000100101111111110
0000100110011111111
0000100110101111111
0000100110110111111
0000100110111011111
0000100110111101111
0000100110111110111
0000100110111111011
0000100110111111101
0000100110111111110
0000100111001111111
0000100111010111111
0000100111011011111
0000100111011101111
0000100111011110111
0000100111011111011
0000100111011111101
0000100111011111110
0000100111100111111
0000100111101011111
0000100111101101111
0000100111101110111
0000100111101111011
0000100111101111101
0000100111101111110
0000100111110011111
0000100111110101111
0000100111110110111
0000100111110111011
0000100111110111101
0000100111110111110
0000100111111001111
0000100111111010111
0000100111111011011
0000100111111011101
0000100111111011110
0000100111111100111
0000100111111101011
0000100111111101101
0000100111111101110
0000100111111110011
0000100111111110101
0000100111111110110
0000100111111111001
0000100111111111010
0000100111111111100
0000101000111111111
0000101001011111111
0000101001101111111
0000101001110111111
0000101001111011111
0000101001111101111
0000101001111110111
0000101001111111011
0000101001111111101
0000101001111111110
0000101010011111111
0000101010101111111
0000101010110111111
0000101010111011111
0000101010111101111
0000101010111110111
0000101010111111011
0000101010111111101
0000101010111111110
0000101011001111111
0000101011010111111
0000101011011011111
0000101011011101111
0000101011011110111
0000101011011111011
0000101011011111101
0000101011011111110
0000101011100111111
0000101011101011111
0000101011101101111
0000101011101110111
0000101011101111011
0000101011101111101
0000101011101111110
0000101011110011111
0000101011110101111
0000101011110110111
0000101011110111011
0000101011110111101
0000101011110111110
0000101011111001111
0000101011111010111
0000101011111011011
0000101011111011101
0000101011111011110
0000101011111100111
0000101011111101011
0000101011111101101
0000101011111101110
0000101011111110011
0000101011111110101
0000101011111110110
0000101011111111001
0000101011111111010
0000101011111111100
0000101100011111111
0000101100101111111
0000101100110111111
0000101100111011111
0000101100111101111
0000101100111110111
0000101100111111011
0000101100111111101
0000101100111111110
0000101101001111111
0000101101010111111
0000101101011011111
0000101101011101111
0000101101011110111
0000101101011111011
0000101101011111101
0000101101011111110
0000101101101011111
0000101101101101111
0000101101110011111
0000101101110101111
0000101101110110111
0000101101111001111
0000101101111010111
0000101101111011011
0000101101111011101
0000101101111011110
0000101101111100111
0000101101111101011
0000101101111101101
0000101101111101110
0000101110001111111
0000101110010111111
0000101110011011111
0000101110011101111
0000101110011110111
0000101110011111011
0000101110011111101
0000101110011111110
0000101110100111111
0000101110101011111
0000101110101101111
0000101110101110111
0000101110101111011
0000101110101111101
0000101110101111110
0000101110110011111
0000101110110101111
0000101110110110111
0000101110110111011
0000101110110111101
0000101110110111110
0000101111010011111
0000101111010110111
0000101111100011111
0000101111100110111
0000101111110001111
0000101111110010111
0000101111110011011
0000101111110011101
0000101111110011110
0000101111110100111
0000101111110110011
0000101111110110101
0000101111110110110
0000110000111111111
0000110001011111111
0000110001101111111
0000110001110111111
0000110001111011111
0000110001111101111
0000110001111110111
0000110001111111011
0000110001111111101
0000110001111111110
0000110010011111111
0000110010101111111
0000110010110111111
0000110010111011111
0000110010111101111
0000110010111110111
0000110010111111011
0000110010111111101
0000110010111111110
0000110011001111111
0000110011010111111
0000110011011011111
0000110011011101111
0000110011011110111
0000110011011111011
0000110011011111101
0000110011011111110
0000110011100111111
0000110011101011111
0000110011101101111
0000110011101110111
0000110011101111011
0000110011101111101
0000110011101111110
0000110011110011111
0000110011110101111
0000110011110110111
0000110011110111011
0000110011110111101
0000110011110111110
0000110011111001111
0000110011111010111
0000110011111011011
0000110011111011101
0000110011111011110
0000110011111100111
0000110011111101011
0000110011111101101
0000110011111101110
0000110011111110011
0000110011111110101
0000110011111110110
0000110011111111001
0000110011111111010
0000110011111111100
0000110100011111111
0000110100101111111
0000110100110111111
0000110100111011111
0000110100111101111
0000110100111110111
0000110100111111011
0000110100111111101
0000110100111111110
0000110101001111111
0000110101010111111
0000110101011011111
0000110101011101111
0000110101011110111
0000110101011111011
0000110101011111101
0000110101011111110
0000110101100111111
0000110101101011111
0000110101101101111
0000110101110011111
0000110101110101111
0000110101110110111
0000110101110111011
0000110101110111101
0000110101110111110
0000110101111001111
0000110101111100111
0000110101111101011
0000110101111101101
0000110101111101110
0000110110010111111
0000110110100111111
0000110110101011111
0000110110110011111
0000110111000111111
0000110111001011111
0000110111010011111
0000110111010101111
0000110111010110111
0000110111010111011
0000110111010111101
0000110111010111110
0000110111100011111
0000110111100101111
0000110111100110111
0000110111100111011
0000110111100111101
0000110111100111110
0000110111101001111
0000110111101010111
0000110111101011011
0000110111101011101
0000110111101011110
0000110111110001111
0000110111110010111
0000110111110011011
0000110111110011101
0000110111110011110
0000111000011111111
0000111010001111111
0000111010010111111
0000111010011011111
0000111010011101111
0000111010011110111
0000111010011111011
0000111010011111101
0000111010011111110
0001000001111111111
0001000010111111111
0001000011011111111
0001000011101111111
0001000011110111111
0001000011111011111
0001000011111101111
0001000011111110111
0001000011111111011
0001000011111111101
0001000011111111110
0001000100111111111
0001000101011111111
0001000101101111111
0001000101110111111
0001000101111011111
0001000101111101111
0001000101111110111
0001000101111111011
0001000101111111101
0001000101111111110
0001000110011111111
0001000110101111111
0001000110110111111
0001000110111011111
0001000110111101111
0001000110111110111
0001000110111111011
0001000110111111101
0001000110111111110
0001000111001111111
0001000111010111111
0001000111011011111
0001000111011101111
0001000111011110111
0001000111011111011
0001000111011111101
0001000111011111110
0001000111100111111
0001000111101011111
0001000111101101111
0001000111101110111
0001000111101111011
0001000111101111101
0001000111101111110
0001000111110011111
0001000111110101111
0001000111110110111
0001000111110111011
0001000111110111101
0001000111110111110
0001000111111001111
0001000111111010111
0001000111111011011
0001000111111011101
0001000111111011110
0001000111111100111
0001000111111101011
0001000111111101101
0001000111111101110
0001000111111110011
0001000111111110101
0001000111111110110
0001000111111111001
0001000111111111010
0001000111111111100
0001001000111111111
0001001001011111111
0001001001101111111
0001001001110111111
0001001001111011111
0001001001111101111
0001001001111110111
0001001001111111011
0001001001111111101
0001001001111111110
0001001010011111111
0001001010101111111
0001001010110111111
0001001010111011111
0001001010111101111
0001001010111110111
0001001010111111011
0001001010111111101
0001001010111111110
0001001011001111111
0001001011010111111
0001001011011011111
0001001011011101111
0001001011011110111
0001001011011111011
0001001011011111101
0001001011011111110
0001001011100111111
0001001011101011111
0001001011101101111
0001001011101110111
0001001011101111011
0001001011101111101
0001001011101111110
0001001011110011111
0001001011110101111
0001001011110110111
0001001011110111011
0001001011110111101
0001001011110111110
0001001011111001111
0001001011111010111
0001001011111011011
0001001011111011101
0001001011111011110
0001001011111100111
0001001011111101011
0001001011111101101
0001001011111101110
0001001011111110011
0001001011111110101
0001001011111110110
0001001011111111001
0001001011111111010
0001001011111111100
0001001100011111111
0001001100101111111
0001001100110111111
0001001100111011111
0001001100111101111
0001001100111110111
0001001100111111011
0001001100111111101
0001001100111111110
0001001101001111111
0001001101010111111
0001001101011011111
0001001101011101111
0001001101011110111
0001001101011111011
0001001101011111101
0001001101011111110
0001001101100111111
0001001101101011111
0001001101101101111
0001001101101110111
0001001101101111011
0001001101101111101
0001001101101111110
0001001101110011111
0001001101110101111
0001001101110110111
0001001101110111011
0001001101110111101
0001001101110111110
0001001101111001111
0001001101111010111
0001001101111011011
0001001101111011101
0001001101111011110
0001001101111100111
0001001101111101011
0001001101111101101
0001001101111101110
0001001101111110011
0001001101111110101
0001001101111110110
0001001101111111001
0001001101111111010
0001001110001111111
0001001110010111111
0001001110011011111
0001001110011101111
0001001110011110111
0001001110011111011
0001001110011111101
0001001110011111110
0001001110100111111
0001001110101011111
0001001110101101111
0001001110101110111
0001001110101111011
0001001110101111101
0001001110101111110
0001001110110011111
0001001110110101111
0001001110110110111
0001001110110111011
0001001110110111101
0001001110110111110
0001001110111001111
0001001111000111111
0001001111001011111
0001001111001101111
0001001111001110111
0001001111001111011
0001001111001111101
0001001111001111110
0001001111010011111
0001001111010101111
0001001111010110111
0001001111010111011
0001001111010111101
0001001111010111110
0001001111011001111
0001001111100011111
0001001111100110111
0001001111101001111
0001001111110001111
0001001111110010111
0001001111110011011
0001001111110011101
0001001111110011110
0001001111110100111
0001001111110110011
0001001111110110101
0001001111110110110
0001001111111000111
0001001111111001011
0001001111111001101
0001001111111001110
0001010000111111111
0001010001011111111
0001010001101111111
0001010001110111111
0001010001111011111
0001010001111101111
0001010001111110111
0001010001111111011
0001010001111111101
0001010001111111110
0001010010011111111
0001010010101111111
0001010010110111111
0001010010111011111
0001010010111101111
0001010010111110111
0001010010111111011
0001010010111111101
0001010010111111110
0001010011001111111
0001010011010111111
0001010011011011111
0001010011011101111
0001010011011110111
0001010011011111011
0001010011011111101
0001010011011111110
0001010011100111111
0001010011101011111
0001010011101101111
0001010011101110111
0001010011101111011
0001010011101111101
0001010011101111110
0001010011110011111
0001010011110101111
0001010011110110111
0001010011110111011
0001010011110111101
0001010011110111110
0001010011111001111
0001010011111010111
0001010011111011011
0001010011111011101
0001010011111011110
0001010011111100111
0001010011111101011
0001010011111101101
0001010011111101110
0001010011111110011
0001010011111110101
0001010011111110110
0001010011111111001
0001010011111111010
0001010011111111100
0001010100011111111
0001010100101111111
0001010100110111111
0001010100111011111
0001010100111101111
0001010100111110111
0001010100111111011
0001010100111111101
0001010100111111110
0001010101001111111
0001010101010111111
0001010101011011111
0001010101011101111
0001010101011110111
0001010101011111011
0001010101011111101
0001010101011111110
0001010101100111111
0001010101101011111
0001010101101101111
0001010101101110111
0001010101101111011
0001010101101111101
0001010101101111110
0001010101110011111
0001010101110101111
0001010101110110111
0001010101110111011
0001010101110111101
0001010101110111110
0001010101111001111
0001010101111010111
0001010101111011011
0001010101111011101
0001010101111011110
0001010101111100111
0001010101111101011
0001010101111101101
0001010101111101110
0001010101111110011
0001010101111110101
0001010101111110110
0001010101111111001
0001010101111111010
0001010110001111111
0001010110010111111
0001010110100111111
0001010110101011111
0001010110110011111
0001010111000111111
0001010111001011111
0001010111001101111
0001010111001110111
0001010111001111011
0001010111001111101
0001010111001111110
0001010111010011111
0001010111010101111
0001010111010110111
0001010111010111011
0001010111010111101
0001010111010111110
0001010111100011111
0001010111100101111
0001010111100110111
0001010111100111011
0001010111100111101
0001010111100111110
0001010111101001111
0001010111101010111
0001010111101011011
0001010111101011101
0001010111101011110
0001010111110001111
0001010111110010111
0001010111110011011
0001010111110011101
0001010111110011110
0001011000011111111
0001011001111001111
0001011010001111111
0001011010010111111
0001011010011011111
0001011010011101111
0001011010011110111
0001011010011111011
0001011010011111101
0001011010011111110
0001011010111001111
0001011011011001111
0001011011101001111
0001011011110001111
0001011011111000111
0001011011111001011
0001011011111001101
0001011011111001110
0001100000111111111
0001100001011111111
0001100001101111111
0001100001110111111
0001100001111011111
0001100001111101111
0001100001111110111
0001100001111111011
0001100001111111101
0001100001111111110
0001100010011111111
0001100010101111111
0001100010110111111
0001100010111011111
0001100010111101111
0001100010111110111
0001100010111111011
0001100010111111101
0001100010111111110
0001100011001111111
0001100011010111111
0001100011011011111
0001100011011101111
0001100011011110111
0001100011011111011
0001100011011111101
0001100011011111110
0001100011100111111
0001100011101011111
0001100011101101111
0001100011101110111
0001100011101111011
0001100011101111101
0001100011101111110
0001100011110011111
0001100011110101111
0001100011110110111
0001100011110111011
0001100011110111101
0001100011110111110
0001100011111001111
0001100011111010111
0001100011111011011
0001100011111011101
0001100011111011110
0001100011111100111
0001100011111101011
0001100011111101101
0001100011111101110
0001100011111110011
0001100011111110101
0001100011111110110
0001100011111111001
0001100011111111010
0001100011111111100
0001100100011111111
0001100100101111111
0001100100110111111
0001100100111011111
0001100100111110111
0001100100111111011
0001100101001111111
0001100101010111111
0001100101011011111
0001100101011101111
0001100101011110111
0001100101011111011
0001100101011111101
0001100101011111110
0001100101100111111
0001100101101011111
0001100101101101111
0001100101101110111
0001100101101111011
0001100101101111101
0001100101101111110
0001100101110011111
0001100101110101111
0001100101110110111
0001100101110111011
0001100101110111101
0001100101110111110
0001100101111001111
0001100101111010111
0001100101111011011
0001100101111011101
0001100101111011110
0001100101111100111
0001100101111101011
0001100101111110011
0001100101111110101
0001100101111110110
0001100101111111001
0001100101111111010
0001100110001111111
0001100110010111111
0001100111000111111
0001100111001011111
0001100111001101111
0001100111001110111
0001100111001111011
0001100111001111101
0001100111001111110
0001100111010011111
0001100111010101111
0001100111010110111
0001100111010111011
0001100111010111101
0001100111010111110
0001101000011111111
0001101001111001111
0001101010001111111
0001101010010111111
0001101010011011111
0001101010011101111
0001101010011110111
0001101010011111011
0001101010011111101
0001101010011111110
0001101010111001111
0001101011011001111
0001101011101001111
0001101011110001111
0001101011111000111
0001101011111001011
0001101011111001101
0001101011111001110
0010000001111111111
0010000010111111111
0010000011011111111
0010000011101111111
0010000011110111111
0010000011111011111
0010000011111101111
0010000011111110111
0010000011111111011
0010000011111111101
0010000011111111110
0010000100111111111
0010000101011111111
0010000101101111111
0010000101110111111
0010000101111011111
0010000101111101111
0010000101111110111
0010000101111111011
0010000101111111101
0010000101111111110
0010000110011111111
0010000110101111111
0010000110110111111
0010000110111011111
0010000110111101111
0010000110111110111
0010000110111111011
0010000110111111101
0010000110111111110
0010000111001111111
0010000111010111111
0010000111011011111
0010000111011101111
0010000111011110111
0010000111011111011
0010000111011111101
0010000111011111110
0010000111100111111
0010000111101011111
0010000111101101111
0010000111101110111
0010000111101111011
0010000111101111101
0010000111101111110
0010000111110011111
0010000111110101111
0010000111110110111
0010000111110111011
0010000111110111101
0010000111110111110
0010000111111001111
0010000111111010111
0010000111111011011
0010000111111011101
0010000111111011110
0010000111111100111
0010000111111101011
0010000111111101101
0010000111111101110
0010000111111110011
0010000111111110101
0010000111111110110
0010000111111111001
0010000111111111010
0010000111111111100
0010001000111111111
0010001001011111111
0010001001101111111
0010001001110111111
0010001001111011111
0010001001111101111
0010001001111110111
0010001001111111011
0010001001111111101
0010001001111111110
0010001010011111111
0010001010101111111
0010001010110111111
0010001010111011111
0010001010111101111
0010001010111110111
0010001010111111011
0010001010111111101
0010001010111111110
0010001011001111111
0010001011010111111
0010001011011011111
0010001011011101111
0010001011011110111
0010001011011111011
0010001011011111101
0010001011011111110
0010001011100111111
0010001011101011111
0010001011101101111
0010001011101110111
0010001011101111011
0010001011101111101
0010001011101111110
0010001011110011111
0010001011110101111
0010001011110110111
0010001011110111011
0010001011110111101
0010001011110111110
0010001011111001111
0010001011111010111
0010001011111011011
0010001011111011101
0010001011111011110
0010001011111100111
0010001011111101011
0010001011111101101
0010001011111101110
0010001011111110011
0010001011111110101
0010001011111110110
0010001011111111001
0010001011111111010
0010001011111111100
0010001100011111111
0010001100101111111
0010001100110111111
0010001100111011111
0010001100111101111
0010001100111110111
0010001100111111011
0010001100111111101
0010001100111111110
0010001101001111111
0010001101010111111
0010001101011011111
0010001101011101111
0010001101011110111
0010001101011111011
0010001101011111101
0010001101011111110
0010001101101011111
0010001101101101111
0010001101110011111
0010001101110101111
0010001101110110111
0010001101111001111
0010001101111010111
0010001101111011011
0010001101111011101
0010001101111011110
0010001101111100111
0010001101111101011
0010001101111101101
0010001101111101110
0010001110001111111
0010001110010111111
0010001110011011111
0010001110011101111
0010001110011110111
0010001110011111011
0010001110011111101
0010001110011111110
0010001110100111111
0010001110101011111
0010001110101101111
0010001110101110111
0010001110101111011
0010001110101111101
0010001110101111110
0010001110110011111
0010001110110101111
0010001110110110111
0010001110110111011
0010001110110111101
0010001110110111110
0010001111010011111
0010001111010110111
0010001111100011111
0010001111100110111
0010001111110001111
0010001111110010111
0010001111110011011
0010001111110011101
0010001111110011110
0010001111110100111
0010001111110110011
0010001111110110101
0010001111110110110
0010010000111111111
0010010001011111111
0010010001101111111
0010010001110111111
0010010001111011111
0010010001111101111
0010010001111110111
0010010001111111011
0010010001111111101
0010010001111111110
0010010010011111111
0010010010101111111
0010010010110111111
0010010010111011111
0010010010111101111
0010010010111110111
0010010010111111011
0010010010111111101
0010010010111111110
0010010011001111111
0010010011010111111
0010010011011011111
0010010011011101111
0010010011011110111
0010010011011111011
0010010011011111101
0010010011011111110
0010010011100111111
0010010011101011111
0010010011101101111
0010010011101110111
0010010011101111011
0010010011101111101
0010010011101111110
0010010011110011111
0010010011110101111
0010010011110110111
0010010011110111011
0010010011110111101
0010010011110111110
0010010011111001111
0010010011111010111
0010010011111011011
0010010011111011101
0010010011111011110
0010010011111100111
0010010011111101011
0010010011111101101
0010010011111101110
0010010011111110011
0010010011111110101
0010010011111110110
0010010011111111001
0010010011111111010
0010010011111111100
0010010100011111111
0010010100101111111
0010010100110111111
0010010100111011111
0010010100111101111
0010010100111110111
0010010100111111011
0010010100111111101
0010010100111111110
0010010101001111111
0010010101010111111
0010010101011011111
0010010101011101111
0010010101011110111
0010010101011111011
0010010101011111101
0010010101011111110
0010010101100111111
0010010101101011111
0010010101101101111
0010010101110011111
0010010101110101111
0010010101110110111
0010010101110111011
0010010101110111101
0010010101110111110
0010010101111001111
0010010101111010111
0010010101111011011
0010010101111011101
0010010101111011110
0010010101111100111
0010010101111101011
0010010101111101101
0010010101111101110
0010010110010111111
0010010110100111111
0010010110101011111
0010010110110011111
0010010111000111111
0010010111001011111
0010010111010011111
0010010111010101111
0010010111010110111
0010010111010111011
0010010111010111101
0010010111010111110
0010010111100011111
0010010111100101111
0010010111100110111
0010010111100111011
0010010111100111101
0010010111100111110
0010010111101001111
0010010111101010111
0010010111101011011
0010010111101011101
0010010111101011110
0010010111110001111
0010010111110010111
0010010111110011011
0010010111110011101
0010010111110011110
0010011000011111111
0010011010001111111
0010011010010111111
0010011010011011111
0010011010011101111
0010011010011110111
0010011010011111011
0010011010011111101
0010011010011111110
0010100000111111111
0010100001011111111
0010100001101111111
0010100001110111111
0010100001111011111
0010100001111101111
0010100001111110111
0010100001111111011
0010100001111111101
0010100001111111110
0010100010011111111
0010100010101111111
0010100010110111111
0010100010111011111
0010100010111101111
0010100010111110111
0010100010111111011
0010100010111111101
0010100010111111110
0010100011001111111
0010100011010111111
0010100011011011111
0010100011011101111
0010100011011110111
0010100011011111011
0010100011011111101
0010100011011111110
0010100011100111111
0010100011101011111
0010100011101101111
0010100011101110111
0010100011101111011
0010100011101111101
0010100011101111110
0010100011110011111
0010100011110101111
0010100011110110111
0010100011110111011
0010100011110111101
0010100011110111110
0010100011111001111
0010100011111010111
0010100011111011011
0010100011111011101
0010100011111011110
0010100011111100111
0010100011111101011
0010100011111101101
0010100011111101110
0010100011111110011
0010100011111110101
0010100011111110110
0010100011111111001
0010100011111111010
0010100100011111111
0010100100111011111
0010100101001111111
0010100101010111111
0010100101011011111
0010100101011101111
0010100101011110111
0010100101011111011
0010100101011111101
0010100101011111110
0010100101101011111
0010100101110011111
0010100101111001111
0010100101111010111
0010100101111011011
0010100101111011101
0010100101111011110
0010101000011111111
0010101010001111111
0010101010010111111
0010101010011011111
0010101010011101111
0010101010011110111
0010101010011111011
0010101010011111101
0010101010011111110
0011000000111111111
0011000001011111111
0011000001101111111
0011000001110111111
0011000001111011111
0011000001111101111
0011000001111110111
0011000001111111011
0011000001111111101
0011000001111111110
0011000010011111111
0011000010101111111
0011000010110111111
0011000010111011111
0011000010111101111
0011000010111110111
0011000010111111011
0011000010111111101
0011000010111111110
0011000011001111111
0011000011010111111
0011000011011011111
0011000011011101111
0011000011011110111
0011000011011111011
0011000011011111101
0011000011011111110
0011000011100111111
0011000011101011111
0011000011101101111
0011000011101110111
0011000011101111011
0011000011101111101
0011000011101111110
0011000011110011111
0011000011110101111
0011000011110110111
0011000011110111011
0011000011110111101
0011000011110111110
0011000011111001111
0011000011111010111
0011000011111011011
0011000011111011101
0011000011111011110
0011000011111100111
0011000011111101011
0011000011111101101
0011000011111101110
0011000011111110011
0011000011111110101
0011000011111110110
0011000011111111001
0011000011111111010
0011000011111111100
0011000100011111111
0011000100101111111
0011000100110111111
0011000100111011111
0011000100111110111
0011000100111111011
0011000101001111111
0011000101010111111
0011000101011011111
0011000101011101111
0011000101011110111
0011000101011111011
0011000101011111101
0011000101011111110
0011000101100111111
0011000101101011111
0011000101101101111
0011000101101110111
0011000101101111011
0011000101101111101
0011000101101111110
0011000101110011111
0011000101110101111
0011000101110110111
0011000101110111011
0011000101110111101
0011000101110111110
0011000101111001111
0011000101111010111
0011000101111011011
0011000101111011101
0011000101111011110
0011000101111100111
0011000101111101011
0011000101111110011
0011000101111110101
0011000101111110110
0011000101111111001
0011000101111111010
0011000110001111111
0011000110010111111
0011000111000111111
0011000111001011111
0011000111001101111
0011000111001110111
0011000111001111011
0011000111001111101
0011000111001111110
0011000111010011111
0011000111010101111
0011000111010110111
0011000111010111011
0011000111010111101
0011000111010111110
0011001000011111111
0011001001111001111
0011001010001111111
0011001010010111111
0011001010011011111
0011001010011101111
0011001010011110111
0011001010011111011
0011001010011111101
0011001010011111110
0011001010111001111
0011001011011001111
0011001011101001111
0011001011110001111
0011001011111000111
0011001011111001011
0011001011111001101
0011001011111001110
0100000001111111111
0100000010111111111
0100000011011111111
0100000011101111111
0100000011110111111
0100000011111011111
0100000011111101111
0100000011111110111
0100000011111111011
0100000011111111101
0100000011111111110
0100000100111111111
0100000101011111111
0100000101101111111
0100000101110111111
0100000101111011111
0100000101111101111
0100000101111110111
0100000101111111011
0100000101111111101
0100000101111111110
0100000110011111111
0100000110101111111
0100000110110111111
0100000110111011111
0100000110111101111
0100000110111110111
0100000110111111011
0100000110111111101
0100000110111111110
0100000111001111111
0100000111010111111
0100000111011011111
0100000111011101111
0100000111011110111
0100000111011111011
0100000111011111101
0100000111011111110
0100000111100111111
0100000111101011111
0100000111101101111
0100000111101110111
0100000111101111011
0100000111101111101
0100000111101111110
0100000111110011111
0100000111110101111
0100000111110110111
0100000111110111011
0100000111110111101
0100000111110111110
0100000111111001111
0100000111111010111
0100000111111011011
0100000111111011101
0100000111111011110
0100000111111100111
0100000111111101011
0100000111111101101
0100000111111101110
0100000111111110011
0100000111111110101
0100000111111110110
0100000111111111001
0100000111111111010
0100000111111111100
0100001000111111111
0100001001011111111
0100001001101111111
0100001001110111111
0100001001111011111
0100001001111101111
0100001001111110111
0100001001111111011
0100001001111111101
0100001001111111110
0100001010011111111
0100001010101111111
0100001010110111111
0100001010111011111
0100001010111101111
0100001010111110111
0100001010111111011
0100001010111111101
0100001010111111110
0100001011001111111
0100001011010111111
0100001011011011111
0100001011011101111
0100001011011110111
0100001011011111011
0100001011011111101
0100001011011111110
0100001011100111111
0100001011101011111
0100001011101101111
0100001011101110111
0100001011101111011
0100001011101111101
0100001011101111110
0100001011110011111
0100001011110101111
0100001011110110111
0100001011110111011
0100001011110111101
0100001011110111110
0100001011111001111
0100001011111010111
0100001011111011011
0100001011111011101
0100001011111011110
0100001011111100111
0100001011111101011
0100001011111101101
0100001011111101110
0100001011111110011
0100001011111110101
0100001011111110110
0100001011111111001
0100001011111111010
0100001011111111100
0100001100011111111
0100001100101111111
0100001100110111111
0100001100111011111
0100001100111101111
0100001100111110111
0100001100111111011
0100001100111111101
0100001100111111110
0100001101001111111
0100001101010111111
0100001101011011111
0100001101011101111
0100001101011110111
0100001101011111011
0100001101011111101
0100001101011111110
0100001101100111111
0100001101101011111
0100001101101101111
0100001101101110111
0100001101101111011
0100001101101111101
0100001101101111110
0100001101110011111
0100001101110101111
0100001101110110111
0100001101110111011
0100001101110111101
0100001101110111110
0100001101111001111
0100001101111010111
0100001101111011011
0100001101111011101
0100001101111011110
0100001101111100111
0100001101111101011
0100001101111101101
0100001101111101110
0100001101111110011
0100001101111110101
0100001101111110110
0100001101111111001
0100001101111111100
0100001110001111111
0100001110010111111
0100001110100111111
0100001110101011111
0100001110101101111
0100001110101110111
0100001110101111011
0100001110101111101
0100001110101111110
0100001110110011111
0100001110110101111
0100001110110110111
0100001110110111011
0100001110110111101
0100001110110111110
0100001110111010111
0100001110111100111
0100001111001011111
0100001111001101111
0100001111010011111
0100001111010101111
0100001111010110111
0100001111011010111
0100001111011100111
0100001111100011111
0100001111100101111
0100001111100110111
0100001111101001111
0100001111101010111
0100001111101011011
0100001111101011101
0100001111101011110
0100001111101100111
0100001111101101011
0100001111101101101
0100001111101101110
0100001111110001111
0100001111110010111
0100001111110011011
0100001111110011101
0100001111110011110
0100001111110100111
0100001111110101011
0100001111110101101
0100001111110101110
0100001111110110011
0100001111110110101
0100001111110110110
0100001111111000111
0100001111111010011
0100001111111010101
0100001111111010110
0100001111111100011
0100001111111100101
0100001111111100110
0100010000111111111
0100010001011111111
0100010001101111111
0100010001110111111
0100010001111011111
0100010001111101111
0100010001111110111
0100010001111111011
0100010001111111101
0100010001111111110
0100010010011111111
0100010010101111111
0100010010110111111
0100010010111011111
0100010010111101111
0100010010111110111
0100010010111111011
0100010010111111101
0100010010111111110
0100010011001111111
0100010011010111111
0100010011011011111
0100010011011101111
0100010011011110111
0100010011011111011
0100010011011111101
0100010011011111110
0100010011100111111
0100010011101011111
0100010011101101111
0100010011101110111
0100010011101111011
0100010011101111101
0100010011101111110
0100010011110011111
0100010011110101111
0100010011110110111
0100010011110111011
0100010011110111101
0100010011110111110
0100010011111001111
0100010011111010111
0100010011111011011
0100010011111011101
0100010011111011110
0100010011111100111
0100010011111101011
0100010011111101101
0100010011111101110
0100010011111110011
0100010011111110101
0100010011111110110
0100010011111111001
0100010011111111010
0100010011111111100
0100010100011111111
0100010100101111111
0100010100110111111
0100010100111011111
0100010100111101111
0100010100111110111
0100010100111111011
0100010100111111101
0100010100111111110
0100010101001111111
0100010101010111111
0100010101011011111
0100010101011101111
0100010101011110111
0100010101011111011
0100010101011111101
0100010101011111110
0100010101100111111
0100010101101011111
0100010101101101111
0100010101101110111
0100010101101111011
0100010101101111101
0100010101101111110
0100010101110011111
0100010101110101111
0100010101110110111
0100010101110111011
0100010101110111101
0100010101110111110
0100010101111001111
0100010101111010111
0100010101111011011
0100010101111011101
0100010101111011110
0100010101111100111
0100010101111101011
0100010101111101101
0100010101111101110
0100010101111110011
0100010101111110101
0100010101111110110
0100010101111111001
0100010101111111100
0100010110001111111
0100010110010111111
0100010110011011111
0100010110011101111
0100010110011110111
0100010110011111011
0100010110011111101
0100010110011111110
0100010110100111111
0100010110101011111
0100010110101101111
0100010110101110111
0100010110101111011
0100010110101111101
0100010110101111110
0100010110110011111
0100010110110101111
0100010110110110111
0100010110110111011
0100010110110111101
0100010110110111110
0100010111000111111
0100010111001011111
0100010111001101111
0100010111010011111
0100010111010101111
0100010111010110111
0100010111010111011
0100010111010111101
0100010111010111110
0100010111100011111
0100010111100101111
0100010111100110111
0100010111100111011
0100010111100111101
0100010111100111110
0100010111101001111
0100010111101010111
0100010111101011011
0100010111101011101
0100010111101011110
0100010111101100111
0100010111101101011
0100010111101101101
0100010111101101110
0100010111110001111
0100010111110010111
0100010111110011011
0100010111110011101
0100010111110011110
0100010111110100111
0100010111110101011
0100010111110101101
0100010111110101110
0100011000011111111
0100011001111010111
0100011001111100111
0100011010001111111
0100011010010111111
0100011010011011111
0100011010011101111
0100011010011110111
0100011010011111011
0100011010011111101
0100011010011111110
0100011010111010111
0100011010111100111
0100011011011010111
0100011011011100111
0100011011101010111
0100011011101100111
0100011011110010111
0100011011110100111
0100011011111000111
0100011011111010011
0100011011111010101
0100011011111010110
0100011011111100011
0100011011111100101
0100011011111100110
0100100000111111111
0100100001011111111
0100100001101111111
0100100001110111111
0100100001111011111
0100100001111101111
0100100001111110111
0100100001111111011
0100100001111111101
0100100001111111110
0100100010011111111
0100100010101111111
0100100010110111111
0100100010111011111
0100100010111101111
0100100010111110111
0100100010111111011
0100100010111111101
0100100010111111110
0100100011001111111
0100100011010111111
0100100011011011111
0100100011011101111
0100100011011110111
0100100011011111011
0100100011011111101
0100100011011111110
0100100011100111111
0100100011101011111
0100100011101101111
0100100011101110111
0100100011101111011
0100100011101111101
0100100011101111110
0100100011110011111
0100100011110101111
0100100011110110111
0100100011110111011
0100100011110111101
0100100011110111110
0100100011111001111
0100100011111010111
0100100011111011011
0100100011111011101
0100100011111011110
0100100011111100111
0100100011111101011
0100100011111101101
0100100011111101110
0100100011111110011
0100100011111110101
0100100011111110110
0100100011111111001
0100100011111111010
0100100011111111100
0100100100011111111
0100100100101111111
0100100100110111111
0100100100111011111
0100100100111101111
0100100100111110111
0100100100111111011
0100100100111111101
0100100100111111110
0100100101001111111
0100100101010111111
0100100101011011111
0100100101011101111
0100100101011110111
0100100101011111011
0100100101011111101
0100100101011111110
0100100101100111111
0100100101101011111
0100100101101101111
0100100101101110111
0100100101101111011
0100100101101111101
0100100101101111110
0100100101110011111
0100100101110101111
0100100101110110111
0100100101110111011
0100100101110111101
0100100101110111110
0100100101111001111
0100100101111010111
0100100101111011011
0100100101111011101
0100100101111011110
0100100101111100111
0100100101111101011
0100100101111101101
0100100101111101110
0100100101111110011
0100100101111110101
0100100101111110110
0100100101111111001
0100100101111111100
0100100110001111111
0100100110010111111
0100100110100111111
0100100110101011111
0100100110101101111
0100100110101110111
0100100110101111011
0100100110101111101
0100100110101111110
0100100110110011111
0100100110110101111
0100100110110110111
0100100110110111011
0100100110110111101
0100100110110111110
0100100111001011111
0100100111001101111
0100100111010011111
0100100111010101111
0100100111100011111
0100100111100101111
0100100111101001111
0100100111101010111
0100100111101011011
0100100111101011101
0100100111101011110
0100100111101100111
0100100111101101011
0100100111101101101
0100100111101101110
0100100111110001111
0100100111110010111
0100100111110011011
0100100111110011101
0100100111110011110
0100100111110100111
0100100111110101011
0100100111110101101
0100100111110101110
0100101000011111111
0100101000101111111
0100101000110111111
0100101000111011111
0100101000111101111
0100101000111110111
0100101000111111011
0100101000111111101
0100101000111111110
0100101001111010111
0100101001111100111
0100101010001111111
0100101010010111111
0100101010011011111
0100101010011101111
0100101010011110111
0100101010011111011
0100101010011111101
0100101010011111110
0100101010111010111
0100101010111100111
0100101011011010111
0100101011011100111
0100101011101010111
0100101011101100111
0100101011110010111
0100101011110100111
0100101011111000111
0100101011111010011
0100101011111010101
0100101011111010110
0100101011111100011
0100101011111100101
0100101011111100110
0100110000011111111
0100110000101111111
0100110000110111111
0100110000111011111
0100110000111101111
0100110000111110111
0100110000111111011
0100110000111111101
0100110000111111110
0100110010001111111
0100110010010111111
0100110010011011111
0100110010011101111
0100110010011110111
0100110010011111011
0100110010011111101
0100110010011111110
0101000000111111111
0101000001011111111
0101000001101111111
0101000001110111111
0101000001111011111
0101000001111101111
0101000001111110111
0101000001111111011
0101000001111111101
0101000001111111110
0101000010011111111
0101000010101111111
0101000010110111111
0101000010111011111
0101000010111101111
0101000010111110111
0101000010111111011
0101000010111111101
0101000010111111110
0101000011001111111
0101000011010111111
0101000011011011111
0101000011011101111
0101000011011110111
0101000011011111011
0101000011011111101
0101000011011111110
0101000011100111111
0101000011101011111
0101000011101101111
0101000011101110111
0101000011101111011
0101000011101111101
0101000011101111110
0101000011110011111
0101000011110101111
0101000011110110111
0101000011110111011
0101000011110111101
0101000011110111110
0101000011111001111
0101000011111010111
0101000011111011011
0101000011111011101
0101000011111011110
0101000011111100111
0101000011111101011
0101000011111101101
0101000011111101110
0101000011111110011
0101000011111110101
0101000011111110110
0101000011111111001
0101000011111111010
0101000011111111100
0101000100011111111
0101000100101111111
0101000100110111111
0101000100111011111
0101000100111101111
0101000100111110111
0101000100111111011
0101000100111111101
0101000100111111110
0101000101001111111
0101000101010111111
0101000101011011111
0101000101011101111
0101000101011110111
0101000101011111011
0101000101011111101
0101000101011111110
0101000101100111111
0101000101101011111
0101000101101101111
0101000101101110111
0101000101101111011
0101000101101111101
0101000101101111110
0101000101110011111
0101000101110101111
0101000101110110111
0101000101110111011
0101000101110111101
0101000101110111110
0101000101111001111
0101000101111010111
0101000101111011011
0101000101111011101
0101000101111011110
0101000101111100111
0101000101111101011
0101000101111101101
0101000101111101110
0101000101111110011
0101000101111110101
0101000101111110110
0101000101111111001
0101000101111111010
0101000101111111100
0101000110001111111
0101000110010111111
0101000110011011111
0101000110011101111
0101000110011110111
0101000110011111011
0101000110011111101
0101000110011111110
0101000110100111111
0101000110101011111
0101000110101101111
0101000110101110111
0101000110101111011
0101000110101111101
0101000110101111110
0101000110110011111
0101000110110101111
0101000110110110111
0101000110110111011
0101000110110111101
0101000110110111110
0101000110111011011
0101000110111101011
0101000110111110011
0101000110111111001
0101000110111111010
0101000111000111111
0101000111001011111
0101000111001101111
0101000111001110111
0101000111001111011
0101000111001111101
0101000111001111110
0101000111010011111
0101000111010101111
0101000111010110111
0101000111010111011
0101000111010111101
0101000111010111110
0101000111100011111
0101000111100101111
0101000111101001111
0101000111101010111
0101000111101011011
0101000111101011101
0101000111101011110
0101000111101100111
0101000111101101011
0101000111101101101
0101000111101101110
0101000111110001111
0101000111110010111
0101000111110011011
0101000111110011101
0101000111110011110
0101000111110100111
0101000111110101011
0101000111110101101
0101000111110101110
0101001000011111111
0101001000110111111
0101001000111111011
0101001001111001111
0101001001111010111
0101001001111100111
0101001010001111111
0101001010010111111
0101001010011011111
0101001010011101111
0101001010011110111
0101001010011111011
0101001010011111101
0101001010011111110
0101001010100111111
0101001010101111011
0101001010110011111
0101001010110101111
0101001010110110111
0101001010110111011
0101001010110111101
0101001010110111110
0101001010111001111
0101001010111010111
0101001010111011011
0101001010111100111
0101001010111101011
0101001010111110011
0101001010111111001
0101001010111111010
0101001011011001111
0101001011011010111
0101001011011100111
0101001011101001111
0101001011101010111
0101001011101100111
0101001011110001111
0101001011110010111
0101001011110100111
0101001011111000111
0101001011111001011
0101001011111001101
0101001011111001110
0101001011111010011
0101001011111010101
0101001011111010110
0101001011111100011
0101001011111100101
0101001011111100110
0101010000011111111
0101010000110111111
0101010000111111011
0101010010001111111
0101010010010111111
0101010010011011111
0101010010011101111
0101010010011110111
0101010010011111011
0101010010011111101
0101010010011111110
0101010010100111111
0101010010101111011
0101010010110011111
0101010010110101111
0101010010110110111
0101010010110111011
0101010010110111101
0101010010110111110
0101010010111011011
0101010010111101011
0101010010111110011
0101010010111111001
0101010010111111010
0101100000011111111
0101100000101111111
0101100000110111111
0101100000111011111
0101100000111101111
0101100000111110111
0101100000111111011
0101100000111111101
0101100000111111110
0101100010001111111
0101100010010111111
0101100010011011111
0101100010011101111
0101100010011110111
0101100010011111011
0101100010011111101
0101100010011111110
0101100010100111111
0101100010101111011
0101100010110011111
0101100010110101111
0101100010110110111
0101100010110111011
0101100010110111101
0101100010110111110
0101100010111011011
0101100010111101011
0101100010111110011
0101100010111111001
0101100010111111010
0110000000111111111
0110000001011111111
0110000001101111111
0110000001110111111
0110000001111011111
0110000001111101111
0110000001111110111
0110000001111111011
0110000001111111101
0110000001111111110
0110000010011111111
0110000010101111111
0110000010110111111
0110000010111011111
0110000010111101111
0110000010111110111
0110000010111111011
0110000010111111101
0110000010111111110
0110000011001111111
0110000011010111111
0110000011011011111
0110000011011101111
0110000011011110111
0110000011011111011
0110000011011111101
0110000011011111110
0110000011100111111
0110000011101011111
0110000011101101111
0110000011101110111
0110000011101111011
0110000011101111101
0110000011101111110
0110000011110011111
0110000011110101111
0110000011110110111
0110000011110111011
0110000011110111101
0110000011110111110
0110000011111001111
0110000011111010111
0110000011111011011
0110000011111011101
0110000011111011110
0110000011111100111
0110000011111101011
0110000011111101101
0110000011111101110
0110000011111110011
0110000011111110101
0110000011111110110
0110000011111111001
0110000011111111010
0110000011111111100
0110000100011111111
0110000100101111111
0110000100110111111
0110000100111011111
0110000100111101111
0110000100111110111
0110000100111111011
0110000100111111101
0110000100111111110
0110000101001111111
0110000101010111111
0110000101011011111
0110000101011101111
0110000101011110111
0110000101011111011
0110000101011111101
0110000101011111110
0110000101100111111
0110000101101011111
0110000101101101111
0110000101101110111
0110000101101111011
0110000101101111101
0110000101101111110
0110000101110011111
0110000101110101111
0110000101110110111
0110000101110111011
0110000101110111101
0110000101110111110
0110000101111001111
0110000101111010111
0110000101111011011
0110000101111011101
0110000101111011110
0110000101111100111
0110000101111101011
0110000101111101101
0110000101111101110
0110000101111110011
0110000101111110101
0110000101111110110
0110000101111111001
0110000101111111100
0110000110001111111
0110000110010111111
0110000110100111111
0110000110101011111
0110000110101101111
0110000110101110111
0110000110101111011
0110000110101111101
0110000110101111110
0110000110110011111
0110000110110101111
0110000110110110111
0110000110110111011
0110000110110111101
0110000110110111110
0110000111001011111
0110000111001101111
0110000111010011111
0110000111010101111
0110000111100011111
0110000111100101111
0110000111101001111
0110000111101010111
0110000111101011011
0110000111101011101
0110000111101011110
0110000111101100111
0110000111101101011
0110000111101101101
0110000111101101110
0110000111110001111
0110000111110010111
0110000111110011011
0110000111110011101
0110000111110011110
0110000111110100111
0110000111110101011
0110000111110101101
0110000111110101110
0110001000011111111
0110001001111010111
0110001001111100111
0110001010001111111
0110001010010111111
0110001010011011111
0110001010011101111
0110001010011110111
0110001010011111011
0110001010011111101
0110001010011111110
0110001010111010111
0110001010111100111
0110001011011010111
0110001011011100111
0110001011101010111
0110001011101100111
0110001011110010111
0110001011110100111
0110001011111000111
0110001011111010011
0110001011111010101
0110001011111010110
0110001011111100011
0110001011111100101
0110001011111100110
0110010000011111111
0110010010001111111
0110010010010111111
0110010010011011111
0110010010011101111
0110010010011110111
0110010010011111011
0110010010011111101
0110010010011111110
0110100000011111111
0110100000101111111
0110100000110111111
0110100000111011111
0110100000111101111
0110100000111110111
0110100000111111011
0110100000111111101
0110100000111111110
0111000000011111111
0111000000110111111
0111000000111111011
0111000010001111111
0111000010010111111
0111000010011011111
0111000010011101111
0111000010011110111
0111000010011111011
0111000010011111101
0111000010011111110
0111000010100111111
0111000010101111011
0111000010110011111
0111000010110101111
0111000010110110111
0111000010110111011
0111000010110111101
0111000010110111110
0111000010111011011
0111000010111101011
0111000010111110011
0111000010111111001
0111000010111111010
1000000001111111111
1000000010111111111
1000000011011111111
1000000011101111111
1000000011110111111
1000000011111011111
1000000011111101111
1000000011111110111
1000000011111111011
1000000011111111101
1000000011111111110
1000000100111111111
1000000101011111111
1000000101101111111
1000000101110111111
1000000101111011111
1000000101111101111
1000000101111110111
1000000101111111011
1000000101111111101
1000000101111111110
1000000110011111111
1000000110101111111
1000000110110111111
1000000110111011111
1000000110111101111
1000000110111110111
1000000110111111011
1000000110111111101
1000000110111111110
1000000111001111111
1000000111010111111
1000000111011011111
1000000111011101111
1000000111011110111
1000000111011111011
1000000111011111101
1000000111011111110
1000000111100111111
1000000111101011111
1000000111101101111
1000000111101110111
1000000111101111011
1000000111101111101
1000000111101111110
1000000111110011111
1000000111110101111
1000000111110110111
1000000111110111011
1000000111110111101
1000000111110111110
1000000111111001111
1000000111111010111
1000000111111011011
1000000111111011101
1000000111111011110
1000000111111100111
1000000111111101011
1000000111111101101
1000000111111101110
1000000111111110011
1000000111111110101
1000000111111110110
1000000111111111001
1000000111111111010
1000000111111111100
1000001000111111111
1000001001011111111
1000001001101111111
1000001001110111111
1000001001111011111
1000001001111101111
1000001001111110111
1000001001111111011
1000001001111111101
1000001001111111110
1000001010011111111
1000001010101111111
1000001010110111111
1000001010111011111
1000001010111101111
1000001010111110111
1000001010111111011
1000001010111111101
1000001010111111110
1000001011001111111
1000001011010111111
1000001011011011111
1000001011011101111
1000001011011110111
1000001011011111011
1000001011011111101
1000001011011111110
1000001011100111111
1000001011101011111
1000001011101101111
1000001011101110111
1000001011101111011
1000001011101111101
1000001011101111110
1000001011110011111
1000001011110101111
1000001011110110111
1000001011110111011
1000001011110111101
1000001011110111110
1000001011111001111
1000001011111010111
1000001011111011011
1000001011111011101
1000001011111011110
1000001011111100111
1000001011111101011
1000001011111101101
1000001011111101110
1000001011111110011
1000001011111110101
1000001011111110110
1000001011111111001
1000001011111111010
1000001011111111100
1000001100011111111
1000001100101111111
1000001100110111111
1000001100111011111
1000001100111101111
1000001100111110111
1000001100111111011
1000001100111111101
1000001100111111110
1000001101001111111
1000001101010111111
1000001101011011111
1000001101011101111
1000001101011110111
1000001101011111011
1000001101011111101
1000001101011111110
1000001101100111111
1000001101101011111
1000001101101101111
1000001101101110111
1000001101101111011
1000001101101111101
1000001101101111110
1000001101110011111
1000001101110101111
1000001101110110111
1000001101110111011
1000001101110111101
1000001101110111110
1000001101111001111
1000001101111010111
1000001101111011011
1000001101111011101
1000001101111011110
1000001101111100111
1000001101111101011
1000001101111101101
1000001101111101110
1000001101111110011
1000001101111111001
1000001101111111010
1000001110001111111
1000001110010111111
1000001110011011111
1000001110011101111
1000001110011110111
1000001110011111011
1000001110011111101
1000001110011111110
1000001110100111111
1000001110101011111
1000001110101101111
1000001110101110111
1000001110101111011
1000001110101111101
1000001110101111110
1000001110110011111
1000001110110101111
1000001110110110111
1000001110110111011
1000001110110111101
1000001110110111110
1000001110111011011
1000001110111101011
1000001110111110011
1000001110111111001
1000001110111111010
1000001111000111111
1000001111001011111
1000001111001101111
1000001111001110111
1000001111001111011
1000001111001111101
1000001111001111110
1000001111010011111
1000001111010101111
1000001111010110111
1000001111010111011
1000001111010111101
1000001111010111110
1000001111011001111
1000001111011010111
1000001111011011011
1000001111011011101
1000001111011011110
1000001111100011111
1000001111100101111
1000001111100110111
1000001111100111011
1000001111100111101
1000001111100111110
1000001111101001111
1000001111101010111
1000001111101011011
1000001111101011101
1000001111101011110
1000001111101101011
1000001111101110011
1000001111101111001
1000001111101111010
1000001111110001111
1000001111110010111
1000001111110011011
1000001111110011101
1000001111110011110
1000001111110100111
1000001111110101011
1000001111110110011
1000001111110110101
1000001111110110110
1000001111110111001
1000001111110111010
1000010000111111111
1000010001011111111
1000010001101111111
1000010001110111111
1000010001111011111
1000010001111101111
1000010001111110111
1000010001111111011
1000010001111111101
1000010001111111110
1000010010011111111
1000010010101111111
1000010010110111111
1000010010111011111
1000010010111101111
1000010010111110111
1000010010111111011
1000010010111111101
1000010010111111110
1000010011001111111
1000010011010111111
1000010011011011111
1000010011011101111
1000010011011110111
1000010011011111011
1000010011011111101
1000010011011111110
1000010011100111111
1000010011101011111
1000010011101101111
1000010011101110111
1000010011101111011
1000010011101111101
1000010011101111110
1000010011110011111
1000010011110101111
1000010011110110111
1000010011110111011
1000010011110111101
1000010011110111110
1000010011111001111
1000010011111010111
1000010011111011011
1000010011111011101
1000010011111011110
1000010011111100111
1000010011111101011
1000010011111101101
1000010011111101110
1000010011111110011
1000010011111110101
1000010011111110110
1000010011111111001
1000010011111111010
1000010011111111100
1000010100011111111
1000010100101111111
1000010100110111111
1000010100111011111
1000010100111101111
1000010100111110111
1000010100111111011
1000010100111111101
1000010100111111110
1000010101001111111
1000010101010111111
1000010101011011111
1000010101011101111
1000010101011110111
1000010101011111011
1000010101011111101
1000010101011111110
1000010101100111111
1000010101101011111
1000010101101101111
1000010101101110111
1000010101101111011
1000010101101111101
1000010101101111110
1000010101110011111
1000010101110101111
1000010101110110111
1000010101110111011
1000010101110111101
1000010101110111110
1000010101111001111
1000010101111011011
1000010101111100111
1000010101111101011
1000010101111101101
1000010101111101110
1000010101111110011
1000010101111111001
1000010101111111010
1000010110001111111
1000010110010111111
1000010110100111111
1000010110101011111
1000010110101111011
1000010110110011111
1000010110110110111
1000010110110111011
1000010111000111111
1000010111001011111
1000010111001101111
1000010111001110111
1000010111001111011
1000010111001111101
1000010111001111110
1000010111010011111
1000010111010101111
1000010111010110111
1000010111010111011
1000010111010111101
1000010111010111110
1000010111100011111
1000010111100101111
1000010111100110111
1000010111100111011
1000010111100111101
1000010111100111110
1000010111101001111
1000010111101010111
1000010111101011011
1000010111101011101
1000010111101011110
1000010111101101011
1000010111101110011
1000010111101111001
1000010111101111010
1000010111110001111
1000010111110010111
1000010111110011011
1000010111110011101
1000010111110011110
1000010111110100111
1000010111110101011
1000010111110110011
1000010111110110101
1000010111110110110
1000010111110111001
1000010111110111010
1000011000011111111
1000011000111111011
1000011001011011111
1000011010001111111
1000011010010111111
1000011010011011111
1000011010011101111
1000011010011110111
1000011010011111011
1000011010011111101
1000011010011111110
1000011010101111011
1000011010110111011
1000011010111011011
1000011010111101011
1000011010111110011
1000011010111111001
1000011010111111010
1000011011001011111
1000011011010011111
1000011011011001111
1000011011011010111
1000011011011011011
1000011011011011101
1000011011011011110
1000100000111111111
1000100001011111111
1000100001101111111
1000100001110111111
1000100001111011111
1000100001111101111
1000100001111110111
1000100001111111011
1000100001111111101
1000100001111111110
1000100010011111111
1000100010101111111
1000100010110111111
1000100010111011111
1000100010111101111
1000100010111110111
1000100010111111011
1000100010111111101
1000100010111111110
1000100011001111111
1000100011010111111
1000100011011011111
1000100011011101111
1000100011011110111
1000100011011111011
1000100011011111101
1000100011011111110
1000100011100111111
1000100011101011111
1000100011101101111
1000100011101110111
1000100011101111011
1000100011101111101
1000100011101111110
1000100011110011111
1000100011110101111
1000100011110110111
1000100011110111011
1000100011110111101
1000100011110111110
1000100011111001111
1000100011111010111
1000100011111011011
1000100011111011101
1000100011111011110
1000100011111100111
1000100011111101011
1000100011111101101
1000100011111101110
1000100011111110011
1000100011111110101
1000100011111110110
1000100011111111001
1000100011111111010
1000100011111111100
1000100100011111111
1000100100101111111
1000100100110111111
1000100100111011111
1000100100111101111
1000100100111110111
1000100100111111011
1000100100111111101
1000100100111111110
1000100101001111111
1000100101010111111
1000100101011011111
1000100101011101111
1000100101011110111
1000100101011111011
1000100101011111101
1000100101011111110
1000100101100111111
1000100101101011111
1000100101101101111
1000100101101110111
1000100101101111011
1000100101101111101
1000100101101111110
1000100101110011111
1000100101110101111
1000100101110110111
1000100101110111011
1000100101110111101
1000100101110111110
1000100101111011011
1000100101111101011
1000100101111110011
1000100101111111001
1000100101111111010
1000100110001111111
1000100110010111111
1000100110100111111
1000100110101011111
1000100110101111011
1000100110110011111
1000100110110110111
1000100110110111011
1000100111000111111
1000100111001011111
1000100111001101111
1000100111001110111
1000100111001111011
1000100111001111101
1000100111001111110
1000100111010011111
1000100111010101111
1000100111010110111
1000100111010111011
1000100111010111101
1000100111010111110
1000100111100011111
1000100111100101111
1000100111100110111
1000100111100111011
1000100111100111101
1000100111100111110
1000100111101001111
1000100111101010111
1000100111101011011
1000100111101011101
1000100111101011110
1000100111101101011
1000100111101110011
1000100111101111001
1000100111101111010
1000100111110001111
1000100111110010111
1000100111110011011
1000100111110011101
1000100111110011110
1000100111110100111
1000100111110101011
1000100111110110011
1000100111110110101
1000100111110110110
1000100111110111001
1000100111110111010
1000101000011111111
1000101000111111011
1000101001011011111
1000101010001111111
1000101010010111111
1000101010011011111
1000101010011101111
1000101010011110111
1000101010011111011
1000101010011111101
1000101010011111110
1000101010101111011
1000101010110111011
1000101010111011011
1000101010111101011
1000101010111110011
1000101010111111001
1000101010111111010
1000101011001011111
1000101011010011111
1000101011011001111
1000101011011010111
1000101011011011011
1000101011011011101
1000101011011011110
1001000000111111111
1001000001011111111
1001000001101111111
1001000001110111111
1001000001111011111
1001000001111101111
1001000001111110111
1001000001111111011
1001000001111111101
1001000001111111110
1001000010011111111
1001000010101111111
1001000010110111111
1001000010111011111
1001000010111101111
1001000010111110111
1001000010111111011
1001000010111111101
1001000010111111110
1001000011001111111
1001000011010111111
1001000011011011111
1001000011011101111
1001000011011110111
1001000011011111011
1001000011011111101
1001000011011111110
1001000011100111111
1001000011101011111
1001000011101101111
1001000011101110111
1001000011101111011
1001000011101111101
1001000011101111110
1001000011110011111
1001000011110101111
1001000011110110111
1001000011110111011
1001000011110111101
1001000011110111110
1001000011111001111
1001000011111010111
1001000011111011011
1001000011111011101
1001000011111011110
1001000011111100111
1001000011111101011
1001000011111101101
1001000011111101110
1001000011111110011
1001000011111110101
1001000011111110110
1001000011111111001
1001000011111111010
1001000011111111100
1001000100011111111
1001000100101111111
1001000100110111111
1001000100111011111
1001000100111101111
1001000100111110111
1001000100111111011
1001000100111111101
1001000100111111110
1001000101001111111
1001000101010111111
1001000101011011111
1001000101011101111
1001000101011110111
1001000101011111011
1001000101011111101
1001000101011111110
1001000101100111111
1001000101101011111
1001000101101101111
1001000101101110111
1001000101101111011
1001000101101111101
1001000101101111110
1001000101110011111
1001000101110101111
1001000101110110111
1001000101110111011
1001000101110111101
1001000101110111110
1001000101111001111
1001000101111010111
1001000101111011011
1001000101111011101
1001000101111011110
1001000101111100111
1001000101111101011
1001000101111110011
1001000101111110101
1001000101111110110
1001000101111111001
1001000101111111010
1001000110001111111
1001000110010111111
1001000110100111111
1001000110101011111
1001000110101111011
1001000110110011111
1001000110110110111
1001000110110111011
1001000111000111111
1001000111001011111
1001000111001101111
1001000111001110111
1001000111001111011
1001000111001111101
1001000111001111110
1001000111010011111
1001000111010101111
1001000111010110111
1001000111010111011
1001000111010111101
1001000111010111110
1001000111100011111
1001000111100101111
1001000111100110111
1001000111100111011
1001000111100111101
1001000111100111110
1001000111101001111
1001000111101010111
1001000111101011011
1001000111101011101
1001000111101011110
1001000111101101011
1001000111101110011
1001000111101111001
1001000111101111010
1001000111110001111
1001000111110010111
1001000111110011011
1001000111110011101
1001000111110011110
1001000111110100111
1001000111110101011
1001000111110110011
1001000111110110101
1001000111110110110
1001000111110111001
1001000111110111010
1001001000011111111
1001001000111111011
1001001001011011111
1001001001111001111
1001001010001111111
1001001010010111111
1001001010011011111
1001001010011101111
1001001010011110111
1001001010011111011
1001001010011111101
1001001010011111110
1001001010101111011
1001001010110111011
1001001010111001111
1001001010111011011
1001001010111101011
1001001010111110011
1001001010111111001
1001001010111111010
1001001011001011111
1001001011010011111
1001001011011001111
1001001011011010111
1001001011011011011
1001001011011011101
1001001011011011110
1001001011101001111
1001001011110001111
1001001011111000111
1001001011111001011
1001001011111001101
1001001011111001110
1010000000111111111
1010000001011111111
1010000001101111111
1010000001110111111
1010000001111011111
1010000001111101111
1010000001111110111
1010000001111111011
1010000001111111101
1010000001111111110
1010000010011111111
1010000010101111111
1010000010110111111
1010000010111011111
1010000010111101111
1010000010111110111
1010000010111111011
1010000010111111101
1010000010111111110
1010000011001111111
1010000011010111111
1010000011011011111
1010000011011101111
1010000011011110111
1010000011011111011
1010000011011111101
1010000011011111110
1010000011100111111
1010000011101011111
1010000011101101111
1010000011101110111
1010000011101111011
1010000011101111101
1010000011101111110
1010000011110011111
1010000011110101111
1010000011110110111
1010000011110111011
1010000011110111101
1010000011110111110
1010000011111001111
1010000011111010111
1010000011111011011
1010000011111011101
1010000011111011110
1010000011111100111
1010000011111101011
1010000011111101101
1010000011111101110
1010000011111110011
1010000011111110101
1010000011111110110
1010000011111111001
1010000011111111010
1010000011111111100
1010000100011111111
1010000100101111111
1010000100110111111
1010000100111011111
1010000100111101111
1010000100111110111
1010000100111111011
1010000100111111101
1010000100111111110
1010000101001111111
1010000101010111111
1010000101011011111
1010000101011101111
1010000101011110111
1010000101011111011
1010000101011111101
1010000101011111110
1010000101100111111
1010000101101011111
1010000101101101111
1010000101101110111
1010000101101111011
1010000101101111101
1010000101101111110
1010000101110011111
1010000101110101111
1010000101110110111
1010000101110111011
1010000101110111101
1010000101110111110
1010000101111001111
1010000101111010111
1010000101111011011
1010000101111011101
1010000101111011110
1010000101111101011
1010000101111110011
1010000101111111001
1010000101111111010
1010000110001111111
1010000110010111111
1010000110100111111
1010000110101011111
1010000110101111011
1010000110110011111
1010000110110110111
1010000110110111011
1010000111000111111
1010000111001011111
1010000111001101111
1010000111001110111
1010000111001111011
1010000111001111101
1010000111001111110
1010000111010011111
1010000111010101111
1010000111010110111
1010000111010111011
1010000111010111101
1010000111010111110
1010000111100011111
1010000111100101111
1010000111100110111
1010000111100111011
1010000111100111101
1010000111100111110
1010000111101001111
1010000111101010111
1010000111101011011
1010000111101011101
1010000111101011110
1010000111101101011
1010000111101110011
1010000111101111001
1010000111101111010
1010000111110001111
1010000111110010111
1010000111110011011
1010000111110011101
1010000111110011110
1010000111110100111
1010000111110101011
1010000111110110011
1010000111110110101
1010000111110110110
1010000111110111001
1010000111110111010
1010001000011111111
1010001000111111011
1010001001011011111
1010001010001111111
1010001010010111111
1010001010011011111
1010001010011101111
1010001010011110111
1010001010011111011
1010001010011111101
1010001010011111110
1010001010101111011
1010001010110111011
1010001010111011011
1010001010111101011
1010001010111110011
1010001010111111001
1010001010111111010
1010001011001011111
1010001011010011111
1010001011011001111
1010001011011010111
1010001011011011011
1010001011011011101
1010001011011011110
1100000000111111111
1100000001011111111
1100000001101111111
1100000001110111111
1100000001111011111
1100000001111101111
1100000001111110111
1100000001111111011
1100000001111111101
1100000001111111110
1100000010011111111
1100000010101111111
1100000010110111111
1100000010111011111
1100000010111101111
1100000010111110111
1100000010111111011
1100000010111111101
1100000010111111110
1100000011001111111
1100000011010111111
1100000011011011111
1100000011011101111
1100000011011110111
1100000011011111011
1100000011011111101
1100000011011111110
1100000011100111111
1100000011101011111
1100000011101101111
1100000011101110111
1100000011101111011
1100000011101111101
1100000011101111110
1100000011110011111
1100000011110101111
1100000011110110111
1100000011110111011
1100000011110111101
1100000011110111110
1100000011111001111
1100000011111010111
1100000011111011011
1100000011111011101
1100000011111011110
1100000011111100111
1100000011111101011
1100000011111101101
1100000011111101110
1100000011111110011
1100000011111110101
1100000011111110110
1100000011111111001
1100000011111111010
1100000011111111100
1100000100011111111
1100000100101111111
1100000100110111111
1100000100111011111
1100000100111101111
1100000100111110111
1100000100111111011
1100000100111111101
1100000100111111110
1100000101001111111
1100000101010111111
1100000101011011111
1100000101011101111
1100000101011110111
1100000101011111011
1100000101011111101
1100000101011111110
1100000101100111111
1100000101101011111
1100000101101101111
1100000101101110111
1100000101101111011
1100000101101111101
1100000101101111110
1100000101110011111
1100000101110101111
1100000101110110111
1100000101110111011
1100000101110111101
1100000101110111110
1100000101111001111
1100000101111010111
1100000101111011011
1100000101111011101
1100000101111011110
1100000101111100111
1100000101111101011
1100000101111101101
1100000101111101110
1100000101111110011
1100000101111110101
1100000101111110110
1100000101111111001
1100000101111111010
1100000101111111100
1100000110001111111
1100000110010111111
1100000110011011111
1100000110011101111
1100000110011110111
1100000110011111011
1100000110011111101
1100000110011111110
1100000110100111111
1100000110101011111
1100000110101101111
1100000110101110111
1100000110101111011
1100000110101111101
1100000110101111110
1100000110110011111
1100000110110101111
1100000110110110111
1100000110110111011
1100000110110111101
1100000110110111110
1100000110111001111
1100000110111011011
1100000110111101011
1100000110111110011
1100000110111111001
1100000110111111010
1100000111000111111
1100000111001011111
1100000111001101111
1100000111001110111
1100000111001111011
1100000111001111101
1100000111001111110
1100000111010011111
1100000111010101111
1100000111010110111
1100000111010111011
1100000111010111101
1100000111010111110
1100000111011001111
1100000111011010111
1100000111011011011
1100000111011011101
1100000111011011110
1100000111011100111
1100000111011101011
1100000111011101101
1100000111011101110
1100000111100011111
1100000111100101111
1100000111100110111
1100000111100111011
1100000111100111101
1100000111100111110
1100000111101001111
1100000111101010111
1100000111101011011
1100000111101011101
1100000111101011110
1100000111101100111
1100000111101101011
1100000111101101101
1100000111101101110
1100000111101110011
1100000111101111001
1100000111101111010
1100000111110001111
1100000111110010111
1100000111110011011
1100000111110011101
1100000111110011110
1100000111110100111
1100000111110101011
1100000111110101101
1100000111110101110
1100000111110110011
1100000111110110101
1100000111110110110
1100000111110111001
1100000111110111010
1100000111111000111
1100000111111001011
1100000111111001101
1100000111111001110
1100001000011111111
1100001000101111111
1100001000110111111
1100001000111111011
1100001001011011111
1100001001011101111
1100001001111001111
1100001001111010111
1100001001111100111
1100001010001111111
1100001010010111111
1100001010011011111
1100001010011101111
1100001010011110111
1100001010011111011
1100001010011111101
1100001010011111110
1100001010100111111
1100001010101011111
1100001010101101111
1100001010101110111
1100001010101111011
1100001010101111101
1100001010101111110
1100001010110011111
1100001010110101111
1100001010110110111
1100001010110111011
1100001010110111101
1100001010110111110
1100001010111001111
1100001010111010111
1100001010111011011
1100001010111100111
1100001010111101011
1100001010111110011
1100001010111111001
1100001010111111010
1100001011001011111
1100001011001101111
1100001011010011111
1100001011010101111
1100001011011001111
1100001011011010111
1100001011011011011
1100001011011011101
1100001011011011110
1100001011011100111
1100001011011101011
1100001011011101101
1100001011011101110
1100001011101001111
1100001011101010111
1100001011101100111
1100001011110001111
1100001011110010111
1100001011110100111
1100001011111000111
1100001011111001011
1100001011111001101
1100001011111001110
1100001011111010011
1100001011111010101
1100001011111010110
1100001011111100011
1100001011111100101
1100001011111100110
1100010000011111111
1100010000101111111
1100010000110111111
1100010000111111011
1100010001011011111
1100010001011101111
1100010001111001111
1100010010001111111
1100010010010111111
1100010010011011111
1100010010011101111
1100010010011110111
1100010010011111011
1100010010011111101
1100010010011111110
1100010010100111111
1100010010101011111
1100010010101101111
1100010010101110111
1100010010101111011
1100010010101111101
1100010010101111110
1100010010110011111
1100010010110101111
1100010010110110111
1100010010110111011
1100010010110111101
1100010010110111110
1100010010111001111
1100010010111011011
1100010010111101011
1100010010111110011
1100010010111111001
1100010010111111010
1100010011001011111
1100010011001101111
1100010011010011111
1100010011010101111
1100010011011001111
1100010011011010111
1100010011011011011
1100010011011011101
1100010011011011110
1100010011011100111
1100010011011101011
1100010011011101101
1100010011011101110
1100010011101001111
1100010011110001111
1100010011111000111
1100010011111001011
1100010011111001101
1100010011111001110
1100100000011111111
1100100000101111111
1100100000110111111
1100100000111011111
1100100000111101111
1100100000111110111
1100100000111111011
1100100000111111101
1100100000111111110
1100100001011011111
1100100001011101111
1100100001111001111
1100100010001111111
1100100010010111111
1100100010011011111
1100100010011101111
1100100010011110111
1100100010011111011
1100100010011111101
1100100010011111110
1100100010100111111
1100100010101011111
1100100010101101111
1100100010101110111
1100100010101111011
1100100010101111101
1100100010101111110
1100100010110011111
1100100010110101111
1100100010110110111
1100100010110111011
1100100010110111101
1100100010110111110
1100100010111001111
1100100010111011011
1100100010111101011
1100100010111110011
1100100010111111001
1100100010111111010
1100100011001011111
1100100011001101111
1100100011010011111
1100100011010101111
1100100011011001111
1100100011011010111
1100100011011011011
1100100011011011101
1100100011011011110
1100100011011100111
1100100011011101011
1100100011011101101
1100100011011101110
1100100011101001111
1100100011110001111
1100100011111000111
1100100011111001011
1100100011111001101
1100100011111001110
1101000000011111111
1101000000101111111
1101000000110111111
1101000000111111011
1101000001011011111
1101000001011101111
1101000001111001111
1101000010001111111
1101000010010111111
1101000010011011111
1101000010011101111
1101000010011110111
1101000010011111011
1101000010011111101
1101000010011111110
1101000010100111111
1101000010101011111
1101000010101101111
1101000010101110111
1101000010101111011
1101000010101111101
1101000010101111110
1101000010110011111
1101000010110101111
1101000010110110111
1101000010110111011
1101000010110111101
1101000010110111110
1101000010111001111
1101000010111011011
1101000010111101011
1101000010111110011
1101000010111111001
1101000010111111010
1101000011001011111
1101000011001101111
1101000011010011111
1101000011010101111
1101000011011001111
1101000011011010111
1101000011011011011
1101000011011011101
1101000011011011110
1101000011011100111
1101000011011101011
1101000011011101101
1101000011011101110
1101000011101001111
1101000011110001111
1101000011111000111
1101000011111001011
1101000011111001101
1101000011111001110
1110000000011111111
1110000000101111111
1110000000110111111
1110000000111111011
1110000001011011111
1110000001011101111
1110000001111001111
1110000010001111111
1110000010010111111
1110000010011011111
1110000010011101111
1110000010011110111
1110000010011111011
1110000010011111101
1110000010011111110
1110000010100111111
1110000010101011111
1110000010101101111
1110000010101110111
1110000010101111011
1110000010101111101
1110000010101111110
1110000010110011111
1110000010110101111
1110000010110110111
1110000010110111011
1110000010110111101
1110000010110111110
1110000010111001111
1110000010111011011
1110000010111101011
1110000010111110011
1110000010111111001
1110000010111111010
1110000011001011111
1110000011001101111
1110000011010011111
1110000011010101111
1110000011011001111
1110000011011010111
1110000011011011011
1110000011011011101
1110000011011011110
1110000011011100111
1110000011011101011
1110000011011101101
1110000011011101110
1110000011101001111
1110000011110001111
1110000011111000111
1110000011111001011
1110000011111001101
1110000011111001110
