0 0 1.999996699309487
0 1 -2.723553052872197e-06
0 2 -1.472795322797578e-05
0 3 -7.728772636516643e-06
0 4 2.601371907470403e-05
0 5 1.586699269118355e-05
0 6 6.836757684411227e-06
0 7 -7.10894536292664e-05
0 8 -2.467521196724899e-05
0 9 1.755857288833583e-06
0 10 -2.349337554555004e-06
0 11 -1.09148239529174e-05
0 12 -2.243697812785663e-05
0 13 6.236787132551651e-05
0 14 -8.458305521849757e-06
0 15 -5.492701197639607e-05
0 16 0.0001254810157625651
1 0 -2.723553052872189e-06
1 1 1.997827146507517
1 2 -0.0006112503737965473
1 3 0.001935080309892073
1 4 -0.003260083208958338
1 5 0.0006847995108572632
1 6 6.703287627806825e-05
1 7 -0.001372088563682305
1 8 -0.0002592997390048489
1 9 -0.001037497406267933
1 10 -0.0001885309921881202
1 11 0.0001642118454974653
1 12 -0.00183164350376012
1 13 -0.001738095211433397
1 14 -0.0006779441498801233
1 15 0.001134040571278141
1 16 0.002294143922153396
2 0 -1.472795322797579e-05
2 1 -0.0006112503737965473
2 2 1.992420775301606
2 3 0.0009603964418468407
2 4 -0.001649739806182161
2 5 -0.002121929343839389
2 6 -0.0005018649367618236
2 7 0.008259562166183457
2 8 0.003396888413983987
2 9 0.0001998641358110781
2 10 1.595940814286395e-05
2 11 0.004119104617648984
2 12 0.0007472414416594585
2 13 -0.006286236054433556
2 14 0.001390167448114401
2 15 0.003596221314963313
2 16 -0.01155310811228017
3 0 -7.728772636516604e-06
3 1 0.001935080309892076
3 2 0.000960396441846849
3 3 1.99263230231562
3 4 0.002738955548887847
3 5 0.005880761349619812
3 6 -0.0001939258932884828
3 7 0.002451773440928805
3 8 0.0009468419506597117
3 9 -0.003323955966618113
3 10 0.0005493482994853896
3 11 0.0001989282308885959
3 12 0.004241897136775065
3 13 -0.0006800167373938336
3 14 0.001057882501311394
3 15 -0.0001654169852868753
3 16 -0.002605845342854508
4 0 2.601371907470396e-05
4 1 -0.003260083208958357
4 2 -0.001649739806182186
4 3 0.002738955548887839
4 4 1.991185625816167
4 5 0.001136142398225981
4 6 0.0005189714553834626
4 7 -0.0008634345140060881
4 8 0.001174980956753837
4 9 -0.001069025950678376
4 10 -0.00126065256300791
4 11 0.0003195594220451808
4 12 0.002439382895590223
4 13 -0.002160751387508016
4 14 0.001179144829204604
4 15 -0.006230631343594837
4 16 0.004271127071508738
5 0 1.586699269118356e-05
5 1 0.0006847995108572501
5 2 -0.00212192934383939
5 3 0.005880761349619668
5 4 0.001136142398225982
5 5 1.986370363329658
5 6 0.0008879224541311488
5 7 0.0003440097244509333
5 8 0.0009088602809150335
5 9 0.003580899106042435
5 10 -0.00178092803895421
5 11 -0.001773761773486749
5 12 -0.00118511498118198
5 13 0.003299096276398287
5 14 0.001315227477135144
5 15 0.007373813862212837
5 16 6.144192315648861e-05
6 0 6.836757684411119e-06
6 1 6.703287627807163e-05
6 2 -0.0005018649367618236
6 3 -0.0001939258932884861
6 4 0.0005189714553834499
6 5 0.0008879224541311482
6 6 1.983678187584346
6 7 0.004338106367693781
6 8 -0.01696287393326066
6 9 -0.0004844106364186719
6 10 0.02152222311913971
6 11 0.02196368873223061
6 12 -0.003407267795526838
6 13 0.001143599907398142
6 14 0.005471768609008485
6 15 0.0001837260585097144
6 16 0.001279030452841409
7 0 -7.108945362926629e-05
7 1 -0.001372088563682313
7 2 0.00825956216618345
7 3 0.002451773440928789
7 4 -0.000863434514006082
7 5 0.0003440097244509836
7 6 0.004338106367693844
7 7 1.980894062864405
7 8 -0.0002884142354446849
7 9 0.0007435314285357323
7 10 -0.005193817631217566
7 11 -0.02214661505454035
7 12 0.002217741839061119
7 13 0.0009812090806977313
7 14 -0.0009316514030281702
7 15 2.430875255938277e-05
7 16 0.01650022221915547
8 0 -2.467521196724933e-05
8 1 -0.0002592997390048503
8 2 0.003396888413983998
8 3 0.0009468419506597108
8 4 0.001174980956753831
8 5 0.0009088602809150611
8 6 -0.01696287393326079
8 7 -0.0002884142354446982
8 8 1.968662733900954
8 9 0.0007537407616333394
8 10 0.02925207065317522
8 11 0.04950275714346636
8 12 -0.004230963741011987
8 13 0.002142488411307191
8 14 0.003286559312920892
8 15 -0.003484811558395453
8 16 0.009931936197925042
9 0 1.755857288833619e-06
9 1 -0.001037497406267922
9 2 0.0001998641358110724
9 3 -0.003323955966618163
9 4 -0.001069025950678385
9 5 0.00358089910604238
9 6 -0.0004844106364186764
9 7 0.00074353142853571
9 8 0.0007537407616333478
9 9 1.98235835005443
9 10 0.0001629054937485711
9 11 0.001319862573806001
9 12 -0.007916092697982628
9 13 0.02467517442961076
9 14 0.0006368074793073302
9 15 0.03551432771207248
9 16 0.002800085372009912
10 0 -2.349337554555102e-06
10 1 -0.0001885309921881141
10 2 1.595940814282942e-05
10 3 0.0005493482994853897
10 4 -0.001260652563007903
10 5 -0.001780928038954234
10 6 0.02152222311913959
10 7 -0.005193817631217643
10 8 0.02925207065317425
10 9 0.000162905493748563
10 10 1.938636506660777
10 11 0.003038316574599889
10 12 -0.0009059710208997263
10 13 -0.0004319802646671334
10 14 0.003842156863035533
10 15 -0.001301199080860428
10 16 -0.0003711751954718356
11 0 -1.091482395291747e-05
11 1 0.000164211845497462
11 2 0.004119104617648973
11 3 0.0001989282308886008
11 4 0.0003195594220451716
11 5 -0.001773761773486787
11 6 0.02196368873223015
11 7 -0.02214661505454057
11 8 0.04950275714346762
11 9 0.001319862573805948
11 10 0.003038316574599936
11 11 0.1013104923818659
11 12 -0.01134257398161172
11 13 0.002965351962346878
11 14 0.01332403236557075
11 15 -0.002339826983287823
11 16 -0.001461201392505706
12 0 -2.243697812785647e-05
12 1 -0.001831643503760118
12 2 0.0007472414416594571
12 3 0.004241897136775097
12 4 0.002439382895590253
12 5 -0.001185114981182018
12 6 -0.003407267795526736
12 7 0.002217741839061186
12 8 -0.004230963741012002
12 9 -0.007916092697982467
12 10 -0.0009059710208997437
12 11 -0.01134257398161158
12 12 0.01156498516416995
12 13 0.00451031797854878
12 14 -0.0009833157157872429
12 15 -0.004423359311561678
12 16 -0.004346670849675478
13 0 6.236787132551481e-05
13 1 -0.00173809521143335
13 2 -0.006286236054433653
13 3 -0.0006800167373939108
13 4 -0.002160751387508017
13 5 0.003299096276398578
13 6 0.00114359990739819
13 7 0.0009812090806976934
13 8 0.002142488411307177
13 9 0.02467517442961019
13 10 -0.0004319802646670399
13 11 0.002965351962346915
13 12 0.004510317978548919
13 13 0.02349860081358045
13 14 0.002023163830557431
13 15 0.003126023513571566
13 16 0.006569461978080009
14 0 -8.45830552184976e-06
14 1 -0.0006779441498801186
14 2 0.001390167448114352
14 3 0.001057882501311399
14 4 0.001179144829204613
14 5 0.00131522747713513
14 6 0.005471768609008614
14 7 -0.0009316514030281741
14 8 0.003286559312921047
14 9 0.0006368074793073972
14 10 0.003842156863035566
14 11 0.01332403236557085
14 12 -0.0009833157157872548
14 13 0.002023163830557416
14 14 0.005695069553497014
14 15 -0.0006107229178258791
14 16 -0.001310421427619129
15 0 -5.4927011976395e-05
15 1 0.001134040571278147
15 2 0.003596221314963269
15 3 -0.0001654169852868672
15 4 -0.006230631343594537
15 5 0.007373813862212728
15 6 0.0001837260585097148
15 7 2.430875255938797e-05
15 8 -0.003484811558395425
15 9 0.03551432771207322
15 10 -0.001301199080860493
15 11 -0.002339826983287818
15 12 -0.004423359311561723
15 13 0.003126023513571552
15 14 -0.0006107229178258799
15 15 0.02448019325874299
15 16 -0.004166878257244539
16 0 0.0001254810157625615
16 1 0.002294143922153405
16 2 -0.0115531081122801
16 3 -0.002605845342854561
16 4 0.004271127071508703
16 5 6.144192315647289e-05
16 6 0.001279030452841419
16 7 0.01650022221915538
16 8 0.009931936197925062
16 9 0.002800085372009884
16 10 -0.0003711751954718166
16 11 -0.001461201392505749
16 12 -0.004346670849675481
16 13 0.006569461978080059
16 14 -0.001310421427619115
16 15 -0.004166878257244542
16 16 0.01878790515565857
