 &FCI NORB=   7,NELEC= 8,MS2=0,
  ORBSYM=1,1,1,1,1,1,1
  ISYM=1,
 &END
 0.5874671558792497    1    1    1    1
 -0.01749595042663343    2    1    1    1
 0.1178763288072635    2    1    2    1
 0.5420283776834227    2    2    1    1
 0.0463427108604468    2    2    2    1
 0.5911054055675434    2    2    2    2
 0.004569896870580917    3    1    1    1
 -0.006273942714677214    3    1    2    1
 0.03610670722514284    3    1    2    2
 0.1220636912507519    3    1    3    1
 -0.002971096237889399    3    2    1    1
 0.03621015806555731    3    2    2    1
 0.01818271343434303    3    2    2    2
 -0.008851608245336533    3    2    3    1
 0.03639008192034202    3    2    3    2
 0.541678666981788    3    3    1    1
 -0.008570105533947924    3    3    2    1
 0.4792973074644016    3    3    2    2
 -0.04504292553699473    3    3    3    1
 0.0004363837980454851    3    3    3    2
 0.5624374201616176    3    3    3    3
 0.001638453070923652    4    1    1    1
 0.0002504814996726648    4    1    2    1
 -0.000853597390435315    4    1    2    2
 -0.0001196806351631316    4    1    3    1
 -0.0007606927099590334    4    1    3    2
 -0.0005741831518017338    4    1    3    3
 0.1105470137739268    4    1    4    1
 9.675311868983846e-05    4    2    1    1
 -3.519973238621558e-05    4    2    2    1
 0.0004449618508223727    4    2    2    2
 -0.0009235496565516883    4    2    3    1
 0.001153422118944666    4    2    3    2
 -0.0005475528644008837    4    2    3    3
 0.004771403562174399    4    2    4    1
 0.02532412505314599    4    2    4    2
 -0.0009447998077592826    4    3    1    1
 -0.001044471760196886    4    3    2    1
 0.0002826491235229896    4    3    2    2
 0.0008019817174906471    4    3    3    1
 -0.0007721958344647712    4    3    3    2
 -0.002263701562834576    4    3    3    3
 -0.00113747999227195    4    3    4    1
 -0.001229234193703851    4    3    4    2
 0.02462434185183845    4    3    4    3
 0.5912323535048096    4    4    1    1
 -0.0004169918120299833    4    4    2    1
 0.5293057918968276    4    4    2    2
 0.0002541156978217845    4    4    3    1
 -0.0002290642891646689    4    4    3    2
 0.523390056003215    4    4    3    3
 -0.0186436229243698    4    4    4    1
 -0.001549826439283254    4    4    4    2
 -0.0006461105040655033    4    4    4    3
 0.6644227232276969    4    4    4    4
 -0.04859665866731001    5    1    1    1
 0.006454750133603911    5    1    2    1
 -0.03814350960130921    5    1    2    2
 0.006524802104975954    5    1    3    1
 -0.005851567872673928    5    1    3    2
 -0.02694766522286167    5    1    3    3
 -0.02182703124249065    5    1    4    1
 -0.006210113182784745    5    1    4    2
 0.002350487234400546    5    1    4    3
 -0.05562163555896547    5    1    4    4
 0.0290879901037342    5    1    5    1
 0.0146986691990437    5    2    1    1
 -0.00969791398398759    5    2    2    1
 0.005151381751399454    5    2    2    2
 -0.01434667513981293    5    2    3    1
 0.004943823547300941    5    2    3    2
 0.009712762751462711    5    2    3    3
 -0.0121632699254823    5    2    4    1
 -0.003269989635816511    5    2    4    2
 -0.00276631564497104    5    2    4    3
 0.01825028434716166    5    2    4    4
 -0.011554086519386    5    2    5    1
 0.01645020487067165    5    2    5    2
 0.01628838087196452    5    3    1    1
 -0.01505990149662727    5    3    2    1
 0.01776524329334741    5    3    2    2
 0.0253975920004962    5    3    3    1
 -0.007630100088388945    5    3    3    2
 -0.006031730159119882    5    3    3    3
 0.003499749161638907    5    3    4    1
 -0.002740554431931038    5    3    4    2
 -0.0008256850458537167    5    3    4    3
 0.01793804840878772    5    3    4    4
 -0.00440038647351025    5    3    5    1
 -0.005844653843773034    5    3    5    2
 0.02994701189078986    5    3    5    3
 -0.07789006946768127    5    4    1    1
 -0.0202601878086603    5    4    2    1
 -0.06535245216016979    5    4    2    2
 0.009507265005736277    5    4    3    1
 -0.01042501338077625    5    4    3    2
 -0.06204686172042661    5    4    3    3
 -0.02153939652508673    5    4    4    1
 0.001286424537300024    5    4    4    2
 0.004186508820476405    5    4    4    3
 -0.0946794663666332    5    4    4    4
 0.02475198223070841    5    4    5    1
 -0.00669676582866408    5    4    5    2
 0.00158467717789717    5    4    5    3
 0.04797788071349963    5    4    5    4
 0.3813216740347336    5    5    1    1
 -0.04766480308249021    5    5    2    1
 0.3496111681548192    5    5    2    2
 0.007006570732175334    5    5    3    1
 -0.02553634071678101    5    5    3    2
 0.3741138946509089    5    5    3    3
 0.02560525449335338    5    5    4    1
 -0.003407517276599616    5    5    4    2
 0.0006534986470582299    5    5    4    3
 0.3773661924003764    5    5    4    4
 -0.007389736055965396    5    5    5    1
 -0.007765859061678321    5    5    5    2
 0.01737564394294613    5    5    5    3
 -0.0004603558487545053    5    5    5    4
 0.4013172181644129    5    5    5    5
 -0.04939820324940165    6    1    1    1
 -0.02980076492747671    6    1    2    1
 -0.03351550378884403    6    1    2    2
 -0.01424929859419501    6    1    3    1
 0.004585563209677625    6    1    3    2
 -0.04259243850520988    6    1    3    3
 -0.003236252915406783    6    1    4    1
 0.002324321405966591    6    1    4    2
 0.00194499665737532    6    1    4    3
 -0.07193641009174227    6    1    4    4
 0.004577987827592347    6    1    5    1
 0.003977705199988547    6    1    5    2
 0.000640735761279057    6    1    5    3
 0.02365377562399385    6    1    5    4
 -0.01264091956204838    6    1    5    5
 0.05391356426654712    6    1    6    1
 -0.09307932752305288    6    2    1    1
 0.03702462527226594    6    2    2    1
 -0.03073699498987064    6    2    2    2
 0.0201306185944248    6    2    3    1
 0.02420438549055616    6    2    3    2
 -0.08040311312618841    6    2    3    3
 0.005082574939618032    6    2    4    1
 0.002486802136534379    6    2    4    2
 0.0008917146063886029    6    2    4    3
 -0.1083283780554745    6    2    4    4
 0.01721524816150932    6    2    5    1
 -0.01079583878104075    6    2    5    2
 -0.006864734135757761    6    2    5    3
 0.0187124097916491    6    2    5    4
 -0.05554717439270728    6    2    5    5
 0.04885251101425291    6    2    6    1
 0.126047475578047    6    2    6    2
 -0.04411486471995128    6    3    1    1
 0.0206030660844856    6    3    2    1
 -0.009951378346887373    6    3    2    2
 -0.01041742325601956    6    3    3    1
 -0.000825848586093366    6    3    3    2
 -0.04064534664520834    6    3    3    3
 0.003386200814274544    6    3    4    1
 0.0008173000419979524    6    3    4    2
 0.0003519209391882974    6    3    4    3
 -0.04730609795283701    6    3    4    4
 0.008072847661552035    6    3    5    1
 -0.005739145047903324    6    3    5    2
 -0.002683223239478966    6    3    5    3
 0.009573758393384129    6    3    5    4
 -0.01862349854987317    6    3    5    5
 0.02078346308534085    6    3    6    1
 0.04261726485118824    6    3    6    2
 0.03313052818089637    6    3    6    3
 -0.009298113114683582    6    4    1    1
 0.004972450964257018    6    4    2    1
 -0.001556427050607599    6    4    2    2
 0.003667089925661358    6    4    3    1
 0.00141948753856354    6    4    3    2
 -0.006571837751956197    6    4    3    3
 -0.03909971891630305    6    4    4    1
 -0.01671050783299309    6    4    4    2
 -0.005041538713714469    6    4    4    3
 -0.004379069808804096    6    4    4    4
 0.01380775191038875    6    4    5    1
 0.004597934503220764    6    4    5    2
 0.0007466945448819157    6    4    5    3
 0.008805808423158198    6    4    5    4
 -0.01015415985795919    6    4    5    5
 0.002212333731740243    6    4    6    1
 0.005564653195976663    6    4    6    2
 0.001776342715901301    6    4    6    3
 0.03029244300920962    6    4    6    4
 -0.002560301792543531    6    5    1    1
 0.006407735408857858    6    5    2    1
 -0.003161699254667018    6    5    2    2
 0.005579113380218632    6    5    3    1
 -0.003139960525801665    6    5    3    2
 -0.001856243278698109    6    5    3    3
 0.01721726282693413    6    5    4    1
 0.003762348681853813    6    5    4    2
 0.001560452253348257    6    5    4    3
 -0.0005625301774997304    6    5    4    4
 0.0002724673014385706    6    5    5    1
 -0.007678565534591585    6    5    5    2
 0.0002471235482867666    6    5    5    3
 -0.003081285531539914    6    5    5    4
 0.005646686650929432    6    5    5    5
 -0.008161614458786317    6    5    6    1
 -0.0005649948636591351    6    5    6    2
 0.0007148259982970515    6    5    6    3
 -0.009742843437973278    6    5    6    4
 0.007163602599363238    6    5    6    5
 0.5077931619607193    6    6    1    1
 0.1070526663219943    6    6    2    1
 0.5898382154750462    6    6    2    2
 0.04091084507339947    6    6    3    1
 0.05360402776637457    6    6    3    2
 0.4559252215371971    6    6    3    3
 0.002276352527600959    6    6    4    1
 0.003370474002942388    6    6    4    2
 -7.26276131059977e-05    6    6    4    3
 0.5090124914035818    6    6    4    4
 -0.03799646072760463    6    6    5    1
 0.001335966030190979    6    6    5    2
 0.008652888521561975    6    6    5    3
 -0.07863592745120367    6    6    5    4
 0.3005865603223892    6    6    5    5
 -0.03434751802416912    6    6    6    1
 0.03452092740239772    6    6    6    2
 0.003529435906275563    6    6    6    3
 0.0001032279482250477    6    6    6    4
 -0.001240699595860893    6    6    6    5
 0.6886290032104013    6    6    6    6
 -0.01330054618723531    7    1    1    1
 0.01140538432583321    7    1    2    1
 0.002205216824307807    7    1    2    2
 -0.02910342434841014    7    1    3    1
 -0.01356934589362288    7    1    3    2
 -0.01191442578094888    7    1    3    3
 8.191063656327093e-05    7    1    4    1
 -0.001839294286046639    7    1    4    2
 0.003472513512539861    7    1    4    3
 -0.009485906665765738    7    1    4    4
 0.003878251663238609    7    1    5    1
 -0.007072385935089248    7    1    5    2
 0.01307624294967711    7    1    5    3
 0.007258845521055986    7    1    5    4
 0.008786823778441224    7    1    5    5
 0.004502521881353326    7    1    6    1
 -0.007104319364900046    7    1    6    2
 0.02196828839062948    7    1    6    3
 0.0006528677693110525    7    1    6    4
 0.00131147346262244    7    1    6    5
 -0.01247649654384908    7    1    6    6
 0.05435893002931489    7    1    7    1
 0.04603675389992099    7    2    1    1
 0.02662662830643909    7    2    2    1
 0.04149599591231055    7    2    2    2
 -0.03579599451375854    7    2    3    1
 0.003598430756266067    7    2    3    2
 0.04511939291750678    7    2    3    3
 -0.003886222536591821    7    2    4    1
 0.0004745065688152424    7    2    4    2
 -0.001390394993326717    7    2    4    3
 0.05670231743513002    7    2    4    4
 -0.01468884875522128    7    2    5    1
 0.01166050489272362    7    2    5    2
 -0.01314454483621507    7    2    5    3
 -0.02674343209660242    7    2    5    4
 -0.01192289765597995    7    2    5    5
 -0.01874541988510017    7    2    6    1
 -0.02266323085434705    7    2    6    2
 -6.405322473244498e-05    7    2    6    3
 -0.00112123369170731    7    2    6    4
 -0.002071921182576071    7    2    6    5
 0.04583277653260416    7    2    6    6
 -4.500470075886663e-06    7    2    7    1
 0.04912951491152293    7    2    7    2
 -0.1071961872285812    7    3    1    1
 -0.03297192175013966    7    3    2    1
 -0.1019328253345461    7    3    2    2
 -0.01951234375201335    7    3    3    1
 -0.007215638849420006    7    3    3    2
 -0.07625027301283815    7    3    3    3
 0.007045786111146917    7    3    4    1
 -0.0004465591407004754    7    3    4    2
 -0.0001713636226175474    7    3    4    3
 -0.1266012630680749    7    3    4    4
 0.02898867137911279    7    3    5    1
 -0.009351632457379211    7    3    5    2
 -0.01592952365894161    7    3    5    3
 0.04073707965210302    7    3    5    4
 -0.0004875866573935913    7    3    5    5
 0.04042503449064786    7    3    6    1
 0.02745408334704298    7    3    6    2
 0.0171070662808357    7    3    6    3
 0.0007017029510277086    7    3    6    4
 0.0007705064007662312    7    3    6    5
 -0.124380977571245    7    3    6    6
 0.004050041868269568    7    3    7    1
 -0.03522680971912538    7    3    7    2
 0.1046368983627958    7    3    7    3
 -0.0001500681422746344    7    4    1    1
 -0.00434515615487442    7    4    2    1
 9.298837758267084e-05    7    4    2    2
 0.007923346617581739    7    4    3    1
 -0.001846985823624751    7    4    3    2
 -0.002978176583261336    7    4    3    3
 -0.0009439851706172892    7    4    4    1
 0.006922481740702041    7    4    4    2
 -0.01538767131641835    7    4    4    3
 -0.001033690727712631    7    4    4    4
 0.001451548189703383    7    4    5    1
 -0.004118286893028965    7    4    5    2
 0.00755063622183961    7    4    5    3
 0.002835047678326143    7    4    5    4
 0.003545160995990576    7    4    5    5
 0.0005057083373271486    7    4    6    1
 8.25508197092649e-05    7    4    6    2
 -0.0006610374056584214    7    4    6    3
 0.0006427867343485537    7    4    6    4
 0.0006117674574032588    7    4    6    5
 -0.001668420231680537    7    4    6    6
 -0.002377504027746956    7    4    7    1
 -0.003988458227976417    7    4    7    2
 0.0005050545459008732    7    4    7    3
 0.02074313870023108    7    4    7    4
 0.01004749980463368    7    5    1    1
 -0.01936885441474735    7    5    2    1
 0.01671984519212559    7    5    2    2
 0.04564943142739959    7    5    3    1
 -0.01299079946422729    7    5    3    2
 -0.01761089032098211    7    5    3    3
 0.005253989635875345    7    5    4    1
 -0.006311701997310148    7    5    4    2
 0.01019628861582791    7    5    4    3
 0.008396831598876829    7    5    4    4
 0.002308974444162014    7    5    5    1
 -0.01034310322051768    7    5    5    2
 0.02658251981711291    7    5    5    3
 0.00670225058471889    7    5    5    4
 0.01985473754490278    7    5    5    5
 -0.0002257879401378264    7    5    6    1
 -0.001158856548470772    7    5    6    2
 -0.002879484440580168    7    5    6    3
 0.0004088724076932866    7    5    6    4
 0.00306521270359663    7    5    6    5
 0.005332104545698184    7    5    6    6
 0.00264714264983211    7    5    7    1
 -0.01841238522778738    7    5    7    2
 -0.00909576173911911    7    5    7    3
 0.0004254492384607574    7    5    7    4
 0.04186815041722133    7    5    7    5
 0.006688591259122811    7    6    1    1
 -0.02295071307738315    7    6    2    1
 -0.008363869282359234    7    6    2    2
 0.03724027494905493    7    6    3    1
 -0.002052350472934567    7    6    3    2
 0.0009530393834676826    7    6    3    3
 0.0007540127282003264    7    6    4    1
 -0.0004616431928559793    7    6    4    2
 0.0001501239253658458    7    6    4    3
 0.003310242770744136    7    6    4    4
 0.001651756508544822    7    6    5    1
 -0.002516361726900463    7    6    5    2
 0.006954877251814207    7    6    5    3
 0.005467207028988283    7    6    5    4
 0.01328868142758795    7    6    5    5
 -0.004331004020490313    7    6    6    1
 -0.002717491603280142    7    6    6    2
 -0.02006950522896633    7    6    6    3
 -0.0003515945087150289    7    6    6    4
 0.001367310262597867    7    6    6    5
 -0.01191792728579958    7    6    6    6
 -0.02257594889162935    7    6    7    1
 -0.02301065924042658    7    6    7    2
 -0.001780539159152929    7    6    7    3
 0.002992956069289688    7    6    7    4
 0.01398590808096676    7    6    7    5
 0.02936850598810514    7    6    7    6
 0.5500772095832149    7    7    1    1
 -0.01752542991705026    7    7    2    1
 0.5003474055881346    7    7    2    2
 -0.006221486884488356    7    7    3    1
 -0.02119087319915248    7    7    3    2
 0.5415923142851294    7    7    3    3
 -0.003585690544243352    7    7    4    1
 -0.002474140645859184    7    7    4    2
 -0.000680267638820403    7    7    4    3
 0.5416088032316039    7    7    4    4
 -0.0277223457419334    7    7    5    1
 0.00436008222169404    7    7    5    2
 0.006019495992408409    7    7    5    3
 -0.05764976996998205    7    7    5    4
 0.4003927007707972    7    7    5    5
 -0.05748298159485195    7    7    6    1
 -0.1008340583297419    7    7    6    2
 -0.04029810116462326    7    7    6    3
 -0.005075116075753676    7    7    6    4
 0.002310161713748192    7    7    6    5
 0.462140351403567    7    7    6    6
 -0.004332041773165208    7    7    7    1
 0.04308222957542965    7    7    7    2
 -0.0856106548614556    7    7    7    3
 -0.0007030070495367404    7    7    7    4
 0.003496662090070792    7    7    7    5
 0.005150274270713857    7    7    7    6
 0.5779639886706396    7    7    7    7
 -4.956330351646939    1    1  0  0
 -0.01495277042501975    2    1  0  0
 -4.265679901818281    2    2  0  0
 0.002824060893770073    3    1  0  0
 -0.01972195308666158    3    2  0  0
 -4.188066035157659    3    3  0  0
 0.02062751292302389    4    1  0  0
 0.001484749745091001    4    2  0  0
 0.005267854919155334    4    3  0  0
 -4.267534774479411    4    4  0  0
 0.2841825187344565    5    1  0  0
 -0.09036359553325059    5    2  0  0
 -0.08229663098233855    5    3  0  0
 0.4793354508462461    5    4  0  0
 -2.471698225063007    5    5  0  0
 0.3329944594104843    6    1  0  0
 0.5470215659625287    6    2  0  0
 0.2483036107218136    6    3  0  0
 0.0388342648750381    6    4  0  0
 0.01618628323704774    6    5  0  0
 -3.323770866495249    6    6  0  0
 0.05786107761664893    7    1  0  0
 -0.32610076093125    7    2  0  0
 0.7068182468446018    7    3  0  0
 0.007489082691343039    7    4  0  0
 -0.03266229197396167    7    5  0  0
 -0.005586864219759887    7    6  0  0
 -3.375837104416187    7    7  0  0
 0  0  0  0  0
