 &FCI NORB=   8,NELEC= 8,MS2=0,
  ORBSYM=1,1,1,1,1,1,1,1
  ISYM=1,
 &END
 0.5070666661779176    1    1    1    1
 -0.005084472662311906    2    1    1    1
 0.1062081146904191    2    1    2    1
 0.4810518781221353    2    2    1    1
 -0.002577696228155858    2    2    2    1
 0.5249390618196036    2    2    2    2
 0.0133126330265388    3    1    1    1
 0.006307879216292681    3    1    2    1
 -0.01359994959815    3    1    2    2
 0.1123093173109997    3    1    3    1
 0.004163559234488202    3    2    1    1
 -0.01726945856961824    3    2    2    1
 -0.02014517060932523    3    2    2    2
 0.02429699702921622    3    2    3    1
 0.03248251443028582    3    2    3    2
 0.4848583895607908    3    3    1    1
 0.02524570236092682    3    3    2    1
 0.4336587751621147    3    3    2    2
 0.03280061570022784    3    3    3    1
 0.01322342758660242    3    3    3    2
 0.5146702472405794    3    3    3    3
 -0.003627031820953602    4    1    1    1
 -0.006492050179939152    4    1    2    1
 0.04889369508789367    4    1    2    2
 0.0008236837155834941    4    1    3    1
 -0.02012853376642292    4    1    3    2
 -0.02516653064818033    4    1    3    3
 0.1020389721959563    4    1    4    1
 -0.007583378267813533    4    2    1    1
 0.05134502967474066    4    2    2    1
 -0.005697126985901768    4    2    2    2
 -0.02142701881372849    4    2    3    1
 -0.01787796492538901    4    2    3    2
 0.0066605572718139    4    2    3    3
 -0.01114337030703881    4    2    4    1
 0.05749779383572868    4    2    4    2
 -0.005653767425050026    4    3    1    1
 -0.0222168141148953    4    3    2    1
 -0.0225027562662044    4    3    2    2
 -0.02855541815655954    4    3    3    1
 0.007201274805374187    4    3    3    2
 -0.01158962158071599    4    3    3    3
 -0.03323859503584704    4    3    4    1
 -0.003347072220869269    4    3    4    2
 0.04544789873472276    4    3    4    3
 0.4756718578200299    4    4    1    1
 -0.01165510133355964    4    4    2    1
 0.4548124771832783    4    4    2    2
 -0.03226512228898983    4    4    3    1
 -0.004569127332229626    4    4    3    2
 0.4398394989557131    4    4    3    3
 -0.007778364405549223    4    4    4    1
 8.940771287926062e-05    4    4    4    2
 0.01450929219309406    4    4    4    3
 0.4910108798651523    4    4    4    4
 -0.02153230915374962    5    1    1    1
 0.008089260044031566    5    1    2    1
 -0.03069878043809783    5    1    2    2
 -0.002143644157433961    5    1    3    1
 0.00974223062568587    5    1    3    2
 0.0001727947895860756    5    1    3    3
 0.02232544551397138    5    1    4    1
 0.0001076567820019798    5    1    4    2
 0.005671260359424649    5    1    4    3
 -0.01318443222462724    5    1    4    4
 0.05205238483177538    5    1    5    1
 0.01828343434754794    5    2    1    1
 -0.04083265114465939    5    2    2    1
 0.003717196875437695    5    2    2    2
 0.02584899137125854    5    2    3    1
 0.01761185907837866    5    2    3    2
 0.01163099536028696    5    2    3    3
 -0.002249457866562933    5    2    4    1
 -0.02433368071788576    5    2    4    2
 0.003681191513158453    5    2    4    3
 0.003611798731599951    5    2    4    4
 -0.001587610339101512    5    2    5    1
 0.03994401804833658    5    2    5    2
 -0.009890533129083378    5    3    1    1
 0.02720797709027574    5    3    2    1
 0.002157097352323671    5    3    2    2
 0.03799411999939377    5    3    3    1
 0.00125665142965105    5    3    3    2
 0.007221755530242065    5    3    3    3
 0.01960804029960511    5    3    4    1
 0.004261430531792416    5    3    4    2
 -0.02338498904739381    5    3    4    3
 -0.03073761372557602    5    3    4    4
 0.004229798512332922    5    3    5    1
 -0.002784205539472777    5    3    5    2
 0.050869893370537    5    3    5    3
 0.07691353606718698    5    4    1    1
 -0.004256229309866666    5    4    2    1
 0.05447154107840039    5    4    2    2
 0.02126025248009459    5    4    3    1
 0.003770934941355414    5    4    3    2
 0.05288566562609955    5    4    3    3
 0.007933478247918378    5    4    4    1
 -0.01028156314815023    5    4    4    2
 -0.01759358387782482    5    4    4    3
 0.0587851790417374    5    4    4    4
 -0.0211079573686385    5    4    5    1
 0.01876350303588023    5    4    5    2
 -0.0007450644199596929    5    4    5    3
 0.08123807635990284    5    4    5    4
 0.4795811569209733    5    5    1    1
 0.007152089258896048    5    5    2    1
 0.443181438171597    5    5    2    2
 -0.003369929838196359    5    5    3    1
 0.0002116272429926422    5    5    3    2
 0.464705522209048    5    5    3    3
 -0.03313613816542651    5    5    4    1
 0.01507423509266072    5    5    4    2
 0.00424588559375497    5    5    4    3
 0.4731757177881402    5    5    4    4
 -0.02381151735017673    5    5    5    1
 0.005872126467635476    5    5    5    2
 -0.0225705690955235    5    5    5    3
 0.06479589746306587    5    5    5    4
 0.5002678594399641    5    5    5    5
 -0.004946868252080893    6    1    1    1
 0.01165040611437267    6    1    2    1
 0.0003344104772860536    6    1    2    2
 -0.01696920223175464    6    1    3    1
 0.005557609492385476    6    1    3    2
 0.006959109947845541    6    1    3    3
 -0.008398066057716076    6    1    4    1
 -0.01322034511978844    6    1    4    2
 -0.006779328185693413    6    1    4    3
 -0.008945020360146888    6    1    4    4
 -8.061851242832927e-05    6    1    5    1
 -0.0004228159547224696    6    1    5    2
 0.009206542000054522    6    1    5    3
 0.00130021358664077    6    1    5    4
 -0.012876296078996    6    1    5    5
 0.04845438783257839    6    1    6    1
 0.0365525493060481    6    2    1    1
 0.007171019147515635    6    2    2    1
 0.0009773790262659081    6    2    2    2
 0.015333237328988    6    2    3    1
 0.006859357151137453    6    2    3    2
 0.04585887113491657    6    2    3    3
 -0.03718160662611634    6    2    4    1
 -8.624532441752882e-05    6    2    4    2
 0.009807991098657258    6    2    4    3
 0.01987241258971814    6    2    4    4
 -0.002384742120103011    6    2    5    1
 0.009302797114018681    6    2    5    2
 -0.008218394979704695    6    2    5    3
 0.02168909535335529    6    2    5    4
 0.03882458483868207    6    2    5    5
 -0.0004767103695395193    6    2    6    1
 0.04742329749656875    6    2    6    2
 -0.06787638925032258    6    3    1    1
 0.01692777835034369    6    3    2    1
 -0.06321512475271453    6    3    2    2
 0.01973198665193879    6    3    3    1
 0.01235923057742686    6    3    3    2
 -0.04637140936255098    6    3    3    3
 -0.01693076155944944    6    3    4    1
 0.00959390539395375    6    3    4    2
 -0.004540176162336344    6    3    4    3
 -0.05435238407481473    6    3    4    4
 0.01523103132777212    6    3    5    1
 -0.009505366259312439    6    3    5    2
 0.02115610806263574    6    3    5    3
 -0.04578132682401525    6    3    5    4
 -0.04601886557824249    6    3    5    5
 0.001211237115768078    6    3    6    1
 -0.01288446533328391    6    3    6    2
 0.07147960459394055    6    3    6    3
 -0.0336978776832542    6    4    1    1
 -0.03950775520525742    6    4    2    1
 -0.03461011047933112    6    4    2    2
 -0.02055437171426335    6    4    3    1
 0.01035881637160406    6    4    3    2
 -0.03840503622748528    6    4    3    3
 -0.01837564910934466    6    4    4    1
 -0.01543365472152944    6    4    4    2
 0.02074284713362661    6    4    4    3
 -0.01504396931920912    6    4    4    4
 0.004480524403521704    6    4    5    1
 0.01357747098407178    6    4    5    2
 -0.03052695737753511    6    4    5    3
 -0.02922070903365434    6    4    5    4
 -0.02449164683499868    6    4    5    5
 0.0001684117432618287    6    4    6    1
 -0.007291259910517815    6    4    6    2
 0.01292324403390496    6    4    6    3
 0.05087578812420417    6    4    6    4
 -0.005483895010526894    6    5    1    1
 0.01701224900316432    6    5    2    1
 0.004495873940084249    6    5    2    2
 0.02832919884649225    6    5    3    1
 -0.006397372949149375    6    5    3    2
 0.0119743006237101    6    5    3    3
 0.01584652820518157    6    5    4    1
 0.0126374862081166    6    5    4    2
 -0.03537204943567903    6    5    4    3
 -0.03108278989000857    6    5    4    4
 -0.00871692785059193    6    5    5    1
 -0.0004015195847771887    6    5    5    2
 0.02743071316805454    6    5    5    3
 0.004805919491220897    6    5    5    4
 -0.0120287065007715    6    5    5    5
 0.001916668849508379    6    5    6    1
 -0.003901302321285775    6    5    6    2
 0.008667617071105537    6    5    6    3
 -0.0195337778813119    6    5    6    4
 0.04761023301159639    6    5    6    5
 0.484567642484634    6    6    1    1
 -0.001760903122537298    6    6    2    1
 0.4624162436586578    6    6    2    2
 -0.001136075132594066    6    6    3    1
 -0.005021838973844461    6    6    3    2
 0.4725804612428539    6    6    3    3
 -0.003551048628960853    6    6    4    1
 -0.00490916185831467    6    6    4    2
 0.004095405884292263    6    6    4    3
 0.4617285142419628    6    6    4    4
 -0.01343411204399307    6    6    5    1
 0.01085057861892067    6    6    5    2
 -0.01165449356543734    6    6    5    3
 0.05873669128083642    6    6    5    4
 0.4690522801730632    6    6    5    5
 -0.003658943060420884    6    6    6    1
 0.03831808342730446    6    6    6    2
 -0.07211799890498698    6    6    6    3
 -0.03119476860049511    6    6    6    4
 -0.01180506390772065    6    6    6    5
 0.4966417457710903    6    6    6    6
 -0.05465330276588261    7    1    1    1
 0.01154554956523059    7    1    2    1
 -0.03533203029235446    7    1    2    2
 0.008290425565300314    7    1    3    1
 -0.001883413281038318    7    1    3    2
 -0.05427718864966903    7    1    3    3
 -0.001746480799184263    7    1    4    1
 -0.007644452331906422    7    1    4    2
 0.007477627277747611    7    1    4    3
 -0.03852926327578147    7    1    4    4
 0.002806987847221142    7    1    5    1
 -0.009794639732509377    7    1    5    2
 0.004247574833431323    7    1    5    3
 -0.04044191613050192    7    1    5    4
 -0.04903127041442368    7    1    5    5
 0.002168762265341149    7    1    6    1
 -0.0215124162398616    7    1    6    2
 0.03346672381418517    7    1    6    3
 0.01843779305215662    7    1    6    4
 -0.01245418511158001    7    1    6    5
 -0.04910913183290276    7    1    6    6
 0.0540472785122315    7    1    7    1
 0.04395212687287565    7    2    1    1
 0.02379570272073641    7    2    2    1
 0.0280207900380321    7    2    2    2
 -0.00386473717194228    7    2    3    1
 -0.0004957845346069232    7    2    3    2
 0.04694095626070934    7    2    3    3
 -0.0202820163603506    7    2    4    1
 0.03088794505879246    7    2    4    2
 -0.003398949121603892    7    2    4    3
 0.02780603247909596    7    2    4    4
 -0.01080091020630278    7    2    5    1
 -0.01241637535333925    7    2    5    2
 0.0001728912458105552    7    2    5    3
 0.02485937974509153    7    2    5    4
 0.0514014585092277    7    2    5    5
 -0.01398269472642398    7    2    6    1
 0.02782887544949952    7    2    6    2
 -0.0142763527266215    7    2    6    3
 -0.02789253898784762    7    2    6    4
 0.01317669377305373    7    2    6    5
 0.03535115959878748    7    2    6    6
 -0.04159784238798458    7    2    7    1
 0.06603449127152562    7    2    7    2
 0.03980308599621341    7    3    1    1
 -0.005459844511676262    7    3    2    1
 0.04301424805924066    7    3    2    2
 -0.02325119201452918    7    3    3    1
 -0.0002946588265611353    7    3    3    2
 0.03195138547700282    7    3    3    3
 0.01729029417044373    7    3    4    1
 -0.003488402459299037    7    3    4    2
 -0.009181932724201444    7    3    4    3
 0.03106537294749875    7    3    4    4
 -0.003178136494806923    7    3    5    1
 0.003586474984125832    7    3    5    2
 -0.004790844203153756    7    3    5    3
 0.03121366577434749    7    3    5    4
 0.02372919034412752    7    3    5    5
 0.01767441010471419    7    3    6    1
 -2.574977160562769e-05    7    3    6    2
 -0.03511853293724111    7    3    6    3
 -0.01058479577704014    7    3    6    4
 0.003817353472081867    7    3    6    5
 0.03546315624838334    7    3    6    6
 -0.03088170542625021    7    3    7    1
 0.0137751688804464    7    3    7    2
 0.03928735836593508    7    3    7    3
 -0.01224792968779835    7    4    1    1
 -0.02022906951897582    7    4    2    1
 0.0131525442894969    7    4    2    2
 0.0195165536247102    7    4    3    1
 -0.0009858978770076324    7    4    3    2
 -0.02383841318354204    7    4    3    3
 0.01657198203437584    7    4    4    1
 -0.01902605522539722    7    4    4    2
 -0.01172657778035163    7    4    4    3
 -0.02407539159322373    7    4    4    4
 -0.02391026094324084    7    4    5    1
 0.0152594117476014    7    4    5    2
 0.0209442406958183    7    4    5    3
 0.001608431074910665    7    4    5    4
 -0.03045837834179019    7    4    5    5
 0.01120117541535182    7    4    6    1
 -0.02308805312785897    7    4    6    2
 0.0002832906163650901    7    4    6    3
 0.0008679761269131132    7    4    6    4
 0.01421629149567561    7    4    6    5
 -0.01603002628853746    7    4    6    6
 0.01591227198080217    7    4    7    1
 -0.02843543044151392    7    4    7    2
 0.0004322504005504019    7    4    7    3
 0.04961636257729073    7    4    7    4
 -0.01230306006000021    7    5    1    1
 -0.01105357399463825    7    5    2    1
 -0.03910213813141736    7    5    2    2
 -0.01062900047367744    7    5    3    1
 0.009252964079287201    7    5    3    2
 -0.006254328820723881    7    5    3    3
 -0.05711082372780094    7    5    4    1
 0.01313461207473159    7    5    4    2
 0.03425896570762491    7    5    4    3
 -0.001135206351744397    7    5    4    4
 -0.007701330461474728    7    5    5    1
 0.00512250606898604    7    5    5    2
 -0.02248123845980804    7    5    5    3
 -0.02044646486349513    7    5    5    4
 0.0127012173728157    7    5    5    5
 -0.0138200135204668    7    5    6    1
 0.02066298330826594    7    5    6    2
 0.01231550053603468    7    5    6    3
 0.02265286749084343    7    5    6    4
 -0.01938210044101804    7    5    6    5
 -0.008860417587732056    7    5    6    6
 0.00320927892792168    7    5    7    1
 0.01400195245480886    7    5    7    2
 -0.02102272074102822    7    5    7    3
 -0.01544045725770883    7    5    7    4
 0.05586682128141136    7    5    7    5
 -0.002472830089071548    7    6    1    1
 -0.03780842023971519    7    6    2    1
 0.02023007867064064    7    6    2    2
 0.03762731624458311    7    6    3    1
 0.001711165786435141    7    6    3    2
 -0.03135748816156399    7    6    3    3
 0.03515194889438957    7    6    4    1
 -0.03837754448299475    7    6    4    2
 -0.0129703602841068    7    6    4    3
 -0.01324585090408906    7    6    4    4
 -0.01424877095745684    7    6    5    1
 0.02408292657304839    7    6    5    2
 0.01088750825405494    7    6    5    3
 0.01504917178085705    7    6    5    4
 -0.02597633467532165    7    6    5    5
 -0.008038489470853311    7    6    6    1
 -0.01471926447187899    7    6    6    2
 -0.004160143248431209    7    6    6    3
 0.003346048397119116    7    6    6    4
 0.00386817423976618    7    6    6    5
 -0.01091830770940355    7    6    6    6
 0.01592001996933658    7    6    7    1
 -0.03162007555937696    7    6    7    2
 -0.007878817843681669    7    6    7    3
 0.03749632645225468    7    6    7    4
 -0.02328959798156403    7    6    7    5
 0.06448438173074611    7    6    7    6
 0.4679548299841286    7    7    1    1
 -0.07960017820479444    7    7    2    1
 0.4777378774694808    7    7    2    2
 -0.04705473932664609    7    7    3    1
 0.006545641412704389    7    7    3    2
 0.420212375749411    7    7    3    3
 0.02729211864782783    7    7    4    1
 -0.04407701910246187    7    7    4    2
 0.01310016582267598    7    7    4    3
 0.4662572708607603    7    7    4    4
 -0.01328200865718106    7    7    5    1
 0.03300695249371246    7    7    5    2
 -0.04234701941127898    7    7    5    3
 0.05244076120368016    7    7    5    4
 0.4426817658690547    7    7    5    5
 0.01007815044668133    7    7    6    1
 0.0007484788001939976    7    7    6    2
 -0.08002517416357571    7    7    6    3
 0.01418329388907637    7    7    6    4
 -0.03168850887078329    7    7    6    5
 0.4641273591559304    7    7    6    6
 -0.04990077494426743    7    7    7    1
 0.003394314371375355    7    7    7    2
 0.05962435376417313    7    7    7    3
 0.004731275590914453    7    7    7    4
 -0.01913950134669426    7    7    7    5
 0.01819479399821705    7    7    7    6
 0.5625551704132795    7    7    7    7
 0.05758227453646538    8    1    1    1
 0.01633034542704987    8    1    2    1
 0.04827675419294478    8    1    2    2
 0.002287708644757535    8    1    3    1
 -0.00212437321268877    8    1    3    2
 0.03496407773377968    8    1    3    3
 0.0051107695222593    8    1    4    1
 -0.00526278837160881    8    1    4    2
 0.00506858738155378    8    1    4    3
 0.05212275203969946    8    1    4    4
 -0.005418935694316989    8    1    5    1
 0.001813572435611122    8    1    5    2
 -0.01604937327499781    8    1    5    3
 0.04145357612531749    8    1    5    4
 0.04645458798466364    8    1    5    5
 -0.00333226580100443    8    1    6    1
 0.01755408639429919    8    1    6    2
 -0.04052405911229796    8    1    6    3
 -0.01352645103888789    8    1    6    4
 -0.02126513749534096    8    1    6    5
 0.05405138674565477    8    1    6    6
 -0.006454786969418479    8    1    7    1
 0.008699237940505292    8    1    7    2
 0.01489617080457888    8    1    7    3
 -0.01088943298781029    8    1    7    4
 -0.008247047037261869    8    1    7    5
 0.005157109807381087    8    1    7    6
 0.03968017559681072    8    1    7    7
 0.05755000833443597    8    1    8    1
 0.06138275715863944    8    2    1    1
 -0.004031335067751055    8    2    2    1
 0.04248439519980614    8    2    2    2
 0.0008798036167504354    8    2    3    1
 0.01477894578460398    8    2    3    2
 0.0434002953957285    8    2    3    3
 -0.01832065940553277    8    2    4    1
 -0.01440913952464789    8    2    4    2
 0.01421504421258123    8    2    4    3
 0.04695080657615602    8    2    4    4
 -0.005470773796170459    8    2    5    1
 0.02021494157215694    8    2    5    2
 -0.02167699971070385    8    2    5    3
 0.03912508505932135    8    2    5    4
 0.04749715419142689    8    2    5    5
 0.009395792091652878    8    2    6    1
 0.03085949011944221    8    2    6    2
 -0.03574069776762667    8    2    6    3
 0.002227208779576753    8    2    6    4
 -0.02473919786702701    8    2    6    5
 0.05262818805260384    8    2    6    6
 -0.01560913557835013    8    2    7    1
 0.01365445609489901    8    2    7    2
 0.01868333542561134    8    2    7    3
 -0.01083618988461759    8    2    7    4
 0.00808862272072732    8    2    7    5
 0.001247336015616827    8    2    7    6
 0.05722410863149154    8    2    7    7
 0.04873857937340106    8    2    8    1
 0.06738334639002141    8    2    8    2
 0.01418248088189222    8    3    1    1
 0.0002309722645644064    8    3    2    1
 0.03439429768041064    8    3    2    2
 -0.02952579855966337    8    3    3    1
 -0.01583913803774912    8    3    3    2
 -0.01295364965412607    8    3    3    3
 0.01727573423482583    8    3    4    1
 0.01467136543150582    8    3    4    2
 0.007141591479055857    8    3    4    3
 0.02712932260215602    8    3    4    4
 -0.0153508030332507    8    3    5    1
 -0.01787903203121851    8    3    5    2
 -0.02088045211444067    8    3    5    3
 0.003115293821611305    8    3    5    4
 0.01607708303206833    8    3    5    5
 -0.02492581429949766    8    3    6    1
 -0.01792799658166357    8    3    6    2
 -0.02563668531954586    8    3    6    3
 -0.002019690301253128    8    3    6    4
 -0.01280729609575122    8    3    6    5
 0.01256758901039868    8    3    6    6
 0.0008178096102462694    8    3    7    1
 0.01171872860356238    8    3    7    2
 0.007920750180913608    8    3    7    3
 -0.003619518836205586    8    3    7    4
 0.0004377533288855204    8    3    7    5
 -0.0001078414910233382    8    3    7    6
 0.02658028442374287    8    3    7    7
 0.02109591673527888    8    3    8    1
 0.001970264959682346    8    3    8    2
 0.05531355272040568    8    3    8    3
 0.01596481873729573    8    4    1    1
 -0.01862241436828442    8    4    2    1
 -0.0008865018137822788    8    4    2    2
 0.01916106541839895    8    4    3    1
 0.01500096379408925    8    4    3    2
 0.01785899566283396    8    4    3    3
 0.01255236849102667    8    4    4    1
 -0.01311473467695175    8    4    4    2
 0.005059109729561622    8    4    4    3
 0.009353160673068978    8    4    4    4
 0.02478059784081387    8    4    5    1
 0.02430826447664812    8    4    5    2
 -0.0003357689295870717    8    4    5    3
 0.0123018600085625    8    4    5    4
 0.006315048781373373    8    4    5    5
 -0.005865890493865015    8    4    6    1
 0.009092291865383097    8    4    6    2
 -0.005104213222329545    8    4    6    3
 0.004550817842123819    8    4    6    4
 -0.00700943267397722    8    4    6    5
 0.01330377917723299    8    4    6    6
 -0.009837464267232676    8    4    7    1
 -0.006822915116314773    8    4    7    2
 0.00213323574827126    8    4    7    3
 -0.005024180402929774    8    4    7    4
 -0.001557918552656115    8    4    7    5
 0.008914384644226805    8    4    7    6
 0.02176418744126386    8    4    7    7
 0.008051239951342219    8    4    8    1
 0.01705480718477622    8    4    8    2
 -0.01552854000824659    8    4    8    3
 0.03385106638794548    8    4    8    4
 0.001587247097029139    8    5    1    1
 0.00744633603202842    8    5    2    1
 0.04194368518997028    8    5    2    2
 -0.0375753702295021    8    5    3    1
 -0.02982153265338084    8    5    3    2
 -0.02234815914412666    8    5    3    3
 0.0529874079009799    8    5    4    1
 0.02607545682850466    8    5    4    2
 -0.008413081104370706    8    5    4    3
 0.01701334737066966    8    5    4    4
 0.001769845309212185    8    5    5    1
 -0.0184375014793537    8    5    5    2
 -0.001309497498190229    8    5    5    3
 -0.0007361282180145393    8    5    5    4
 -0.0004093811952139269    8    5    5    5
 -0.02086938261378024    8    5    6    1
 -0.0300328584266521    8    5    6    2
 -0.01905019967280829    8    5    6    3
 -0.01307306153363628    8    5    6    4
 0.004472379579998066    8    5    6    5
 0.00461120191918944    8    5    6    6
 -0.007010013978680701    8    5    7    1
 0.006938355989835359    8    5    7    2
 0.0124156327339444    8    5    7    3
 0.001054655454291557    8    5    7    4
 -0.02088647689705919    8    5    7    5
 0.0009033621599484472    8    5    7    6
 0.01917406302717488    8    5    7    7
 0.004616166430778548    8    5    8    1
 -0.01921373880749053    8    5    8    2
 0.04164304387014763    8    5    8    3
 -0.006623911218965352    8    5    8    4
 0.06994160893944268    8    5    8    5
 -0.003903549550189682    8    6    1    1
 0.02339800326092523    8    6    2    1
 0.02947407312536756    8    6    2    2
 -0.06036412148820059    8    6    3    1
 -0.03055537018629337    8    6    3    2
 -0.02228392320706252    8    6    3    3
 -0.001712101014416982    8    6    4    1
 0.02355040729146859    8    6    4    2
 0.003988952664347596    8    6    4    3
 0.01776935581953626    8    6    4    4
 -0.02223841428236874    8    6    5    1
 -0.03240219617140495    8    6    5    2
 -0.01652128324933599    8    6    5    3
 -0.0117202374010453    8    6    5    4
 0.008630952384311984    8    6    5    5
 0.009781386750194078    8    6    6    1
 -0.0101598134585202    8    6    6    2
 -0.01145979900027711    8    6    6    3
 -0.0008847463389367698    8    6    6    4
 -0.007143854989585389    8    6    6    5
 0.003209221553964194    8    6    6    6
 0.00612516013169388    8    6    7    1
 0.008912751032405424    8    6    7    2
 0.008228145683438262    8    6    7    3
 -0.00384995351683749    8    6    7    4
 0.001391556746033206    8    6    7    5
 -0.01872071350810639    8    6    7    6
 0.009163476337487189    8    6    7    7
 0.006091635426158739    8    6    8    1
 -0.004235467444192727    8    6    8    2
 0.02963452075675602    8    6    8    3
 -0.03516697812290313    8    6    8    4
 0.03207024408590559    8    6    8    5
 0.0666159508944513    8    6    8    6
 0.02157688634806193    8    7    1    1
 -0.007852405637515205    8    7    2    1
 0.01287846906864374    8    7    2    2
 0.01605307393094981    8    7    3    1
 0.01361654052244354    8    7    3    2
 0.02133410767769909    8    7    3    3
 -0.01277449567365059    8    7    4    1
 -0.01118158532188539    8    7    4    2
 -0.0001102465683327327    8    7    4    3
 0.007113818470661491    8    7    4    4
 -0.007272245303016711    8    7    5    1
 0.01233555392421107    8    7    5    2
 0.002779952028153174    8    7    5    3
 0.01188956855852005    8    7    5    4
 0.01250118968850431    8    7    5    5
 0.006557703355124569    8    7    6    1
 0.01054366672310206    8    7    6    2
 -0.002884883460840947    8    7    6    3
 0.0001917771255582318    8    7    6    4
 0.0007266759346908828    8    7    6    5
 0.01387377142984261    8    7    6    6
 -0.006056082375876942    8    7    7    1
 0.006770459372289308    8    7    7    2
 0.005201451001323743    8    7    7    3
 0.005871592596050693    8    7    7    4
 0.003602262030921859    8    7    7    5
 0.005784039040604485    8    7    7    6
 0.01808471588406693    8    7    7    7
 0.005433585552777695    8    7    8    1
 0.01865021110943503    8    7    8    2
 -0.008071001370550456    8    7    8    3
 0.004539350916684412    8    7    8    4
 -0.01935495017671884    8    7    8    5
 -0.01229263624611665    8    7    8    6
 0.01472074994657287    8    7    8    7
 0.4816583881860831    8    8    1    1
 0.08515387497863169    8    8    2    1
 0.4784584884719399    8    8    2    2
 0.03971365231303205    8    8    3    1
 -0.009609982411346307    8    8    3    2
 0.4879489309022247    8    8    3    3
 0.01536495912631246    8    8    4    1
 0.03301033596028839    8    8    4    2
 -0.04023415043821514    8    8    4    3
 0.4368898021573489    8    8    4    4
 -0.01143300472456292    8    8    5    1
 -0.01697431824227775    8    8    5    2
 0.03777439868278563    8    8    5    3
 0.06657051866703827    8    8    5    4
 0.4692127612155604    8    8    5    5
 0.001690851914304607    8    8    6    1
 0.02955386722784121    8    8    6    2
 -0.03734356114830569    8    8    6    3
 -0.07898829417791997    8    8    6    4
 0.02702310901432855    8    8    6    5
 0.4719375782159309    8    8    6    6
 -0.0394111071410391    8    8    7    1
 0.06166356148063142    8    8    7    2
 0.02995867561096811    8    8    7    3
 -0.01596374094867799    8    8    7    4
 -0.03779550006345566    8    8    7    5
 -0.02005193751552377    8    8    7    6
 0.3856873626805669    8    8    7    7
 0.06081289787102486    8    8    8    1
 0.04427409403905934    8    8    8    2
 0.01090110383764666    8    8    8    3
 0.001115676882279854    8    8    8    4
 0.01627676752810838    8    8    8    5
 0.006692234971252375    8    8    8    6
 0.01667280379929553    8    8    8    7
 0.5817066072240007    8    8    8    8
 -4.113640988225082    1    1  0  0
 -0.006365406442089141    2    1  0  0
 -3.607300823973949    2    2  0  0
 -0.004891158557951939    3    1  0  0
 0.01069368621362929    3    2  0  0
 -3.559799410787064    3    3  0  0
 -0.0132593211347429    4    1  0  0
 0.008162585890456608    4    2  0  0
 0.03633909556032483    4    3  0  0
 -3.522386986257474    4    4  0  0
 0.1140481247598712    5    1  0  0
 -0.07170532932687521    5    2  0  0
 0.06759490752928821    5    3  0  0
 -0.4527199301735901    5    4  0  0
 -2.857231964454502    5    5  0  0
 0.01677719176358036    6    1  0  0
 -0.1969690904366764    6    2  0  0
 0.4278921880278651    6    3  0  0
 0.2154455741013152    6    4  0  0
 0.04135059830405483    6    5  0  0
 -2.844758558385752    6    6  0  0
 0.3280467976526745    7    1  0  0
 -0.2731941950337892    7    2  0  0
 -0.2636487244110957    7    3  0  0
 0.08990249148990344    7    4  0  0
 0.1047976660934108    7    5  0  0
 0.04943926187268103    7    6  0  0
 -2.725602004061355    7    7  0  0
 -0.3493141880703969    8    1  0  0
 -0.3585756438527826    8    2  0  0
 -0.1163327314377749    8    3  0  0
 -0.07738458114922706    8    4  0  0
 -0.07017482725512272    8    5  0  0
 -0.0356705555342872    8    6  0  0
 -0.1157103242266687    8    7  0  0
 -2.791785571749426    8    8  0  0
 0  0  0  0  0
