0 0 1.999964883644484
0 1 -2.073040728454808e-05
0 2 -3.69626130765541e-05
0 3 -8.427021736631281e-05
0 4 2.498411702734164e-05
0 5 -1.956333694702243e-05
0 6 3.167849341671056e-05
0 7 7.092746758303132e-06
0 8 2.403773557970414e-05
0 9 -8.717528620887296e-06
0 10 -1.391155861686391e-06
0 11 6.756277764592375e-06
0 12 2.351289284007149e-06
0 13 -0.0001198872797949725
0 14 -4.624893812556269e-05
0 15 7.949980077825157e-06
0 16 0.0002051110449848994
0 17 -0.0001322215393854878
0 18 0.0002711017596008262
0 19 -6.386847766477779e-05
0 20 -4.282067877134061e-05
0 21 1.662519576102056e-05
0 22 -0.0001377889975268575
1 0 -2.073040728454813e-05
1 1 1.991667367358333
1 2 -0.0005845542421641264
1 3 -0.001832149296646625
1 4 -0.001024473669572879
1 5 0.0007742649234219672
1 6 -0.002269575990333022
1 7 -0.001041851511823949
1 8 -0.0008131729127999088
1 9 0.0004981449443943976
1 10 -0.00134913441829573
1 11 8.61571349602057e-05
1 12 -0.0002840802748086983
1 13 -0.001058822584604283
1 14 0.0002898270168553628
1 15 0.001043679796347484
1 16 0.0002868819549717825
1 17 -0.0002936119725863843
1 18 -0.001081617295680449
1 19 8.059102488373724e-05
1 20 0.00116424872462963
1 21 -0.0005043408448206395
1 22 -0.0001867754979810812
2 0 -3.696261307655392e-05
2 1 -0.0005845542421641257
2 2 1.989745367519727
2 3 -0.001294288968602897
2 4 0.0003783248279832745
2 5 -0.000173171820177839
2 6 0.001479701243842515
2 7 0.001444934143617475
2 8 0.0002426257389909467
2 9 0.003193316871718762
2 10 -0.001224705213430869
2 11 -0.0005703715033308365
2 12 -0.0001848983339035615
2 13 -0.001169271489592801
2 14 -0.0006349352078498305
2 15 0.001218911026956091
2 16 -0.0005928736897183341
2 17 -0.001751172045497258
2 18 -0.001977537567116974
2 19 -0.0005359570089515988
2 20 -0.001171625561085733
2 21 0.001399571214288666
2 22 0.001237414893580478
3 0 -8.42702173663114e-05
3 1 -0.001832149296646633
3 2 -0.001294288968602907
3 3 1.985057174791388
3 4 0.0007335516132875497
3 5 -0.0001992293027675181
3 6 0.0002568225947764669
3 7 -0.001063383069879837
3 8 -0.0001679803667076349
3 9 -0.0009314918086893375
3 10 -0.001461408787147506
3 11 8.605089959594501e-05
3 12 0.0005283853832238989
3 13 -0.001480795556424532
3 14 -0.001637609917743578
3 15 0.0008520649288754604
3 16 0.000273201888728326
3 17 0.0008882587593578269
3 18 0.0006313568475549459
3 19 0.001466617183648752
3 20 6.516525977997651e-05
3 21 0.0003706096754991853
3 22 -0.0003823468238064112
4 0 2.498411702734258e-05
4 1 -0.001024473669572829
4 2 0.0003783248279832849
4 3 0.0007335516132876061
4 4 1.985952205416822
4 5 -8.370219888507386e-05
4 6 -0.0006533921330731389
4 7 -0.002281767876397264
4 8 -0.001687676644985618
4 9 0.002059155289039962
4 10 -0.006849990153205207
4 11 0.0001737950318327926
4 12 -0.0004023255138273817
4 13 0.0007808038031795542
4 14 -0.005125851278899416
4 15 0.002328828740585891
4 16 -0.0001610293621379591
4 17 0.0005520391629147494
4 18 -0.0009945218108909251
4 19 -0.001138948462849103
4 20 -0.005490150201379096
4 21 0.002609233092222488
4 22 0.006310697757528053
5 0 -1.956333694702236e-05
5 1 0.000774264923421984
5 2 -0.000173171820177843
5 3 -0.0001992293027675089
5 4 -8.370219888507954e-05
5 5 1.979935392094741
5 6 -6.54702496780732e-05
5 7 -0.0002128318863172959
5 8 0.001629444882784199
5 9 0.0007367584572822968
5 10 0.001329440121770441
5 11 0.002094549157206256
5 12 0.01102118098025982
5 13 -0.00020087639635746
5 14 -0.00165879077351513
5 15 -0.00449081657657972
5 16 0.002338853923808302
5 17 -0.0005983159729837343
5 18 -0.001596110898216807
5 19 9.2355000427496e-05
5 20 -0.001767825237943224
5 21 -0.0001513734190053466
5 22 -5.227647617875993e-05
6 0 3.167849341671038e-05
6 1 -0.002269575990333146
6 2 0.001479701243842538
6 3 0.0002568225947765302
6 4 -0.0006533921330731489
6 5 -6.547024967808278e-05
6 6 1.979342767426886
6 7 -0.0028831780429341
6 8 -0.001404475642944199
6 9 0.0003617644087810125
6 10 -0.004775496368256841
6 11 0.0004093311014804346
6 12 0.001050077710045011
6 13 0.0006457186433324552
6 14 0.004727777575784926
6 15 -0.003449783180819874
6 16 -0.002509062959563149
6 17 0.001533126711750154
6 18 -0.003556653785969689
6 19 -0.002351062813475102
6 20 0.007718598210328909
6 21 -0.004958444521676429
6 22 -0.0045026565461546
7 0 7.092746758304855e-06
7 1 -0.00104185151182398
7 2 0.001444934143617501
7 3 -0.001063383069879838
7 4 -0.002281767876397267
7 5 -0.0002128318863172811
7 6 -0.002883178042934096
7 7 1.977220405684432
7 8 -0.0002730496923708646
7 9 -0.00212678945764693
7 10 1.558083592323312e-05
7 11 0.001491988509179881
7 12 0.01255012357732412
7 13 0.002351925764456152
7 14 -0.002068531481868342
7 15 0.0001534710247501333
7 16 0.001592246318245434
7 17 -0.000534240435468189
7 18 -0.002138535742893898
7 19 -0.0005110776558028211
7 20 -0.004854665538882648
7 21 0.0007946932480816477
7 22 0.004855994318863962
8 0 2.403773557970418e-05
8 1 -0.0008131729127998895
8 2 0.0002426257389909351
8 3 -0.0001679803667076315
8 4 -0.001687676644985531
8 5 0.001629444882784184
8 6 -0.001404475642944147
8 7 -0.0002730496923708114
8 8 1.978671469521238
8 9 0.0004964330524576792
8 10 2.344514941287711e-05
8 11 -0.001151445960845898
8 12 -0.0106513699228306
8 13 0.004044749471067062
8 14 -0.001897710727768566
8 15 0.0005671847610995812
8 16 -0.001058837409260782
8 17 0.0001881489300789096
8 18 0.0006509459427252902
8 19 0.001462578486081424
8 20 -0.001252065420700162
8 21 0.002979967705281711
8 22 0.00454512398044472
9 0 -8.717528620887924e-06
9 1 0.0004981449443944208
9 2 0.003193316871718783
9 3 -0.0009314918086893182
9 4 0.002059155289039865
9 5 0.0007367584572822855
9 6 0.0003617644087810373
9 7 -0.002126789457646929
9 8 0.0004964330524576577
9 9 1.972946394998667
9 10 -0.002384230278836291
9 11 0.0003482229866797817
9 12 -0.002363057830112055
9 13 0.001007598451869314
9 14 0.0007938346323459616
9 15 0.001089604371045258
9 16 0.002212211206574259
9 17 -0.0003240584216660412
9 18 -0.001302929148793039
9 19 -0.002548877143184368
9 20 0.001363650025160654
9 21 0.0007858220206732114
9 22 -0.0001350040666833496
10 0 -1.391155861685378e-06
10 1 -0.001349134418295636
10 2 -0.001224705213430954
10 3 -0.001461408787147446
10 4 -0.006849990153204907
10 5 0.001329440121770447
10 6 -0.004775496368257035
10 7 1.558083592326485e-05
10 8 2.344514941289804e-05
10 9 -0.0023842302788363
10 10 1.986533125174852
10 11 0.0001602885291581527
10 12 -0.0008111726296888913
10 13 -0.009893848146365666
10 14 -0.005830246480328941
10 15 0.006692889845284707
10 16 0.006367186569207083
10 17 -0.001434726148011542
10 18 -0.0006984678892081888
10 19 -0.0009505167972210648
10 20 -0.000649514358325788
10 21 0.002310337893351852
10 22 0.003557552075121589
11 0 6.756277764592439e-06
11 1 8.615713496020751e-05
11 2 -0.0005703715033308376
11 3 8.605089959594641e-05
11 4 0.0001737950318327881
11 5 0.002094549157206247
11 6 0.0004093311014804451
11 7 0.001491988509179856
11 8 -0.001151445960845935
11 9 0.0003482229866797972
11 10 0.0001602885291581518
11 11 1.974221932681364
11 12 0.08479756963884849
11 13 0.002842991296755863
11 14 0.0008582445143647884
11 15 -0.01028403113884407
11 16 0.005018145974296112
11 17 -0.002067154560422813
11 18 -0.005186718533670002
11 19 -0.001309013426132261
11 20 -0.004550888611869896
11 21 -0.003319285365622383
11 22 -0.001004296348475546
12 0 2.351289284007072e-06
12 1 -0.0002840802748087073
12 2 -0.0001848983339035652
12 3 0.0005283853832238763
12 4 -0.0004023255138273697
12 5 0.01102118098025966
12 6 0.001050077710044978
12 7 0.01255012357732456
12 8 -0.0106513699228305
12 9 -0.002363057830111941
12 10 -0.000811172629688948
12 11 0.08479756963883461
12 12 0.02077807381077414
12 13 -0.0007405063943773329
12 14 -0.0001713729784330363
12 15 -0.00121502897581162
12 16 0.0003252626750117616
12 17 -0.0009265831052722216
12 18 -0.001043895810352602
12 19 3.668259480554833e-05
12 20 -0.001304083519291622
12 21 -0.0005355464352290014
12 22 -0.0003673131469834455
13 0 -0.0001198872797949736
13 1 -0.001058822584604188
13 2 -0.001169271489592779
13 3 -0.001480795556424485
13 4 0.0007808038031795613
13 5 -0.0002008763963574567
13 6 0.000645718643332517
13 7 0.002351925764456145
13 8 0.004044749471067055
13 9 0.001007598451869316
13 10 -0.00989384814636473
13 11 0.00284299129675596
13 12 -0.0007405063943772975
13 13 0.02349866261180105
13 14 0.001089334466482277
13 15 -0.002428548622799866
13 16 -0.002929149410160815
13 17 -0.0008798185456710748
13 18 0.002393260111336568
13 19 0.002513860427239605
13 20 0.002273251246617583
13 21 -0.002930494887235417
13 22 0.004469490406654861
14 0 -4.624893812556347e-05
14 1 0.0002898270168553684
14 2 -0.0006349352078498221
14 3 -0.001637609917743564
14 4 -0.005125851278899576
14 5 -0.001658790773515182
14 6 0.00472777757578507
14 7 -0.002068531481868302
14 8 -0.001897710727768594
14 9 0.0007938346323460004
14 10 -0.005830246480329017
14 11 0.0008582445143648324
14 12 -0.0001713729784330461
14 13 0.001089334466482259
14 14 0.02450234948534895
14 15 0.0007679135716394277
14 16 0.000515065544087824
14 17 0.002335476699090495
14 18 -0.002016883782779741
14 19 -0.002940189017641785
14 20 -0.0009988830984418479
14 21 0.002299184383142644
14 22 7.544127050069073e-05
15 0 7.949980077825098e-06
15 1 0.001043679796347727
15 2 0.001218911026956076
15 3 0.0008520649288754658
15 4 0.00232882874058591
15 5 -0.004490816576579847
15 6 -0.003449783180819973
15 7 0.000153471024750128
15 8 0.0005671847610995703
15 9 0.001089604371045253
15 10 0.00669288984528466
15 11 -0.01028403113884434
15 12 -0.001215028975811664
15 13 -0.002428548622799859
15 14 0.0007679135716394411
15 15 0.01870144997878941
15 16 -0.003729138061195798
15 17 -0.0003000392954572972
15 18 0.003337978838877688
15 19 0.003293751596989285
15 20 0.0003778016447770734
15 21 0.000159940604690563
15 22 -0.0002182784116313059
16 0 0.0002051110449848947
16 1 0.0002868819549718676
16 2 -0.0005928736897183086
16 3 0.000273201888728333
16 4 -0.000161029362137969
16 5 0.002338853923808257
16 6 -0.00250906295956308
16 7 0.001592246318245457
16 8 -0.001058837409260822
16 9 0.002212211206574205
16 10 0.006367186569207547
16 11 0.005018145974295936
16 12 0.0003252626750117556
16 13 -0.002929149410160838
16 14 0.0005150655440878343
16 15 -0.003729138061195797
16 16 0.01640687334013993
16 17 -0.003235721004906469
16 18 0.002459519768471541
16 19 0.002327656967997778
16 20 -0.002690129015231173
16 21 -0.000616421523045611
16 22 -0.002152478423135498
17 0 -0.0001322215393854869
17 1 -0.0002936119725864092
17 2 -0.001751172045497285
17 3 0.0008882587593578259
17 4 0.0005520391629147669
17 5 -0.0005983159729837488
17 6 0.00153312671175015
17 7 -0.0005342404354682243
17 8 0.0001881489300789015
17 9 -0.0003240584216660479
17 10 -0.001434726148011492
17 11 -0.002067154560422769
17 12 -0.0009265831052722171
17 13 -0.0008798185456710742
17 14 0.002335476699090469
17 15 -0.000300039295457321
17 16 -0.003235721004906463
17 17 0.01242471366104355
17 18 -0.002098790370738257
17 19 0.0006148840363389521
17 20 -0.001270010116422718
17 21 -0.0005878843105472907
17 22 0.001014839903868774
18 0 0.0002711017596008395
18 1 -0.001081617295680496
18 2 -0.001977537567116918
18 3 0.0006313568475549117
18 4 -0.0009945218108909156
18 5 -0.001596110898216868
18 6 -0.003556653785969546
18 7 -0.002138535742893855
18 8 0.0006509459427252657
18 9 -0.001302929148793028
18 10 -0.0006984678892082135
18 11 -0.005186718533670255
18 12 -0.001043895810352633
18 13 0.002393260111336555
18 14 -0.002016883782779722
18 15 0.003337978838877689
18 16 0.002459519768471525
18 17 -0.002098790370738225
18 18 0.01835740998861366
18 19 -0.002211207866973573
18 20 0.0003717485579598829
18 21 0.001605140978376078
18 22 -0.001659096253204366
19 0 -6.386847766477925e-05
19 1 8.05910248837344e-05
19 2 -0.0005359570089515986
19 3 0.001466617183648691
19 4 -0.001138948462849111
19 5 9.235500042748237e-05
19 6 -0.002351062813475082
19 7 -0.000511077655802817
19 8 0.001462578486081483
19 9 -0.00254887714318433
19 10 -0.0009505167972210958
19 11 -0.00130901342613227
19 12 3.66825948055497e-05
19 13 0.002513860427239693
19 14 -0.002940189017641727
19 15 0.00329375159698929
19 16 0.002327656967997782
19 17 0.0006148840363389486
19 18 -0.002211207866973595
19 19 0.01650587423363227
19 20 0.0006035903581848936
19 21 0.001083809786500444
19 22 -0.001878654330390509
20 0 -4.282067877133769e-05
20 1 0.001164248724629533
20 2 -0.001171625561085744
20 3 6.516525977997146e-05
20 4 -0.005490150201379025
20 5 -0.001767825237943209
20 6 0.007718598210328831
20 7 -0.00485466553888258
20 8 -0.001252065420700188
20 9 0.001363650025160701
20 10 -0.0006495143583257815
20 11 -0.004550888611869712
20 12 -0.001304083519291607
20 13 0.002273251246617643
20 14 -0.0009988830984418093
20 15 0.0003778016447770659
20 16 -0.002690129015231192
20 17 -0.001270010116422746
20 18 0.0003717485579598674
20 19 0.0006035903581848727
20 20 0.01631353982870071
20 21 0.001200406042638795
20 22 -0.001765556899180591
21 0 1.662519576102089e-05
21 1 -0.0005043408448206232
21 2 0.001399571214288706
21 3 0.0003706096754991954
21 4 0.00260923309222246
21 5 -0.0001513734190053549
21 6 -0.004958444521676316
21 7 0.0007946932480816557
21 8 0.002979967705281771
21 9 0.0007858220206732122
21 10 0.002310337893351883
21 11 -0.003319285365622469
21 12 -0.0005355464352289872
21 13 -0.002930494887235334
21 14 0.002299184383142577
21 15 0.0001599406046905961
21 16 -0.0006164215230456019
21 17 -0.0005878843105472642
21 18 0.001605140978376103
21 19 0.001083809786500419
21 20 0.001200406042638793
21 21 0.01737193055375971
21 22 0.001833069169832805
22 0 -0.0001377889975268587
22 1 -0.0001867754979810583
22 2 0.001237414893580445
22 3 -0.0003823468238064924
22 4 0.006310697757527841
22 5 -5.22764761787765e-05
22 6 -0.004502656546154438
22 7 0.004855994318863998
22 8 0.004545123980444755
22 9 -0.000135004066683398
22 10 0.003557552075121716
22 11 -0.001004296348475596
22 12 -0.0003673131469834772
22 13 0.004469490406654696
22 14 7.544127050078509e-05
22 15 -0.0002182784116313049
22 16 -0.002152478423135517
22 17 0.001014839903868774
22 18 -0.001659096253204447
22 19 -0.001878654330390531
22 20 -0.001765556899180565
22 21 0.001833069169832825
22 22 0.01388063606994944
