0 0 1.999985564843459
0 1 -9.673751854781181e-06
0 2 -1.573188884444614e-05
0 3 -2.735347204024392e-06
0 4 -7.706446118597674e-06
0 5 1.676267102985041e-05
0 6 4.733034547277169e-06
0 7 -2.542816588132436e-06
0 8 1.553364331429076e-05
0 9 -3.344011909376503e-06
0 10 2.29748334419962e-06
0 11 -2.325106485495667e-06
0 12 -5.898439416575492e-08
0 13 9.12222197607379e-07
0 14 1.651739522345609e-06
0 15 -8.160450983412931e-07
0 16 8.937236088592081e-07
0 17 -2.345688900441632e-05
0 18 -3.603141990324472e-06
0 19 5.595654629389945e-05
0 20 -5.905864310688101e-06
0 21 1.415848652190004e-05
0 22 -1.153464374398825e-05
0 23 1.64094409448576e-05
0 24 1.746896265015419e-05
0 25 -3.116343901288403e-05
0 26 -1.98187453547684e-05
0 27 -2.209868308903002e-05
1 0 -9.67375185478123e-06
1 1 1.990394543953948
1 2 0.0004479105878824188
1 3 -1.111109499015917e-05
1 4 -0.0003142163583795417
1 5 0.0006049680722384955
1 6 -0.0003673143092207512
1 7 0.000328440136951827
1 8 -0.0003771361305602467
1 9 -0.0001608322592503466
1 10 0.0008847557677771889
1 11 -0.000682317856231874
1 12 -0.0002922195610201159
1 13 -0.000325270952889183
1 14 3.221747923147043e-05
1 15 0.0002830161678021872
1 16 -0.001858272119186418
1 17 0.0009136115233110598
1 18 -0.002696751609630216
1 19 7.040045107514293e-05
1 20 0.002024320959612508
1 21 0.0002559088082132835
1 22 0.0006128742390207674
1 23 -0.001230374941503274
1 24 -0.00167049945705952
1 25 0.002581270789539104
1 26 0.000990135830965173
1 27 -0.002537031405902705
2 0 -1.573188884444636e-05
2 1 0.0004479105878824162
2 2 1.990699761864302
2 3 -0.001184065737765273
2 4 -0.002170221539213438
2 5 0.001652312956705851
2 6 0.0009838722435489568
2 7 -0.0005025805230697945
2 8 0.002705217594255116
2 9 -0.0004448276030958822
2 10 -0.0009454328310523155
2 11 0.001456161913963805
2 12 0.001317331842329931
2 13 -5.318474317256163e-05
2 14 -0.0006576809027241171
2 15 -0.0003773188156707076
2 16 0.0009497845150752901
2 17 0.0009610096710094743
2 18 0.0007261222730931916
2 19 -0.004403197482826218
2 20 0.0002292199655275165
2 21 -0.00319612766781005
2 22 -0.001299074369742931
2 23 0.00113361814314439
2 24 0.002037727802791862
2 25 -0.0003242678530686287
2 26 -0.00135912727244435
2 27 0.004250786887050649
3 0 -2.735347204024448e-06
3 1 -1.111109499015895e-05
3 2 -0.001184065737765271
3 3 1.991251267396474
3 4 0.0008744535437662247
3 5 -0.0009922815057775596
3 6 0.0006304618881221424
3 7 -0.00345908958153471
3 8 -0.0003736865120600167
3 9 -0.0007544036688601687
3 10 0.001939932344439922
3 11 -0.001647240285536559
3 12 0.00159257452995129
3 13 0.0005468858456683971
3 14 -4.167965585992229e-05
3 15 3.520433905858314e-05
3 16 0.0004300258912181401
3 17 0.0005274083185749341
3 18 -0.0007446043690445118
3 19 -0.00137677920041605
3 20 0.001831284424693386
3 21 0.0001469496797924805
3 22 -0.000581504676016611
3 23 8.131342102984834e-05
3 24 0.001428043499721366
3 25 -0.004174312653079658
3 26 0.0006843859202639131
3 27 0.0001276093172844568
4 0 -7.706446118597373e-06
4 1 -0.000314216358379557
4 2 -0.002170221539213443
4 3 0.000874453543766223
4 4 1.988033619417539
4 5 -0.002166437825181717
4 6 0.0001563046559168268
4 7 -0.001659489299626306
4 8 0.0008691302253061385
4 9 -0.000387243132258504
4 10 -0.001263658883993545
4 11 0.001288908866073057
4 12 -0.000281019236051381
4 13 -4.81985334503043e-06
4 14 -0.002913339463553837
4 15 -0.0003679385872603937
4 16 0.0007656705079351493
4 17 -0.0008941194125298899
4 18 -0.0006673575457677386
4 19 -0.001606456255129892
4 20 -0.001862170196954038
4 21 0.001386239976925394
4 22 0.001748239946676809
4 23 0.000139285227005508
4 24 0.0007979492665911943
4 25 -0.006063509755653926
4 26 -0.00284083070422889
4 27 0.005707223691082633
5 0 1.676267102985024e-05
5 1 0.0006049680722385034
5 2 0.001652312956705884
5 3 -0.0009922815057775692
5 4 -0.002166437825181703
5 5 1.983434510194007
5 6 -0.0005163118962560903
5 7 -0.0007238148450558852
5 8 -0.004920029863756446
5 9 0.001389361595127371
5 10 -0.002223039049210443
5 11 -0.001128088861417749
5 12 -0.002439974723727521
5 13 -0.0003922121743847537
5 14 -0.004161150702611072
5 15 -0.0004738545850268607
5 16 -0.002499150320660692
5 17 -0.00129782976093974
5 18 -0.005019552090260616
5 19 0.0009922268620156226
5 20 -0.00168038349787687
5 21 -0.001779056303213848
5 22 -0.001039895005860192
5 23 0.002130418490161351
5 24 0.001796966669411985
5 25 -0.002636283408767282
5 26 -0.002546822301069755
5 27 0.007552024131971194
6 0 4.733034547277129e-06
6 1 -0.0003673143092207564
6 2 0.0009838722435489393
6 3 0.0006304618881221237
6 4 0.000156304655916848
6 5 -0.0005163118962560909
6 6 1.984116798548714
6 7 0.0006989844568708513
6 8 0.0003343119709583788
6 9 0.0005887042125030311
6 10 0.0001565019991260182
6 11 0.00107368698846223
6 12 0.0009054711890356118
6 13 -0.003756394973570394
6 14 -0.0006834171074820674
6 15 0.005425299543073559
6 16 0.02527126929542244
6 17 0.001115569139961105
6 18 -0.0008895537317186544
6 19 -0.0009841333839042
6 20 0.003042433272606461
6 21 0.005009625689201475
6 22 0.002739472803642607
6 23 -0.005800243927225541
6 24 0.008136481671853216
6 25 0.001549313349828083
6 26 0.0002202397582334724
6 27 -0.001553412478018444
7 0 -2.542816588132917e-06
7 1 0.0003284401369518131
7 2 -0.0005025805230697893
7 3 -0.003459089581534685
7 4 -0.001659489299626349
7 5 -0.000723814845055893
7 6 0.0006989844568707929
7 7 1.979478450337116
7 8 -0.0005540442828398397
7 9 -0.0002053659748288165
7 10 0.001549846691212586
7 11 -0.002279051416546435
7 12 -0.0001613882702052758
7 13 -0.001252743673870517
7 14 0.001335229418951111
7 15 0.001873766569823109
7 16 0.004842908213974522
7 17 -0.001390159756426505
7 18 0.0004382506676718426
7 19 0.002952932905998208
7 20 -0.001687565856138053
7 21 -0.0005335193440087745
7 22 0.002038986618178319
7 23 0.0006387577167146565
7 24 0.003182844013951273
7 25 -0.001489670277735808
7 26 -0.001679070031152597
7 27 0.008264372095917389
8 0 1.553364331428987e-05
8 1 -0.0003771361305602462
8 2 0.002705217594255165
8 3 -0.0003736865120600104
8 4 0.0008691302253061714
8 5 -0.0049200298637564
8 6 0.0003343119709583782
8 7 -0.000554044282839857
8 8 1.98667320777784
8 9 -0.0008829447204996759
8 10 0.0008494527077060194
8 11 0.005200882581429539
8 12 0.005208078571642358
8 13 -0.0002329375542923947
8 14 -0.001468080795882325
8 15 -0.0002931681976050215
8 16 -0.003914963037566891
8 17 0.001384619186474647
8 18 -0.00208711255398438
8 19 -0.0006756343366200075
8 20 0.001618521798309014
8 21 -0.001866752502314943
8 22 3.024836074919118e-05
8 23 0.001981977177420178
8 24 -6.409326735004898e-05
8 25 -0.0001164779650628875
8 26 -0.001994115608023372
8 27 0.002662753219837957
9 0 -3.344011909376535e-06
9 1 -0.0001608322592503449
9 2 -0.0004448276030958833
9 3 -0.0007544036688602019
9 4 -0.0003872431322584853
9 5 0.001389361595127393
9 6 0.0005887042125031006
9 7 -0.0002053659748287922
9 8 -0.0008829447204997066
9 9 1.982756422686508
9 10 0.0007528004272718538
9 11 -0.002058163325944734
9 12 -0.001959291070906931
9 13 -0.00444145938682794
9 14 0.0003059059861645143
9 15 0.00417725564678036
9 16 0.01424482206788447
9 17 -0.001029729729987487
9 18 -4.297399372359031e-05
9 19 0.0001056812069958714
9 20 0.0005591270713801613
9 21 0.002973640029002354
9 22 0.003097174519049269
9 23 0.001130635460943636
9 24 0.003523174991706571
9 25 0.0025513558608995
9 26 0.0009074037705540176
9 27 -0.0007918542650445528
10 0 2.297483344199512e-06
10 1 0.0008847557677771714
10 2 -0.0009454328310523227
10 3 0.001939932344439885
10 4 -0.001263658883993491
10 5 -0.002223039049210491
10 6 0.0001565019991260358
10 7 0.001549846691212549
10 8 0.0008494527077059965
10 9 0.0007528004272718401
10 10 1.978393136444671
10 11 0.004654624227590134
10 12 0.0006922084944629922
10 13 -0.0006195098389577733
10 14 0.001094508622043522
10 15 -0.001334444735341354
10 16 -0.0006242693662687592
10 17 0.003082902382847544
10 18 0.00177286674983153
10 19 -0.001233227759066804
10 20 0.0006715109976913952
10 21 0.002165257429656353
10 22 -0.001955681199433722
10 23 -0.0008870760123705007
10 24 -0.0005102758391953592
10 25 -0.003570315242620443
10 26 -0.004575375534070841
10 27 0.01318441295909897
11 0 -2.325106485495884e-06
11 1 -0.0006823178562319075
11 2 0.001456161913963776
11 3 -0.001647240285536577
11 4 0.001288908866073059
11 5 -0.00112808886141776
11 6 0.00107368698846224
11 7 -0.002279051416546482
11 8 0.005200882581429585
11 9 -0.002058163325944698
11 10 0.00465462422759021
11 11 1.983725083710405
11 12 0.002533259373727334
11 13 -0.003044606655143681
11 14 0.0009279805823449208
11 15 0.003925425335242637
11 16 0.008366023400795638
11 17 0.0001985640697106453
11 18 -0.003576119663527256
11 19 -0.006353229504887128
11 20 0.0001667585722282689
11 21 -0.0003689425208226951
11 22 -4.760001677919304e-05
11 23 -0.00230856836025838
11 24 -4.069030268678459e-05
11 25 0.003329111886611613
11 26 0.002826770661091149
11 27 -0.004975439690512088
12 0 -5.898439416586389e-08
12 1 -0.0002922195610201374
12 2 0.001317331842330033
12 3 0.001592574529951282
12 4 -0.0002810192360513774
12 5 -0.002439974723727506
12 6 0.0009054711890355685
12 7 -0.0001613882702053254
12 8 0.005208078571642452
12 9 -0.001959291070906954
12 10 0.0006922084944629472
12 11 0.002533259373727344
12 12 1.977271148528112
12 13 0.002014963302459129
12 14 0.0009235100989820064
12 15 -0.0031849137872383
12 16 -0.006517857954026859
12 17 0.0001175496585421999
12 18 0.002626637424884435
12 19 -0.001023130403848902
12 20 -0.002208250192701302
12 21 -0.0006936847643348621
12 22 0.00343093717283841
12 23 -0.0006882308135257762
12 24 -0.002786867926490169
12 25 0.002596394071837285
12 26 0.001259078417222712
12 27 0.001241229036024934
13 0 9.122221976074186e-07
13 1 -0.0003252709528891704
13 2 -5.318474317255041e-05
13 3 0.0005468858456683825
13 4 -4.81985334502277e-06
13 5 -0.0003922121743847321
13 6 -0.003756394973570481
13 7 -0.00125274367387056
13 8 -0.0002329375542923719
13 9 -0.004441459386827954
13 10 -0.0006195098389577775
13 11 -0.003044606655143893
13 12 0.002014963302459226
13 13 1.957885182834199
13 14 0.001415185869451018
13 15 0.03058963333945873
13 16 0.05411379275836121
13 17 0.001299727083776634
13 18 0.000127418720003849
13 19 -2.133190323362256e-06
13 20 0.003230506222890966
13 21 0.006286225991620474
13 22 0.002381388293946276
13 23 -0.005687600680400591
13 24 0.005706206479379399
13 25 -0.001813632812905419
13 26 -0.001545331896090276
13 27 0.002185362132266029
14 0 1.651739522345717e-06
14 1 3.221747923144221e-05
14 2 -0.0006576809027241356
14 3 -4.167965585992913e-05
14 4 -0.002913339463553897
14 5 -0.004161150702611108
14 6 -0.0006834171074820814
14 7 0.00133522941895107
14 8 -0.001468080795882338
14 9 0.0003059059861645202
14 10 0.001094508622043457
14 11 0.0009279805823448988
14 12 0.0009235100989820105
14 13 0.00141518586945106
14 14 1.986723090778565
14 15 -0.002181922883209941
14 16 -0.0002684590382905046
14 17 0.004791418905540926
14 18 0.009074367945981928
14 19 0.01918907259360381
14 20 -0.01409269295790863
14 21 0.01018609352427239
14 22 -0.01009669634257806
14 23 0.0047441716470584
14 24 0.003086899746880339
14 25 -0.005884655081044685
14 26 0.02193681349547382
14 27 0.007689622227692922
15 0 -8.160450983410982e-07
15 1 0.0002830161678021503
15 2 -0.0003773188156707196
15 3 3.520433905859833e-05
15 4 -0.0003679385872604315
15 5 -0.000473854585026808
15 6 0.00542529954307355
15 7 0.001873766569822943
15 8 -0.0002931681976050273
15 9 0.004177255646780251
15 10 -0.00133444473534136
15 11 0.003925425335242849
15 12 -0.003184913787238244
15 13 0.03058963333946059
15 14 -0.002181922883209906
15 15 1.936479766334751
15 16 -0.003458949346455745
15 17 0.0009629338084813903
15 18 -0.0005860120300053447
15 19 -0.002090165516579349
15 20 0.004032671388055458
15 21 0.006645235328484574
15 22 0.003613109446335762
15 23 -0.007557043133077699
15 24 0.008427994124056471
15 25 -0.001169304476274135
15 26 -0.0009001443286680909
15 27 0.001373172232906054
16 0 8.937236088591075e-07
16 1 -0.001858272119186404
16 2 0.0009497845150753189
16 3 0.0004300258912181592
16 4 0.0007656705079351199
16 5 -0.002499150320660557
16 6 0.02527126929542323
16 7 0.00484290821397484
16 8 -0.003914963037566908
16 9 0.01424482206788456
16 10 -0.0006242693662687347
16 11 0.008366023400795584
16 12 -0.006517857954026764
16 13 0.0541137927583616
16 14 -0.000268459038290512
16 15 -0.003458949346454744
16 16 0.09918796173979003
16 17 0.0001292489577804973
16 18 -0.002513663020744615
16 19 0.0003386735572222439
16 20 0.003182265845597537
16 21 0.004805278627497358
16 22 0.002495197810422447
16 23 -0.004544744064794046
16 24 0.006019257540093509
16 25 -0.0005269581849041873
16 26 0.0001068828341865695
16 27 3.138260904273797e-05
17 0 -2.345688900441656e-05
17 1 0.0009136115233110411
17 2 0.0009610096710095479
17 3 0.0005274083185749659
17 4 -0.000894119412529912
17 5 -0.001297829760939795
17 6 0.00111556913996108
17 7 -0.001390159756426516
17 8 0.00138461918647461
17 9 -0.001029729729987474
17 10 0.003082902382847598
17 11 0.000198564069710644
17 12 0.0001175496585421937
17 13 0.00129972708377667
17 14 0.004791418905541123
17 15 0.0009629338084813964
17 16 0.0001292489577804772
17 17 0.02402690761175165
17 18 -0.0003386411077813673
17 19 0.001873419047024679
17 20 -0.00236135317453264
17 21 -0.0006344178086008062
17 22 0.001989556826500897
17 23 0.0004371355140724137
17 24 0.0003800116923972549
17 25 0.003014818361203744
17 26 0.0002568228260212474
17 27 0.000241621464470483
18 0 -3.603141990324453e-06
18 1 -0.002696751609630172
18 2 0.0007261222730931735
18 3 -0.0007446043690444977
18 4 -0.0006673575457677333
18 5 -0.00501955209026048
18 6 -0.0008895537317186466
18 7 0.0004382506676718656
18 8 -0.002087112553984344
18 9 -4.297399372358818e-05
18 10 0.001772866749831547
18 11 -0.003576119663527197
18 12 0.00262663742488444
18 13 0.0001274187200038514
18 14 0.009074367945982353
18 15 -0.0005860120300053538
18 16 -0.002513663020744556
18 17 -0.0003386411077813439
18 18 0.02170979886247741
18 19 0.001297351387252392
18 20 -0.001621383763403384
18 21 0.001281626276663714
18 22 -0.0007346183587659183
18 23 7.802732498649422e-05
18 24 -0.0004020540864966566
18 25 0.003147161382309404
18 26 -0.0007334411762584883
18 27 8.896171584951373e-05
19 0 5.595654629389729e-05
19 1 7.040045107515989e-05
19 2 -0.004403197482826138
19 3 -0.001376779200416013
19 4 -0.001606456255129866
19 5 0.0009922268620156586
19 6 -0.0009841333839042195
19 7 0.002952932905998157
19 8 -0.0006756343366200372
19 9 0.0001056812069958749
19 10 -0.001233227759066798
19 11 -0.006353229504887296
19 12 -0.001023130403848898
19 13 -2.133190323368612e-06
19 14 0.0191890725936037
19 15 -0.00209016551657941
19 16 0.0003386735572222041
19 17 0.001873419047024522
19 18 0.001297351387252321
19 19 0.02600563711201146
19 20 -0.0007234293009103572
19 21 0.002726240047247274
19 22 -0.00210220882038051
19 23 0.0005166398324493063
19 24 -1.895055930059892e-05
19 25 -0.001111252345375348
19 26 0.001737758953562763
19 27 -0.0004733800420202949
20 0 -5.905864310688097e-06
20 1 0.002024320959612523
20 2 0.0002292199655275175
20 3 0.001831284424693445
20 4 -0.001862170196954111
20 5 -0.001680383497876898
20 6 0.00304243327260632
20 7 -0.001687565856138124
20 8 0.001618521798308996
20 9 0.0005591270713802021
20 10 0.0006715109976913818
20 11 0.0001667585722282797
20 12 -0.002208250192701267
20 13 0.003230506222890978
20 14 -0.01409269295790853
20 15 0.00403267138805546
20 16 0.00318226584559738
20 17 -0.00236135317453265
20 18 -0.001621383763403472
20 19 -0.0007234293009104008
20 20 0.01483469987426381
20 21 -2.529127522354513e-05
20 22 0.00259397677387043
20 23 0.000472996537449045
20 24 0.001581403073535805
20 25 0.002747504034180267
20 26 -0.0005753465572845414
20 27 0.001107950921338771
21 0 1.415848652189981e-05
21 1 0.0002559088082132867
21 2 -0.003196127667810083
21 3 0.0001469496797924809
21 4 0.001386239976925375
21 5 -0.001779056303213997
21 6 0.005009625689201408
21 7 -0.00053351934400878
21 8 -0.001866752502314985
21 9 0.002973640029002407
21 10 0.002165257429656372
21 11 -0.0003689425208227038
21 12 -0.0006936847643348924
21 13 0.006286225991620495
21 14 0.01018609352427245
21 15 0.006645235328484541
21 16 0.004805278627497251
21 17 -0.0006344178086006704
21 18 0.001281626276663747
21 19 0.002726240047247289
21 20 -2.529127522357775e-05
21 21 0.01800436220249381
21 22 -0.00144878082590566
21 23 -0.0002315146343032461
21 24 0.0004803159524639969
21 25 0.002130179224523585
21 26 0.001526894397177592
21 27 0.0006529409207924803
22 0 -1.153464374398898e-05
22 1 0.0006128742390207353
22 2 -0.001299074369742949
22 3 -0.0005815046760166153
22 4 0.001748239946676796
22 5 -0.001039895005860181
22 6 0.002739472803642735
22 7 0.002038986618178304
22 8 3.024836074919506e-05
22 9 0.003097174519049273
22 10 -0.001955681199433688
22 11 -4.760001677919472e-05
22 12 0.003430937172838366
22 13 0.002381388293946405
22 14 -0.01009669634257809
22 15 0.003613109446335799
22 16 0.002495197810422438
22 17 0.00198955682650084
22 18 -0.0007346183587659174
22 19 -0.002102208820380516
22 20 0.002593976773870433
22 21 -0.001448780825905651
22 22 0.01557346383184977
22 23 -6.985561069193336e-05
22 24 0.001042637906212107
22 25 -0.0004922540446557898
22 26 -0.000644412803371469
22 27 9.323117497459052e-05
23 0 1.640944094485781e-05
23 1 -0.001230374941503289
23 2 0.001133618143144383
23 3 8.131342102985063e-05
23 4 0.0001392852270055072
23 5 0.002130418490161371
23 6 -0.00580024392722552
23 7 0.000638757716714675
23 8 0.001981977177420157
23 9 0.001130635460943663
23 10 -0.0008870760123705261
23 11 -0.002308568360258336
23 12 -0.0006882308135257848
23 13 -0.005687600680400664
23 14 0.004744171647058176
23 15 -0.007557043133077864
23 16 -0.004544744064793605
23 17 0.0004371355140723766
23 18 7.802732498645569e-05
23 19 0.0005166398324493509
23 20 0.000472996537449039
23 21 -0.0002315146343032538
23 22 -6.98556106919107e-05
23 23 0.01726028863156118
23 24 -0.002052871048733393
23 25 -0.00301075055415948
23 26 -0.0001338174877294691
23 27 -0.0008180765393000578
24 0 1.746896265015432e-05
24 1 -0.001670499457059478
24 2 0.002037727802791878
24 3 0.001428043499721371
24 4 0.0007979492665912114
24 5 0.001796966669411996
24 6 0.008136481671853307
24 7 0.003182844013951176
24 8 -6.409326735004514e-05
24 9 0.003523174991706581
24 10 -0.0005102758391953234
24 11 -4.069030268678982e-05
24 12 -0.002786867926490205
24 13 0.005706206479379564
24 14 0.003086899746880247
24 15 0.008427994124056627
24 16 0.006019257540093085
24 17 0.0003800116923973164
24 18 -0.0004020540864966567
24 19 -1.895055930055899e-05
24 20 0.001581403073535825
24 21 0.0004803159524640459
24 22 0.001042637906212089
24 23 -0.002052871048733394
24 24 0.01670804252340954
24 25 -0.00422484125483909
24 26 -0.0006547749121811807
24 27 -0.0007245323228251019
25 0 -3.11634390128834e-05
25 1 0.002581270789539151
25 2 -0.000324267853068606
25 3 -0.004174312653079642
25 4 -0.00606350975565384
25 5 -0.002636283408767273
25 6 0.001549313349828119
25 7 -0.001489670277735822
25 8 -0.0001164779650628899
25 9 0.00255135586089946
25 10 -0.003570315242620413
25 11 0.003329111886611598
25 12 0.002596394071837237
25 13 -0.001813632812905482
25 14 -0.005884655081044595
25 15 -0.001169304476274136
25 16 -0.0005269581849041837
25 17 0.00301481836120361
25 18 0.003147161382309589
25 19 -0.001111252345375306
25 20 0.002747504034180305
25 21 0.002130179224523617
25 22 -0.0004922540446558044
25 23 -0.003010750554159522
25 24 -0.004224841254839126
25 25 0.0126159639992022
25 26 0.001027381505558026
25 27 -0.001956723979572111
26 0 -1.981874535476835e-05
26 1 0.0009901358309652114
26 2 -0.001359127272444345
26 3 0.0006843859202639662
26 4 -0.002840830704228822
26 5 -0.002546822301069505
26 6 0.0002202397582334209
26 7 -0.001679070031152565
26 8 -0.001994115608023346
26 9 0.0009074037705540058
26 10 -0.004575375534070879
26 11 0.002826770661091045
26 12 0.001259078417222679
26 13 -0.00154533189609034
26 14 0.02193681349547362
26 15 -0.0009001443286681266
26 16 0.0001068828341865026
26 17 0.000256822826021264
26 18 -0.0007334411762585575
26 19 0.00173775895356284
26 20 -0.0005753465572845811
26 21 0.001526894397177518
26 22 -0.0006444128033714579
26 23 -0.0001338174877294258
26 24 -0.0006547749121811965
26 25 0.00102738150555805
26 26 0.01997384003524194
26 27 -0.0008949968303314849
27 0 -2.209868308903021e-05
27 1 -0.00253703140590263
27 2 0.004250786887050655
27 3 0.000127609317284473
27 4 0.00570722369108274
27 5 0.007552024131971103
27 6 -0.001553412478018436
27 7 0.008264372095917167
27 8 0.002662753219837983
27 9 -0.0007918542650445454
27 10 0.01318441295909958
27 11 -0.004975439690512224
27 12 0.001241229036024969
27 13 0.002185362132266062
27 14 0.007689622227692989
27 15 0.001373172232906023
27 16 3.138260904271176e-05
27 17 0.0002416214644705001
27 18 8.896171584951395e-05
27 19 -0.0004733800420202928
27 20 0.001107950921338802
27 21 0.0006529409207924987
27 22 9.323117497459895e-05
27 23 -0.0008180765393000604
27 24 -0.0007245323228251037
27 25 -0.001956723979572101
27 26 -0.0008949968303314944
27 27 0.01679747768536306
