0 0 1.999965284932951
0 1 -1.685584336145554e-05
0 2 -8.770075587132293e-05
0 3 -1.274048248969833e-06
0 4 2.673443041246943e-05
0 5 -7.239062376291369e-10
0 6 -2.517829836182186e-06
0 7 2.806211192752048e-10
0 8 2.468433325984841e-05
0 9 2.48257359790253e-10
0 10 -8.63365060932296e-05
0 11 -3.378964987357607e-05
0 12 5.391218472253383e-09
0 13 0.0003209296762807842
0 14 -0.0001885985076053011
0 15 2.357980034757633e-05
1 0 -1.685584336145553e-05
1 1 1.987252094306154
1 2 -8.007012654109605e-05
1 3 -0.001916771857156317
1 4 -0.002275436074890597
1 5 -3.086847904387394e-08
1 6 0.001692576925809225
1 7 2.198058514572141e-08
1 8 -0.001360442087864191
1 9 3.637040704885226e-08
1 10 -0.005004204487812488
1 11 -0.002410899691256259
1 12 -6.295636670096352e-08
1 13 -7.775549549700266e-05
1 14 0.000738680898106088
1 15 -0.003370768899779878
2 0 -8.77007558713228e-05
2 1 -8.00701265410955e-05
2 2 1.984536295165476
2 3 0.001389371117285105
2 4 0.0005279316703555859
2 5 3.708367395549124e-09
2 6 -0.0008136036489439817
2 7 1.484135223977522e-08
2 8 0.003051051759193385
2 9 -2.080083013941321e-08
2 10 0.001661180871711826
2 11 0.002846959505978244
2 12 -7.759779223837216e-08
2 13 -0.003089160204783383
2 14 0.001841564574419242
2 15 0.004123347787363851
3 0 -1.274048248969826e-06
3 1 -0.001916771857156322
3 2 0.001389371117285107
3 3 1.97886669769883
3 4 0.002168529486822773
3 5 2.659780776998696e-08
3 6 -0.001393579317915845
3 7 2.713647249810488e-08
3 8 -0.0004720031174757019
3 9 9.639092307445108e-09
3 10 0.0004446021173972395
3 11 0.0007123871231124147
3 12 -1.391866318835401e-07
3 13 0.001585526823226388
3 14 0.00700042266164764
3 15 -0.006347647382687567
4 0 2.673443041246961e-05
4 1 -0.002275436074890607
4 2 0.0005279316703555726
4 3 0.002168529486822789
4 4 1.978541062256977
4 5 4.198201519954561e-08
4 6 -0.001630050224942078
4 7 8.776816653957762e-08
4 8 0.008445420877742013
4 9 -5.727528077357363e-08
4 10 0.001277707781938607
4 11 0.009283968045317668
4 12 -8.135018251398071e-08
4 13 0.001197802907279205
4 14 0.006833061915903687
4 15 0.007576504360266008
5 0 -7.239062376291232e-10
5 1 -3.086847904387318e-08
5 2 3.708367395548521e-09
5 3 2.659780776998683e-08
5 4 4.198201519954415e-08
5 5 1.970078246688231
5 6 -8.964838670116605e-08
5 7 -0.0191959636979432
5 8 9.649010645252673e-08
5 9 0.005512093147072841
5 10 4.863052963582535e-08
5 11 1.396955864186749e-07
5 12 -0.003290334240459735
5 13 2.219962153271189e-08
5 14 3.20593815592706e-08
5 15 1.617570875169362e-08
6 0 -2.517829836181976e-06
6 1 0.001692576925809214
6 2 -0.0008136036489439665
6 3 -0.001393579317915822
6 4 -0.001630050224942104
6 5 -8.964838670116554e-08
6 6 1.975101017739722
6 7 -1.9409328751803e-07
6 8 -0.0007521855696903368
6 9 3.444187997676061e-08
6 10 0.0004808171060156713
6 11 -0.00532071746888339
6 12 3.555793935838574e-08
6 13 -0.001693711464547757
6 14 -0.002994014982469087
6 15 0.006076170052871767
7 0 2.806211192751916e-10
7 1 2.198058514572174e-08
7 2 1.484135223977481e-08
7 3 2.71364724981042e-08
7 4 8.776816653957716e-08
7 5 -0.01919596369794329
7 6 -1.940932875180301e-07
7 7 1.895429064074487
7 8 -2.324810112577522e-08
7 9 0.02230188165700525
7 10 1.428091309763075e-08
7 11 -3.122454945135852e-09
7 12 -0.001696993664449756
7 13 7.488264317215446e-09
7 14 -5.871554636258877e-08
7 15 1.401494053120628e-08
8 0 2.468433325984861e-05
8 1 -0.001360442087864181
8 2 0.003051051759193391
8 3 -0.0004720031174756904
8 4 0.008445420877742017
8 5 9.649010645252664e-08
8 6 -0.0007521855696903492
8 7 -2.324810112577526e-08
8 8 1.982364320697658
8 9 -3.165551685588676e-08
8 10 0.006846064803372897
8 11 0.01996033054170766
8 12 -4.353137474523851e-07
8 13 0.005939754774820748
8 14 0.02487654565405791
8 15 0.000592773731554506
9 0 2.482573597902512e-10
9 1 3.637040704885236e-08
9 2 -2.080083013941318e-08
9 3 9.639092307445045e-09
9 4 -5.72752807735728e-08
9 5 0.005512093147072839
9 6 3.444187997676016e-08
9 7 0.02230188165700478
9 8 -3.165551685588689e-08
9 9 0.1103079096291733
9 10 1.017901780858986e-07
9 11 3.71815892895111e-08
9 12 -0.007826459253653655
9 13 2.699815993573718e-08
9 14 -1.821079572009678e-07
9 15 -7.796785888482436e-09
10 0 -8.633650609322905e-05
10 1 -0.005004204487812476
10 2 0.001661180871711834
10 3 0.000444602117397241
10 4 0.001277707781938583
10 5 4.863052963582547e-08
10 6 0.0004808171060156692
10 7 1.428091309763041e-08
10 8 0.00684606480337288
10 9 1.017901780858968e-07
10 10 0.02513834611651829
10 11 0.002935740769726653
10 12 -1.277683535418951e-07
10 13 0.001354979843211759
10 14 0.004460214799506635
10 15 0.000754229007921685
11 0 -3.378964987357647e-05
11 1 -0.002410899691256243
11 2 0.002846959505978248
11 3 0.0007123871231123622
11 4 0.009283968045317656
11 5 1.396955864186755e-07
11 6 -0.00532071746888336
11 7 -3.122454945135874e-09
11 8 0.01996033054170775
11 9 3.718158928951106e-08
11 10 0.002935740769726639
11 11 0.02711143182454036
11 12 -4.513227299517054e-09
11 13 -7.168141134529407e-06
11 14 0.001523659548499156
11 15 0.001813810490926609
12 0 5.391218472253433e-09
12 1 -6.295636670096336e-08
12 2 -7.759779223837195e-08
12 3 -1.391866318835403e-07
12 4 -8.135018251398086e-08
12 5 -0.003290334240459757
12 6 3.555793935838563e-08
12 7 -0.001696993664449743
12 8 -4.353137474523862e-07
12 9 -0.007826459253653755
12 10 -1.277683535418961e-07
12 11 -4.513227299517076e-09
12 12 0.02388447483138108
12 13 -1.628214169641732e-08
12 14 4.373264517809739e-08
12 15 -2.505802504331454e-08
13 0 0.0003209296762807837
13 1 -7.775549549699794e-05
13 2 -0.003089160204783386
13 3 0.001585526823226376
13 4 0.001197802907279187
13 5 2.219962153271164e-08
13 6 -0.001693711464547759
13 7 7.488264317215623e-09
13 8 0.005939754774820715
13 9 2.699815993573732e-08
13 10 0.001354979843211754
13 11 -7.168141134519107e-06
13 12 -1.628214169641776e-08
13 13 0.02071911503012056
13 14 -0.000182297622414889
13 15 3.11810170585294e-05
14 0 -0.0001885985076053017
14 1 0.0007386808981060742
14 2 0.001841564574419239
14 3 0.007000422661647741
14 4 0.006833061915903783
14 5 3.205938155927151e-08
14 6 -0.002994014982469123
14 7 -5.871554636258934e-08
14 8 0.02487654565405799
14 9 -1.821079572009646e-07
14 10 0.00446021479950658
14 11 0.001523659548499192
14 12 4.373264517809565e-08
14 13 -0.000182297622414889
14 14 0.02082330865333441
14 15 0.00136328594135225
15 0 2.357980034757633e-05
15 1 -0.00337076889977985
15 2 0.004123347787363845
15 3 -0.006347647382687527
15 4 0.007576504360266011
15 5 1.617570875169357e-08
15 6 0.006076170052871782
15 7 1.401494053120636e-08
15 8 0.000592773731554492
15 9 -7.796785888482181e-09
15 10 0.0007542290079216979
15 11 0.001813810490926606
15 12 -2.505802504331444e-08
15 13 3.118101705853441e-05
15 14 0.001363285941352241
15 15 0.01988133035160972
