 &FCI NORB=   8,NELEC= 8,MS2=0,
  ORBSYM=1,1,1,1,1,1,1,1
  ISYM=1,
 &END
 0.5043591001401235    1    1    1    1
 -0.01711947137320336    2    1    1    1
 0.1128088416054957    2    1    2    1
 0.4689834533484143    2    2    1    1
 -0.02526743420245488    2    2    2    1
 0.4894101200259648    2    2    2    2
 -0.01392285277283762    3    1    1    1
 -0.01579913075893127    3    1    2    1
 0.01739421299957361    3    1    2    2
 0.09170882009969818    3    1    3    1
 -0.01072498883781177    3    2    1    1
 0.01846981628453967    3    2    2    1
 0.003537415435662036    3    2    2    2
 0.05246957463803545    3    2    3    1
 0.05806669896506741    3    2    3    2
 0.4613891910147601    3    3    1    1
 0.05565079154801448    3    3    2    1
 0.4369679437231127    3    3    2    2
 0.01665515253815656    3    3    3    1
 0.032482321647555    3    3    3    2
 0.52483097032968    3    3    3    3
 -0.01054232390815991    4    1    1    1
 0.003461389055672463    4    1    2    1
 -0.02912150169941148    4    1    2    2
 0.003769936288151166    4    1    3    1
 0.006390288408648788    4    1    3    2
 -0.023625851126341    4    1    3    3
 0.08995455846960171    4    1    4    1
 -0.001744884488907052    4    2    1    1
 -0.02805897342547509    4    2    2    1
 0.003681414617123731    4    2    2    2
 0.007212160450562362    4    2    3    1
 -0.002796216372662067    4    2    3    2
 -0.02572462761608705    4    2    3    3
 0.01712099295587068    4    2    4    1
 0.02461699163063598    4    2    4    2
 0.005622907003688719    4    3    1    1
 0.007148336641371911    4    3    2    1
 -0.00102302148316401    4    3    2    2
 -0.02256882523648193    4    3    3    1
 -0.01937632872799071    4    3    3    2
 0.002901162766702284    4    3    3    3
 -0.01159796395226137    4    3    4    1
 -0.005755722486733136    4    3    4    2
 0.02527886834116544    4    3    4    3
 0.450579779244331    4    4    1    1
 0.02147602708244767    4    4    2    1
 0.3921924714832169    4    4    2    2
 -0.01538273562984099    4    4    3    1
 -0.002251233332094298    4    4    3    2
 0.4101435073142249    4    4    3    3
 0.06254168965390379    4    4    4    1
 0.004134499372623567    4    4    4    2
 -0.002789426237533316    4    4    4    3
 0.5123762499375351    4    4    4    4
 0.04055617519625583    5    1    1    1
 -0.007284281791038567    5    1    2    1
 -0.002652633084232077    5    1    2    2
 -0.007722123553509941    5    1    3    1
 0.006015832675109551    5    1    3    2
 0.03876064712032132    5    1    3    3
 -0.0005757075888764013    5    1    4    1
 -0.01117824360814699    5    1    4    2
 -0.001908143572480411    5    1    4    3
 0.03251183352406483    5    1    4    4
 0.06101928476411501    5    1    5    1
 -0.04581038496852069    5    2    1    1
 -0.06279012839520148    5    2    2    1
 -0.0112098237222115    5    2    2    2
 0.0211669971483741    5    2    3    1
 -0.003335680360096705    5    2    3    2
 -0.05814159575097963    5    2    3    3
 -0.02150996931006465    5    2    4    1
 0.01667498646653554    5    2    4    2
 -0.009433833338648345    5    2    4    3
 -0.06692985742977721    5    2    4    4
 -0.03343253471858743    5    2    5    1
 0.09884532626394198    5    2    5    2
 -0.01211168474818106    5    3    1    1
 0.016599713929523    5    3    2    1
 -0.003382784793470146    5    3    2    2
 0.0243889554586386    5    3    3    1
 0.0115841351807114    5    3    3    2
 0.01912513092777452    5    3    3    3
 -0.00754984811357603    5    3    4    1
 -0.008525763873403834    5    3    4    2
 -0.005832897693170612    5    3    4    3
 -0.01011423424760357    5    3    4    4
 -0.001328039960212746    5    3    5    1
 -5.027264647221595e-06    5    3    5    2
 0.02598939388190454    5    3    5    3
 -0.01018470737303159    5    4    1    1
 -0.02272583861842035    5    4    2    1
 -0.002311578230261338    5    4    2    2
 -0.006249493765594651    5    4    3    1
 -0.01168428844773106    5    4    3    2
 -0.02481878573584665    5    4    3    3
 0.005476336247750246    5    4    4    1
 -0.001536732094873415    5    4    4    2
 -0.0005647636479238377    5    4    4    3
 -0.01732763997528818    5    4    4    4
 -0.007385244346714161    5    4    5    1
 0.02056354336788985    5    4    5    2
 -0.004832398138410502    5    4    5    3
 0.02224703640546127    5    4    5    4
 0.4844777121223794    5    5    1    1
 -0.05472008615784164    5    5    2    1
 0.4796824741152244    5    5    2    2
 0.004464560928958818    5    5    3    1
 -0.00563612448615636    5    5    3    2
 0.42109240214981    5    5    3    3
 -0.01443154473194864    5    5    4    1
 0.01469690290708463    5    5    4    2
 -0.001542831125075469    5    5    4    3
 0.4111800833706478    5    5    4    4
 0.02337345968687641    5    5    5    1
 -0.0160450474474656    5    5    5    2
 -0.01994411570000919    5    5    5    3
 -0.002437163671867828    5    5    5    4
 0.5154576366699276    5    5    5    5
 -0.02810222868260476    6    1    1    1
 -0.001962629073818107    6    1    2    1
 -0.02649913524040016    6    1    2    2
 0.008614573353000811    6    1    3    1
 -0.0002108295552405913    6    1    3    2
 -0.02682311802992343    6    1    3    3
 -0.02312492267790656    6    1    4    1
 -0.004670978560689966    6    1    4    2
 -0.002050274673369381    6    1    4    3
 -0.01448190677133836    6    1    4    4
 -6.134935728239753e-05    6    1    5    1
 0.01575384874903343    6    1    5    2
 0.00823822585145657    6    1    5    3
 -0.00497472241894736    6    1    5    4
 -0.03227947837529462    6    1    5    5
 0.04060456636328145    6    1    6    1
 -0.01215812040148613    6    2    1    1
 -0.01877507016695362    6    2    2    1
 -0.01478499084390485    6    2    2    2
 -0.004260553549855885    6    2    3    1
 -0.007108396446435649    6    2    3    2
 -0.02353901043931211    6    2    3    3
 -0.008219056272228367    6    2    4    1
 -0.0054686847036352    6    2    4    2
 0.001329690314193206    6    2    4    3
 -0.01412428707551822    6    2    4    4
 0.005746753099692981    6    2    5    1
 0.01652507176717018    6    2    5    2
 -0.002135109457570169    6    2    5    3
 0.01041838327072419    6    2    5    4
 -0.01186083748235784    6    2    5    5
 0.01082629426459742    6    2    6    1
 0.01603120821221578    6    2    6    2
 0.02025854223709275    6    3    1    1
 -0.005466815264722001    6    3    2    1
 0.01022284061441102    6    3    2    2
 -0.01540223171602961    6    3    3    1
 -0.01021947535621776    6    3    3    2
 0.008263481256965981    6    3    3    3
 -0.005186389379233051    6    3    4    1
 0.0002553989526419225    6    3    4    2
 -0.006118899460196199    6    3    4    3
 0.005618610269494057    6    3    4    4
 0.009361073796009143    6    3    5    1
 -0.004003124932484955    6    3    5    2
 -0.005289512684723885    6    3    5    3
 0.0008487628758578656    6    3    5    4
 0.01908365632920975    6    3    5    5
 -0.00729789455544735    6    3    6    1
 -0.000582340366314543    6    3    6    2
 0.01793314134312461    6    3    6    3
 -0.08359705255417181    6    4    1    1
 -0.007057233983925902    6    4    2    1
 -0.07796649960894267    6    4    2    2
 -0.00274235543613356    6    4    3    1
 -0.001505151387145688    6    4    3    2
 -0.0851160507683425    6    4    3    3
 0.03591767732739028    6    4    4    1
 0.01110866850272913    6    4    4    2
 -0.008436630975443071    6    4    4    3
 -0.02128321174460333    6    4    4    4
 -0.01772557391970013    6    4    5    1
 0.02707844388878045    6    4    5    2
 -0.001144280090215546    6    4    5    3
 0.008385961674793069    6    4    5    4
 -0.08210032731226373    6    4    5    5
 0.0332149835105375    6    4    6    1
 0.01062105321305669    6    4    6    2
 -0.01543314426904535    6    4    6    3
 0.1107360142405681    6    4    6    4
 0.0278276326016056    6    5    1    1
 0.01181164193158688    6    5    2    1
 0.03407631786658438    6    5    2    2
 0.008306499575004353    6    5    3    1
 0.003241724347302608    6    5    3    2
 0.02804517409222058    6    5    3    3
 -0.01147472819424691    6    5    4    1
 0.005339889018201016    6    5    4    2
 -0.0004700912689754029    6    5    4    3
 0.02102083725393527    6    5    4    4
 -0.008675783968452165    6    5    5    1
 -0.009667584992411642    6    5    5    2
 0.003477137018597246    6    5    5    3
 -0.01295452022059313    6    5    5    4
 0.03020873742498041    6    5    5    5
 0.00135566951177894    6    5    6    1
 -0.01229420146940586    6    5    6    2
 -5.249016631490903e-05    6    5    6    3
 -0.01943897972087561    6    5    6    4
 0.02408548526962897    6    5    6    5
 0.4382559978646574    6    6    1    1
 0.02472469602608122    6    6    2    1
 0.3812038855470375    6    6    2    2
 -0.0169786259903541    6    6    3    1
 -0.0007552376752719716    6    6    3    2
 0.3992142132630884    6    6    3    3
 0.07494971191394917    6    6    4    1
 0.01016866212201998    6    6    4    2
 -0.00951639338917481    6    6    4    3
 0.5062288329935526    6    6    4    4
 0.03099936839141428    6    6    5    1
 -0.07552578779725329    6    6    5    2
 -0.01319530059205587    6    6    5    3
 -0.01994710231440189    6    6    5    4
 0.409064254611216    6    6    5    5
 -0.01916835831871315    6    6    6    1
 -0.01998330463674037    6    6    6    2
 0.01033443882583073    6    6    6    3
 -0.00682118917131611    6    6    6    4
 0.02058335242692498    6    6    6    5
 0.5351741503986956    6    6    6    6
 -0.0002826880074241019    7    1    1    1
 -0.001728309806821204    7    1    2    1
 -0.006814784682814808    7    1    2    2
 0.01877290965790449    7    1    3    1
 -0.004678049012565525    7    1    3    2
 0.01120786092499268    7    1    3    3
 0.006705409581855133    7    1    4    1
 -0.004111890894736234    7    1    4    2
 0.01259673860394139    7    1    4    3
 0.003160142123321531    7    1    4    4
 0.005205516361087275    7    1    5    1
 -0.01083116708307941    7    1    5    2
 0.0108074918518673    7    1    5    3
 0.001186568542091097    7    1    5    4
 -0.008743554294738498    7    1    5    5
 0.0003020798899617951    7    1    6    1
 0.002570080892323961    7    1    6    2
 -0.01041722065726782    7    1    6    3
 -0.00866450358385619    7    1    6    4
 -0.002536952699380932    7    1    6    5
 -0.003562508770002349    7    1    6    6
 0.04423032027184176    7    1    7    1
 -0.01931015867315089    7    2    1    1
 -0.02028088767060535    7    2    2    1
 -0.01721383469878253    7    2    2    2
 -0.02032909717234149    7    2    3    1
 -0.02145615018059835    7    2    3    2
 -0.03594391264476302    7    2    3    3
 -0.009277235433812009    7    2    4    1
 0.006889884203710223    7    2    4    2
 0.01275949903608405    7    2    4    3
 -0.02461479361559899    7    2    4    4
 -0.01422098184173057    7    2    5    1
 0.02490669897295595    7    2    5    2
 -0.01287193334931089    7    2    5    3
 0.008853312025473899    7    2    5    4
 -0.01258381905345193    7    2    5    5
 0.005618318829884095    7    2    6    1
 0.009191357086301482    7    2    6    2
 -0.002506032888560787    7    2    6    3
 0.009884196817112334    7    2    6    4
 -0.004686540909607014    7    2    6    5
 -0.02883192295649177    7    2    6    6
 0.007213451469636536    7    2    7    1
 0.03431751061109953    7    2    7    2
 0.07261951092300616    7    3    1    1
 -0.0227593040880394    7    3    2    1
 0.04498961546283555    7    3    2    2
 0.01391225209337206    7    3    3    1
 -0.001844092923649839    7    3    3    2
 0.03876416780271647    7    3    3    3
 0.03144677509100445    7    3    4    1
 0.01599828408999431    7    3    4    2
 -0.004074591057078851    7    3    4    3
 0.0723452130813458    7    3    4    4
 0.02163830276320074    7    3    5    1
 -0.02656486488027087    7    3    5    2
 -0.0147125310785593    7    3    5    3
 -0.004578130217509751    7    3    5    4
 0.0749092782528991    7    3    5    5
 -0.01946798623812522    7    3    6    1
 -0.008948250525533816    7    3    6    2
 0.01187358629845224    7    3    6    3
 -0.02387827243977237    7    3    6    4
 0.009254088276371735    7    3    6    5
 0.08339494827954345    7    3    6    6
 0.00395411206116543    7    3    7    1
 -0.0165817977816143    7    3    7    2
 0.09148828040156978    7    3    7    3
 0.03156645442769127    7    4    1    1
 -0.01062970098348109    7    4    2    1
 0.03648598701124016    7    4    2    2
 0.03190318869660257    7    4    3    1
 0.02046204025277359    7    4    3    2
 0.03061820951947843    7    4    3    3
 0.0005843534427007501    7    4    4    1
 0.001576723286957046    7    4    4    2
 -0.0005815266194147172    7    4    4    3
 0.01923440293260198    7    4    4    4
 0.006082557470913282    7    4    5    1
 -0.0008865996317547571    7    4    5    2
 0.001919064440384163    7    4    5    3
 -0.004846575316286376    7    4    5    4
 0.03996740153657825    7    4    5    5
 -0.01062952251025154    7    4    6    1
 -0.003451177776091412    7    4    6    2
 -0.004400073113510697    7    4    6    3
 -0.02854755155677034    7    4    6    4
 0.005304374188469461    7    4    6    5
 0.01338624402913999    7    4    6    6
 0.002989602382555356    7    4    7    1
 -0.01585855687839449    7    4    7    2
 0.02814201997110235    7    4    7    3
 0.03590852716775478    7    4    7    4
 0.02474190131576142    7    5    1    1
 -0.02941410644487744    7    5    2    1
 0.03545609350107488    7    5    2    2
 0.0161572333778548    7    5    3    1
 -0.01010772300332284    7    5    3    2
 -0.00127309634865081    7    5    3    3
 0.003846950729244631    7    5    4    1
 0.009185005549959784    7    5    4    2
 -0.003173241141556607    7    5    4    3
 0.01194756547819294    7    5    4    4
 -0.008948531567560435    7    5    5    1
 0.01118434301180029    7    5    5    2
 0.001689428176233606    7    5    5    3
 0.008346718678793764    7    5    5    4
 0.0397174833008197    7    5    5    5
 -0.003954626244522663    7    5    6    1
 0.0006761245493983136    7    5    6    2
 0.003172243244021365    7    5    6    3
 -0.006578923820166475    7    5    6    4
 0.004266716303278946    7    5    6    5
 0.01333244331769136    7    5    6    6
 0.00901744324143503    7    5    7    1
 -0.003015300416982202    7    5    7    2
 0.02303297370244529    7    5    7    3
 0.009642971527480861    7    5    7    4
 0.02915460027866977    7    5    7    5
 -0.005209991788915603    7    6    1    1
 0.00839729665490555    7    6    2    1
 0.001615210824421166    7    6    2    2
 -0.01729741621875736    7    6    3    1
 -0.008209242093921414    7    6    3    2
 0.004902664971961087    7    6    3    3
 -0.02236662537478817    7    6    4    1
 -0.004148205744218986    7    6    4    2
 -0.0006814678103886705    7    6    4    3
 -0.03261581132080891    7    6    4    4
 -0.003692999973083694    7    6    5    1
 0.0018867631578475    7    6    5    2
 0.002169696167035906    7    6    5    3
 5.152676019200247e-05    7    6    5    4
 -0.004435180740648851    7    6    5    5
 -0.004678820982019829    7    6    6    1
 -0.002493998868413456    7    6    6    2
 0.01158251561038863    7    6    6    3
 -0.01382715009069365    7    6    6    4
 0.001187668403161088    7    6    6    5
 -0.03164196294076969    7    6    6    6
 -0.01120039881738578    7    6    7    1
 0.002756676296823136    7    6    7    2
 -0.0166738266774379    7    6    7    3
 -0.01316602637673744    7    6    7    4
 -0.005052950639942942    7    6    7    5
 0.02533773229038391    7    6    7    6
 0.4746080896897341    7    7    1    1
 0.03058369784878024    7    7    2    1
 0.4361130322415974    7    7    2    2
 -0.006977850738992537    7    7    3    1
 -0.005054114164600928    7    7    3    2
 0.4913186984069483    7    7    3    3
 -0.0065720721853477    7    7    4    1
 -0.0203876659672447    7    7    4    2
 0.02064094722869957    7    7    4    3
 0.4338720116117465    7    7    4    4
 0.04036776266792049    7    7    5    1
 -0.0686194124951795    7    7    5    2
 0.008285956234586495    7    7    5    3
 -0.01428266902179695    7    7    5    4
 0.4410753804511787    7    7    5    5
 -0.03309551626167059    7    7    6    1
 -0.01726224941371986    7    7    6    2
 0.007429029923137106    7    7    6    3
 -0.08958611839878168    7    7    6    4
 0.02507356406716989    7    7    6    5
 0.4257003398028736    7    7    6    6
 0.03050351067266019    7    7    7    1
 -0.0239084519033432    7    7    7    2
 0.06065998851250598    7    7    7    3
 0.03066389669284369    7    7    7    4
 0.01459894531936903    7    7    7    5
 -0.005447060616363924    7    7    7    6
 0.5229071965930616    7    7    7    7
 0.05503581049947602    8    1    1    1
 0.01307238934982134    8    1    2    1
 0.0437142978703143    8    1    2    2
 0.009751603636403317    8    1    3    1
 0.003777686253280084    8    1    3    2
 0.04092533534365979    8    1    3    3
 -0.009015776637762436    8    1    4    1
 -0.001600840002898564    8    1    4    2
 -0.001074999349806845    8    1    4    3
 0.04880516767513539    8    1    4    4
 0.01150568066812237    8    1    5    1
 -0.03575434045802107    8    1    5    2
 -0.003087779657668707    8    1    5    3
 -0.01466940021099855    8    1    5    4
 0.05090293713024881    8    1    5    5
 0.001331658805100647    8    1    6    1
 -0.008560859600305682    8    1    6    2
 0.007629500327308113    8    1    6    3
 -0.03356796506175187    8    1    6    4
 0.020363135904495    8    1    6    5
 0.05120513310138442    8    1    6    6
 -0.001181279181053878    8    1    7    1
 -0.01624467116587218    8    1    7    2
 0.04347197082808597    8    1    7    3
 0.01754338468236524    8    1    7    4
 0.01004299471000626    8    1    7    5
 -0.005551233088495753    8    1    7    6
 0.04721553537336318    8    1    7    7
 0.0482327386917535    8    1    8    1
 0.04479189725816227    8    2    1    1
 -0.002548264392096211    8    2    2    1
 0.04962595795248825    8    2    2    2
 -0.00496051753934863    8    2    3    1
 -0.01024230370344805    8    2    3    2
 0.008273637995936734    8    2    3    3
 0.004403382966189147    8    2    4    1
 0.006900276057118364    8    2    4    2
 0.001277456237157233    8    2    4    3
 0.04029247919046854    8    2    4    4
 -0.01603511320921893    8    2    5    1
 -0.01478938774794765    8    2    5    2
 -0.01752631580816408    8    2    5    3
 0.001739834572636775    8    2    5    4
 0.05614227079224205    8    2    5    5
 -0.009725687073391727    8    2    6    1
 -0.005463999327086566    8    2    6    2
 0.008366278578235905    8    2    6    3
 -0.01940019379625839    8    2    6    4
 0.01401174166915752    8    2    6    5
 0.04575782004451656    8    2    6    6
 -0.009100641544957627    8    2    7    1
 -0.001317572288539667    8    2    7    2
 0.03964996788543853    8    2    7    3
 0.01101341755118807    8    2    7    4
 0.01795804839441882    8    2    7    5
 -0.005073317086760199    8    2    7    6
 0.02323386335062185    8    2    7    7
 0.03442880855503262    8    2    8    1
 0.05169294505728297    8    2    8    2
 0.03537710272868935    8    3    1    1
 -0.002659270096772452    8    3    2    1
 0.01383830120185462    8    3    2    2
 -0.02921146475510965    8    3    3    1
 -0.03725425912262674    8    3    3    2
 0.004483000491219443    8    3    3    3
 -0.002314036346552714    8    3    4    1
 -0.0005287374487943495    8    3    4    2
 0.01866001607381254    8    3    4    3
 0.03229315586371531    8    3    4    4
 0.001645719925721114    8    3    5    1
 -0.02483026127821267    8    3    5    2
 -0.01653469330073346    8    3    5    3
 0.003837847961895518    8    3    5    4
 0.02531736632388066    8    3    5    5
 0.0003674765761620155    8    3    6    1
 0.004574693640083929    8    3    6    2
 0.008038511656824876    8    3    6    3
 -0.01613968556209802    8    3    6    4
 0.004723015265911096    8    3    6    5
 0.03267468071730292    8    3    6    6
 0.02685018105207998    8    3    7    1
 0.02525015979637452    8    3    7    2
 0.0231232289197324    8    3    7    3
 -0.01443966764206728    8    3    7    4
 0.01053513690313903    8    3    7    5
 -0.001474932457008722    8    3    7    6
 0.04154804641575045    8    3    7    7
 0.02050253682670278    8    3    8    1
 0.02772094966494919    8    3    8    2
 0.07323458230900384    8    3    8    3
 -0.0330897579803837    8    4    1    1
 0.004304866671993333    8    4    2    1
 -0.02048066029400059    8    4    2    2
 -0.001415854759321923    8    4    3    1
 0.0003402239604949975    8    4    3    2
 -0.01273282738899162    8    4    3    3
 0.01155064952606646    8    4    4    1
 0.003430278721571371    8    4    4    2
 0.005185928243057231    8    4    4    3
 -0.03177061893483377    8    4    4    4
 -0.01528555576695148    8    4    5    1
 0.01133170644630993    8    4    5    2
 0.004386032209827802    8    4    5    3
 0.005631783100126788    8    4    5    4
 -0.02947048122485788    8    4    5    5
 -0.01229014615406758    8    4    6    1
 -0.003925282549850154    8    4    6    2
 -0.008588075758072716    8    4    6    3
 0.01092450147937105    8    4    6    4
 -0.005823320837243096    8    4    6    5
 -0.03235399177070739    8    4    6    6
 0.008823972167321104    8    4    7    1
 0.009005696743354202    8    4    7    2
 -0.02388763030577999    8    4    7    3
 -0.008322904042213005    8    4    7    4
 -0.005920985469658221    8    4    7    5
 0.004077077679423113    8    4    7    6
 -0.013875667046214    8    4    7    7
 -0.02857941471577347    8    4    8    1
 -0.01921563110309795    8    4    8    2
 -0.009555848508162637    8    4    8    3
 0.02880450011913432    8    4    8    4
 0.0005996358770432971    8    5    1    1
 -0.04888535081247912    8    5    2    1
 -0.008385758313214567    8    5    2    2
 -0.01193113110588727    8    5    3    1
 -0.02912887829202907    8    5    3    2
 -0.03892415237500029    8    5    3    3
 -0.01792325423387271    8    5    4    1
 0.009260741015045131    8    5    4    2
 0.006363318826153716    8    5    4    3
 -0.01434475998925416    8    5    4    4
 0.006552398637912072    8    5    5    1
 0.03185959263022711    8    5    5    2
 -0.008950721402618681    8    5    5    3
 0.00812565165254021    8    5    5    4
 0.009620160205436549    8    5    5    5
 0.01668070137986455    8    5    6    1
 0.01510137047299769    8    5    6    2
 0.005195644163879291    8    5    6    3
 0.0051109736504086    8    5    6    4
 -0.004368930296014774    8    5    6    5
 -0.01940723254420017    8    5    6    6
 0.006609505080826987    8    5    7    1
 0.0228051281344    8    5    7    2
 0.00586415846748659    8    5    7    3
 -0.007323151307310606    8    5    7    4
 0.01118788137817162    8    5    7    5
 -0.0004990402261906653    8    5    7    6
 -0.01725380944716819    8    5    7    7
 -0.003163075190268276    8    5    8    1
 -0.001528287962421415    8    5    8    2
 0.02370305604618523    8    5    8    3
 -0.008991358338048447    8    5    8    4
 0.04633892243174967    8    5    8    5
 0.02797119632218095    8    6    1    1
 -0.01127599867252832    8    6    2    1
 0.02368787373662632    8    6    2    2
 0.01204712530380275    8    6    3    1
 0.009051253106432542    8    6    3    2
 0.02823258247571557    8    6    3    3
 -0.02984727626229768    8    6    4    1
 -0.007975088365751972    8    6    4    2
 -0.006816762772949088    8    6    4    3
 0.003280364682029091    8    6    4    4
 0.01896484812877688    8    6    5    1
 0.008093242153228531    8    6    5    2
 0.004742534814796574    8    6    5    3
 -0.002827906739681122    8    6    5    4
 0.02665475950458143    8    6    5    5
 0.01111570055260585    8    6    6    1
 0.006467724068528987    8    6    6    2
 0.006954272914335845    8    6    6    3
 -0.02392821159361004    8    6    6    4
 0.003843814112103223    8    6    6    5
 -0.005466091521420132    8    6    6    6
 -0.004699838425428313    8    6    7    1
 -0.007174667328570848    8    6    7    2
 0.002899756048327052    8    6    7    3
 0.009490355301619142    8    6    7    4
 0.001517681839160918    8    6    7    5
 0.002510544486145388    8    6    7    6
 0.01691472231045184    8    6    7    7
 0.01340030877635203    8    6    8    1
 -0.001892996097471283    8    6    8    2
 -0.005645067343198352    8    6    8    3
 -0.0183819742253319    8    6    8    4
 0.009508868562877196    8    6    8    5
 0.02885759959697747    8    6    8    6
 -0.001985384324858779    8    7    1    1
 -0.01994261408109418    8    7    2    1
 0.01425113507343754    8    7    2    2
 0.07305928007649003    8    7    3    1
 0.05378894269467307    8    7    3    2
 0.02658678096473195    8    7    3    3
 0.01912882843823981    8    7    4    1
 0.01188539845562334    8    7    4    2
 -0.02812972853294774    8    7    4    3
 -0.00112362803470516    8    7    4    4
 0.007570970988791163    8    7    5    1
 0.02156495085944522    8    7    5    2
 0.01696543175067498    8    7    5    3
 -0.006160787692565188    8    7    5    4
 0.01455883890035783    8    7    5    5
 -0.004358361244355026    8    7    6    1
 -0.007055220611176833    8    7    6    2
 -0.007840494042660674    8    7    6    3
 0.002600136977508314    8    7    6    4
 0.001442973961457586    8    7    6    5
 0.00240867479741797    8    7    6    6
 0.00234687429910229    8    7    7    1
 -0.02653572598809474    8    7    7    2
 0.02190578146705545    8    7    7    3
 0.03084345371337187    8    7    7    4
 0.007781895878312491    8    7    7    5
 -0.01393000605064986    8    7    7    6
 -0.004804425464364196    8    7    7    7
 3.097522510574006e-05    8    7    8    1
 -0.01508247225216024    8    7    8    2
 -0.04708505212166401    8    7    8    3
 0.002922372107582304    8    7    8    4
 -0.01759775225856106    8    7    8    5
 0.01160464315124132    8    7    8    6
 0.0893034528589878    8    7    8    7
 0.4467899072951786    8    8    1    1
 0.06725911814411868    8    8    2    1
 0.4456030425348037    8    8    2    2
 0.03545276289368233    8    8    3    1
 0.04804321634738353    8    8    3    2
 0.5082929255805055    8    8    3    3
 -0.04697972708492711    8    8    4    1
 -0.03276243374952621    8    8    4    2
 -0.004994847709400516    8    8    4    3
 0.3990286985840412    8    8    4    4
 0.02749569435368893    8    8    5    1
 -0.06006485778251823    8    8    5    2
 0.02959032176579636    8    8    5    3
 -0.03252057393234192    8    8    5    4
 0.4223441191075434    8    8    5    5
 -0.008830611089334009    8    8    6    1
 -0.02363977768042353    8    8    6    2
 0.002997727110230863    8    8    6    3
 -0.09488224352210831    8    8    6    4
 0.04083554944968418    8    8    6    5
 0.388328588083746    8    8    6    6
 0.0004334239466989242    8    8    7    1
 -0.04764814734678757    8    8    7    2
 0.01668021829214235    8    8    7    3
 0.03820123957572918    8    8    7    4
 -0.001838836245960022    8    8    7    5
 0.005433679967921095    8    8    7    6
 0.4769810618557898    8    8    7    7
 0.05790269506612569    8    8    8    1
 0.01738905296605816    8    8    8    2
 -0.01066455768810007    8    8    8    3
 -0.0276350014781111    8    8    8    4
 -0.04988976476775688    8    8    8    5
 0.04358050643117051    8    8    8    6
 0.03190668699735136    8    8    8    7
 0.5590796137327597    8    8    8    8
 -4.064588014049754    1    1  0  0
 -0.0422761640913593    2    1  0  0
 -3.434369866433678    2    2  0  0
 0.0001165978274950423    3    1  0  0
 -0.03162214598906957    3    2  0  0
 -3.48654220923051    3    3  0  0
 0.002867541243803721    4    1  0  0
 0.03120817054792263    4    2  0  0
 -0.008337787654729277    4    3  0  0
 -3.340660745689836    4    4  0  0
 -0.210720696828387    5    1  0  0
 0.3557364365208976    5    2  0  0
 0.02046978219434784    5    3  0  0
 0.1022240684161503    5    4  0  0
 -2.802846242752694    5    5  0  0
 0.1654509586422246    6    1  0  0
 0.1133543806011597    6    2  0  0
 -0.08739392506251414    6    3  0  0
 0.4799301399897043    6    4  0  0
 -0.2023797522287353    6    5  0  0
 -2.603578936720031    6    6  0  0
 -0.02060810015627889    7    1  0  0
 0.1749556608185848    7    2  0  0
 -0.4219374904605186    7    3  0  0
 -0.2070548490756486    7    4  0  0
 -0.1311918189535594    7    5  0  0
 0.05543532634462973    7    6  0  0
 -2.750666869606714    7    7  0  0
 -0.3421344299331516    8    1  0  0
 -0.2570936183160629    8    2  0  0
 -0.1628051068608339    8    3  0  0
 0.1809215480953184    8    4  0  0
 0.1079234523204197    8    5  0  0
 -0.151513361818894    8    6  0  0
 -0.06315633394928549    8    7  0  0
 -2.636556452352417    8    8  0  0
 0  0  0  0  0
