0 0 1.999986483446572
0 1 -7.505297414558217e-06
0 2 -1.722846511307101e-05
0 3 -1.407306700510865e-05
0 4 2.569978462436251e-05
0 5 -1.74841335881147e-05
0 6 1.150715642672462e-06
0 7 -5.228975636328421e-06
0 8 -1.18129988139649e-05
0 9 1.939252973796518e-07
0 10 -6.471783594229525e-06
0 11 -9.624198809277842e-06
0 12 1.945460832464401e-06
0 13 6.998357207772705e-06
0 14 2.071739818160073e-05
0 15 -1.908759384844967e-05
0 16 1.393642403955607e-05
0 17 1.862204635090785e-05
0 18 5.139684663469708e-08
0 19 -1.529748335471934e-05
0 20 2.303148829708266e-05
0 21 -5.190613540574499e-05
0 22 -8.946434497798e-06
1 0 -7.505297414558246e-06
1 1 1.989982876911201
1 2 0.0003533889560021873
1 3 0.0001083559577759597
1 4 -0.0003839114885391104
1 5 -0.0004140148293112955
1 6 0.0002705208936495564
1 7 0.0003437395985886935
1 8 -7.599045791051323e-05
1 9 -0.0001839355120538762
1 10 0.000446530923385508
1 11 -0.0007469772090624304
1 12 -9.381017726136833e-05
1 13 -0.000379211703370839
1 14 0.0007722688102871317
1 15 0.00350512108275312
1 16 0.0009257938289937114
1 17 -0.00161137214267859
1 18 7.901823372060286e-05
1 19 0.001099342118751559
1 20 -0.002130869545682904
1 21 0.0005435689727440716
1 22 -0.003196678900854167
2 0 -1.722846511307112e-05
2 1 0.0003533889560021874
2 2 1.98840825885749
2 3 -0.0004831580711141269
2 4 0.001133486446320701
2 5 -0.001154207453948016
2 6 -0.0008146050023216307
2 7 -0.001258276966205174
2 8 0.00168054848576187
2 9 0.0002955756809695025
2 10 0.0004456998614089273
2 11 0.001494010709122505
2 12 9.805649646661382e-05
2 13 0.0004173507749304275
2 14 -0.003254458847566271
2 15 0.001160763842307771
2 16 -0.003189756468433868
2 17 -0.001928568639140855
2 18 -0.0004447212934831046
2 19 -0.001618798714705097
2 20 0.001069615255633877
2 21 -0.0007067229516053777
2 22 0.003617523974661769
3 0 -1.407306700510874e-05
3 1 0.000108355957775941
3 2 -0.0004831580711141265
3 3 1.985670058021113
3 4 0.0002612560691655115
3 5 3.654841373007127e-05
3 6 0.0004943669102791691
3 7 -0.0001138586294802199
3 8 -0.001017784121630272
3 9 -0.0002565579804010828
3 10 0.003102846123116392
3 11 0.001339894816481961
3 12 -0.0004412351187250768
3 13 2.902972504955277e-05
3 14 1.888766374900756e-05
3 15 0.001534963482104826
3 16 -0.002762096653469022
3 17 -7.758943044912654e-05
3 18 0.0007059785174480592
3 19 -0.0008438857341045149
3 20 0.004535801121658925
3 21 -7.048301045165282e-05
3 22 0.006070805353398793
4 0 2.569978462436292e-05
4 1 -0.000383911488539125
4 2 0.001133486446320698
4 3 0.0002612560691655237
4 4 1.981810312912585
4 5 0.002168282107356659
4 6 -0.001257016022219952
4 7 -0.001820191735322613
4 8 0.001504189248242964
4 9 -0.0001017907835693665
4 10 -0.0008487367024001345
4 11 0.00549202997612907
4 12 0.0001029208373582752
4 13 0.000810720222772287
4 14 0.002405195672872266
4 15 0.003456017104327445
4 16 -0.0007190593115145691
4 17 -0.001309080945205105
4 18 0.0006905644253321212
4 19 -0.001133236411762784
4 20 0.0007548207342440776
4 21 -0.001389428936634586
4 22 0.00366094569224557
5 0 -1.748413358811391e-05
5 1 -0.0004140148293113732
5 2 -0.001154207453948022
5 3 3.654841373010824e-05
5 4 0.002168282107356714
5 5 1.97836319204071
5 6 -0.0007959248487513487
5 7 -0.003649422218682289
5 8 0.002461684603868065
5 9 -0.0009531220371282692
5 10 -0.004643211752520663
5 11 -0.0002103904342350467
5 12 0.0002343500412344789
5 13 0.0004835935004311864
5 14 -0.00216204572235928
5 15 -0.000323427605299302
5 16 -0.0007602359638240765
5 17 -0.0008024870741047992
5 18 1.798774004004795e-06
5 19 -0.000241206981149273
5 20 -0.0008291586796960401
5 21 -0.001449840371408857
5 22 -0.011205042110549
6 0 1.150715642672361e-06
6 1 0.0002705208936495409
6 2 -0.0008146050023216194
6 3 0.0004943669102791448
6 4 -0.001257016022219907
6 5 -0.000795924848751358
6 6 1.980666515005352
6 7 4.06337761126533e-05
6 8 -0.0008831977569212524
6 9 -0.003368701527943493
6 10 0.002538961404146205
6 11 -0.001638686230305535
6 12 0.007188863420308187
6 13 0.02656725205946452
6 14 4.88758963565234e-05
6 15 -0.00418589439114584
6 16 0.0004425241065372806
6 17 -0.002356447445963882
6 18 -0.006403871349187639
6 19 0.001651846139801898
6 20 0.0001745150233924592
6 21 0.001305053164837451
6 22 0.002701526014746302
7 0 -5.228975636328194e-06
7 1 0.0003437395985886861
7 2 -0.001258276966205164
7 3 -0.0001138586294802022
7 4 -0.001820191735322687
7 5 -0.003649422218682236
7 6 4.063377611262609e-05
7 7 1.979505914521068
7 8 0.0006328892313813849
7 9 0.001883978138851359
7 10 0.004317662882271002
7 11 -0.003589982722043898
7 12 -0.003260278234486021
7 13 -0.0127278914911872
7 14 -0.006096069111019694
7 15 0.001193109558726531
7 16 0.002076536805984322
7 17 0.004102929527055368
7 18 0.001250994436115465
7 19 -5.569789667230447e-05
7 20 0.0001488464656076882
7 21 0.001407150461990258
7 22 0.004523163514428689
8 0 -1.181299881396492e-05
8 1 -7.599045791051938e-05
8 2 0.001680548485761888
8 3 -0.00101778412163028
8 4 0.001504189248243005
8 5 0.002461684603868055
8 6 -0.0008831977569212853
8 7 0.0006328892313813893
8 8 1.97479095330321
8 9 0.0008579553553687609
8 10 -0.003641993980718692
8 11 0.001225622020355577
8 12 -0.0005051401743033801
8 13 -0.001942023569354254
8 14 0.00342456191347282
8 15 0.0003785550061184859
8 16 -0.001607947103485613
8 17 -0.0003526303191944835
8 18 0.001409703453905111
8 19 -0.0002924120833708966
8 20 -1.580613078825164e-05
8 21 0.0009280889443337128
8 22 -0.005387708879270975
9 0 1.93925297379526e-07
9 1 -0.0001839355120538797
9 2 0.0002955756809695132
9 3 -0.0002565579804010879
9 4 -0.0001017907835693565
9 5 -0.0009531220371282601
9 6 -0.003368701527943859
9 7 0.001883978138851344
9 8 0.0008579553553687822
9 9 1.957890267310345
9 10 0.001665630514857463
9 11 6.481745944869139e-05
9 12 0.02620252982144601
9 13 0.05311276025099733
9 14 0.002914919994877469
9 15 -0.004099383501374947
9 16 -0.001367558999083576
9 17 -0.003973134329494832
9 18 -0.00535666296295701
9 19 0.002194342251847405
9 20 -0.0004157750714722592
9 21 0.0003949737442225965
9 22 -0.001488888739336174
10 0 -6.471783594229592e-06
10 1 0.0004465309233855124
10 2 0.0004456998614089303
10 3 0.003102846123116378
10 4 -0.0008487367024001438
10 5 -0.004643211752520615
10 6 0.002538961404146188
10 7 0.004317662882271012
10 8 -0.003641993980718702
10 9 0.001665630514857447
10 10 1.993762736895363
10 11 -0.00226441981253635
10 12 -0.001159123106525893
10 13 -0.003366954071461961
10 14 -0.002123528275964031
10 15 0.006680539655296919
10 16 -0.004075306736749201
10 17 -0.00903151814820894
10 18 0.003890276270574125
10 19 -0.0004009165705078156
10 20 -5.316209022743011e-05
10 21 -0.007035773047457573
10 22 -0.006952625536207292
11 0 -9.624198809277968e-06
11 1 -0.0007469772090624267
11 2 0.00149401070912249
11 3 0.001339894816481964
11 4 0.005492029976129029
11 5 -0.0002103904342350565
11 6 -0.001638686230305553
11 7 -0.003589982722043934
11 8 0.001225622020355636
11 9 6.481745944868605e-05
11 10 -0.002264419812536408
11 11 1.981592388789661
11 12 -0.0003219110994016772
11 13 0.0006240656840871406
11 14 -0.0091793270086842
11 15 0.01550700419615245
11 16 -0.004958327027812909
11 17 -0.02813028889109339
11 18 0.00940601813241187
11 19 -0.001582612066580644
11 20 -0.002071900144509572
11 21 -0.027370843250642
11 22 -0.000661198952895049
12 0 1.945460832464624e-06
12 1 -9.381017726139139e-05
12 2 9.805649646662138e-05
12 3 -0.0004412351187250879
12 4 0.0001029208373582839
12 5 0.0002343500412344473
12 6 0.007188863420308379
12 7 -0.003260278234485919
12 8 -0.0005051401743033834
12 9 0.02620252982144856
12 10 -0.001159123106525879
12 11 -0.0003219110994016785
12 12 1.94426942608389
12 13 0.02171113039644887
12 14 0.004525252249869073
12 15 -0.007184874486948887
12 16 -0.002379858861172941
12 17 -0.006395362560379208
12 18 -0.009435219467372974
12 19 0.002754094510364408
12 20 -0.0003593895079815785
12 21 0.0007588393970186409
12 22 8.847678347362956e-05
13 0 6.998357207772843e-06
13 1 -0.0003792117033708299
13 2 0.0004173507749304085
13 3 2.902972504955037e-05
13 4 0.0008107202227723665
13 5 0.0004835935004311439
13 6 0.02656725205946494
13 7 -0.01272789149118745
13 8 -0.001942023569354586
13 9 0.05311276025099805
13 10 -0.00336695407146202
13 11 0.0006240656840871244
13 12 0.02171113039644905
13 13 0.09169268486200575
13 14 0.001052917087360607
13 15 -0.003143092121517355
13 16 -0.0004301055186431974
13 17 -0.003164356993868109
13 18 -0.004621139781115514
13 19 0.00165429799844226
13 20 -0.000294850875172789
13 21 -1.101133635149847e-05
13 22 -7.952257998643873e-05
14 0 2.071739818160157e-05
14 1 0.0007722688102871373
14 2 -0.003254458847566187
14 3 1.888766374901369e-05
14 4 0.002405195672872303
14 5 -0.002162045722359326
14 6 4.887589635650979e-05
14 7 -0.006096069111019644
14 8 0.003424561913472934
14 9 0.002914919994877369
14 10 -0.002123528275964039
14 11 -0.009179327008684053
14 12 0.004525252249869048
14 13 0.001052917087360552
14 14 0.02174694156674422
14 15 0.004721014740182067
14 16 0.005388969022043887
14 17 0.003284272399640385
14 18 -0.003580371577676045
14 19 0.001167045115296516
14 20 0.007228774670565926
14 21 0.0006100349290222922
14 22 -0.001311848015489496
15 0 -1.908759384845041e-05
15 1 0.003505121082753108
15 2 0.001160763842307784
15 3 0.001534963482104838
15 4 0.003456017104327363
15 5 -0.0003234276052993835
15 6 -0.004185894391145642
15 7 0.001193109558726542
15 8 0.0003785550061184695
15 9 -0.004099383501374981
15 10 0.006680539655296787
15 11 0.0155070041961523
15 12 -0.007184874486948685
15 13 -0.003143092121517182
15 14 0.004721014740182029
15 15 0.01971108144715045
15 16 -0.004002062675302613
15 17 -0.001957348966508349
15 18 0.00271575065599839
15 19 -0.001845777767109187
15 20 -0.003348713834049264
15 21 -0.000128504720131169
15 22 0.0009171004926272909
16 0 1.393642403955601e-05
16 1 0.000925793828993703
16 2 -0.003189756468433862
16 3 -0.002762096653468934
16 4 -0.0007190593115145657
16 5 -0.0007602359638240537
16 6 0.0004425241065372527
16 7 0.002076536805984391
16 8 -0.001607947103485649
16 9 -0.00136755899908353
16 10 -0.00407530673674909
16 11 -0.00495832702781279
16 12 -0.002379858861173086
16 13 -0.0004301055186432005
16 14 0.00538896902204391
16 15 -0.004002062675302598
16 16 0.01807800416938342
16 17 0.0007813890355185627
16 18 0.001678432158707784
16 19 -0.001533388702061686
16 20 -0.004753829322204345
16 21 0.002473284968636259
16 22 0.0005081359289357112
17 0 1.862204635090763e-05
17 1 -0.001611372142678607
17 2 -0.001928568639140795
17 3 -7.758943044908864e-05
17 4 -0.001309080945205128
17 5 -0.0008024870741047967
17 6 -0.00235644744596386
17 7 0.00410292952705528
17 8 -0.0003526303191944903
17 9 -0.003973134329494608
17 10 -0.009031518148208781
17 11 -0.02813028889109323
17 12 -0.006395362560379263
17 13 -0.00316435699386806
17 14 0.003284272399640372
17 15 -0.001957348966508423
17 16 0.0007813890355185884
17 17 0.02290265264108822
17 18 -0.001141560157575691
17 19 -0.0006907378078278732
17 20 -0.001411469966593545
17 21 0.002953684019731948
17 22 -0.0006814468039557115
18 0 5.139684663456176e-08
18 1 7.901823372060355e-05
18 2 -0.000444721293483099
18 3 0.0007059785174480737
18 4 0.0006905644253321431
18 5 1.798774004005798e-06
18 6 -0.006403871349187762
18 7 0.001250994436115459
18 8 0.001409703453905101
18 9 -0.005356662962956876
18 10 0.003890276270574152
18 11 0.009406018132411547
18 12 -0.009435219467372493
18 13 -0.004621139781115652
18 14 -0.003580371577676034
18 15 0.002715750655998358
18 16 0.001678432158707764
18 17 -0.001141560157575742
18 18 0.01753137299529544
18 19 -0.001327397766523084
18 20 0.00183058948492558
18 21 -0.001502757532510568
18 22 -3.311063017993003e-05
19 0 -1.529748335471934e-05
19 1 0.001099342118751575
19 2 -0.001618798714705041
19 3 -0.0008438857341045175
19 4 -0.0011332364117628
19 5 -0.0002412069811492787
19 6 0.00165184613980186
19 7 -5.569789667230542e-05
19 8 -0.0002924120833708816
19 9 0.002194342251847536
19 10 -0.0004009165705078116
19 11 -0.001582612066580659
19 12 0.002754094510364337
19 13 0.001654297998442305
19 14 0.001167045115296533
19 15 -0.001845777767109168
19 16 -0.001533388702061745
19 17 -0.0006907378078278945
19 18 -0.001327397766523108
19 19 0.01761972566871496
19 20 -0.003269155700206472
19 21 0.0009285365860204034
19 22 0.0002779109117056866
20 0 2.303148829708216e-05
20 1 -0.002130869545682939
20 2 0.001069615255633876
20 3 0.004535801121658996
20 4 0.0007548207342440718
20 5 -0.0008291586796960657
20 6 0.000174515023392455
20 7 0.0001488464656077208
20 8 -1.580613078827893e-05
20 9 -0.0004157750714722574
20 10 -5.316209022742542e-05
20 11 -0.002071900144509534
20 12 -0.0003593895079815699
20 13 -0.0002948508751728015
20 14 0.007228774670565886
20 15 -0.00334871383404902
20 16 -0.004753829322204368
20 17 -0.001411469966593565
20 18 0.001830589484925483
20 19 -0.003269155700206361
20 20 0.01628959275822044
20 21 -0.0002017167847165169
20 22 0.0005877065375810562
21 0 -5.190613540574479e-05
21 1 0.0005435689727441135
21 2 -0.0007067229516053501
21 3 -7.048301045168967e-05
21 4 -0.001389428936634842
21 5 -0.001449840371408846
21 6 0.0013050531648374
21 7 0.001407150461990275
21 8 0.0009280889443337519
21 9 0.0003949737442225801
21 10 -0.007035773047457261
21 11 -0.02737084325064119
21 12 0.0007588393970186405
21 13 -1.101133635149254e-05
21 14 0.0006100349290222844
21 15 -0.0001285047201311861
21 16 0.002473284968636211
21 17 0.002953684019731844
21 18 -0.001502757532510563
21 19 0.0009285365860203776
21 20 -0.0002017167847165207
21 21 0.0218152516188938
21 22 -0.001006325150263458
22 0 -8.946434497798515e-06
22 1 -0.003196678900854119
22 2 0.003617523974661737
22 3 0.006070805353398883
22 4 0.003660945692245632
22 5 -0.0112050421105492
22 6 0.002701526014746374
22 7 0.004523163514428717
22 8 -0.005387708879270993
22 9 -0.001488888739336173
22 10 -0.006952625536207301
22 11 -0.0006611989528950457
22 12 8.847678347361998e-05
22 13 -7.952257998646925e-05
22 14 -0.001311848015489501
22 15 0.0009171004926272805
22 16 0.0005081359289357324
22 17 -0.000681446803955684
22 18 -3.311063017993429e-05
22 19 0.000277910911705676
22 20 0.0005877065375809967
22 21 -0.001006325150263455
22 22 0.01591330792369426
