0 0 1.999996964982128
0 1 -2.961883499529884e-06
0 2 -1.683588452855088e-05
0 3 -1.648686024514097e-06
0 4 2.130426903549087e-05
0 5 -2.578798660829558e-05
0 6 2.021618376790382e-05
0 7 -1.016678401669503e-05
0 8 -6.623126231460786e-05
0 9 -4.696555024485786e-06
0 10 1.951716469913305e-06
0 11 3.416575923823763e-06
0 12 -1.909790017914007e-05
0 13 5.115538325240301e-05
0 14 7.407247325306681e-05
0 15 9.64127931602905e-05
0 16 0.000138153281223821
1 0 -2.961883499529883e-06
1 1 1.996932220109301
1 2 -0.0006478336863133107
1 3 0.001690014858290954
1 4 -0.003909212071980326
1 5 6.748853852599755e-05
1 6 -4.55729769687804e-05
1 7 -0.0002500462134329011
1 8 -0.001543821838455223
1 9 0.0004482853112951181
1 10 0.0001309380209404978
1 11 -7.428093576665192e-05
1 12 -0.002967697673255822
1 13 -0.0004877989212688515
1 14 -0.001157976194904161
1 15 -0.0005502373525770397
1 16 0.002298431050757697
2 0 -1.683588452855085e-05
2 1 -0.0006478336863133094
2 2 1.992229194639026
2 3 0.0004034394963120953
2 4 -0.001588587176053137
2 5 0.003587393518719231
2 6 -0.002883694573427713
2 7 0.001638363532534325
2 8 0.009444141464942888
2 9 -9.93107258577151e-06
2 10 -6.658833263833329e-07
2 11 -0.0004145597718236621
2 12 0.0005609988300285078
2 13 -0.00507626160007643
2 14 -0.007649557189581168
2 15 -0.008615839984827636
2 16 -0.01352376241653668
3 0 -1.648686024514096e-06
3 1 0.001690014858290955
3 2 0.000403439496312094
3 3 1.993575480347167
3 4 0.0004860620026654265
3 5 -0.004419954327968445
3 6 0.001190459118734268
3 7 -0.0001497123686211453
3 8 0.002841666069482433
3 9 0.003621101982456979
3 10 -0.0004780932663121148
3 11 -0.001509447429175544
3 12 0.005756053888781259
3 13 -0.0009350205171361838
3 14 -0.001261895617633449
3 15 0.0002775448224374376
3 16 -0.001214403033662277
4 0 2.130426903549095e-05
4 1 -0.003909212071980323
4 2 -0.001588587176053134
4 3 0.0004860620026654269
4 4 1.99037719746738
4 5 0.0001247005916219492
4 6 -0.0003410323329355081
4 7 7.511971056910321e-05
4 8 -0.0004555059812818014
4 9 0.0003345272759085005
4 10 0.00071890998797104
4 11 -0.0003801199952359039
4 12 -0.0008667426784418746
4 13 0.000149241457248954
4 14 -0.001897629017712237
4 15 0.007285516679720818
4 16 0.002816730657427179
5 0 -2.578798660829547e-05
5 1 6.748853852600209e-05
5 2 0.003587393518719238
5 3 -0.004419954327968561
5 4 0.0001247005916219365
5 5 1.984669271713132
5 6 0.004538287229489952
5 7 -0.002910917207420614
5 8 0.001296236607124593
5 9 0.005464148550509073
5 10 -0.003400897970402084
5 11 0.0004436240477031671
5 12 0.0007699625246393932
5 13 0.00252391306215907
5 14 0.003073374846584605
5 15 0.005141219690135868
5 16 0.001497209106209848
6 0 2.021618376790369e-05
6 1 -4.557297696878077e-05
6 2 -0.002883694573427721
6 3 0.001190459118734284
6 4 -0.0003410323329355016
6 5 0.004538287229489962
6 6 1.992023992080563
6 7 -0.0104521038355718
6 8 0.003570132266018642
6 9 -0.002053249467866592
6 10 -0.01577470477079152
6 11 0.016564096176077
6 12 0.0008557580817284292
6 13 -0.00283975727496121
6 14 -0.0009806424741692354
6 15 -0.004261858281867243
6 16 -0.004080002339667092
7 0 -1.016678401669502e-05
7 1 -0.0002500462134329013
7 2 0.001638363532534328
7 3 -0.000149712368621147
7 4 7.511971056910286e-05
7 5 -0.002910917207420589
7 6 -0.01045210383557172
7 7 1.971216069377283
7 8 -0.001401755881863636
7 9 -0.001860603786313222
7 10 -0.03094092147990751
7 11 0.06354249414969013
7 12 0.001851617600648213
7 13 0.001159285458916259
7 14 -0.0008918751366663996
7 15 0.002495541472606487
7 16 0.003704040788176388
8 0 -6.62312623146078e-05
8 1 -0.001543821838455228
8 2 0.009444141464942882
8 3 0.002841666069482449
8 4 -0.0004555059812818119
8 5 0.001296236607124528
8 6 0.003570132266018651
8 7 -0.001401755881863665
8 8 1.975846537344695
8 9 -0.002883495885856788
8 10 0.001574672392095806
8 11 -0.005604421237573157
8 12 -0.0002637102303340541
8 13 0.0062533850799379
8 14 0.005823456741174309
8 15 0.008389075802231766
8 16 0.02593988769338451
9 0 -4.696555024485929e-06
9 1 0.0004482853112951209
9 2 -9.931072585791378e-06
9 3 0.003621101982456932
9 4 0.0003345272759085182
9 5 0.005464148550509194
9 6 -0.002053249467866546
9 7 -0.001860603786313153
9 8 -0.002883495885856773
9 9 1.982591149054622
9 10 -0.003674161405890181
9 11 -0.001707304934060095
9 12 -0.01159146310569309
9 13 -0.004982211032603333
9 14 -0.01786046901151783
9 15 0.031809145265659
9 16 -0.004304831084156266
10 0 1.951716469913332e-06
10 1 0.0001309380209404964
10 2 -6.658833263803649e-07
10 3 -0.0004780932663121133
10 4 0.0007189099879710289
10 5 -0.003400897970402021
10 6 -0.01577470477079129
10 7 -0.03094092147990664
10 8 0.001574672392095817
10 9 -0.003674161405890146
10 10 1.924807405358874
10 11 0.03207951418883223
10 12 3.7968923399341e-05
10 13 -0.0006913932777645534
10 14 0.001363914161857305
10 15 -0.003296287093655495
10 16 5.820469821938822e-05
11 0 3.416575923823784e-06
11 1 -7.428093576665505e-05
11 2 -0.0004145597718236792
11 3 -0.001509447429175557
11 4 -0.0003801199952358843
11 5 0.0004436240477031534
11 6 0.01656409617607726
11 7 0.063542494149692
11 8 -0.005604421237573201
11 9 -0.001707304934060092
11 10 0.03207951418883231
11 11 0.1092955704752331
11 12 0.002605413187290784
11 13 0.004025327170121925
11 14 -0.00360225352299304
11 15 -0.0003102479601117029
11 16 0.0004772296969021363
12 0 -1.909790017914018e-05
12 1 -0.002967697673255781
12 2 0.0005609988300284967
12 3 0.005756053888781275
12 4 -0.0008667426784418162
12 5 0.0007699625246393902
12 6 0.0008557580817284229
12 7 0.001851617600648241
12 8 -0.0002637102303340031
12 9 -0.01159146310569304
12 10 3.796892339933273e-05
12 11 0.00260541318729077
12 12 0.02026752353193186
12 13 0.003457896292783724
12 14 0.0084439307429508
12 15 -0.001705400512263939
12 16 -0.002947060172956286
13 0 5.115538325240342e-05
13 1 -0.000487798921268848
13 2 -0.005076261600076434
13 3 -0.0009350205171361815
13 4 0.0001492414572489588
13 5 0.002523913062159084
13 6 -0.002839757274961208
13 7 0.001159285458916256
13 8 0.006253385079937845
13 9 -0.004982211032603302
13 10 -0.0006913932777645564
13 11 0.00402532717012197
13 12 0.003457896292783772
13 13 0.004619428742473689
13 14 0.007582605801888458
13 15 0.00269956204613016
13 16 0.005230549723027021
14 0 7.407247325306578e-05
14 1 -0.001157976194904195
14 2 -0.007649557189581083
14 3 -0.001261895617633425
14 4 -0.001897629017712228
14 5 0.003073374846584567
14 6 -0.0009806424741692918
14 7 -0.0008918751366664493
14 8 0.005823456741174446
14 9 -0.01786046901151823
14 10 0.001363914161857298
14 11 -0.003602253522993083
14 12 0.008443930742950728
14 13 0.007582605801888451
14 14 0.01601484006710824
14 15 -0.0006116777323304023
14 16 0.007321614175334831
15 0 9.641279316029009e-05
15 1 -0.0005502373525770427
15 2 -0.008615839984827713
15 3 0.0002775448224374325
15 4 0.007285516679720874
15 5 0.005141219690135868
15 6 -0.004261858281867193
15 7 0.002495541472606494
15 8 0.008389075802231558
15 9 0.03180914526565892
15 10 -0.003296287093655467
15 11 -0.0003102479601117295
15 12 -0.001705400512263909
15 13 0.002699562046130161
15 14 -0.0006116777323304365
15 15 0.02709426969369589
15 16 0.004705687803921409
16 0 0.0001381532812238215
16 1 0.002298431050757692
16 2 -0.01352376241653664
16 3 -0.00121440303366228
16 4 0.002816730657427109
16 5 0.001497209106209895
16 6 -0.004080002339667084
16 7 0.003704040788176341
16 8 0.02593988769338504
16 9 -0.004304831084156297
16 10 5.820469821939596e-05
16 11 0.00047722969690215
16 12 -0.002947060172956293
16 13 0.005230549723027007
16 14 0.007321614175334834
16 15 0.004705687803921426
16 16 0.01844288498957095
