4.095000000000000000e+03
6.143000000000000000e+03
7.167000000000000000e+03
7.679000000000000000e+03
7.935000000000000000e+03
8.063000000000000000e+03
8.127000000000000000e+03
8.159000000000000000e+03
8.175000000000000000e+03
8.183000000000000000e+03
8.187000000000000000e+03
8.189000000000000000e+03
8.190000000000000000e+03
1.023900000000000000e+04
1.126300000000000000e+04
1.177500000000000000e+04
1.203100000000000000e+04
1.215900000000000000e+04
1.222300000000000000e+04
1.225500000000000000e+04
1.227100000000000000e+04
1.227900000000000000e+04
1.228300000000000000e+04
1.228500000000000000e+04
1.228600000000000000e+04
1.331100000000000000e+04
1.382300000000000000e+04
1.407900000000000000e+04
1.420700000000000000e+04
1.427100000000000000e+04
1.430300000000000000e+04
1.431900000000000000e+04
1.432700000000000000e+04
1.433100000000000000e+04
1.433300000000000000e+04
1.433400000000000000e+04
1.484700000000000000e+04
1.510300000000000000e+04
1.523100000000000000e+04
1.529500000000000000e+04
1.532700000000000000e+04
1.534300000000000000e+04
1.535100000000000000e+04
1.535500000000000000e+04
1.535700000000000000e+04
1.535800000000000000e+04
1.561500000000000000e+04
1.574300000000000000e+04
1.580700000000000000e+04
1.583900000000000000e+04
1.585500000000000000e+04
1.586300000000000000e+04
1.586700000000000000e+04
1.586900000000000000e+04
1.587000000000000000e+04
1.599900000000000000e+04
1.606300000000000000e+04
1.609500000000000000e+04
1.611100000000000000e+04
1.611900000000000000e+04
1.612300000000000000e+04
1.612500000000000000e+04
1.612600000000000000e+04
1.619100000000000000e+04
1.622300000000000000e+04
1.623900000000000000e+04
1.624700000000000000e+04
1.625100000000000000e+04
1.625300000000000000e+04
1.625400000000000000e+04
1.628700000000000000e+04
1.630300000000000000e+04
1.631100000000000000e+04
1.631500000000000000e+04
1.631700000000000000e+04
1.631800000000000000e+04
1.633500000000000000e+04
1.634300000000000000e+04
1.634700000000000000e+04
1.634900000000000000e+04
1.635000000000000000e+04
1.635900000000000000e+04
1.636300000000000000e+04
1.636500000000000000e+04
1.636600000000000000e+04
1.637100000000000000e+04
1.637300000000000000e+04
1.637400000000000000e+04
1.637700000000000000e+04
1.637800000000000000e+04
1.638000000000000000e+04
1.843100000000000000e+04
1.945500000000000000e+04
1.996700000000000000e+04
2.022300000000000000e+04
2.035100000000000000e+04
2.041500000000000000e+04
2.044700000000000000e+04
2.046300000000000000e+04
2.047100000000000000e+04
2.047500000000000000e+04
2.047700000000000000e+04
2.047800000000000000e+04
2.150300000000000000e+04
2.201500000000000000e+04
2.227100000000000000e+04
2.239900000000000000e+04
2.246300000000000000e+04
2.249500000000000000e+04
2.251100000000000000e+04
2.251900000000000000e+04
2.252300000000000000e+04
2.252500000000000000e+04
2.252600000000000000e+04
2.303900000000000000e+04
2.329500000000000000e+04
2.342300000000000000e+04
2.348700000000000000e+04
2.351900000000000000e+04
2.353500000000000000e+04
2.354300000000000000e+04
2.354700000000000000e+04
2.354900000000000000e+04
2.355000000000000000e+04
2.380700000000000000e+04
2.393500000000000000e+04
2.399900000000000000e+04
2.403100000000000000e+04
2.404700000000000000e+04
2.405500000000000000e+04
2.405900000000000000e+04
2.406100000000000000e+04
2.406200000000000000e+04
2.419100000000000000e+04
2.425500000000000000e+04
2.428700000000000000e+04
2.430300000000000000e+04
2.431100000000000000e+04
2.431500000000000000e+04
2.431700000000000000e+04
2.431800000000000000e+04
2.438300000000000000e+04
2.441500000000000000e+04
2.443100000000000000e+04
2.443900000000000000e+04
2.444300000000000000e+04
2.444500000000000000e+04
2.444600000000000000e+04
2.447900000000000000e+04
2.449500000000000000e+04
2.450300000000000000e+04
2.450700000000000000e+04
2.450900000000000000e+04
2.451000000000000000e+04
2.452700000000000000e+04
2.453500000000000000e+04
2.453900000000000000e+04
2.454100000000000000e+04
2.454200000000000000e+04
2.455100000000000000e+04
2.455500000000000000e+04
2.455700000000000000e+04
2.455800000000000000e+04
2.456300000000000000e+04
2.456500000000000000e+04
2.456600000000000000e+04
2.456900000000000000e+04
2.457000000000000000e+04
2.457200000000000000e+04
2.559900000000000000e+04
2.611100000000000000e+04
2.636700000000000000e+04
2.649500000000000000e+04
2.655900000000000000e+04
2.659100000000000000e+04
2.660700000000000000e+04
2.661500000000000000e+04
2.661900000000000000e+04
2.662100000000000000e+04
2.662200000000000000e+04
2.713500000000000000e+04
2.739100000000000000e+04
2.751900000000000000e+04
2.758300000000000000e+04
2.761500000000000000e+04
2.763100000000000000e+04
2.763900000000000000e+04
2.764300000000000000e+04
2.764500000000000000e+04
2.764600000000000000e+04
2.790300000000000000e+04
2.803100000000000000e+04
2.809500000000000000e+04
2.812700000000000000e+04
2.814300000000000000e+04
2.815100000000000000e+04
2.815500000000000000e+04
2.815700000000000000e+04
2.815800000000000000e+04
2.828700000000000000e+04
2.835100000000000000e+04
2.838300000000000000e+04
2.839900000000000000e+04
2.840700000000000000e+04
2.841100000000000000e+04
2.841300000000000000e+04
2.841400000000000000e+04
2.847900000000000000e+04
2.851100000000000000e+04
2.852700000000000000e+04
2.853500000000000000e+04
2.853900000000000000e+04
2.854100000000000000e+04
2.854200000000000000e+04
2.857500000000000000e+04
2.859100000000000000e+04
2.859900000000000000e+04
2.860300000000000000e+04
2.860500000000000000e+04
2.860600000000000000e+04
2.862300000000000000e+04
2.863100000000000000e+04
2.863500000000000000e+04
2.863700000000000000e+04
2.863800000000000000e+04
2.864700000000000000e+04
2.865100000000000000e+04
2.865300000000000000e+04
2.865400000000000000e+04
2.865900000000000000e+04
2.866100000000000000e+04
2.866200000000000000e+04
2.866500000000000000e+04
2.866600000000000000e+04
2.866800000000000000e+04
2.918300000000000000e+04
2.963100000000000000e+04
3.014300000000000000e+04
3.039900000000000000e+04
3.052700000000000000e+04
3.062300000000000000e+04
3.063900000000000000e+04
3.064700000000000000e+04
3.065100000000000000e+04
3.065300000000000000e+04
3.065400000000000000e+04
3.097500000000000000e+04
3.110300000000000000e+04
3.116700000000000000e+04
3.119900000000000000e+04
3.121500000000000000e+04
3.122300000000000000e+04
3.122700000000000000e+04
3.122900000000000000e+04
3.123000000000000000e+04
3.166300000000000000e+04
3.217500000000000000e+04
3.243100000000000000e+04
3.255900000000000000e+04
3.265500000000000000e+04
3.267900000000000000e+04
3.268300000000000000e+04
3.268500000000000000e+04
3.268600000000000000e+04
3.481500000000000000e+04
3.583900000000000000e+04
3.635100000000000000e+04
3.660700000000000000e+04
3.673500000000000000e+04
3.679900000000000000e+04
3.683100000000000000e+04
3.684700000000000000e+04
3.685500000000000000e+04
3.685900000000000000e+04
3.686100000000000000e+04
3.686200000000000000e+04
3.788700000000000000e+04
3.839900000000000000e+04
3.865500000000000000e+04
3.878300000000000000e+04
3.884700000000000000e+04
3.887900000000000000e+04
3.889500000000000000e+04
3.890300000000000000e+04
3.890700000000000000e+04
3.890900000000000000e+04
3.891000000000000000e+04
3.942300000000000000e+04
3.967900000000000000e+04
3.980700000000000000e+04
3.987100000000000000e+04
3.990300000000000000e+04
3.991900000000000000e+04
3.992700000000000000e+04
3.993100000000000000e+04
3.993300000000000000e+04
3.993400000000000000e+04
4.019100000000000000e+04
4.031900000000000000e+04
4.038300000000000000e+04
4.041500000000000000e+04
4.043100000000000000e+04
4.043900000000000000e+04
4.044300000000000000e+04
4.044500000000000000e+04
4.044600000000000000e+04
4.057500000000000000e+04
4.063900000000000000e+04
4.067100000000000000e+04
4.068700000000000000e+04
4.069500000000000000e+04
4.069900000000000000e+04
4.070100000000000000e+04
4.070200000000000000e+04
4.076700000000000000e+04
4.079900000000000000e+04
4.081500000000000000e+04
4.082300000000000000e+04
4.082700000000000000e+04
4.082900000000000000e+04
4.083000000000000000e+04
4.086300000000000000e+04
4.087900000000000000e+04
4.088700000000000000e+04
4.089100000000000000e+04
4.089300000000000000e+04
4.089400000000000000e+04
4.091100000000000000e+04
4.091900000000000000e+04
4.092300000000000000e+04
4.092500000000000000e+04
4.092600000000000000e+04
4.093500000000000000e+04
4.093900000000000000e+04
4.094100000000000000e+04
4.094200000000000000e+04
4.094700000000000000e+04
4.094900000000000000e+04
4.095000000000000000e+04
4.095300000000000000e+04
4.095400000000000000e+04
4.095600000000000000e+04
4.198300000000000000e+04
4.249500000000000000e+04
4.275100000000000000e+04
4.287900000000000000e+04
4.294300000000000000e+04
4.297500000000000000e+04
4.299100000000000000e+04
4.299900000000000000e+04
4.300300000000000000e+04
4.300500000000000000e+04
4.300600000000000000e+04
4.351900000000000000e+04
4.377500000000000000e+04
4.390300000000000000e+04
4.396700000000000000e+04
4.399900000000000000e+04
4.401500000000000000e+04
4.402300000000000000e+04
4.402700000000000000e+04
4.402900000000000000e+04
4.403000000000000000e+04
4.428700000000000000e+04
4.441500000000000000e+04
4.447900000000000000e+04
4.451100000000000000e+04
4.452700000000000000e+04
4.453500000000000000e+04
4.453900000000000000e+04
4.454100000000000000e+04
4.454200000000000000e+04
4.467100000000000000e+04
4.473500000000000000e+04
4.476700000000000000e+04
4.478300000000000000e+04
4.479100000000000000e+04
4.479500000000000000e+04
4.479700000000000000e+04
4.479800000000000000e+04
4.486300000000000000e+04
4.489500000000000000e+04
4.491100000000000000e+04
4.491900000000000000e+04
4.492300000000000000e+04
4.492500000000000000e+04
4.492600000000000000e+04
4.495900000000000000e+04
4.497500000000000000e+04
4.498300000000000000e+04
4.498700000000000000e+04
4.498900000000000000e+04
4.499000000000000000e+04
4.500700000000000000e+04
4.501500000000000000e+04
4.501900000000000000e+04
4.502100000000000000e+04
4.502200000000000000e+04
4.503100000000000000e+04
4.503500000000000000e+04
4.503700000000000000e+04
4.503800000000000000e+04
4.504300000000000000e+04
4.504500000000000000e+04
4.504600000000000000e+04
4.504900000000000000e+04
4.505000000000000000e+04
4.505200000000000000e+04
4.582300000000000000e+04
4.601500000000000000e+04
4.633500000000000000e+04
4.652700000000000000e+04
4.671900000000000000e+04
4.678300000000000000e+04
4.681500000000000000e+04
4.683100000000000000e+04
4.683900000000000000e+04
4.684300000000000000e+04
4.684500000000000000e+04
4.684600000000000000e+04
4.691100000000000000e+04
4.700700000000000000e+04
4.702300000000000000e+04
4.703100000000000000e+04
4.703500000000000000e+04
4.703700000000000000e+04
4.703800000000000000e+04
5.017500000000000000e+04
5.068700000000000000e+04
5.094300000000000000e+04
5.107100000000000000e+04
5.113500000000000000e+04
5.116700000000000000e+04
5.118300000000000000e+04
5.119100000000000000e+04
5.119500000000000000e+04
5.119700000000000000e+04
5.119800000000000000e+04
5.171100000000000000e+04
5.196700000000000000e+04
5.209500000000000000e+04
5.215900000000000000e+04
5.219100000000000000e+04
5.220700000000000000e+04
5.221500000000000000e+04
5.221900000000000000e+04
5.222100000000000000e+04
5.222200000000000000e+04
5.247900000000000000e+04
5.260700000000000000e+04
5.267100000000000000e+04
5.270300000000000000e+04
5.271900000000000000e+04
5.272700000000000000e+04
5.273100000000000000e+04
5.273300000000000000e+04
5.273400000000000000e+04
5.286300000000000000e+04
5.292700000000000000e+04
5.295900000000000000e+04
5.297500000000000000e+04
5.298300000000000000e+04
5.298700000000000000e+04
5.298900000000000000e+04
5.299000000000000000e+04
5.305500000000000000e+04
5.308700000000000000e+04
5.310300000000000000e+04
5.311100000000000000e+04
5.311500000000000000e+04
5.311700000000000000e+04
5.311800000000000000e+04
5.315100000000000000e+04
5.316700000000000000e+04
5.317500000000000000e+04
5.317900000000000000e+04
5.318100000000000000e+04
5.318200000000000000e+04
5.319900000000000000e+04
5.320700000000000000e+04
5.321100000000000000e+04
5.321300000000000000e+04
5.321400000000000000e+04
5.322300000000000000e+04
5.322700000000000000e+04
5.322900000000000000e+04
5.323000000000000000e+04
5.323500000000000000e+04
5.323700000000000000e+04
5.323800000000000000e+04
5.324100000000000000e+04
5.324200000000000000e+04
5.324400000000000000e+04
5.401500000000000000e+04
5.452700000000000000e+04
5.491100000000000000e+04
5.497500000000000000e+04
5.500700000000000000e+04
5.502300000000000000e+04
5.503100000000000000e+04
5.503500000000000000e+04
5.503700000000000000e+04
5.503800000000000000e+04
5.604700000000000000e+04
5.655900000000000000e+04
5.694300000000000000e+04
5.700700000000000000e+04
5.703900000000000000e+04
5.706300000000000000e+04
5.706700000000000000e+04
5.706900000000000000e+04
5.707000000000000000e+04
5.785500000000000000e+04
5.911900000000000000e+04
5.931100000000000000e+04
5.964700000000000000e+04
5.977500000000000000e+04
5.983900000000000000e+04
5.987100000000000000e+04
5.988700000000000000e+04
5.989500000000000000e+04
5.989900000000000000e+04
5.990100000000000000e+04
5.990200000000000000e+04
6.014300000000000000e+04
6.033500000000000000e+04
6.065500000000000000e+04
6.084700000000000000e+04
6.103900000000000000e+04
6.110300000000000000e+04
6.113500000000000000e+04
6.115900000000000000e+04
6.116300000000000000e+04
6.116500000000000000e+04
6.116600000000000000e+04
6.123100000000000000e+04
6.132700000000000000e+04
6.135100000000000000e+04
6.135500000000000000e+04
6.135700000000000000e+04
6.135800000000000000e+04
6.758300000000000000e+04
6.860700000000000000e+04
6.911900000000000000e+04
6.937500000000000000e+04
6.950300000000000000e+04
6.956700000000000000e+04
6.959900000000000000e+04
6.961500000000000000e+04
6.962300000000000000e+04
6.962700000000000000e+04
6.962900000000000000e+04
6.963000000000000000e+04
7.065500000000000000e+04
7.116700000000000000e+04
7.142300000000000000e+04
7.155100000000000000e+04
7.161500000000000000e+04
7.164700000000000000e+04
7.166300000000000000e+04
7.167100000000000000e+04
7.167500000000000000e+04
7.167700000000000000e+04
7.167800000000000000e+04
7.219100000000000000e+04
7.244700000000000000e+04
7.257500000000000000e+04
7.263900000000000000e+04
7.267100000000000000e+04
7.268700000000000000e+04
7.269500000000000000e+04
7.269900000000000000e+04
7.270100000000000000e+04
7.270200000000000000e+04
7.295900000000000000e+04
7.308700000000000000e+04
7.315100000000000000e+04
7.318300000000000000e+04
7.319900000000000000e+04
7.320700000000000000e+04
7.321100000000000000e+04
7.321300000000000000e+04
7.321400000000000000e+04
7.334300000000000000e+04
7.340700000000000000e+04
7.343900000000000000e+04
7.345500000000000000e+04
7.346300000000000000e+04
7.346700000000000000e+04
7.346900000000000000e+04
7.347000000000000000e+04
7.353500000000000000e+04
7.356700000000000000e+04
7.358300000000000000e+04
7.359100000000000000e+04
7.359500000000000000e+04
7.359700000000000000e+04
7.359800000000000000e+04
7.363100000000000000e+04
7.364700000000000000e+04
7.365500000000000000e+04
7.365900000000000000e+04
7.366100000000000000e+04
7.366200000000000000e+04
7.367900000000000000e+04
7.368700000000000000e+04
7.369100000000000000e+04
7.369300000000000000e+04
7.369400000000000000e+04
7.370300000000000000e+04
7.370700000000000000e+04
7.370900000000000000e+04
7.371000000000000000e+04
7.371500000000000000e+04
7.371700000000000000e+04
7.371800000000000000e+04
7.372100000000000000e+04
7.372200000000000000e+04
7.372400000000000000e+04
7.475100000000000000e+04
7.526300000000000000e+04
7.551900000000000000e+04
7.564700000000000000e+04
7.571100000000000000e+04
7.574300000000000000e+04
7.575900000000000000e+04
7.576700000000000000e+04
7.577100000000000000e+04
7.577300000000000000e+04
7.577400000000000000e+04
7.628700000000000000e+04
7.654300000000000000e+04
7.667100000000000000e+04
7.673500000000000000e+04
7.676700000000000000e+04
7.678300000000000000e+04
7.679100000000000000e+04
7.679500000000000000e+04
7.679700000000000000e+04
7.679800000000000000e+04
7.705500000000000000e+04
7.718300000000000000e+04
7.724700000000000000e+04
7.727900000000000000e+04
7.729500000000000000e+04
7.730300000000000000e+04
7.730700000000000000e+04
7.730900000000000000e+04
7.731000000000000000e+04
7.743900000000000000e+04
7.750300000000000000e+04
7.753500000000000000e+04
7.755100000000000000e+04
7.755900000000000000e+04
7.756300000000000000e+04
7.756500000000000000e+04
7.756600000000000000e+04
7.763100000000000000e+04
7.766300000000000000e+04
7.767900000000000000e+04
7.768700000000000000e+04
7.769100000000000000e+04
7.769300000000000000e+04
7.769400000000000000e+04
7.772700000000000000e+04
7.774300000000000000e+04
7.775100000000000000e+04
7.775500000000000000e+04
7.775700000000000000e+04
7.775800000000000000e+04
7.777500000000000000e+04
7.778300000000000000e+04
7.778700000000000000e+04
7.778900000000000000e+04
7.779000000000000000e+04
7.779900000000000000e+04
7.780300000000000000e+04
7.780500000000000000e+04
7.780600000000000000e+04
7.781100000000000000e+04
7.781300000000000000e+04
7.781400000000000000e+04
7.781700000000000000e+04
7.781800000000000000e+04
7.782000000000000000e+04
7.878300000000000000e+04
7.929500000000000000e+04
7.955100000000000000e+04
7.967900000000000000e+04
7.977500000000000000e+04
7.979100000000000000e+04
7.979900000000000000e+04
7.980300000000000000e+04
7.980500000000000000e+04
7.980600000000000000e+04
8.294300000000000000e+04
8.345500000000000000e+04
8.371100000000000000e+04
8.383900000000000000e+04
8.390300000000000000e+04
8.393500000000000000e+04
8.395100000000000000e+04
8.395900000000000000e+04
8.396300000000000000e+04
8.396500000000000000e+04
8.396600000000000000e+04
8.447900000000000000e+04
8.473500000000000000e+04
8.486300000000000000e+04
8.492700000000000000e+04
8.495900000000000000e+04
8.497500000000000000e+04
8.498300000000000000e+04
8.498700000000000000e+04
8.498900000000000000e+04
8.499000000000000000e+04
8.524700000000000000e+04
8.537500000000000000e+04
8.543900000000000000e+04
8.547100000000000000e+04
8.548700000000000000e+04
8.549500000000000000e+04
8.549900000000000000e+04
8.550100000000000000e+04
8.550200000000000000e+04
8.563100000000000000e+04
8.569500000000000000e+04
8.572700000000000000e+04
8.574300000000000000e+04
8.575100000000000000e+04
8.575500000000000000e+04
8.575700000000000000e+04
8.575800000000000000e+04
8.582300000000000000e+04
8.585500000000000000e+04
8.587100000000000000e+04
8.587900000000000000e+04
8.588300000000000000e+04
8.588500000000000000e+04
8.588600000000000000e+04
8.591900000000000000e+04
8.593500000000000000e+04
8.594300000000000000e+04
8.594700000000000000e+04
8.594900000000000000e+04
8.595000000000000000e+04
8.596700000000000000e+04
8.597500000000000000e+04
8.597900000000000000e+04
8.598100000000000000e+04
8.598200000000000000e+04
8.599100000000000000e+04
8.599500000000000000e+04
8.599700000000000000e+04
8.599800000000000000e+04
8.600300000000000000e+04
8.600500000000000000e+04
8.600600000000000000e+04
8.600900000000000000e+04
8.601000000000000000e+04
8.601200000000000000e+04
9.062300000000000000e+04
9.207900000000000000e+04
9.241500000000000000e+04
9.254300000000000000e+04
9.260700000000000000e+04
9.263900000000000000e+04
9.265500000000000000e+04
9.266300000000000000e+04
9.266700000000000000e+04
9.266900000000000000e+04
9.267000000000000000e+04
9.310300000000000000e+04
9.361500000000000000e+04
9.387100000000000000e+04
9.399900000000000000e+04
9.409500000000000000e+04
9.411900000000000000e+04
9.412300000000000000e+04
9.412500000000000000e+04
9.412600000000000000e+04
9.932700000000000000e+04
9.983900000000000000e+04
1.000950000000000000e+05
1.002230000000000000e+05
1.002870000000000000e+05
1.003190000000000000e+05
1.003350000000000000e+05
1.003430000000000000e+05
1.003470000000000000e+05
1.003490000000000000e+05
1.003500000000000000e+05
1.008630000000000000e+05
1.011190000000000000e+05
1.012470000000000000e+05
1.013110000000000000e+05
1.013430000000000000e+05
1.013590000000000000e+05
1.013670000000000000e+05
1.013710000000000000e+05
1.013730000000000000e+05
1.013740000000000000e+05
1.016310000000000000e+05
1.017590000000000000e+05
1.018230000000000000e+05
1.018550000000000000e+05
1.018710000000000000e+05
1.018790000000000000e+05
1.018830000000000000e+05
1.018850000000000000e+05
1.018860000000000000e+05
1.020150000000000000e+05
1.020790000000000000e+05
1.021110000000000000e+05
1.021270000000000000e+05
1.021350000000000000e+05
1.021390000000000000e+05
1.021410000000000000e+05
1.021420000000000000e+05
1.022070000000000000e+05
1.022390000000000000e+05
1.022550000000000000e+05
1.022630000000000000e+05
1.022670000000000000e+05
1.022690000000000000e+05
1.022700000000000000e+05
1.023030000000000000e+05
1.023190000000000000e+05
1.023270000000000000e+05
1.023310000000000000e+05
1.023330000000000000e+05
1.023340000000000000e+05
1.023510000000000000e+05
1.023590000000000000e+05
1.023630000000000000e+05
1.023650000000000000e+05
1.023660000000000000e+05
1.023750000000000000e+05
1.023790000000000000e+05
1.023810000000000000e+05
1.023820000000000000e+05
1.023870000000000000e+05
1.023890000000000000e+05
1.023900000000000000e+05
1.023930000000000000e+05
1.023940000000000000e+05
1.023960000000000000e+05
1.031670000000000000e+05
1.036790000000000000e+05
1.040630000000000000e+05
1.041270000000000000e+05
1.041590000000000000e+05
1.041750000000000000e+05
1.041830000000000000e+05
1.041870000000000000e+05
1.041890000000000000e+05
1.041900000000000000e+05
1.164630000000000000e+05
1.174870000000000000e+05
1.179990000000000000e+05
1.183830000000000000e+05
1.184470000000000000e+05
1.184790000000000000e+05
1.185030000000000000e+05
1.185070000000000000e+05
1.185090000000000000e+05
1.185100000000000000e+05
1.331190000000000000e+05
1.341430000000000000e+05
1.346550000000000000e+05
1.349110000000000000e+05
1.350390000000000000e+05
1.351030000000000000e+05
1.351350000000000000e+05
1.351510000000000000e+05
1.351590000000000000e+05
1.351630000000000000e+05
1.351650000000000000e+05
1.351660000000000000e+05
1.361910000000000000e+05
1.367030000000000000e+05
1.369590000000000000e+05
1.370870000000000000e+05
1.371510000000000000e+05
1.371830000000000000e+05
1.371990000000000000e+05
1.372070000000000000e+05
1.372110000000000000e+05
1.372130000000000000e+05
1.372140000000000000e+05
1.377270000000000000e+05
1.379830000000000000e+05
1.381110000000000000e+05
1.381750000000000000e+05
1.382070000000000000e+05
1.382230000000000000e+05
1.382310000000000000e+05
1.382350000000000000e+05
1.382370000000000000e+05
1.382380000000000000e+05
1.384950000000000000e+05
1.386230000000000000e+05
1.386870000000000000e+05
1.387190000000000000e+05
1.387350000000000000e+05
1.387430000000000000e+05
1.387470000000000000e+05
1.387490000000000000e+05
1.387500000000000000e+05
1.388790000000000000e+05
1.389430000000000000e+05
1.389750000000000000e+05
1.389910000000000000e+05
1.389990000000000000e+05
1.390030000000000000e+05
1.390050000000000000e+05
1.390060000000000000e+05
1.390710000000000000e+05
1.391030000000000000e+05
1.391190000000000000e+05
1.391270000000000000e+05
1.391310000000000000e+05
1.391330000000000000e+05
1.391340000000000000e+05
1.391670000000000000e+05
1.391830000000000000e+05
1.391910000000000000e+05
1.391950000000000000e+05
1.391970000000000000e+05
1.391980000000000000e+05
1.392150000000000000e+05
1.392230000000000000e+05
1.392270000000000000e+05
1.392290000000000000e+05
1.392300000000000000e+05
1.392390000000000000e+05
1.392430000000000000e+05
1.392450000000000000e+05
1.392460000000000000e+05
1.392510000000000000e+05
1.392530000000000000e+05
1.392540000000000000e+05
1.392570000000000000e+05
1.392580000000000000e+05
1.392600000000000000e+05
1.402870000000000000e+05
1.407990000000000000e+05
1.410550000000000000e+05
1.411830000000000000e+05
1.412470000000000000e+05
1.412790000000000000e+05
1.412950000000000000e+05
1.413030000000000000e+05
1.413070000000000000e+05
1.413090000000000000e+05
1.413100000000000000e+05
1.418230000000000000e+05
1.420790000000000000e+05
1.422070000000000000e+05
1.422710000000000000e+05
1.423030000000000000e+05
1.423190000000000000e+05
1.423270000000000000e+05
1.423310000000000000e+05
1.423330000000000000e+05
1.423340000000000000e+05
1.425910000000000000e+05
1.427190000000000000e+05
1.427830000000000000e+05
1.428150000000000000e+05
1.428310000000000000e+05
1.428390000000000000e+05
1.428430000000000000e+05
1.428450000000000000e+05
1.428460000000000000e+05
1.429750000000000000e+05
1.430390000000000000e+05
1.430710000000000000e+05
1.430870000000000000e+05
1.430950000000000000e+05
1.430990000000000000e+05
1.431010000000000000e+05
1.431020000000000000e+05
1.431670000000000000e+05
1.431990000000000000e+05
1.432150000000000000e+05
1.432230000000000000e+05
1.432270000000000000e+05
1.432290000000000000e+05
1.432300000000000000e+05
1.432630000000000000e+05
1.432790000000000000e+05
1.432870000000000000e+05
1.432910000000000000e+05
1.432930000000000000e+05
1.432940000000000000e+05
1.433110000000000000e+05
1.433190000000000000e+05
1.433230000000000000e+05
1.433250000000000000e+05
1.433260000000000000e+05
1.433350000000000000e+05
1.433390000000000000e+05
1.433410000000000000e+05
1.433420000000000000e+05
1.433470000000000000e+05
1.433490000000000000e+05
1.433500000000000000e+05
1.433530000000000000e+05
1.433540000000000000e+05
1.433560000000000000e+05
1.438710000000000000e+05
1.443190000000000000e+05
1.448310000000000000e+05
1.450870000000000000e+05
1.452150000000000000e+05
1.453110000000000000e+05
1.453270000000000000e+05
1.453350000000000000e+05
1.453390000000000000e+05
1.453410000000000000e+05
1.453420000000000000e+05
1.456630000000000000e+05
1.457910000000000000e+05
1.458550000000000000e+05
1.458870000000000000e+05
1.459030000000000000e+05
1.459110000000000000e+05
1.459150000000000000e+05
1.459170000000000000e+05
1.459180000000000000e+05
1.461110000000000000e+05
1.462390000000000000e+05
1.463350000000000000e+05
1.463510000000000000e+05
1.463590000000000000e+05
1.463630000000000000e+05
1.463650000000000000e+05
1.463660000000000000e+05
1.467510000000000000e+05
1.468470000000000000e+05
1.470070000000000000e+05
1.471030000000000000e+05
1.472310000000000000e+05
1.472470000000000000e+05
1.472550000000000000e+05
1.472590000000000000e+05
1.472610000000000000e+05
1.472620000000000000e+05
1.473430000000000000e+05
1.473510000000000000e+05
1.473550000000000000e+05
1.473570000000000000e+05
1.473580000000000000e+05
1.484790000000000000e+05
1.489910000000000000e+05
1.492470000000000000e+05
1.493750000000000000e+05
1.494390000000000000e+05
1.494710000000000000e+05
1.494870000000000000e+05
1.494950000000000000e+05
1.494990000000000000e+05
1.495010000000000000e+05
1.495020000000000000e+05
1.500150000000000000e+05
1.502710000000000000e+05
1.503990000000000000e+05
1.504630000000000000e+05
1.504950000000000000e+05
1.505110000000000000e+05
1.505190000000000000e+05
1.505230000000000000e+05
1.505250000000000000e+05
1.505260000000000000e+05
1.507830000000000000e+05
1.509110000000000000e+05
1.509750000000000000e+05
1.510070000000000000e+05
1.510230000000000000e+05
1.510310000000000000e+05
1.510350000000000000e+05
1.510370000000000000e+05
1.510380000000000000e+05
1.511670000000000000e+05
1.512310000000000000e+05
1.512630000000000000e+05
1.512790000000000000e+05
1.512870000000000000e+05
1.512910000000000000e+05
1.512930000000000000e+05
1.512940000000000000e+05
1.513590000000000000e+05
1.513910000000000000e+05
1.514070000000000000e+05
1.514150000000000000e+05
1.514190000000000000e+05
1.514210000000000000e+05
1.514220000000000000e+05
1.514550000000000000e+05
1.514710000000000000e+05
1.514790000000000000e+05
1.514830000000000000e+05
1.514850000000000000e+05
1.514860000000000000e+05
1.515030000000000000e+05
1.515110000000000000e+05
1.515150000000000000e+05
1.515170000000000000e+05
1.515180000000000000e+05
1.515270000000000000e+05
1.515310000000000000e+05
1.515330000000000000e+05
1.515340000000000000e+05
1.515390000000000000e+05
1.515410000000000000e+05
1.515420000000000000e+05
1.515450000000000000e+05
1.515460000000000000e+05
1.515480000000000000e+05
1.561590000000000000e+05
1.566070000000000000e+05
1.575030000000000000e+05
1.575990000000000000e+05
1.576150000000000000e+05
1.579510000000000000e+05
1.580790000000000000e+05
1.581430000000000000e+05
1.581750000000000000e+05
1.581910000000000000e+05
1.581990000000000000e+05
1.582030000000000000e+05
1.582050000000000000e+05
1.582060000000000000e+05
1.583990000000000000e+05
1.585270000000000000e+05
1.586230000000000000e+05
1.586390000000000000e+05
1.586470000000000000e+05
1.586510000000000000e+05
1.586530000000000000e+05
1.586540000000000000e+05
1.590390000000000000e+05
1.591350000000000000e+05
1.591510000000000000e+05
1.592950000000000000e+05
1.593910000000000000e+05
1.594070000000000000e+05
1.595190000000000000e+05
1.595350000000000000e+05
1.595430000000000000e+05
1.595470000000000000e+05
1.595490000000000000e+05
1.595500000000000000e+05
1.596310000000000000e+05
1.596390000000000000e+05
1.596430000000000000e+05
1.596450000000000000e+05
1.596460000000000000e+05
1.596550000000000000e+05
1.596590000000000000e+05
1.596610000000000000e+05
1.596620000000000000e+05
1.648630000000000000e+05
1.653750000000000000e+05
1.656310000000000000e+05
1.657590000000000000e+05
1.658230000000000000e+05
1.658550000000000000e+05
1.658710000000000000e+05
1.658790000000000000e+05
1.658830000000000000e+05
1.658850000000000000e+05
1.658860000000000000e+05
1.663990000000000000e+05
1.666550000000000000e+05
1.667830000000000000e+05
1.668470000000000000e+05
1.668790000000000000e+05
1.668950000000000000e+05
1.669030000000000000e+05
1.669070000000000000e+05
1.669090000000000000e+05
1.669100000000000000e+05
1.671670000000000000e+05
1.672950000000000000e+05
1.673590000000000000e+05
1.673910000000000000e+05
1.674070000000000000e+05
1.674150000000000000e+05
1.674190000000000000e+05
1.674210000000000000e+05
1.674220000000000000e+05
1.675510000000000000e+05
1.676150000000000000e+05
1.676470000000000000e+05
1.676630000000000000e+05
1.676710000000000000e+05
1.676750000000000000e+05
1.676770000000000000e+05
1.676780000000000000e+05
1.677430000000000000e+05
1.677750000000000000e+05
1.677910000000000000e+05
1.677990000000000000e+05
1.678030000000000000e+05
1.678050000000000000e+05
1.678060000000000000e+05
1.678390000000000000e+05
1.678550000000000000e+05
1.678630000000000000e+05
1.678670000000000000e+05
1.678690000000000000e+05
1.678700000000000000e+05
1.678870000000000000e+05
1.678950000000000000e+05
1.678990000000000000e+05
1.679010000000000000e+05
1.679020000000000000e+05
1.679110000000000000e+05
1.679150000000000000e+05
1.679170000000000000e+05
1.679180000000000000e+05
1.679230000000000000e+05
1.679250000000000000e+05
1.679260000000000000e+05
1.679290000000000000e+05
1.679300000000000000e+05
1.679320000000000000e+05
1.687030000000000000e+05
1.689270000000000000e+05
1.689430000000000000e+05
1.692150000000000000e+05
1.694390000000000000e+05
1.694550000000000000e+05
1.695990000000000000e+05
1.696630000000000000e+05
1.696950000000000000e+05
1.697110000000000000e+05
1.697190000000000000e+05
1.697230000000000000e+05
1.697250000000000000e+05
1.697260000000000000e+05
1.698230000000000000e+05
1.698390000000000000e+05
1.698870000000000000e+05
1.699030000000000000e+05
1.699350000000000000e+05
1.699430000000000000e+05
1.699470000000000000e+05
1.699490000000000000e+05
1.699500000000000000e+05
1.699590000000000000e+05
1.699630000000000000e+05
1.699650000000000000e+05
1.699660000000000000e+05
1.704630000000000000e+05
1.709590000000000000e+05
1.712310000000000000e+05
1.713590000000000000e+05
1.714230000000000000e+05
1.714710000000000000e+05
1.714790000000000000e+05
1.714830000000000000e+05
1.714850000000000000e+05
1.714860000000000000e+05
1.717270000000000000e+05
1.718550000000000000e+05
1.719190000000000000e+05
1.719750000000000000e+05
1.719790000000000000e+05
1.719810000000000000e+05
1.719820000000000000e+05
1.725430000000000000e+05
1.729910000000000000e+05
1.730230000000000000e+05
1.730390000000000000e+05
1.735350000000000000e+05
1.735510000000000000e+05
1.737910000000000000e+05
1.738070000000000000e+05
1.738870000000000000e+05
1.739190000000000000e+05
1.739350000000000000e+05
1.739830000000000000e+05
1.739990000000000000e+05
1.740310000000000000e+05
1.740390000000000000e+05
1.740430000000000000e+05
1.740450000000000000e+05
1.740460000000000000e+05
1.740550000000000000e+05
1.740590000000000000e+05
1.740610000000000000e+05
1.740620000000000000e+05
1.743350000000000000e+05
1.744630000000000000e+05
1.745270000000000000e+05
1.745590000000000000e+05
1.745750000000000000e+05
1.745830000000000000e+05
1.745870000000000000e+05
1.745890000000000000e+05
1.745900000000000000e+05
1.747830000000000000e+05
1.749110000000000000e+05
1.750070000000000000e+05
1.750230000000000000e+05
1.750310000000000000e+05
1.750350000000000000e+05
1.750370000000000000e+05
1.750380000000000000e+05
1.750550000000000000e+05
1.753270000000000000e+05
1.754230000000000000e+05
1.754550000000000000e+05
1.755190000000000000e+05
1.755670000000000000e+05
1.755750000000000000e+05
1.755790000000000000e+05
1.755810000000000000e+05
1.755820000000000000e+05
1.756790000000000000e+05
1.757750000000000000e+05
1.758230000000000000e+05
1.759030000000000000e+05
1.759190000000000000e+05
1.759270000000000000e+05
1.759310000000000000e+05
1.759330000000000000e+05
1.759340000000000000e+05
1.759510000000000000e+05
1.760150000000000000e+05
1.760230000000000000e+05
1.760270000000000000e+05
1.760290000000000000e+05
1.760300000000000000e+05
1.760710000000000000e+05
1.760750000000000000e+05
1.760770000000000000e+05
1.760780000000000000e+05
1.812150000000000000e+05
1.812310000000000000e+05
1.817270000000000000e+05
1.817430000000000000e+05
1.819830000000000000e+05
1.819990000000000000e+05
1.821110000000000000e+05
1.821270000000000000e+05
1.821750000000000000e+05
1.821910000000000000e+05
1.822230000000000000e+05
1.822310000000000000e+05
1.822350000000000000e+05
1.822370000000000000e+05
1.822380000000000000e+05
1.822470000000000000e+05
1.822510000000000000e+05
1.822530000000000000e+05
1.822540000000000000e+05
1.827510000000000000e+05
1.830230000000000000e+05
1.832470000000000000e+05
1.835190000000000000e+05
1.835350000000000000e+05
1.836470000000000000e+05
1.837110000000000000e+05
1.837590000000000000e+05
1.837670000000000000e+05
1.837710000000000000e+05
1.837730000000000000e+05
1.837740000000000000e+05
1.839190000000000000e+05
1.839830000000000000e+05
1.840150000000000000e+05
1.840390000000000000e+05
1.840430000000000000e+05
1.840450000000000000e+05
1.840460000000000000e+05
1.841430000000000000e+05
1.842070000000000000e+05
1.842630000000000000e+05
1.842670000000000000e+05
1.842690000000000000e+05
1.842700000000000000e+05
1.976310000000000000e+05
1.981430000000000000e+05
1.983990000000000000e+05
1.985270000000000000e+05
1.985910000000000000e+05
1.986230000000000000e+05
1.986390000000000000e+05
1.986470000000000000e+05
1.986510000000000000e+05
1.986530000000000000e+05
1.986540000000000000e+05
1.991670000000000000e+05
1.994230000000000000e+05
1.995510000000000000e+05
1.996150000000000000e+05
1.996470000000000000e+05
1.996630000000000000e+05
1.996710000000000000e+05
1.996750000000000000e+05
1.996770000000000000e+05
1.996780000000000000e+05
1.999350000000000000e+05
2.000630000000000000e+05
2.001270000000000000e+05
2.001590000000000000e+05
2.001750000000000000e+05
2.001830000000000000e+05
2.001870000000000000e+05
2.001890000000000000e+05
2.001900000000000000e+05
2.003190000000000000e+05
2.003830000000000000e+05
2.004150000000000000e+05
2.004310000000000000e+05
2.004390000000000000e+05
2.004430000000000000e+05
2.004450000000000000e+05
2.004460000000000000e+05
2.005110000000000000e+05
2.005430000000000000e+05
2.005590000000000000e+05
2.005670000000000000e+05
2.005710000000000000e+05
2.005730000000000000e+05
2.005740000000000000e+05
2.006070000000000000e+05
2.006230000000000000e+05
2.006310000000000000e+05
2.006350000000000000e+05
2.006370000000000000e+05
2.006380000000000000e+05
2.006550000000000000e+05
2.006630000000000000e+05
2.006670000000000000e+05
2.006690000000000000e+05
2.006700000000000000e+05
2.006790000000000000e+05
2.006830000000000000e+05
2.006850000000000000e+05
2.006860000000000000e+05
2.006910000000000000e+05
2.006930000000000000e+05
2.006940000000000000e+05
2.006970000000000000e+05
2.006980000000000000e+05
2.007000000000000000e+05
2.026790000000000000e+05
2.037030000000000000e+05
2.042150000000000000e+05
2.044710000000000000e+05
2.045990000000000000e+05
2.046950000000000000e+05
2.047110000000000000e+05
2.047230000000000000e+05
2.047250000000000000e+05
2.047260000000000000e+05
2.053110000000000000e+05
2.057590000000000000e+05
2.066550000000000000e+05
2.067510000000000000e+05
2.067750000000000000e+05
2.071030000000000000e+05
2.072310000000000000e+05
2.072950000000000000e+05
2.073270000000000000e+05
2.073430000000000000e+05
2.073510000000000000e+05
2.073550000000000000e+05
2.073570000000000000e+05
2.073580000000000000e+05
2.075510000000000000e+05
2.076790000000000000e+05
2.077750000000000000e+05
2.077910000000000000e+05
2.077990000000000000e+05
2.078030000000000000e+05
2.078050000000000000e+05
2.078060000000000000e+05
2.081910000000000000e+05
2.082870000000000000e+05
2.083110000000000000e+05
2.084470000000000000e+05
2.085430000000000000e+05
2.085670000000000000e+05
2.086710000000000000e+05
2.086870000000000000e+05
2.086950000000000000e+05
2.086990000000000000e+05
2.087010000000000000e+05
2.087020000000000000e+05
2.087830000000000000e+05
2.087910000000000000e+05
2.087950000000000000e+05
2.087970000000000000e+05
2.087980000000000000e+05
2.088070000000000000e+05
2.088190000000000000e+05
2.088210000000000000e+05
2.088220000000000000e+05
2.149670000000000000e+05
2.159910000000000000e+05
2.165030000000000000e+05
2.167590000000000000e+05
2.168870000000000000e+05
2.169830000000000000e+05
2.169990000000000000e+05
2.170110000000000000e+05
2.170130000000000000e+05
2.170140000000000000e+05
2.303670000000000000e+05
2.303830000000000000e+05
2.308790000000000000e+05
2.308950000000000000e+05
2.311350000000000000e+05
2.311510000000000000e+05
2.312630000000000000e+05
2.312790000000000000e+05
2.313270000000000000e+05
2.313430000000000000e+05
2.313510000000000000e+05
2.313750000000000000e+05
2.313830000000000000e+05
2.313870000000000000e+05
2.313890000000000000e+05
2.313900000000000000e+05
2.313990000000000000e+05
2.314030000000000000e+05
2.314050000000000000e+05
2.314060000000000000e+05
2.319030000000000000e+05
2.323750000000000000e+05
2.323990000000000000e+05
2.326710000000000000e+05
2.327990000000000000e+05
2.328630000000000000e+05
2.328870000000000000e+05
2.329110000000000000e+05
2.329190000000000000e+05
2.329230000000000000e+05
2.329250000000000000e+05
2.329260000000000000e+05
2.331430000000000000e+05
2.331670000000000000e+05
2.332710000000000000e+05
2.332950000000000000e+05
2.333590000000000000e+05
2.333670000000000000e+05
2.333830000000000000e+05
2.333950000000000000e+05
2.333970000000000000e+05
2.333980000000000000e+05
2.334150000000000000e+05
2.334190000000000000e+05
2.334210000000000000e+05
2.334220000000000000e+05
2.641910000000000000e+05
2.652150000000000000e+05
2.657270000000000000e+05
2.659830000000000000e+05
2.661110000000000000e+05
2.661750000000000000e+05
2.662070000000000000e+05
2.662230000000000000e+05
2.662310000000000000e+05
2.662350000000000000e+05
2.662370000000000000e+05
2.662380000000000000e+05
2.672630000000000000e+05
2.677750000000000000e+05
2.680310000000000000e+05
2.681590000000000000e+05
2.682230000000000000e+05
2.682550000000000000e+05
2.682710000000000000e+05
2.682790000000000000e+05
2.682830000000000000e+05
2.682850000000000000e+05
2.682860000000000000e+05
2.687990000000000000e+05
2.690550000000000000e+05
2.691830000000000000e+05
2.692470000000000000e+05
2.692790000000000000e+05
2.692950000000000000e+05
2.693030000000000000e+05
2.693070000000000000e+05
2.693090000000000000e+05
2.693100000000000000e+05
2.695670000000000000e+05
2.696950000000000000e+05
2.697590000000000000e+05
2.697910000000000000e+05
2.698070000000000000e+05
2.698150000000000000e+05
2.698190000000000000e+05
2.698210000000000000e+05
2.698220000000000000e+05
2.699510000000000000e+05
2.700150000000000000e+05
2.700470000000000000e+05
2.700630000000000000e+05
2.700710000000000000e+05
2.700750000000000000e+05
2.700770000000000000e+05
2.700780000000000000e+05
2.701430000000000000e+05
2.701750000000000000e+05
2.701910000000000000e+05
2.701990000000000000e+05
2.702030000000000000e+05
2.702050000000000000e+05
2.702060000000000000e+05
2.702390000000000000e+05
2.702550000000000000e+05
2.702630000000000000e+05
2.702670000000000000e+05
2.702690000000000000e+05
2.702700000000000000e+05
2.702870000000000000e+05
2.702950000000000000e+05
2.702990000000000000e+05
2.703010000000000000e+05
2.703020000000000000e+05
2.703110000000000000e+05
2.703150000000000000e+05
2.703170000000000000e+05
2.703180000000000000e+05
2.703230000000000000e+05
2.703250000000000000e+05
2.703260000000000000e+05
2.703290000000000000e+05
2.703300000000000000e+05
2.713590000000000000e+05
2.718710000000000000e+05
2.721270000000000000e+05
2.722550000000000000e+05
2.723190000000000000e+05
2.723510000000000000e+05
2.723670000000000000e+05
2.723750000000000000e+05
2.723790000000000000e+05
2.723810000000000000e+05
2.723820000000000000e+05
2.728950000000000000e+05
2.731510000000000000e+05
2.732790000000000000e+05
2.733430000000000000e+05
2.733750000000000000e+05
2.733910000000000000e+05
2.733990000000000000e+05
2.734030000000000000e+05
2.734050000000000000e+05
2.734060000000000000e+05
2.736630000000000000e+05
2.737910000000000000e+05
2.738550000000000000e+05
2.738870000000000000e+05
2.739030000000000000e+05
2.739110000000000000e+05
2.739150000000000000e+05
2.739170000000000000e+05
2.739180000000000000e+05
2.740470000000000000e+05
2.741110000000000000e+05
2.741430000000000000e+05
2.741590000000000000e+05
2.741670000000000000e+05
2.741710000000000000e+05
2.741730000000000000e+05
2.741740000000000000e+05
2.742390000000000000e+05
2.742710000000000000e+05
2.742870000000000000e+05
2.742950000000000000e+05
2.742990000000000000e+05
2.743010000000000000e+05
2.743020000000000000e+05
2.743350000000000000e+05
2.743510000000000000e+05
2.743590000000000000e+05
2.743630000000000000e+05
2.743650000000000000e+05
2.743660000000000000e+05
2.743830000000000000e+05
2.743910000000000000e+05
2.743950000000000000e+05
2.743970000000000000e+05
2.743980000000000000e+05
2.744070000000000000e+05
2.744110000000000000e+05
2.744130000000000000e+05
2.744140000000000000e+05
2.744190000000000000e+05
2.744210000000000000e+05
2.744220000000000000e+05
2.744250000000000000e+05
2.744260000000000000e+05
2.744280000000000000e+05
2.753910000000000000e+05
2.759030000000000000e+05
2.761590000000000000e+05
2.762870000000000000e+05
2.763830000000000000e+05
2.763990000000000000e+05
2.764070000000000000e+05
2.764110000000000000e+05
2.764130000000000000e+05
2.764140000000000000e+05
2.795510000000000000e+05
2.800630000000000000e+05
2.803190000000000000e+05
2.804470000000000000e+05
2.805110000000000000e+05
2.805430000000000000e+05
2.805590000000000000e+05
2.805670000000000000e+05
2.805710000000000000e+05
2.805730000000000000e+05
2.805740000000000000e+05
2.810870000000000000e+05
2.813430000000000000e+05
2.814710000000000000e+05
2.815350000000000000e+05
2.815670000000000000e+05
2.815830000000000000e+05
2.815910000000000000e+05
2.815950000000000000e+05
2.815970000000000000e+05
2.815980000000000000e+05
2.818550000000000000e+05
2.819830000000000000e+05
2.820470000000000000e+05
2.820790000000000000e+05
2.820950000000000000e+05
2.821030000000000000e+05
2.821070000000000000e+05
2.821090000000000000e+05
2.821100000000000000e+05
2.822390000000000000e+05
2.823030000000000000e+05
2.823350000000000000e+05
2.823510000000000000e+05
2.823590000000000000e+05
2.823630000000000000e+05
2.823650000000000000e+05
2.823660000000000000e+05
2.824310000000000000e+05
2.824630000000000000e+05
2.824790000000000000e+05
2.824870000000000000e+05
2.824910000000000000e+05
2.824930000000000000e+05
2.824940000000000000e+05
2.825270000000000000e+05
2.825430000000000000e+05
2.825510000000000000e+05
2.825550000000000000e+05
2.825570000000000000e+05
2.825580000000000000e+05
2.825750000000000000e+05
2.825830000000000000e+05
2.825870000000000000e+05
2.825890000000000000e+05
2.825900000000000000e+05
2.825990000000000000e+05
2.826030000000000000e+05
2.826050000000000000e+05
2.826060000000000000e+05
2.826110000000000000e+05
2.826130000000000000e+05
2.826140000000000000e+05
2.826170000000000000e+05
2.826180000000000000e+05
2.826200000000000000e+05
2.872310000000000000e+05
2.886870000000000000e+05
2.890230000000000000e+05
2.891510000000000000e+05
2.892150000000000000e+05
2.892470000000000000e+05
2.892630000000000000e+05
2.892710000000000000e+05
2.892750000000000000e+05
2.892770000000000000e+05
2.892780000000000000e+05
2.897110000000000000e+05
2.902230000000000000e+05
2.904790000000000000e+05
2.906070000000000000e+05
2.907030000000000000e+05
2.907270000000000000e+05
2.907310000000000000e+05
2.907330000000000000e+05
2.907340000000000000e+05
2.959350000000000000e+05
2.964470000000000000e+05
2.967030000000000000e+05
2.968310000000000000e+05
2.968950000000000000e+05
2.969270000000000000e+05
2.969430000000000000e+05
2.969510000000000000e+05
2.969550000000000000e+05
2.969570000000000000e+05
2.969580000000000000e+05
2.974710000000000000e+05
2.977270000000000000e+05
2.978550000000000000e+05
2.979190000000000000e+05
2.979510000000000000e+05
2.979670000000000000e+05
2.979750000000000000e+05
2.979790000000000000e+05
2.979810000000000000e+05
2.979820000000000000e+05
2.982390000000000000e+05
2.983670000000000000e+05
2.984310000000000000e+05
2.984630000000000000e+05
2.984790000000000000e+05
2.984870000000000000e+05
2.984910000000000000e+05
2.984930000000000000e+05
2.984940000000000000e+05
2.986230000000000000e+05
2.986870000000000000e+05
2.987190000000000000e+05
2.987350000000000000e+05
2.987430000000000000e+05
2.987470000000000000e+05
2.987490000000000000e+05
2.987500000000000000e+05
2.988150000000000000e+05
2.988470000000000000e+05
2.988630000000000000e+05
2.988710000000000000e+05
2.988750000000000000e+05
2.988770000000000000e+05
2.988780000000000000e+05
2.989110000000000000e+05
2.989270000000000000e+05
2.989350000000000000e+05
2.989390000000000000e+05
2.989410000000000000e+05
2.989420000000000000e+05
2.989590000000000000e+05
2.989670000000000000e+05
2.989710000000000000e+05
2.989730000000000000e+05
2.989740000000000000e+05
2.989830000000000000e+05
2.989870000000000000e+05
2.989890000000000000e+05
2.989900000000000000e+05
2.989950000000000000e+05
2.989970000000000000e+05
2.989980000000000000e+05
2.990010000000000000e+05
2.990020000000000000e+05
2.990040000000000000e+05
2.997750000000000000e+05
3.002870000000000000e+05
3.006710000000000000e+05
3.007350000000000000e+05
3.007670000000000000e+05
3.007830000000000000e+05
3.007910000000000000e+05
3.007950000000000000e+05
3.007970000000000000e+05
3.007980000000000000e+05
3.130710000000000000e+05
3.140950000000000000e+05
3.146070000000000000e+05
3.149910000000000000e+05
3.150550000000000000e+05
3.150870000000000000e+05
3.151110000000000000e+05
3.151150000000000000e+05
3.151170000000000000e+05
3.151180000000000000e+05
3.287030000000000000e+05
3.292150000000000000e+05
3.294710000000000000e+05
3.295990000000000000e+05
3.296630000000000000e+05
3.296950000000000000e+05
3.297110000000000000e+05
3.297190000000000000e+05
3.297230000000000000e+05
3.297250000000000000e+05
3.297260000000000000e+05
3.302390000000000000e+05
3.304950000000000000e+05
3.306230000000000000e+05
3.306870000000000000e+05
3.307190000000000000e+05
3.307350000000000000e+05
3.307430000000000000e+05
3.307470000000000000e+05
3.307490000000000000e+05
3.307500000000000000e+05
3.310070000000000000e+05
3.311350000000000000e+05
3.311990000000000000e+05
3.312310000000000000e+05
3.312470000000000000e+05
3.312550000000000000e+05
3.312590000000000000e+05
3.312610000000000000e+05
3.312620000000000000e+05
3.313910000000000000e+05
3.314550000000000000e+05
3.314870000000000000e+05
3.315030000000000000e+05
3.315110000000000000e+05
3.315150000000000000e+05
3.315170000000000000e+05
3.315180000000000000e+05
3.315830000000000000e+05
3.316150000000000000e+05
3.316310000000000000e+05
3.316390000000000000e+05
3.316430000000000000e+05
3.316450000000000000e+05
3.316460000000000000e+05
3.316790000000000000e+05
3.316950000000000000e+05
3.317030000000000000e+05
3.317070000000000000e+05
3.317090000000000000e+05
3.317100000000000000e+05
3.317270000000000000e+05
3.317350000000000000e+05
3.317390000000000000e+05
3.317410000000000000e+05
3.317420000000000000e+05
3.317510000000000000e+05
3.317550000000000000e+05
3.317570000000000000e+05
3.317580000000000000e+05
3.317630000000000000e+05
3.317650000000000000e+05
3.317660000000000000e+05
3.317690000000000000e+05
3.317700000000000000e+05
3.317720000000000000e+05
3.942390000000000000e+05
3.947510000000000000e+05
3.950070000000000000e+05
3.951350000000000000e+05
3.951990000000000000e+05
3.952310000000000000e+05
3.952470000000000000e+05
3.952550000000000000e+05
3.952590000000000000e+05
3.952610000000000000e+05
3.952620000000000000e+05
3.957750000000000000e+05
3.960310000000000000e+05
3.961590000000000000e+05
3.962230000000000000e+05
3.962550000000000000e+05
3.962710000000000000e+05
3.962790000000000000e+05
3.962830000000000000e+05
3.962850000000000000e+05
3.962860000000000000e+05
3.965430000000000000e+05
3.966710000000000000e+05
3.967350000000000000e+05
3.967670000000000000e+05
3.967830000000000000e+05
3.967910000000000000e+05
3.967950000000000000e+05
3.967970000000000000e+05
3.967980000000000000e+05
3.969270000000000000e+05
3.969910000000000000e+05
3.970230000000000000e+05
3.970390000000000000e+05
3.970470000000000000e+05
3.970510000000000000e+05
3.970530000000000000e+05
3.970540000000000000e+05
3.971190000000000000e+05
3.971510000000000000e+05
3.971670000000000000e+05
3.971750000000000000e+05
3.971790000000000000e+05
3.971810000000000000e+05
3.971820000000000000e+05
3.972150000000000000e+05
3.972310000000000000e+05
3.972390000000000000e+05
3.972430000000000000e+05
3.972450000000000000e+05
3.972460000000000000e+05
3.972630000000000000e+05
3.972710000000000000e+05
3.972750000000000000e+05
3.972770000000000000e+05
3.972780000000000000e+05
3.972870000000000000e+05
3.972910000000000000e+05
3.972930000000000000e+05
3.972940000000000000e+05
3.972990000000000000e+05
3.973010000000000000e+05
3.973020000000000000e+05
3.973050000000000000e+05
3.973060000000000000e+05
3.973080000000000000e+05
4.019190000000000000e+05
4.023670000000000000e+05
4.032630000000000000e+05
4.033590000000000000e+05
4.037110000000000000e+05
4.038390000000000000e+05
4.039030000000000000e+05
4.039350000000000000e+05
4.039510000000000000e+05
4.039590000000000000e+05
4.039630000000000000e+05
4.039650000000000000e+05
4.039660000000000000e+05
4.041590000000000000e+05
4.042870000000000000e+05
4.043830000000000000e+05
4.043990000000000000e+05
4.044070000000000000e+05
4.044110000000000000e+05
4.044130000000000000e+05
4.044140000000000000e+05
4.047990000000000000e+05
4.048950000000000000e+05
4.050550000000000000e+05
4.051510000000000000e+05
4.052790000000000000e+05
4.052950000000000000e+05
4.053030000000000000e+05
4.053070000000000000e+05
4.053090000000000000e+05
4.053100000000000000e+05
4.053910000000000000e+05
4.053990000000000000e+05
4.054030000000000000e+05
4.054050000000000000e+05
4.054060000000000000e+05
4.269750000000000000e+05
4.269910000000000000e+05
4.274870000000000000e+05
4.275030000000000000e+05
4.277430000000000000e+05
4.277590000000000000e+05
4.278710000000000000e+05
4.278870000000000000e+05
4.279350000000000000e+05
4.279510000000000000e+05
4.279830000000000000e+05
4.279910000000000000e+05
4.279950000000000000e+05
4.279970000000000000e+05
4.279980000000000000e+05
4.280070000000000000e+05
4.280110000000000000e+05
4.280130000000000000e+05
4.280140000000000000e+05
4.285110000000000000e+05
4.290070000000000000e+05
4.292790000000000000e+05
4.294070000000000000e+05
4.294710000000000000e+05
4.295190000000000000e+05
4.295270000000000000e+05
4.295310000000000000e+05
4.295330000000000000e+05
4.295340000000000000e+05
4.297750000000000000e+05
4.299030000000000000e+05
4.299670000000000000e+05
4.300230000000000000e+05
4.300270000000000000e+05
4.300290000000000000e+05
4.300300000000000000e+05
4.607270000000000000e+05
4.617510000000000000e+05
4.622630000000000000e+05
4.625190000000000000e+05
4.626470000000000000e+05
4.627430000000000000e+05
4.627590000000000000e+05
4.627710000000000000e+05
4.627730000000000000e+05
4.627740000000000000e+05
5.263350000000000000e+05
5.273590000000000000e+05
5.278710000000000000e+05
5.281270000000000000e+05
5.282550000000000000e+05
5.283190000000000000e+05
5.283510000000000000e+05
5.283670000000000000e+05
5.283750000000000000e+05
5.283790000000000000e+05
5.283810000000000000e+05
5.283820000000000000e+05
5.294070000000000000e+05
5.299190000000000000e+05
5.301750000000000000e+05
5.303030000000000000e+05
5.303670000000000000e+05
5.303990000000000000e+05
5.304150000000000000e+05
5.304230000000000000e+05
5.304270000000000000e+05
5.304290000000000000e+05
5.304300000000000000e+05
5.309430000000000000e+05
5.311990000000000000e+05
5.313270000000000000e+05
5.313910000000000000e+05
5.314230000000000000e+05
5.314390000000000000e+05
5.314470000000000000e+05
5.314510000000000000e+05
5.314530000000000000e+05
5.314540000000000000e+05
5.317110000000000000e+05
5.318390000000000000e+05
5.319030000000000000e+05
5.319350000000000000e+05
5.319510000000000000e+05
5.319590000000000000e+05
5.319630000000000000e+05
5.319650000000000000e+05
5.319660000000000000e+05
5.320950000000000000e+05
5.321590000000000000e+05
5.321910000000000000e+05
5.322070000000000000e+05
5.322150000000000000e+05
5.322190000000000000e+05
5.322210000000000000e+05
5.322220000000000000e+05
5.322870000000000000e+05
5.323190000000000000e+05
5.323350000000000000e+05
5.323430000000000000e+05
5.323470000000000000e+05
5.323490000000000000e+05
5.323500000000000000e+05
5.323830000000000000e+05
5.323990000000000000e+05
5.324070000000000000e+05
5.324110000000000000e+05
5.324130000000000000e+05
5.324140000000000000e+05
5.324310000000000000e+05
5.324390000000000000e+05
5.324430000000000000e+05
5.324450000000000000e+05
5.324460000000000000e+05
5.324550000000000000e+05
5.324590000000000000e+05
5.324610000000000000e+05
5.324620000000000000e+05
5.324670000000000000e+05
5.324690000000000000e+05
5.324700000000000000e+05
5.324730000000000000e+05
5.324740000000000000e+05
5.324760000000000000e+05
5.335030000000000000e+05
5.340150000000000000e+05
5.342710000000000000e+05
5.343990000000000000e+05
5.344630000000000000e+05
5.344950000000000000e+05
5.345110000000000000e+05
5.345190000000000000e+05
5.345230000000000000e+05
5.345250000000000000e+05
5.345260000000000000e+05
5.350390000000000000e+05
5.352950000000000000e+05
5.354230000000000000e+05
5.354870000000000000e+05
5.355190000000000000e+05
5.355350000000000000e+05
5.355430000000000000e+05
5.355470000000000000e+05
5.355490000000000000e+05
5.355500000000000000e+05
5.358070000000000000e+05
5.359350000000000000e+05
5.359990000000000000e+05
5.360310000000000000e+05
5.360470000000000000e+05
5.360550000000000000e+05
5.360590000000000000e+05
5.360610000000000000e+05
5.360620000000000000e+05
5.361910000000000000e+05
5.362550000000000000e+05
5.362870000000000000e+05
5.363030000000000000e+05
5.363110000000000000e+05
5.363150000000000000e+05
5.363170000000000000e+05
5.363180000000000000e+05
5.363830000000000000e+05
5.364150000000000000e+05
5.364310000000000000e+05
5.364390000000000000e+05
5.364430000000000000e+05
5.364450000000000000e+05
5.364460000000000000e+05
5.364790000000000000e+05
5.364950000000000000e+05
5.365030000000000000e+05
5.365070000000000000e+05
5.365090000000000000e+05
5.365100000000000000e+05
5.365270000000000000e+05
5.365350000000000000e+05
5.365390000000000000e+05
5.365410000000000000e+05
5.365420000000000000e+05
5.365510000000000000e+05
5.365550000000000000e+05
5.365570000000000000e+05
5.365580000000000000e+05
5.365630000000000000e+05
5.365650000000000000e+05
5.365660000000000000e+05
5.365690000000000000e+05
5.365700000000000000e+05
5.365720000000000000e+05
5.375350000000000000e+05
5.380470000000000000e+05
5.380790000000000000e+05
5.383030000000000000e+05
5.384310000000000000e+05
5.384630000000000000e+05
5.385270000000000000e+05
5.385430000000000000e+05
5.385510000000000000e+05
5.385550000000000000e+05
5.385570000000000000e+05
5.385580000000000000e+05
5.385890000000000000e+05
5.390710000000000000e+05
5.391030000000000000e+05
5.393270000000000000e+05
5.394550000000000000e+05
5.394870000000000000e+05
5.395510000000000000e+05
5.395670000000000000e+05
5.395750000000000000e+05
5.395790000000000000e+05
5.395810000000000000e+05
5.395820000000000000e+05
5.396130000000000000e+05
5.398390000000000000e+05
5.398710000000000000e+05
5.399990000000000000e+05
5.400630000000000000e+05
5.401110000000000000e+05
5.401190000000000000e+05
5.401230000000000000e+05
5.401250000000000000e+05
5.401260000000000000e+05
5.402230000000000000e+05
5.402550000000000000e+05
5.403190000000000000e+05
5.403350000000000000e+05
5.403430000000000000e+05
5.403470000000000000e+05
5.403490000000000000e+05
5.403500000000000000e+05
5.403810000000000000e+05
5.404470000000000000e+05
5.404950000000000000e+05
5.405030000000000000e+05
5.405070000000000000e+05
5.405090000000000000e+05
5.405100000000000000e+05
5.405730000000000000e+05
5.406210000000000000e+05
5.406290000000000000e+05
5.406330000000000000e+05
5.406360000000000000e+05
5.416950000000000000e+05
5.422070000000000000e+05
5.424630000000000000e+05
5.425910000000000000e+05
5.426550000000000000e+05
5.426870000000000000e+05
5.427030000000000000e+05
5.427110000000000000e+05
5.427150000000000000e+05
5.427170000000000000e+05
5.427180000000000000e+05
5.432310000000000000e+05
5.434870000000000000e+05
5.436150000000000000e+05
5.436790000000000000e+05
5.437110000000000000e+05
5.437270000000000000e+05
5.437350000000000000e+05
5.437390000000000000e+05
5.437410000000000000e+05
5.437420000000000000e+05
5.439990000000000000e+05
5.441270000000000000e+05
5.441910000000000000e+05
5.442230000000000000e+05
5.442390000000000000e+05
5.442470000000000000e+05
5.442510000000000000e+05
5.442530000000000000e+05
5.442540000000000000e+05
5.443830000000000000e+05
5.444470000000000000e+05
5.444790000000000000e+05
5.444950000000000000e+05
5.445030000000000000e+05
5.445070000000000000e+05
5.445090000000000000e+05
5.445100000000000000e+05
5.445750000000000000e+05
5.446070000000000000e+05
5.446230000000000000e+05
5.446310000000000000e+05
5.446350000000000000e+05
5.446370000000000000e+05
5.446380000000000000e+05
5.446710000000000000e+05
5.446870000000000000e+05
5.446950000000000000e+05
5.446990000000000000e+05
5.447010000000000000e+05
5.447020000000000000e+05
5.447190000000000000e+05
5.447270000000000000e+05
5.447310000000000000e+05
5.447330000000000000e+05
5.447340000000000000e+05
5.447430000000000000e+05
5.447470000000000000e+05
5.447490000000000000e+05
5.447500000000000000e+05
5.447550000000000000e+05
5.447570000000000000e+05
5.447580000000000000e+05
5.447610000000000000e+05
5.447620000000000000e+05
5.447640000000000000e+05
5.493750000000000000e+05
5.498230000000000000e+05
5.503670000000000000e+05
5.505910000000000000e+05
5.507510000000000000e+05
5.508310000000000000e+05
5.508770000000000000e+05
5.511670000000000000e+05
5.512950000000000000e+05
5.513590000000000000e+05
5.513910000000000000e+05
5.514070000000000000e+05
5.514150000000000000e+05
5.514190000000000000e+05
5.514210000000000000e+05
5.514220000000000000e+05
5.516150000000000000e+05
5.517430000000000000e+05
5.517750000000000000e+05
5.518390000000000000e+05
5.518550000000000000e+05
5.518630000000000000e+05
5.518670000000000000e+05
5.518690000000000000e+05
5.518700000000000000e+05
5.519010000000000000e+05
5.521270000000000000e+05
5.521590000000000000e+05
5.522870000000000000e+05
5.523510000000000000e+05
5.523670000000000000e+05
5.523990000000000000e+05
5.524070000000000000e+05
5.524110000000000000e+05
5.524130000000000000e+05
5.524140000000000000e+05
5.525110000000000000e+05
5.525430000000000000e+05
5.526070000000000000e+05
5.526230000000000000e+05
5.526310000000000000e+05
5.526350000000000000e+05
5.526370000000000000e+05
5.526380000000000000e+05
5.526690000000000000e+05
5.527350000000000000e+05
5.527510000000000000e+05
5.527830000000000000e+05
5.527910000000000000e+05
5.527950000000000000e+05
5.527970000000000000e+05
5.527980000000000000e+05
5.528470000000000000e+05
5.528610000000000000e+05
5.528710000000000000e+05
5.528750000000000000e+05
5.528770000000000000e+05
5.528780000000000000e+05
5.529090000000000000e+05
5.529170000000000000e+05
5.529210000000000000e+05
5.529240000000000000e+05
5.580790000000000000e+05
5.585910000000000000e+05
5.588470000000000000e+05
5.589750000000000000e+05
5.590390000000000000e+05
5.590710000000000000e+05
5.590870000000000000e+05
5.590950000000000000e+05
5.590990000000000000e+05
5.591010000000000000e+05
5.591020000000000000e+05
5.596150000000000000e+05
5.598710000000000000e+05
5.599990000000000000e+05
5.600630000000000000e+05
5.600950000000000000e+05
5.601110000000000000e+05
5.601190000000000000e+05
5.601230000000000000e+05
5.601250000000000000e+05
5.601260000000000000e+05
5.603830000000000000e+05
5.605110000000000000e+05
5.605750000000000000e+05
5.606070000000000000e+05
5.606230000000000000e+05
5.606310000000000000e+05
5.606350000000000000e+05
5.606370000000000000e+05
5.606380000000000000e+05
5.607670000000000000e+05
5.608310000000000000e+05
5.608630000000000000e+05
5.608790000000000000e+05
5.608870000000000000e+05
5.608910000000000000e+05
5.608930000000000000e+05
5.608940000000000000e+05
5.609590000000000000e+05
5.609910000000000000e+05
5.610070000000000000e+05
5.610150000000000000e+05
5.610190000000000000e+05
5.610210000000000000e+05
5.610220000000000000e+05
5.610550000000000000e+05
5.610710000000000000e+05
5.610790000000000000e+05
5.610830000000000000e+05
5.610850000000000000e+05
5.610860000000000000e+05
5.611030000000000000e+05
5.611110000000000000e+05
5.611150000000000000e+05
5.611170000000000000e+05
5.611180000000000000e+05
5.611270000000000000e+05
5.611310000000000000e+05
5.611330000000000000e+05
5.611340000000000000e+05
5.611390000000000000e+05
5.611410000000000000e+05
5.611420000000000000e+05
5.611450000000000000e+05
5.611460000000000000e+05
5.611480000000000000e+05
5.619190000000000000e+05
5.624310000000000000e+05
5.628150000000000000e+05
5.628790000000000000e+05
5.629110000000000000e+05
5.629270000000000000e+05
5.629350000000000000e+05
5.629390000000000000e+05
5.629410000000000000e+05
5.629420000000000000e+05
5.639350000000000000e+05
5.644470000000000000e+05
5.648310000000000000e+05
5.648950000000000000e+05
5.649430000000000000e+05
5.649510000000000000e+05
5.649550000000000000e+05
5.649570000000000000e+05
5.649580000000000000e+05
5.660150000000000000e+05
5.662070000000000000e+05
5.665270000000000000e+05
5.667510000000000000e+05
5.669110000000000000e+05
5.669750000000000000e+05
5.670070000000000000e+05
5.670230000000000000e+05
5.670310000000000000e+05
5.670350000000000000e+05
5.670370000000000000e+05
5.670380000000000000e+05
5.671350000000000000e+05
5.672610000000000000e+05
5.677430000000000000e+05
5.677750000000000000e+05
5.679990000000000000e+05
5.680310000000000000e+05
5.681270000000000000e+05
5.681590000000000000e+05
5.682230000000000000e+05
5.682390000000000000e+05
5.682470000000000000e+05
5.682510000000000000e+05
5.682530000000000000e+05
5.682540000000000000e+05
5.682850000000000000e+05
5.685110000000000000e+05
5.685430000000000000e+05
5.686710000000000000e+05
5.687350000000000000e+05
5.687830000000000000e+05
5.687910000000000000e+05
5.687950000000000000e+05
5.687970000000000000e+05
5.687980000000000000e+05
5.688950000000000000e+05
5.689270000000000000e+05
5.689910000000000000e+05
5.690070000000000000e+05
5.690150000000000000e+05
5.690190000000000000e+05
5.690210000000000000e+05
5.690220000000000000e+05
5.690390000000000000e+05
5.690470000000000000e+05
5.690510000000000000e+05
5.690530000000000000e+05
5.690540000000000000e+05
5.691190000000000000e+05
5.691670000000000000e+05
5.691750000000000000e+05
5.691790000000000000e+05
5.691810000000000000e+05
5.691820000000000000e+05
5.692450000000000000e+05
5.692930000000000000e+05
5.693010000000000000e+05
5.693050000000000000e+05
5.693080000000000000e+05
5.742070000000000000e+05
5.747190000000000000e+05
5.751030000000000000e+05
5.751670000000000000e+05
5.751990000000000000e+05
5.752150000000000000e+05
5.752230000000000000e+05
5.752270000000000000e+05
5.752290000000000000e+05
5.752300000000000000e+05
5.762230000000000000e+05
5.762390000000000000e+05
5.767350000000000000e+05
5.767510000000000000e+05
5.771190000000000000e+05
5.771350000000000000e+05
5.771830000000000000e+05
5.771990000000000000e+05
5.772310000000000000e+05
5.772390000000000000e+05
5.772430000000000000e+05
5.772450000000000000e+05
5.772460000000000000e+05
5.772550000000000000e+05
5.772590000000000000e+05
5.772610000000000000e+05
5.772620000000000000e+05
5.908470000000000000e+05
5.913590000000000000e+05
5.916150000000000000e+05
5.917430000000000000e+05
5.918070000000000000e+05
5.918390000000000000e+05
5.918550000000000000e+05
5.918630000000000000e+05
5.918670000000000000e+05
5.918690000000000000e+05
5.918700000000000000e+05
5.923830000000000000e+05
5.926390000000000000e+05
5.927670000000000000e+05
5.928310000000000000e+05
5.928630000000000000e+05
5.928790000000000000e+05
5.928870000000000000e+05
5.928910000000000000e+05
5.928930000000000000e+05
5.928940000000000000e+05
5.931510000000000000e+05
5.932790000000000000e+05
5.933430000000000000e+05
5.933750000000000000e+05
5.933910000000000000e+05
5.933990000000000000e+05
5.934030000000000000e+05
5.934050000000000000e+05
5.934060000000000000e+05
5.935350000000000000e+05
5.935990000000000000e+05
5.936310000000000000e+05
5.936470000000000000e+05
5.936550000000000000e+05
5.936590000000000000e+05
5.936610000000000000e+05
5.936620000000000000e+05
5.937270000000000000e+05
5.937590000000000000e+05
5.937750000000000000e+05
5.937830000000000000e+05
5.937870000000000000e+05
5.937890000000000000e+05
5.937900000000000000e+05
5.938230000000000000e+05
5.938390000000000000e+05
5.938470000000000000e+05
5.938510000000000000e+05
5.938530000000000000e+05
5.938540000000000000e+05
5.938710000000000000e+05
5.938790000000000000e+05
5.938830000000000000e+05
5.938850000000000000e+05
5.938860000000000000e+05
5.938950000000000000e+05
5.938990000000000000e+05
5.939010000000000000e+05
5.939020000000000000e+05
5.939070000000000000e+05
5.939090000000000000e+05
5.939100000000000000e+05
5.939130000000000000e+05
5.939140000000000000e+05
5.939160000000000000e+05
5.989750000000000000e+05
5.995190000000000000e+05
5.997430000000000000e+05
5.999030000000000000e+05
6.000290000000000000e+05
6.005110000000000000e+05
6.005430000000000000e+05
6.007670000000000000e+05
6.008950000000000000e+05
6.009270000000000000e+05
6.009910000000000000e+05
6.010070000000000000e+05
6.010150000000000000e+05
6.010190000000000000e+05
6.010210000000000000e+05
6.010220000000000000e+05
6.010530000000000000e+05
6.012790000000000000e+05
6.013110000000000000e+05
6.014390000000000000e+05
6.015030000000000000e+05
6.015510000000000000e+05
6.015590000000000000e+05
6.015630000000000000e+05
6.015650000000000000e+05
6.015660000000000000e+05
6.016630000000000000e+05
6.016950000000000000e+05
6.017590000000000000e+05
6.017750000000000000e+05
6.017830000000000000e+05
6.017870000000000000e+05
6.017890000000000000e+05
6.017900000000000000e+05
6.018210000000000000e+05
6.018870000000000000e+05
6.019350000000000000e+05
6.019430000000000000e+05
6.019470000000000000e+05
6.019490000000000000e+05
6.019500000000000000e+05
6.020130000000000000e+05
6.020610000000000000e+05
6.020690000000000000e+05
6.020730000000000000e+05
6.020760000000000000e+05
6.233590000000000000e+05
6.238710000000000000e+05
6.242550000000000000e+05
6.243190000000000000e+05
6.243510000000000000e+05
6.243670000000000000e+05
6.243750000000000000e+05
6.243790000000000000e+05
6.243810000000000000e+05
6.243820000000000000e+05
6.253750000000000000e+05
6.258870000000000000e+05
6.262710000000000000e+05
6.263350000000000000e+05
6.263830000000000000e+05
6.263910000000000000e+05
6.263950000000000000e+05
6.263970000000000000e+05
6.263980000000000000e+05
6.563830000000000000e+05
6.568950000000000000e+05
6.571510000000000000e+05
6.572790000000000000e+05
6.573430000000000000e+05
6.573750000000000000e+05
6.573910000000000000e+05
6.573990000000000000e+05
6.574030000000000000e+05
6.574050000000000000e+05
6.574060000000000000e+05
6.579190000000000000e+05
6.581750000000000000e+05
6.583030000000000000e+05
6.583670000000000000e+05
6.583990000000000000e+05
6.584150000000000000e+05
6.584230000000000000e+05
6.584270000000000000e+05
6.584290000000000000e+05
6.584300000000000000e+05
6.586870000000000000e+05
6.588150000000000000e+05
6.588790000000000000e+05
6.589110000000000000e+05
6.589270000000000000e+05
6.589350000000000000e+05
6.589390000000000000e+05
6.589410000000000000e+05
6.589420000000000000e+05
6.590710000000000000e+05
6.591350000000000000e+05
6.591670000000000000e+05
6.591830000000000000e+05
6.591910000000000000e+05
6.591950000000000000e+05
6.591970000000000000e+05
6.591980000000000000e+05
6.592630000000000000e+05
6.592950000000000000e+05
6.593110000000000000e+05
6.593190000000000000e+05
6.593230000000000000e+05
6.593250000000000000e+05
6.593260000000000000e+05
6.593590000000000000e+05
6.593750000000000000e+05
6.593830000000000000e+05
6.593870000000000000e+05
6.593890000000000000e+05
6.593900000000000000e+05
6.594070000000000000e+05
6.594150000000000000e+05
6.594190000000000000e+05
6.594210000000000000e+05
6.594220000000000000e+05
6.594310000000000000e+05
6.594350000000000000e+05
6.594370000000000000e+05
6.594380000000000000e+05
6.594430000000000000e+05
6.594450000000000000e+05
6.594460000000000000e+05
6.594490000000000000e+05
6.594500000000000000e+05
6.594520000000000000e+05
6.640630000000000000e+05
6.645110000000000000e+05
6.650550000000000000e+05
6.652790000000000000e+05
6.654070000000000000e+05
6.654390000000000000e+05
6.655030000000000000e+05
6.655650000000000000e+05
6.658550000000000000e+05
6.659830000000000000e+05
6.660470000000000000e+05
6.660790000000000000e+05
6.660950000000000000e+05
6.661030000000000000e+05
6.661070000000000000e+05
6.661090000000000000e+05
6.661100000000000000e+05
6.663030000000000000e+05
6.664310000000000000e+05
6.664630000000000000e+05
6.665270000000000000e+05
6.665430000000000000e+05
6.665510000000000000e+05
6.665550000000000000e+05
6.665570000000000000e+05
6.665580000000000000e+05
6.665890000000000000e+05
6.668150000000000000e+05
6.668470000000000000e+05
6.669430000000000000e+05
6.669750000000000000e+05
6.670390000000000000e+05
6.670870000000000000e+05
6.670950000000000000e+05
6.670990000000000000e+05
6.671010000000000000e+05
6.671020000000000000e+05
6.671990000000000000e+05
6.672310000000000000e+05
6.672950000000000000e+05
6.673110000000000000e+05
6.673190000000000000e+05
6.673230000000000000e+05
6.673250000000000000e+05
6.673260000000000000e+05
6.673570000000000000e+05
6.674230000000000000e+05
6.674390000000000000e+05
6.674470000000000000e+05
6.674510000000000000e+05
6.674530000000000000e+05
6.674540000000000000e+05
6.674710000000000000e+05
6.674790000000000000e+05
6.674830000000000000e+05
6.674850000000000000e+05
6.674860000000000000e+05
6.675350000000000000e+05
6.675430000000000000e+05
6.675470000000000000e+05
6.675490000000000000e+05
6.675500000000000000e+05
6.675970000000000000e+05
6.676050000000000000e+05
6.676090000000000000e+05
6.676120000000000000e+05
6.888950000000000000e+05
6.891190000000000000e+05
6.891350000000000000e+05
6.894070000000000000e+05
6.896310000000000000e+05
6.896470000000000000e+05
6.897910000000000000e+05
6.898550000000000000e+05
6.898870000000000000e+05
6.899030000000000000e+05
6.899110000000000000e+05
6.899150000000000000e+05
6.899170000000000000e+05
6.899180000000000000e+05
6.900150000000000000e+05
6.900310000000000000e+05
6.900790000000000000e+05
6.900950000000000000e+05
6.901270000000000000e+05
6.901350000000000000e+05
6.901390000000000000e+05
6.901410000000000000e+05
6.901420000000000000e+05
6.901510000000000000e+05
6.901550000000000000e+05
6.901570000000000000e+05
6.901580000000000000e+05
6.906550000000000000e+05
6.909110000000000000e+05
6.911510000000000000e+05
6.914230000000000000e+05
6.915510000000000000e+05
6.916150000000000000e+05
6.916630000000000000e+05
6.916710000000000000e+05
6.916750000000000000e+05
6.916770000000000000e+05
6.916780000000000000e+05
6.918070000000000000e+05
6.918710000000000000e+05
6.919190000000000000e+05
6.919270000000000000e+05
6.919310000000000000e+05
6.919330000000000000e+05
6.919340000000000000e+05
6.920470000000000000e+05
6.921110000000000000e+05
6.921670000000000000e+05
6.921710000000000000e+05
6.921730000000000000e+05
6.921740000000000000e+05
7.228710000000000000e+05
7.238950000000000000e+05
7.244070000000000000e+05
7.246630000000000000e+05
7.247910000000000000e+05
7.248870000000000000e+05
7.249030000000000000e+05
7.249150000000000000e+05
7.249170000000000000e+05
7.249180000000000000e+05
7.874550000000000000e+05
7.879670000000000000e+05
7.882230000000000000e+05
7.883510000000000000e+05
7.884150000000000000e+05
7.884470000000000000e+05
7.884630000000000000e+05
7.884710000000000000e+05
7.884750000000000000e+05
7.884770000000000000e+05
7.884780000000000000e+05
7.889910000000000000e+05
7.892470000000000000e+05
7.893750000000000000e+05
7.894390000000000000e+05
7.894710000000000000e+05
7.894870000000000000e+05
7.894950000000000000e+05
7.894990000000000000e+05
7.895010000000000000e+05
7.895020000000000000e+05
7.897590000000000000e+05
7.898870000000000000e+05
7.899510000000000000e+05
7.899830000000000000e+05
7.899990000000000000e+05
7.900070000000000000e+05
7.900110000000000000e+05
7.900130000000000000e+05
7.900140000000000000e+05
7.901430000000000000e+05
7.902070000000000000e+05
7.902390000000000000e+05
7.902550000000000000e+05
7.902630000000000000e+05
7.902670000000000000e+05
7.902690000000000000e+05
7.902700000000000000e+05
7.903350000000000000e+05
7.903670000000000000e+05
7.903830000000000000e+05
7.903910000000000000e+05
7.903950000000000000e+05
7.903970000000000000e+05
7.903980000000000000e+05
7.904310000000000000e+05
7.904470000000000000e+05
7.904550000000000000e+05
7.904590000000000000e+05
7.904610000000000000e+05
7.904620000000000000e+05
7.904790000000000000e+05
7.904870000000000000e+05
7.904910000000000000e+05
7.904930000000000000e+05
7.904940000000000000e+05
7.905030000000000000e+05
7.905070000000000000e+05
7.905090000000000000e+05
7.905100000000000000e+05
7.905150000000000000e+05
7.905170000000000000e+05
7.905180000000000000e+05
7.905210000000000000e+05
7.905220000000000000e+05
7.905240000000000000e+05
7.955830000000000000e+05
7.961270000000000000e+05
7.963510000000000000e+05
7.965110000000000000e+05
7.966370000000000000e+05
7.971190000000000000e+05
7.971510000000000000e+05
7.973750000000000000e+05
7.975030000000000000e+05
7.975350000000000000e+05
7.975990000000000000e+05
7.976150000000000000e+05
7.976230000000000000e+05
7.976270000000000000e+05
7.976290000000000000e+05
7.976300000000000000e+05
7.976610000000000000e+05
7.978870000000000000e+05
7.979190000000000000e+05
7.980470000000000000e+05
7.981110000000000000e+05
7.981590000000000000e+05
7.981670000000000000e+05
7.981710000000000000e+05
7.981730000000000000e+05
7.981740000000000000e+05
7.982710000000000000e+05
7.983030000000000000e+05
7.983670000000000000e+05
7.983830000000000000e+05
7.983910000000000000e+05
7.983950000000000000e+05
7.983970000000000000e+05
7.983980000000000000e+05
7.984290000000000000e+05
7.984950000000000000e+05
7.985430000000000000e+05
7.985510000000000000e+05
7.985550000000000000e+05
7.985570000000000000e+05
7.985580000000000000e+05
7.986210000000000000e+05
7.986690000000000000e+05
7.986770000000000000e+05
7.986810000000000000e+05
7.986840000000000000e+05
8.199670000000000000e+05
8.204790000000000000e+05
8.208630000000000000e+05
8.209270000000000000e+05
8.209590000000000000e+05
8.209750000000000000e+05
8.209830000000000000e+05
8.209870000000000000e+05
8.209890000000000000e+05
8.209900000000000000e+05
8.219830000000000000e+05
8.224950000000000000e+05
8.228790000000000000e+05
8.229430000000000000e+05
8.229910000000000000e+05
8.229990000000000000e+05
8.230030000000000000e+05
8.230050000000000000e+05
8.230060000000000000e+05
1.050623000000000000e+06
1.051647000000000000e+06
1.052159000000000000e+06
1.052415000000000000e+06
1.052543000000000000e+06
1.052607000000000000e+06
1.052639000000000000e+06
1.052655000000000000e+06
1.052663000000000000e+06
1.052667000000000000e+06
1.052669000000000000e+06
1.052670000000000000e+06
1.053695000000000000e+06
1.054207000000000000e+06
1.054463000000000000e+06
1.054591000000000000e+06
1.054655000000000000e+06
1.054687000000000000e+06
1.054703000000000000e+06
1.054711000000000000e+06
1.054715000000000000e+06
1.054717000000000000e+06
1.054718000000000000e+06
1.055231000000000000e+06
1.055487000000000000e+06
1.055615000000000000e+06
1.055679000000000000e+06
1.055711000000000000e+06
1.055727000000000000e+06
1.055735000000000000e+06
1.055739000000000000e+06
1.055741000000000000e+06
1.055742000000000000e+06
1.055999000000000000e+06
1.056127000000000000e+06
1.056191000000000000e+06
1.056223000000000000e+06
1.056239000000000000e+06
1.056247000000000000e+06
1.056251000000000000e+06
1.056253000000000000e+06
1.056254000000000000e+06
1.056383000000000000e+06
1.056447000000000000e+06
1.056479000000000000e+06
1.056495000000000000e+06
1.056503000000000000e+06
1.056507000000000000e+06
1.056509000000000000e+06
1.056510000000000000e+06
1.056575000000000000e+06
1.056607000000000000e+06
1.056623000000000000e+06
1.056631000000000000e+06
1.056635000000000000e+06
1.056637000000000000e+06
1.056638000000000000e+06
1.056671000000000000e+06
1.056687000000000000e+06
1.056695000000000000e+06
1.056699000000000000e+06
1.056701000000000000e+06
1.056702000000000000e+06
1.056719000000000000e+06
1.056727000000000000e+06
1.056731000000000000e+06
1.056733000000000000e+06
1.056734000000000000e+06
1.056743000000000000e+06
1.056747000000000000e+06
1.056749000000000000e+06
1.056750000000000000e+06
1.056755000000000000e+06
1.056757000000000000e+06
1.056758000000000000e+06
1.056761000000000000e+06
1.056762000000000000e+06
1.056764000000000000e+06
1.057791000000000000e+06
1.058303000000000000e+06
1.058559000000000000e+06
1.058687000000000000e+06
1.058751000000000000e+06
1.058783000000000000e+06
1.058799000000000000e+06
1.058807000000000000e+06
1.058811000000000000e+06
1.058813000000000000e+06
1.058814000000000000e+06
1.059327000000000000e+06
1.059583000000000000e+06
1.059711000000000000e+06
1.059775000000000000e+06
1.059807000000000000e+06
1.059823000000000000e+06
1.059831000000000000e+06
1.059835000000000000e+06
1.059837000000000000e+06
1.059838000000000000e+06
1.060095000000000000e+06
1.060223000000000000e+06
1.060287000000000000e+06
1.060319000000000000e+06
1.060335000000000000e+06
1.060343000000000000e+06
1.060347000000000000e+06
1.060349000000000000e+06
1.060350000000000000e+06
1.060479000000000000e+06
1.060543000000000000e+06
1.060575000000000000e+06
1.060591000000000000e+06
1.060599000000000000e+06
1.060603000000000000e+06
1.060605000000000000e+06
1.060606000000000000e+06
1.060671000000000000e+06
1.060703000000000000e+06
1.060719000000000000e+06
1.060727000000000000e+06
1.060731000000000000e+06
1.060733000000000000e+06
1.060734000000000000e+06
1.060767000000000000e+06
1.060783000000000000e+06
1.060791000000000000e+06
1.060795000000000000e+06
1.060797000000000000e+06
1.060798000000000000e+06
1.060815000000000000e+06
1.060823000000000000e+06
1.060827000000000000e+06
1.060829000000000000e+06
1.060830000000000000e+06
1.060839000000000000e+06
1.060843000000000000e+06
1.060845000000000000e+06
1.060846000000000000e+06
1.060851000000000000e+06
1.060853000000000000e+06
1.060854000000000000e+06
1.060857000000000000e+06
1.060858000000000000e+06
1.060860000000000000e+06
1.061823000000000000e+06
1.062335000000000000e+06
1.062591000000000000e+06
1.062719000000000000e+06
1.062751000000000000e+06
1.062815000000000000e+06
1.062831000000000000e+06
1.062839000000000000e+06
1.062843000000000000e+06
1.062845000000000000e+06
1.062846000000000000e+06
1.063775000000000000e+06
1.064287000000000000e+06
1.064543000000000000e+06
1.064735000000000000e+06
1.064783000000000000e+06
1.064791000000000000e+06
1.064795000000000000e+06
1.064797000000000000e+06
1.064798000000000000e+06
1.065983000000000000e+06
1.066495000000000000e+06
1.066751000000000000e+06
1.066879000000000000e+06
1.066943000000000000e+06
1.066975000000000000e+06
1.066991000000000000e+06
1.066999000000000000e+06
1.067003000000000000e+06
1.067005000000000000e+06
1.067006000000000000e+06
1.067519000000000000e+06
1.067775000000000000e+06
1.067903000000000000e+06
1.067967000000000000e+06
1.067999000000000000e+06
1.068015000000000000e+06
1.068023000000000000e+06
1.068027000000000000e+06
1.068029000000000000e+06
1.068030000000000000e+06
1.068287000000000000e+06
1.068415000000000000e+06
1.068479000000000000e+06
1.068511000000000000e+06
1.068527000000000000e+06
1.068535000000000000e+06
1.068539000000000000e+06
1.068541000000000000e+06
1.068542000000000000e+06
1.068671000000000000e+06
1.068735000000000000e+06
1.068767000000000000e+06
1.068783000000000000e+06
1.068791000000000000e+06
1.068795000000000000e+06
1.068797000000000000e+06
1.068798000000000000e+06
1.068863000000000000e+06
1.068895000000000000e+06
1.068911000000000000e+06
1.068919000000000000e+06
1.068923000000000000e+06
1.068925000000000000e+06
1.068926000000000000e+06
1.068959000000000000e+06
1.068975000000000000e+06
1.068983000000000000e+06
1.068987000000000000e+06
1.068989000000000000e+06
1.068990000000000000e+06
1.069007000000000000e+06
1.069015000000000000e+06
1.069019000000000000e+06
1.069021000000000000e+06
1.069022000000000000e+06
1.069031000000000000e+06
1.069035000000000000e+06
1.069037000000000000e+06
1.069038000000000000e+06
1.069043000000000000e+06
1.069045000000000000e+06
1.069046000000000000e+06
1.069049000000000000e+06
1.069050000000000000e+06
1.069052000000000000e+06
1.073663000000000000e+06
1.075039000000000000e+06
1.075119000000000000e+06
1.075455000000000000e+06
1.075583000000000000e+06
1.075647000000000000e+06
1.075679000000000000e+06
1.075695000000000000e+06
1.075703000000000000e+06
1.075707000000000000e+06
1.075709000000000000e+06
1.075710000000000000e+06
1.076063000000000000e+06
1.076143000000000000e+06
1.076575000000000000e+06
1.076655000000000000e+06
1.076831000000000000e+06
1.076911000000000000e+06
1.077023000000000000e+06
1.077039000000000000e+06
1.077071000000000000e+06
1.077079000000000000e+06
1.077083000000000000e+06
1.077085000000000000e+06
1.077086000000000000e+06
1.077135000000000000e+06
1.077159000000000000e+06
1.077163000000000000e+06
1.077165000000000000e+06
1.077166000000000000e+06
1.082367000000000000e+06
1.082879000000000000e+06
1.083135000000000000e+06
1.083263000000000000e+06
1.083327000000000000e+06
1.083359000000000000e+06
1.083375000000000000e+06
1.083383000000000000e+06
1.083387000000000000e+06
1.083389000000000000e+06
1.083390000000000000e+06
1.083903000000000000e+06
1.084159000000000000e+06
1.084287000000000000e+06
1.084351000000000000e+06
1.084383000000000000e+06
1.084399000000000000e+06
1.084407000000000000e+06
1.084411000000000000e+06
1.084413000000000000e+06
1.084414000000000000e+06
1.084671000000000000e+06
1.084799000000000000e+06
1.084863000000000000e+06
1.084895000000000000e+06
1.084911000000000000e+06
1.084919000000000000e+06
1.084923000000000000e+06
1.084925000000000000e+06
1.084926000000000000e+06
1.085055000000000000e+06
1.085119000000000000e+06
1.085151000000000000e+06
1.085167000000000000e+06
1.085175000000000000e+06
1.085179000000000000e+06
1.085181000000000000e+06
1.085182000000000000e+06
1.085247000000000000e+06
1.085279000000000000e+06
1.085295000000000000e+06
1.085303000000000000e+06
1.085307000000000000e+06
1.085309000000000000e+06
1.085310000000000000e+06
1.085343000000000000e+06
1.085359000000000000e+06
1.085367000000000000e+06
1.085371000000000000e+06
1.085373000000000000e+06
1.085374000000000000e+06
1.085391000000000000e+06
1.085399000000000000e+06
1.085403000000000000e+06
1.085405000000000000e+06
1.085406000000000000e+06
1.085415000000000000e+06
1.085419000000000000e+06
1.085421000000000000e+06
1.085422000000000000e+06
1.085427000000000000e+06
1.085429000000000000e+06
1.085430000000000000e+06
1.085433000000000000e+06
1.085434000000000000e+06
1.085436000000000000e+06
1.086207000000000000e+06
1.086719000000000000e+06
1.087103000000000000e+06
1.087167000000000000e+06
1.087199000000000000e+06
1.087215000000000000e+06
1.087223000000000000e+06
1.087227000000000000e+06
1.087229000000000000e+06
1.087230000000000000e+06
1.091423000000000000e+06
1.092447000000000000e+06
1.092959000000000000e+06
1.093215000000000000e+06
1.093407000000000000e+06
1.093455000000000000e+06
1.093463000000000000e+06
1.093467000000000000e+06
1.093469000000000000e+06
1.093470000000000000e+06
1.099503000000000000e+06
1.100527000000000000e+06
1.101039000000000000e+06
1.101423000000000000e+06
1.101487000000000000e+06
1.101519000000000000e+06
1.101543000000000000e+06
1.101547000000000000e+06
1.101549000000000000e+06
1.101550000000000000e+06
1.115135000000000000e+06
1.115647000000000000e+06
1.115903000000000000e+06
1.116031000000000000e+06
1.116095000000000000e+06
1.116127000000000000e+06
1.116143000000000000e+06
1.116151000000000000e+06
1.116155000000000000e+06
1.116157000000000000e+06
1.116158000000000000e+06
1.116671000000000000e+06
1.116927000000000000e+06
1.117055000000000000e+06
1.117119000000000000e+06
1.117151000000000000e+06
1.117167000000000000e+06
1.117175000000000000e+06
1.117179000000000000e+06
1.117181000000000000e+06
1.117182000000000000e+06
1.117439000000000000e+06
1.117567000000000000e+06
1.117631000000000000e+06
1.117663000000000000e+06
1.117679000000000000e+06
1.117687000000000000e+06
1.117691000000000000e+06
1.117693000000000000e+06
1.117694000000000000e+06
1.117823000000000000e+06
1.117887000000000000e+06
1.117919000000000000e+06
1.117935000000000000e+06
1.117943000000000000e+06
1.117947000000000000e+06
1.117949000000000000e+06
1.117950000000000000e+06
1.118015000000000000e+06
1.118047000000000000e+06
1.118063000000000000e+06
1.118071000000000000e+06
1.118075000000000000e+06
1.118077000000000000e+06
1.118078000000000000e+06
1.118111000000000000e+06
1.118127000000000000e+06
1.118135000000000000e+06
1.118139000000000000e+06
1.118141000000000000e+06
1.118142000000000000e+06
1.118159000000000000e+06
1.118167000000000000e+06
1.118171000000000000e+06
1.118173000000000000e+06
1.118174000000000000e+06
1.118183000000000000e+06
1.118187000000000000e+06
1.118189000000000000e+06
1.118190000000000000e+06
1.118195000000000000e+06
1.118197000000000000e+06
1.118198000000000000e+06
1.118201000000000000e+06
1.118202000000000000e+06
1.118204000000000000e+06
1.124191000000000000e+06
1.125215000000000000e+06
1.125727000000000000e+06
1.125983000000000000e+06
1.126175000000000000e+06
1.126223000000000000e+06
1.126231000000000000e+06
1.126235000000000000e+06
1.126237000000000000e+06
1.126238000000000000e+06
1.180671000000000000e+06
1.181183000000000000e+06
1.181439000000000000e+06
1.181567000000000000e+06
1.181631000000000000e+06
1.181663000000000000e+06
1.181679000000000000e+06
1.181687000000000000e+06
1.181691000000000000e+06
1.181693000000000000e+06
1.181694000000000000e+06
1.182207000000000000e+06
1.182463000000000000e+06
1.182591000000000000e+06
1.182655000000000000e+06
1.182687000000000000e+06
1.182703000000000000e+06
1.182711000000000000e+06
1.182715000000000000e+06
1.182717000000000000e+06
1.182718000000000000e+06
1.182975000000000000e+06
1.183103000000000000e+06
1.183167000000000000e+06
1.183199000000000000e+06
1.183215000000000000e+06
1.183223000000000000e+06
1.183227000000000000e+06
1.183229000000000000e+06
1.183230000000000000e+06
1.183359000000000000e+06
1.183423000000000000e+06
1.183455000000000000e+06
1.183471000000000000e+06
1.183479000000000000e+06
1.183483000000000000e+06
1.183485000000000000e+06
1.183486000000000000e+06
1.183551000000000000e+06
1.183583000000000000e+06
1.183599000000000000e+06
1.183607000000000000e+06
1.183611000000000000e+06
1.183613000000000000e+06
1.183614000000000000e+06
1.183647000000000000e+06
1.183663000000000000e+06
1.183671000000000000e+06
1.183675000000000000e+06
1.183677000000000000e+06
1.183678000000000000e+06
1.183695000000000000e+06
1.183703000000000000e+06
1.183707000000000000e+06
1.183709000000000000e+06
1.183710000000000000e+06
1.183719000000000000e+06
1.183723000000000000e+06
1.183725000000000000e+06
1.183726000000000000e+06
1.183731000000000000e+06
1.183733000000000000e+06
1.183734000000000000e+06
1.183737000000000000e+06
1.183738000000000000e+06
1.183740000000000000e+06
1.188351000000000000e+06
1.188799000000000000e+06
1.189695000000000000e+06
1.189727000000000000e+06
1.189791000000000000e+06
1.190143000000000000e+06
1.190271000000000000e+06
1.190335000000000000e+06
1.190367000000000000e+06
1.190383000000000000e+06
1.190391000000000000e+06
1.190395000000000000e+06
1.190397000000000000e+06
1.190398000000000000e+06
1.190591000000000000e+06
1.190719000000000000e+06
1.190751000000000000e+06
1.190815000000000000e+06
1.190831000000000000e+06
1.190839000000000000e+06
1.190843000000000000e+06
1.190845000000000000e+06
1.190846000000000000e+06
1.191231000000000000e+06
1.191263000000000000e+06
1.191327000000000000e+06
1.191487000000000000e+06
1.191519000000000000e+06
1.191583000000000000e+06
1.191711000000000000e+06
1.191727000000000000e+06
1.191735000000000000e+06
1.191739000000000000e+06
1.191741000000000000e+06
1.191742000000000000e+06
1.191759000000000000e+06
1.191767000000000000e+06
1.191771000000000000e+06
1.191773000000000000e+06
1.191774000000000000e+06
1.191823000000000000e+06
1.191831000000000000e+06
1.191835000000000000e+06
1.191837000000000000e+06
1.191838000000000000e+06
1.213407000000000000e+06
1.213423000000000000e+06
1.213919000000000000e+06
1.213935000000000000e+06
1.214175000000000000e+06
1.214191000000000000e+06
1.214303000000000000e+06
1.214319000000000000e+06
1.214367000000000000e+06
1.214383000000000000e+06
1.214415000000000000e+06
1.214423000000000000e+06
1.214427000000000000e+06
1.214429000000000000e+06
1.214430000000000000e+06
1.214439000000000000e+06
1.214443000000000000e+06
1.214445000000000000e+06
1.214446000000000000e+06
1.214943000000000000e+06
1.215439000000000000e+06
1.215711000000000000e+06
1.215839000000000000e+06
1.215903000000000000e+06
1.215951000000000000e+06
1.215959000000000000e+06
1.215963000000000000e+06
1.215965000000000000e+06
1.215966000000000000e+06
1.216207000000000000e+06
1.216335000000000000e+06
1.216399000000000000e+06
1.216455000000000000e+06
1.216459000000000000e+06
1.216461000000000000e+06
1.216462000000000000e+06
1.247159000000000000e+06
1.248183000000000000e+06
1.248695000000000000e+06
1.248951000000000000e+06
1.249079000000000000e+06
1.249175000000000000e+06
1.249191000000000000e+06
1.249203000000000000e+06
1.249205000000000000e+06
1.249206000000000000e+06
1.311743000000000000e+06
1.312255000000000000e+06
1.312511000000000000e+06
1.312639000000000000e+06
1.312703000000000000e+06
1.312735000000000000e+06
1.312751000000000000e+06
1.312759000000000000e+06
1.312763000000000000e+06
1.312765000000000000e+06
1.312766000000000000e+06
1.313279000000000000e+06
1.313535000000000000e+06
1.313663000000000000e+06
1.313727000000000000e+06
1.313759000000000000e+06
1.313775000000000000e+06
1.313783000000000000e+06
1.313787000000000000e+06
1.313789000000000000e+06
1.313790000000000000e+06
1.314047000000000000e+06
1.314175000000000000e+06
1.314239000000000000e+06
1.314271000000000000e+06
1.314287000000000000e+06
1.314295000000000000e+06
1.314299000000000000e+06
1.314301000000000000e+06
1.314302000000000000e+06
1.314431000000000000e+06
1.314495000000000000e+06
1.314527000000000000e+06
1.314543000000000000e+06
1.314551000000000000e+06
1.314555000000000000e+06
1.314557000000000000e+06
1.314558000000000000e+06
1.314623000000000000e+06
1.314655000000000000e+06
1.314671000000000000e+06
1.314679000000000000e+06
1.314683000000000000e+06
1.314685000000000000e+06
1.314686000000000000e+06
1.314719000000000000e+06
1.314735000000000000e+06
1.314743000000000000e+06
1.314747000000000000e+06
1.314749000000000000e+06
1.314750000000000000e+06
1.314767000000000000e+06
1.314775000000000000e+06
1.314779000000000000e+06
1.314781000000000000e+06
1.314782000000000000e+06
1.314791000000000000e+06
1.314795000000000000e+06
1.314797000000000000e+06
1.314798000000000000e+06
1.314803000000000000e+06
1.314805000000000000e+06
1.314806000000000000e+06
1.314809000000000000e+06
1.314810000000000000e+06
1.314812000000000000e+06
1.320799000000000000e+06
1.321823000000000000e+06
1.322335000000000000e+06
1.322591000000000000e+06
1.322783000000000000e+06
1.322831000000000000e+06
1.322839000000000000e+06
1.322843000000000000e+06
1.322845000000000000e+06
1.322846000000000000e+06
1.573887000000000000e+06
1.574399000000000000e+06
1.574655000000000000e+06
1.574783000000000000e+06
1.574847000000000000e+06
1.574879000000000000e+06
1.574895000000000000e+06
1.574903000000000000e+06
1.574907000000000000e+06
1.574909000000000000e+06
1.574910000000000000e+06
1.575423000000000000e+06
1.575679000000000000e+06
1.575807000000000000e+06
1.575871000000000000e+06
1.575903000000000000e+06
1.575919000000000000e+06
1.575927000000000000e+06
1.575931000000000000e+06
1.575933000000000000e+06
1.575934000000000000e+06
1.576191000000000000e+06
1.576319000000000000e+06
1.576383000000000000e+06
1.576415000000000000e+06
1.576431000000000000e+06
1.576439000000000000e+06
1.576443000000000000e+06
1.576445000000000000e+06
1.576446000000000000e+06
1.576575000000000000e+06
1.576639000000000000e+06
1.576671000000000000e+06
1.576687000000000000e+06
1.576695000000000000e+06
1.576699000000000000e+06
1.576701000000000000e+06
1.576702000000000000e+06
1.576767000000000000e+06
1.576799000000000000e+06
1.576815000000000000e+06
1.576823000000000000e+06
1.576827000000000000e+06
1.576829000000000000e+06
1.576830000000000000e+06
1.576863000000000000e+06
1.576879000000000000e+06
1.576887000000000000e+06
1.576891000000000000e+06
1.576893000000000000e+06
1.576894000000000000e+06
1.576911000000000000e+06
1.576919000000000000e+06
1.576923000000000000e+06
1.576925000000000000e+06
1.576926000000000000e+06
1.576935000000000000e+06
1.576939000000000000e+06
1.576941000000000000e+06
1.576942000000000000e+06
1.576947000000000000e+06
1.576949000000000000e+06
1.576950000000000000e+06
1.576953000000000000e+06
1.576954000000000000e+06
1.576956000000000000e+06
1.582015000000000000e+06
1.582559000000000000e+06
1.582783000000000000e+06
1.582943000000000000e+06
1.583069000000000000e+06
1.583551000000000000e+06
1.583583000000000000e+06
1.583807000000000000e+06
1.583935000000000000e+06
1.583967000000000000e+06
1.584031000000000000e+06
1.584047000000000000e+06
1.584055000000000000e+06
1.584059000000000000e+06
1.584061000000000000e+06
1.584062000000000000e+06
1.584093000000000000e+06
1.584319000000000000e+06
1.584351000000000000e+06
1.584479000000000000e+06
1.584543000000000000e+06
1.584591000000000000e+06
1.584599000000000000e+06
1.584603000000000000e+06
1.584605000000000000e+06
1.584606000000000000e+06
1.584703000000000000e+06
1.584735000000000000e+06
1.584799000000000000e+06
1.584815000000000000e+06
1.584823000000000000e+06
1.584827000000000000e+06
1.584829000000000000e+06
1.584830000000000000e+06
1.584861000000000000e+06
1.584927000000000000e+06
1.584975000000000000e+06
1.584983000000000000e+06
1.584987000000000000e+06
1.584989000000000000e+06
1.584990000000000000e+06
1.585053000000000000e+06
1.585101000000000000e+06
1.585109000000000000e+06
1.585113000000000000e+06
1.585116000000000000e+06
1.606399000000000000e+06
1.606911000000000000e+06
1.607295000000000000e+06
1.607359000000000000e+06
1.607391000000000000e+06
1.607407000000000000e+06
1.607415000000000000e+06
1.607419000000000000e+06
1.607421000000000000e+06
1.607422000000000000e+06
1.608415000000000000e+06
1.608927000000000000e+06
1.609311000000000000e+06
1.609375000000000000e+06
1.609423000000000000e+06
1.609431000000000000e+06
1.609435000000000000e+06
1.609437000000000000e+06
1.609438000000000000e+06
