0 0 1.999965568027644
0 1 -8.643484952314917e-06
0 2 -2.584880154129572e-05
0 3 -8.775521465260717e-05
0 4 1.50685163608704e-06
0 5 1.966503472986956e-05
0 6 -9.281668184291098e-06
0 7 -3.450734691426273e-05
0 8 9.986968020402989e-06
0 9 7.495411126077484e-06
0 10 1.582673416849959e-05
0 11 3.627847546388279e-05
0 12 -2.383186714583551e-05
0 13 1.671650520156672e-05
0 14 5.109999243153602e-06
0 15 -6.301433061327094e-05
0 16 -0.000203438991929831
0 17 -9.811687753945035e-05
0 18 -0.0001901648832863223
0 19 0.0002748245644822114
0 20 -7.920178717598468e-05
0 21 -0.000164799073491914
0 22 2.543725206201852e-05
0 23 -2.018721877621399e-05
1 0 -8.643484952314906e-06
1 1 1.992161917888559
1 2 5.653097297135098e-05
1 3 -0.0006532423183016661
1 4 0.001274590281761122
1 5 -0.001674316066067764
1 6 0.00158887260469073
1 7 0.0009830249053365135
1 8 0.0007611636293058531
1 9 0.0003762642665224744
1 10 -0.001052524786402812
1 11 0.0006661719385532806
1 12 0.0008074659203257068
1 13 -0.001042737723261889
1 14 -0.001226082216723234
1 15 0.0017234907140393
1 16 -0.0002955269883287837
1 17 0.001590021535120341
1 18 -8.760415918062689e-05
1 19 0.0003569270414191389
1 20 0.0001745226277266168
1 21 -3.312400714148048e-05
1 22 -0.002163687168537726
1 23 -0.0008774421289304747
2 0 -2.584880154129556e-05
2 1 5.653097297135475e-05
2 2 1.990619799598621
2 3 -0.001790638001481502
2 4 -0.0008444172785165779
2 5 0.0007422412101980781
2 6 -2.028353610809445e-06
2 7 0.002475431255742128
2 8 -0.0003882646271539028
2 9 0.000593832110999852
2 10 0.0002368259497118656
2 11 5.347496557202156e-05
2 12 -0.001310307380506104
2 13 0.001379448628533936
2 14 -0.001671798780012896
2 15 -0.001056120158734213
2 16 -0.001086553688052578
2 17 0.001380191215192331
2 18 0.0005814170239930639
2 19 -0.000796971449072723
2 20 0.000222825468946066
2 21 -0.0004589768156102566
2 22 -0.0006186291271591566
2 23 0.002125911254788216
3 0 -8.775521465260661e-05
3 1 -0.0006532423183016677
3 2 -0.001790638001481487
3 3 1.98522812301273
3 4 0.001201366534317619
3 5 0.0004171704523172825
3 6 -0.0003496729221826094
3 7 -0.0006168378889651815
3 8 0.0002341156549484353
3 9 -0.0001784315548604899
3 10 0.002770778723960177
3 11 0.001005361073448457
3 12 -0.002044074693318749
3 13 -0.000732702548094702
3 14 0.001629177445698974
3 15 0.00162056192805129
3 16 0.001351774465204124
3 17 6.321054367917107e-05
3 18 0.001412212027958574
3 19 -0.0005005895131299832
3 20 0.001813967644699725
3 21 0.00259117948013562
3 22 0.001890357705697846
3 23 -0.002538860491634476
4 0 1.506851636086701e-06
4 1 0.001274590281761106
4 2 -0.0008444172785166132
4 3 0.001201366534317632
4 4 1.985842027093379
4 5 0.0009170026288689926
4 6 -0.0004042539284481517
4 7 -0.001752292101367129
4 8 -2.878521285228221e-05
4 9 -2.926387990239954e-05
4 10 -0.002364568077368045
4 11 0.0005572157996275918
4 12 0.0008570695884546878
4 13 -0.0004779481300958986
4 14 0.001017042354842897
4 15 -0.002286388344670862
4 16 0.001941254529548117
4 17 -0.0005095908681251622
4 18 -0.002342323732518693
4 19 0.0009455460501967493
4 20 0.007083568414794965
4 21 0.0002906887234963045
4 22 -0.0008608088252003989
4 23 -0.0007633599448048985
5 0 1.966503472986926e-05
5 1 -0.001674316066067792
5 2 0.0007422412101980038
5 3 0.0004171704523172781
5 4 0.000917002628869039
5 5 1.97974686788732
5 6 -6.849577317545109e-05
5 7 -0.0003009255951536145
5 8 0.002404940809992319
5 9 -0.001776522771837257
5 10 0.00386236024011373
5 11 -0.00637486635916066
5 12 0.005672530247451869
5 13 0.002021090007813315
5 14 0.001495558752177138
5 15 -0.0003009866428857871
5 16 0.00155353219063673
5 17 0.0008140752067385629
5 18 0.001561571263883505
5 19 0.001507954833593731
5 20 -0.001058984411258571
5 21 0.004601169295925526
5 22 0.004746311286168847
5 23 0.003749258149630499
6 0 -9.28166818429107e-06
6 1 0.001588872604690714
6 2 -2.028353610820423e-06
6 3 -0.000349672922182624
6 4 -0.0004042539284481167
6 5 -6.849577317545789e-05
6 6 1.978267497322878
6 7 0.0001478922237153049
6 8 0.004508886335862732
6 9 -0.003060515632575028
6 10 -0.002202225837877123
6 11 0.00367725242753075
6 12 -0.004098038101737452
6 13 0.001129627591286256
6 14 -0.004340888877569156
6 15 0.001796512644330621
6 16 -0.003338934139125142
6 17 -0.0006146676596318025
6 18 -0.000175350940724924
6 19 0.000258098098332593
6 20 0.001855432048610378
6 21 0.003691419548108972
6 22 0.004021590478908352
6 23 -0.002343306254913213
7 0 -3.450734691426332e-05
7 1 0.0009830249053365513
7 2 0.002475431255742096
7 3 -0.0006168378889651464
7 4 -0.001752292101367141
7 5 -0.0003009255951536035
7 6 0.0001478922237152428
7 7 1.977503106520784
7 8 -0.0003532727129762298
7 9 0.0009317571996776998
7 10 -0.005218678032133653
7 11 -0.0003030656068786045
7 12 0.004804325243713164
7 13 0.001130776972854444
7 14 0.01287475515380058
7 15 0.002773847313786504
7 16 -0.007058602285138584
7 17 0.0004873799905704142
7 18 -0.003345203729596926
7 19 0.0005984559831272948
7 20 -0.002111519765046216
7 21 -0.003371112128690966
7 22 0.0006891843659036803
7 23 0.001049709233668745
8 0 9.986968020403486e-06
8 1 0.0007611636293058217
8 2 -0.000388264627153842
8 3 0.000234115654948415
8 4 -2.878521285225133e-05
8 5 0.002404940809992212
8 6 0.004508886335862747
8 7 -0.0003532727129762
8 8 1.97106779897182
8 9 0.01190185867770255
8 10 0.001494549071814684
8 11 -0.0004684803923496274
8 12 -0.001635940463125404
8 13 -0.005115752051867986
8 14 0.0032751862661041
8 15 0.002512540883014087
8 16 -6.968777232577993e-05
8 17 -0.002776853528153801
8 18 0.001610547269887711
8 19 0.003767934127801966
8 20 0.00290913442919428
8 21 0.004823002373042715
8 22 0.004398653807221608
8 23 -0.0005191539726287345
9 0 7.495411126077466e-06
9 1 0.0003762642665224551
9 2 0.0005938321109998171
9 3 -0.0001784315548604777
9 4 -2.926387990238103e-05
9 5 -0.001776522771837179
9 6 -0.003060515632574979
9 7 0.0009317571996776644
9 8 0.01190185867770282
9 9 1.955737453323362
9 10 -0.001449425009141976
9 11 0.003421309132553757
9 12 0.0002261650362432651
9 13 0.006401766129625009
9 14 0.008836728268846912
9 15 0.003175302765682798
9 16 0.001106515304421699
9 17 -0.001108314182698497
9 18 -0.001196706992760122
9 19 0.002205371442446472
9 20 0.001218440476226462
9 21 0.002122248335022269
9 22 0.00194530144805576
9 23 -0.0005793976379794591
10 0 1.58267341684992e-05
10 1 -0.001052524786402817
10 2 0.0002368259497118434
10 3 0.002770778723960232
10 4 -0.002364568077368068
10 5 0.003862360240113744
10 6 -0.002202225837877095
10 7 -0.005218678032133609
10 8 0.001494549071814686
10 9 -0.001449425009141988
10 10 1.988345729091062
10 11 -0.0002473971095665032
10 12 -0.001257969463715331
10 13 -0.001824108717476895
10 14 0.01165597644824828
10 15 0.001476662673456046
10 16 0.01613136783364864
10 17 -0.0011235142390437
10 18 -0.006100790260543103
10 19 -0.005023175108738415
10 20 0.005205808527346114
10 21 -0.007998827120506077
10 22 -0.006490576658554041
10 23 -0.002899852553049672
11 0 3.627847546388278e-05
11 1 0.000666171938553244
11 2 5.347496557201495e-05
11 3 0.001005361073448458
11 4 0.0005572157996276363
11 5 -0.006374866359160774
11 6 0.0036772524275308
11 7 -0.0003030656068785333
11 8 -0.0004684803923495739
11 9 0.003421309132553705
11 10 -0.0002473971095665191
11 11 1.980357233287481
11 12 -0.004522671204030764
11 13 -0.00611445864152105
11 14 0.04800824338475727
11 15 0.02120635859506691
11 16 0.01913099397480813
11 17 -0.01131257749519963
11 18 -0.01171547862739753
11 19 -1.788888002465747e-05
11 20 0.02023049600443043
11 21 0.004745480107724022
11 22 0.000998874277808144
11 23 -0.002974635856960748
12 0 -2.383186714583601e-05
12 1 0.0008074659203257237
12 2 -0.001310307380506063
12 3 -0.002044074693318737
12 4 0.0008570695884547227
12 5 0.005672530247451955
12 6 -0.004098038101737584
12 7 0.004804325243713091
12 8 -0.001635940463125327
12 9 0.0002261650362433663
12 10 -0.001257969463715269
12 11 -0.004522671204031188
12 12 1.973179021119067
12 13 0.01034799405094928
12 14 0.08000380579200794
12 15 0.0002288381653401637
12 16 -0.009038286215168063
12 17 0.00839191686555928
12 18 -0.001261272974684104
12 19 0.005075912445689887
12 20 -0.01444280563790287
12 21 -0.004473706816623816
12 22 1.314338620823186e-05
12 23 0.001059557361641893
13 0 1.671650520156677e-05
13 1 -0.001042737723261858
13 2 0.001379448628533957
13 3 -0.0007327025480946951
13 4 -0.000477948130095894
13 5 0.002021090007813314
13 6 0.001129627591286251
13 7 0.001130776972854474
13 8 -0.005115752051867692
13 9 0.006401766129624734
13 10 -0.001824108717476861
13 11 -0.006114458641521043
13 12 0.01034799405094981
13 13 0.05343528868695089
13 14 -0.002282452547950427
13 15 0.0006191419227699606
13 16 -0.0001698404031818536
13 17 0.00281828160039274
13 18 -0.001036250934347533
13 19 -0.0001270329171989107
13 20 -0.001805601606356549
13 21 0.0002463522979531768
13 22 0.0007639608292843104
13 23 -0.0002508262100347484
14 0 5.109999243153375e-06
14 1 -0.001226082216723262
14 2 -0.001671798780012914
14 3 0.001629177445698951
14 4 0.00101704235484288
14 5 0.001495558752177107
14 6 -0.00434088887756919
14 7 0.01287475515380056
14 8 0.003275186266104128
14 9 0.008836728268846517
14 10 0.01165597644824847
14 11 0.04800824338475655
14 12 0.0800038057920098
14 13 -0.002282452547950581
14 14 0.02306093479340653
14 15 0.0007844192924848554
14 16 0.0004110753187528768
14 17 -0.0002061675736113095
14 18 -0.0009568658435489422
14 19 0.0005532560326912549
14 20 0.0003415878130458221
14 21 -0.001291399625997947
14 22 0.0008893609092348084
14 23 0.0005825716512511841
15 0 -6.301433061327069e-05
15 1 0.001723490714039293
15 2 -0.001056120158734174
15 3 0.001620561928051302
15 4 -0.002286388344670808
15 5 -0.0003009866428857759
15 6 0.001796512644330653
15 7 0.00277384731378649
15 8 0.002512540883014044
15 9 0.003175302765682761
15 10 0.00147666267345608
15 11 0.021206358595066
15 12 0.0002288381653401813
15 13 0.0006191419227699725
15 14 0.0007844192924848624
15 15 0.02725175046751777
15 16 0.003286351190186112
15 17 -0.003906152510790242
15 18 -0.003740540341961645
15 19 -0.00225295702377098
15 20 0.006402865743879516
15 21 -0.001073170293567025
15 22 -2.953037235040119e-05
15 23 2.791852030811433e-05
16 0 -0.0002034389919298309
16 1 -0.0002955269883287663
16 2 -0.001086553688052538
16 3 0.001351774465204133
16 4 0.001941254529548191
16 5 0.001553532190636752
16 6 -0.003338934139125155
16 7 -0.007058602285138391
16 8 -6.968777232576175e-05
16 9 0.001106515304421753
16 10 0.01613136783364926
16 11 0.01913099397480751
16 12 -0.009038286215167866
16 13 -0.000169840403181858
16 14 0.0004110753187528247
16 15 0.003286351190186204
16 16 0.02710732111097062
16 17 -0.003762804203340997
16 18 -0.002830614652806728
16 19 -0.002478199118799259
16 20 0.001296333129084823
16 21 0.004587474976966981
16 22 -0.00338158951038941
16 23 0.0003862050758431687
17 0 -9.811687753945139e-05
17 1 0.001590021535120359
17 2 0.00138019121519228
17 3 6.321054367917157e-05
17 4 -0.0005095908681251399
17 5 0.0008140752067385035
17 6 -0.000614667659631765
17 7 0.0004873799905704257
17 8 -0.00277685352815378
17 9 -0.001108314182698494
17 10 -0.001123514239043721
17 11 -0.01131257749519961
17 12 0.008391916865559193
17 13 0.00281828160039313
17 14 -0.0002061675736113295
17 15 -0.003906152510790315
17 16 -0.003762804203340976
17 17 0.0173112334376142
17 18 -0.003109957115477731
17 19 -0.00475026659408263
17 20 -0.001715758244885676
17 21 0.0007840977592978673
17 22 -0.001914973862991757
17 23 0.001737350535151607
18 0 -0.0001901648832863239
18 1 -8.760415918062557e-05
18 2 0.0005814170239930626
18 3 0.001412212027958588
18 4 -0.002342323732518648
18 5 0.001561571263883515
18 6 -0.0001753509407249435
18 7 -0.003345203729596962
18 8 0.001610547269887708
18 9 -0.0011967069927601
18 10 -0.006100790260543059
18 11 -0.0117154786273975
18 12 -0.001261272974684095
18 13 -0.001036250934347407
18 14 -0.0009568658435489588
18 15 -0.003740540341961724
18 16 -0.002830614652806742
18 17 -0.003109957115477745
18 18 0.02054310305696293
18 19 -0.00229490909436127
18 20 0.0002485707880742035
18 21 0.001205062558817071
18 22 -0.002719001733111496
18 23 0.001296041766247083
19 0 0.0002748245644822045
19 1 0.000356927041419077
19 2 -0.0007969714490727142
19 3 -0.0005005895131299835
19 4 0.0009455460501967603
19 5 0.001507954833593687
19 6 0.0002580980983325937
19 7 0.0005984559831272685
19 8 0.003767934127801969
19 9 0.002205371442446457
19 10 -0.005023175108738433
19 11 -1.78888800246631e-05
19 12 0.00507591244568998
19 13 -0.0001270329171988756
19 14 0.0005532560326912698
19 15 -0.002252957023770943
19 16 -0.002478199118799242
19 17 -0.00475026659408264
19 18 -0.002294909094361357
19 19 0.01606474193878321
19 20 -0.0007070851907544046
19 21 -0.0005928046530249216
19 22 -0.002013523500990546
19 23 0.001456906049790267
20 0 -7.92017871759837e-05
20 1 0.0001745226277266175
20 2 0.0002228254689460548
20 3 0.001813967644699771
20 4 0.007083568414795006
20 5 -0.00105898441125851
20 6 0.001855432048610354
20 7 -0.00211151976504615
20 8 0.002909134429194261
20 9 0.00121844047622641
20 10 0.005205808527346057
20 11 0.02023049600442976
20 12 -0.01444280563790332
20 13 -0.001805601606356443
20 14 0.0003415878130457968
20 15 0.006402865743879443
20 16 0.001296333129084864
20 17 -0.001715758244885715
20 18 0.0002485707880741905
20 19 -0.0007070851907544276
20 20 0.01446339651068912
20 21 0.0005278910691792837
20 22 -0.001542865322239195
20 23 -0.0009598671293207703
21 0 -0.0001647990734919103
21 1 -3.312400714145552e-05
21 2 -0.0004589768156102608
21 3 0.002591179480135597
21 4 0.0002906887234963178
21 5 0.004601169295925532
21 6 0.003691419548109005
21 7 -0.003371112128690907
21 8 0.004823002373042794
21 9 0.002122248335022254
21 10 -0.007998827120505989
21 11 0.004745480107724249
21 12 -0.004473706816624168
21 13 0.0002463522979531891
21 14 -0.001291399625997871
21 15 -0.001073170293567072
21 16 0.004587474976966981
21 17 0.0007840977592978246
21 18 0.001205062558817124
21 19 -0.0005928046530249004
21 20 0.0005278910691792664
21 21 0.01485723625014656
21 22 0.002406167836506784
21 23 9.572036577478081e-05
22 0 2.543725206201769e-05
22 1 -0.002163687168537706
22 2 -0.0006186291271591534
22 3 0.001890357705697876
22 4 -0.0008608088252004101
22 5 0.004746311286168925
22 6 0.004021590478908318
22 7 0.0006891843659036701
22 8 0.004398653807221585
22 9 0.001945301448055784
22 10 -0.006490576658553918
22 11 0.0009988742778081284
22 12 1.314338620823349e-05
22 13 0.0007639608292842901
22 14 0.0008893609092347885
22 15 -2.953037235039261e-05
22 16 -0.003381589510389335
22 17 -0.001914973862991821
22 18 -0.002719001733111528
22 19 -0.002013523500990544
22 20 -0.001542865322239168
22 21 0.002406167836506636
22 22 0.01406155277672847
22 23 0.0006547764759059875
23 0 -2.018721877621332e-05
23 1 -0.0008774421289304785
23 2 0.002125911254788219
23 3 -0.002538860491634543
23 4 -0.0007633599448046912
23 5 0.003749258149630506
23 6 -0.002343306254913186
23 7 0.001049709233668781
23 8 -0.000519153972628721
23 9 -0.0005793976379794884
23 10 -0.002899852553049758
23 11 -0.002974635856960757
23 12 0.001059557361641947
23 13 -0.0002508262100347894
23 14 0.0005825716512512408
23 15 2.791852030805456e-05
23 16 0.0003862050758432287
23 17 0.001737350535151751
23 18 0.001296041766247074
23 19 0.001456906049790291
23 20 -0.0009598671293207244
23 21 9.572036577476188e-05
23 22 0.0006547764759059755
23 23 0.01382129758491023
