0 0 1.999968357828415
0 1 -1.392131549202568e-05
0 2 -1.145942521132466e-05
0 3 -4.26723292156934e-05
0 4 -8.478708641367323e-05
0 5 -2.43925360681269e-05
0 6 3.678526089773767e-05
0 7 5.688567946014698e-06
0 8 -2.55062649059183e-06
0 9 4.564284729369596e-05
0 10 -2.139489340505416e-05
0 11 -6.242767488585662e-05
0 12 6.374571761305593e-05
0 13 1.215440945769992e-05
0 14 8.162756790403432e-06
0 15 -0.0001177293494275227
0 16 -0.000159744053095374
0 17 -0.0003088133403113512
0 18 1.571282590974654e-05
0 19 -4.058966348018219e-05
0 20 2.162813219481184e-05
0 21 4.826838388413407e-05
0 22 0.000313411706612813
0 23 0.0002343662358586458
0 24 -0.0004207162380372735
1 0 -1.392131549202557e-05
1 1 1.993142665574111
1 2 -0.0003104583270760956
1 3 -0.0004945857103018599
1 4 -0.002553765111134796
1 5 0.0008874196283539128
1 6 0.00185065352934931
1 7 0.002342781234043749
1 8 -0.0002234895071998069
1 9 -0.006952221730390442
1 10 -0.0004459774116850921
1 11 0.0007835404801777135
1 12 -0.0003329333319199118
1 13 6.83170697541597e-05
1 14 -0.001668772732996845
1 15 0.0009403355937554263
1 16 -0.001021426543372915
1 17 0.00444942106687619
1 18 7.744972007437529e-05
1 19 0.0005701071517355426
1 20 0.0004962072858590753
1 21 -0.0004832757326711871
1 22 -0.005050147422330252
1 23 -0.001386604795988739
1 24 0.009332044559845295
2 0 -1.14594252113247e-05
2 1 -0.0003104583270760909
2 2 1.992120421795926
2 3 5.55603708804569e-05
2 4 -0.001145361285335454
2 5 8.177125730766184e-05
2 6 -0.001409342998392746
2 7 -0.00143355778136777
2 8 -3.922124485384055e-05
2 9 0.002431519080211808
2 10 -7.593332509402901e-05
2 11 -0.0001275800627870949
2 12 -0.001918704373764254
2 13 -4.716996656725978e-05
2 14 0.0001374334380007094
2 15 0.0005941840333139675
2 16 -0.003175209173093087
2 17 -0.003703671669282542
2 18 -0.002734677076922723
2 19 -0.0002801950461148926
2 20 0.0006390321609143542
2 21 0.0006414125317129914
2 22 -0.0004044245721978963
2 23 -0.0007585807219681729
2 24 -0.003825784896556081
3 0 -4.267232921569258e-05
3 1 -0.0004945857103018663
3 2 5.556037088045469e-05
3 3 1.988826087121538
3 4 -0.0006765199525099972
3 5 -0.0005942088228801767
3 6 0.0005741353495917123
3 7 -7.609655483826341e-05
3 8 8.617200107961212e-05
3 9 0.001809997290979723
3 10 7.894426561168114e-05
3 11 0.000203888420365567
3 12 0.001752400419608343
3 13 -3.006497070106821e-07
3 14 -0.0009173853260551084
3 15 0.001774133398466966
3 16 0.001209427236400784
3 17 -0.001498946881666144
3 18 0.0005702771569331964
3 19 -7.469525493994607e-05
3 20 -0.002201358392650615
3 21 0.001845835759693712
3 22 -0.0005829729875490851
3 23 0.0008403512542841918
3 24 -0.00214785470309496
4 0 -8.478708641366993e-05
4 1 -0.002553765111134771
4 2 -0.001145361285335475
4 3 -0.0006765199525100118
4 4 1.984184364999984
4 5 1.237297712907744e-05
4 6 -0.001141496644332619
4 7 -0.0006562151418814376
4 8 -0.0001536672801308643
4 9 0.002572893448605855
4 10 -0.001011454713891575
4 11 -0.005656223714748044
4 12 0.001284930738311897
4 13 0.0001590498348184554
4 14 -0.0008676810897849521
4 15 0.00279239752502233
4 16 0.004827517534876619
4 17 0.002412586053963656
4 18 -0.002651433140206405
4 19 0.0004948986199776229
4 20 -0.0007346129524210041
4 21 -0.0004679445573546376
4 22 0.0009088073115750656
4 23 0.0003338172753359307
4 24 -0.00497369414016187
5 0 -2.439253606812577e-05
5 1 0.0008874196283538999
5 2 8.177125730766401e-05
5 3 -0.0005942088228801498
5 4 1.237297712910346e-05
5 5 1.981725432836838
5 6 0.0006924701409518761
5 7 0.001472299289921797
5 8 0.0002970240260062354
5 9 -0.001131169738273483
5 10 -0.0001474877815901321
5 11 7.833949347211076e-05
5 12 0.00426855743668191
5 13 0.0002218429801080157
5 14 0.0003770071800833559
5 15 -2.733919809868357e-05
5 16 -0.001005436144017416
5 17 0.001649856394224554
5 18 0.004172416752703275
5 19 -0.002681150221419177
5 20 0.001682593334459577
5 21 0.000786540454086167
5 22 -0.002004502725069815
5 23 0.0004850283358905583
5 24 0.001206423555859002
6 0 3.678526089773843e-05
6 1 0.001850653529349314
6 2 -0.001409342998392753
6 3 0.0005741353495917266
6 4 -0.001141496644332613
6 5 0.0006924701409518827
6 6 1.982079486297088
6 7 0.0001504672570440841
6 8 0.0008172190544030279
6 9 -7.197120847551516e-05
6 10 0.0006716347258294364
6 11 0.003294234766302621
6 12 -0.006264705328482172
6 13 -0.0008761046914952594
6 14 -0.0004037468765620063
6 15 -0.0009316752538251515
6 16 -0.003088170184372424
6 17 0.001335455318051122
6 18 -0.003525518777195223
6 19 0.001834526748174945
6 20 -0.001342360914202637
6 21 -2.594824161302755e-05
6 22 0.00048754921694313
6 23 0.001154231338174409
6 24 -4.527991420624858e-05
7 0 5.688567946014456e-06
7 1 0.002342781234043633
7 2 -0.001433557781367733
7 3 -7.609655483828726e-05
7 4 -0.0006562151418814412
7 5 0.001472299289921835
7 6 0.0001504672570440893
7 7 1.980781160791406
7 8 -7.464176850708771e-05
7 9 7.716823537938462e-05
7 10 0.0007117210799280827
7 11 -0.001936051182350096
7 12 -0.0006888652621640341
7 13 -0.001064292430293092
7 14 0.0009607806177304523
7 15 -0.001131643596844957
7 16 0.002865251744726611
7 17 0.001517839514514226
7 18 0.002716037296545974
7 19 -0.0003751173462902055
7 20 -0.0008728727899901105
7 21 -9.067878020999932e-05
7 22 0.001114788280726561
7 23 -0.001362928940161418
7 24 -0.00530619855056119
8 0 -2.550626490590901e-06
8 1 -0.000223489507199826
8 2 -3.922124485385632e-05
8 3 8.617200107966262e-05
8 4 -0.0001536672801308448
8 5 0.0002970240260062194
8 6 0.0008172190544030015
8 7 -7.464176850713291e-05
8 8 1.9743253728946
8 9 -0.0002112727792353018
8 10 -0.0101102498737611
8 11 -0.00106200261532548
8 12 0.0004655082521252857
8 13 0.01498676767395952
8 14 0.02444593190071238
8 15 -0.0003801893839363828
8 16 -0.0002127660124641585
8 17 -0.001414267380919038
8 18 0.001168970692906959
8 19 0.000180616692292296
8 20 -0.00536880331953299
8 21 -0.00378176577092891
8 22 -0.002340063553535255
8 23 -1.51177180064204e-05
8 24 0.001302680257171894
9 0 4.564284729369524e-05
9 1 -0.006952221730390477
9 2 0.002431519080211795
9 3 0.001809997290979741
9 4 0.002572893448605881
9 5 -0.001131169738273494
9 6 -7.197120847548589e-05
9 7 7.716823537938321e-05
9 8 -0.0002112727792352981
9 9 1.979767140883515
9 10 0.0005965220766590961
9 11 0.005036229184868144
9 12 -0.001783198068633179
9 13 -0.000235162988879593
9 14 -0.005224003818683425
9 15 -0.001328196172754901
9 16 -0.004122273785682573
9 17 -0.0001357833158753909
9 18 0.0001265055869327554
9 19 0.0017909694613586
9 20 0.001592742446880208
9 21 -0.0005976914245662432
9 22 -0.001945960493923611
9 23 -6.965393119675014e-05
9 24 0.01605302847979832
10 0 -2.139489340505491e-05
10 1 -0.0004459774116851187
10 2 -7.593332509401871e-05
10 3 7.89442656116934e-05
10 4 -0.001011454713891541
10 5 -0.000147487781590117
10 6 0.0006716347258294035
10 7 0.0007117210799280993
10 8 -0.01011024987376162
10 9 0.0005965220766590684
10 10 1.960137999727885
10 11 0.002546681189621308
10 12 0.0002669935691085149
10 13 0.02874399785405254
10 14 0.06207640650375618
10 15 0.003125533108567483
10 16 -0.0003301129088307641
10 17 -0.001312016880612084
10 18 0.0006640927003704384
10 19 -0.01026283883064153
10 20 -0.007704221920575071
10 21 -0.007987173164797093
10 22 -0.001489890843847459
10 23 -0.0004748258564601374
10 24 0.001894596943546648
11 0 -6.242767488585664e-05
11 1 0.0007835404801777445
11 2 -0.000127580062787111
11 3 0.0002038884203655564
11 4 -0.005656223714748067
11 5 7.833949347212887e-05
11 6 0.003294234766302673
11 7 -0.001936051182350077
11 8 -0.001062002615325488
11 9 0.005036229184868235
11 10 0.002546681189621262
11 11 1.991702024854174
11 12 0.0004585911875005879
11 13 -0.0004132380053508457
11 14 -0.006696252121561063
11 15 0.004327357537202271
11 16 -8.607966021824078e-05
11 17 -0.0003263655093803379
11 18 0.008784051328809703
11 19 0.0009858706576328635
11 20 0.001806962262808539
11 21 9.662756137607815e-05
11 22 0.005301580741974447
11 23 -0.004901850565584514
11 24 -0.006168463196459329
12 0 6.374571761305498e-05
12 1 -0.0003329333319199103
12 2 -0.001918704373764238
12 3 0.001752400419608248
12 4 0.001284930738311865
12 5 0.004268557436681655
12 6 -0.006264705328482155
12 7 -0.0006888652621639612
12 8 0.0004655082521252722
12 9 -0.00178319806863325
12 10 0.0002669935691086715
12 11 0.000458591187500623
12 12 1.980776588412938
12 13 -0.001294261473469629
12 14 -0.001748601738309085
12 15 -0.0121645873593023
12 16 0.02100044235130977
12 17 0.009906180887467326
12 18 0.02392484307295717
12 19 -0.004871484184784949
12 20 -0.005904314230296805
12 21 0.002418241905744576
12 22 0.01478416284988464
12 23 -0.02737581319287825
12 24 0.0008549421061824105
13 0 1.215440945770092e-05
13 1 6.83170697541753e-05
13 2 -4.716996656729399e-05
13 3 -3.006497070159828e-07
13 4 0.0001590498348184474
13 5 0.0002218429801079545
13 6 -0.0008761046914952896
13 7 -0.001064292430293035
13 8 0.01498676767396019
13 9 -0.0002351629888795948
13 10 0.02874399785405373
13 11 -0.0004132380053508558
13 12 -0.00129426147346951
13 13 1.938000153110367
13 14 0.01101861109001123
13 15 0.001726273195069549
13 16 -0.002001315501463005
13 17 -0.0004587305127288452
13 18 -0.001756065903750027
13 19 -0.0119010710061646
13 20 -0.008786825476807893
13 21 -0.008535234971535306
13 22 -0.001008288185936679
13 23 -0.0005294514412554184
13 24 -0.0003060995382991152
14 0 8.162756790403283e-06
14 1 -0.001668772732996757
14 2 0.0001374334380007111
14 3 -0.0009173853260551485
14 4 -0.0008676810897849177
14 5 0.0003770071800833782
14 6 -0.0004037468765620022
14 7 0.0009607806177304365
14 8 0.02444593190070973
14 9 -0.005224003818683929
14 10 0.06207640650376291
14 11 -0.006696252121561009
14 12 -0.001748601738309154
14 13 0.01101861109001114
14 14 0.1023835103670468
14 15 0.003215110006294658
14 16 0.002322266670540603
14 17 -0.005202645268821672
14 18 0.00337734744899715
14 19 -0.004339891696315748
14 20 -0.009220203906167887
14 21 -0.007864432954793164
14 22 -0.003463219299106097
14 23 0.0004958002468443969
14 24 0.0001692262569951329
15 0 -0.0001177293494275259
15 1 0.0009403355937553653
15 2 0.0005941840333139754
15 3 0.001774133398466927
15 4 0.002792397525022475
15 5 -2.733919809866589e-05
15 6 -0.0009316752538251394
15 7 -0.001131643596844947
15 8 -0.0003801893839363906
15 9 -0.001328196172754854
15 10 0.003125533108567361
15 11 0.004327357537202314
15 12 -0.0121645873593023
15 13 0.001726273195069618
15 14 0.003215110006294318
15 15 0.00768754937521032
15 16 0.005699117128265545
15 17 0.0008381555889338534
15 18 -0.005149598539051121
15 19 -0.000201679404098945
15 20 -0.002352234539946966
15 21 0.002343609541059386
15 22 -0.005741500154339991
15 23 0.0004793576658285978
15 24 -0.0006044205539069339
16 0 -0.0001597440530953852
16 1 -0.001021426543372841
16 2 -0.003175209173092965
16 3 0.001209427236400834
16 4 0.004827517534876668
16 5 -0.001005436144017413
16 6 -0.003088170184372436
16 7 0.002865251744726476
16 8 -0.0002127660124641279
16 9 -0.004122273785682549
16 10 -0.0003301129088307881
16 11 -8.60796602182526e-05
16 12 0.02100044235130919
16 13 -0.00200131550146289
16 14 0.002322266670540835
16 15 0.005699117128265325
16 16 0.02163729654400916
16 17 0.00116580283330688
16 18 0.0008301841487851165
16 19 -0.002104208230483334
16 20 -0.0006401263184492273
16 21 -0.0004677884234548556
16 22 -0.001708669052622907
16 23 -0.005261034943716493
16 24 -0.001783415054621618
17 0 -0.0003088133403113415
17 1 0.004449421066876295
17 2 -0.003703671669282421
17 3 -0.001498946881666143
17 4 0.002412586053963523
17 5 0.001649856394224543
17 6 0.001335455318051052
17 7 0.001517839514514218
17 8 -0.001414267380919082
17 9 -0.0001357833158755144
17 10 -0.001312016880611922
17 11 -0.0003263655093803207
17 12 0.009906180887467839
17 13 -0.0004587305127288344
17 14 -0.005202645268821736
17 15 0.0008381555889338069
17 16 0.001165802833306999
17 17 0.02138030606086615
17 18 -0.0001542185483002389
17 19 -0.0004088891900128206
17 20 0.001551387380882935
17 21 0.0003509723437075606
17 22 -0.00421296072855062
17 23 -0.003931984300057008
17 24 0.002958725520275954
18 0 1.571282590974697e-05
18 1 7.744972007438111e-05
18 2 -0.002734677076922647
18 3 0.0005702771569331585
18 4 -0.002651433140206431
18 5 0.004172416752703596
18 6 -0.003525518777195456
18 7 0.002716037296545847
18 8 0.001168970692906968
18 9 0.0001265055869327467
18 10 0.0006640927003705294
18 11 0.008784051328809158
18 12 0.0239248430729567
18 13 -0.001756065903749931
18 14 0.00337734744899713
18 15 -0.005149598539051248
18 16 0.000830184148785001
18 17 -0.0001542185483003224
18 18 0.02220186292583171
18 19 -0.002068717675852637
18 20 -0.001597576512181067
18 21 -0.0009205107595316757
18 22 0.001158474808825156
18 23 -0.003904683453681882
18 24 0.0004889296578112496
19 0 -4.05896634801813e-05
19 1 0.000570107151735568
19 2 -0.0002801950461149029
19 3 -7.469525493993555e-05
19 4 0.0004948986199776186
19 5 -0.002681150221419163
19 6 0.001834526748174714
19 7 -0.0003751173462902317
19 8 0.0001806166922922747
19 9 0.001790969461358657
19 10 -0.01026283883064088
19 11 0.000985870657632869
19 12 -0.00487148418478481
19 13 -0.01190107100616453
19 14 -0.004339891696315407
19 15 -0.0002016794040989587
19 16 -0.002104208230483383
19 17 -0.0004088891900128634
19 18 -0.002068717675852669
19 19 0.01048986546262901
19 20 -0.0042499124431296
19 21 -0.005722576645028038
19 22 -0.001264273025357062
19 23 0.0003098383283193837
19 24 0.0003588306943768281
20 0 2.162813219481276e-05
20 1 0.0004962072858590677
20 2 0.0006390321609143186
20 3 -0.002201358392650558
20 4 -0.000734612952420932
20 5 0.001682593334459556
20 6 -0.001342360914202689
20 7 -0.0008728727899901011
20 8 -0.005368803319532891
20 9 0.001592742446880313
20 10 -0.00770422192057473
20 11 0.001806962262808651
20 12 -0.00590431423029687
20 13 -0.008786825476808166
20 14 -0.009220203906167963
20 15 -0.002352234539947006
20 16 -0.0006401263184491926
20 17 0.001551387380883006
20 18 -0.00159757651218109
20 19 -0.004249912443129607
20 20 0.01269923823357608
20 21 -0.00110573194549184
20 22 0.0004262812260093164
20 23 0.001808626084862299
20 24 0.0003788093143653209
21 0 4.826838388413452e-05
21 1 -0.0004832757326711761
21 2 0.0006414125317129751
21 3 0.001845835759693747
21 4 -0.0004679445573546398
21 5 0.0007865404540861518
21 6 -2.594824161304899e-05
21 7 -9.067878020998156e-05
21 8 -0.003781765770928986
21 9 -0.0005976914245662394
21 10 -0.007987173164797304
21 11 9.662756137607502e-05
21 12 0.002418241905744509
21 13 -0.008535234971534765
21 14 -0.007864432954793218
21 15 0.002343609541059377
21 16 -0.0004677884234548214
21 17 0.000350972343707594
21 18 -0.0009205107595316789
21 19 -0.005722576645027962
21 20 -0.001105731945491863
21 21 0.01429430651881196
21 22 0.001644681778620062
21 23 0.0002984396603559184
21 24 -0.0001945677230385611
22 0 0.0003134117066127744
22 1 -0.005050147422330342
22 2 -0.0004044245721978957
22 3 -0.0005829729875490857
22 4 0.0009088073115751326
22 5 -0.002004502725069813
22 6 0.0004875492169431062
22 7 0.001114788280726577
22 8 -0.002340063553535234
22 9 -0.001945960493923689
22 10 -0.001489890843847479
22 11 0.005301580741974002
22 12 0.01478416284988402
22 13 -0.001008288185936623
22 14 -0.003463219299105887
22 15 -0.005741500154340268
22 16 -0.001708669052622924
22 17 -0.004212960728550643
22 18 0.001158474808825192
22 19 -0.001264273025357078
22 20 0.0004262812260093219
22 21 0.001644681778620131
22 22 0.01950436667131324
22 23 -0.001988224926324418
22 24 -0.003244929653197077
23 0 0.0002343662358586481
23 1 -0.001386604795988722
23 2 -0.0007585807219682062
23 3 0.0008403512542842053
23 4 0.0003338172753358677
23 5 0.0004850283358908724
23 6 0.001154231338174125
23 7 -0.001362928940161491
23 8 -1.511771800642881e-05
23 9 -6.965393119676732e-05
23 10 -0.0004748258564601505
23 11 -0.004901850565584405
23 12 -0.02737581319287907
23 13 -0.0005294514412553915
23 14 0.0004958002468444086
23 15 0.0004793576658286015
23 16 -0.005261034943716891
23 17 -0.003931984300056928
23 18 -0.003904683453682202
23 19 0.0003098383283193071
23 20 0.001808626084862307
23 21 0.0002984396603559076
23 22 -0.001988224926324482
23 23 0.0198326573265681
23 24 -0.001394804373969495
24 0 -0.0004207162380372991
24 1 0.009332044559845491
24 2 -0.003825784896555997
24 3 -0.002147854703095
24 4 -0.004973694140161893
24 5 0.001206423555858936
24 6 -4.527991420625742e-05
24 7 -0.005306198550560918
24 8 0.001302680257171993
24 9 0.01605302847979894
24 10 0.00189459694354662
24 11 -0.006168463196459997
24 12 0.0008549421061824088
24 13 -0.000306099538299111
24 14 0.0001692262569951221
24 15 -0.0006044205539068974
24 16 -0.001783415054621605
24 17 0.002958725520275872
24 18 0.0004889296578112674
24 19 0.000358830694376854
24 20 0.0003788093143653294
24 21 -0.0001945677230385184
24 22 -0.003244929653197011
24 23 -0.001394804373969649
24 24 0.020351783027255
