0 0 1.999986079817061
0 1 1.191448008552214e-07
0 2 -1.258345942345333e-05
0 3 -1.601693514571998e-05
0 4 -5.092569730633658e-05
0 5 3.236399955696093e-05
0 6 -2.959116482353133e-05
0 7 -4.613041383378405e-06
0 8 -1.569202343901523e-06
0 9 1.637197278687569e-07
0 10 1.451186053026179e-06
0 11 -4.204044518306851e-06
0 12 1.415922342976536e-05
0 13 -3.680832175967501e-05
0 14 3.713215593197998e-05
0 15 6.188834059606083e-06
0 16 4.632798014607044e-05
1 0 1.191448008552057e-07
1 1 1.993000785858868
1 2 -0.000367744565741929
1 3 0.0002029903665394474
1 4 0.00180561635164071
1 5 0.00159312492314336
1 6 -0.001166870008921655
1 7 -0.0002565112187612617
1 8 1.825568099221886e-05
1 9 -6.534199596078103e-05
1 10 0.0001425615078846198
1 11 4.783040234642347e-05
1 12 0.0008507438246090264
1 13 0.0007260426581798373
1 14 -0.003868428511180725
1 15 0.0008519369157122447
1 16 0.002084869773389716
2 0 -1.258345942345378e-05
2 1 -0.0003677445657419281
2 2 1.988224365434573
2 3 -0.0006862675357728366
2 4 -0.001418574816838651
2 5 -0.002069303180010147
2 6 0.002320528153153152
2 7 0.0005801225297895974
2 8 7.2293246431211e-05
2 9 -3.305721362518984e-05
2 10 -0.0002197814189647175
2 11 -0.002548190365631361
2 12 -0.00118125347689983
2 13 0.003626275860550406
2 14 0.0001853678327830212
2 15 -0.001101372968600747
2 16 -0.006341772086537715
3 0 -1.601693514571975e-05
3 1 0.0002029903665394398
3 2 -0.0006862675357728508
3 3 1.983517481821391
3 4 0.001740194399399293
3 5 0.00243556553610592
3 6 -0.003878266886927183
3 7 -0.0008821382551347458
3 8 -0.0001782859242044825
3 9 0.0001253369304760929
3 10 -0.001575041613556198
3 11 -0.0008987604949170335
3 12 0.00434885016571241
3 13 0.001489605179226183
3 14 -0.003163141192206802
3 15 -0.005847942596268522
3 16 0.004653813519958498
4 0 -5.092569730633619e-05
4 1 0.001805616351640717
4 2 -0.001418574816838631
4 3 0.001740194399399323
4 4 1.983564516215421
4 5 0.004936646197122571
4 6 -0.005268731425819496
4 7 -0.001200564808624174
4 8 5.985293000499498e-05
4 9 7.896138563920073e-05
4 10 -0.0003879232000064663
4 11 -0.007136005926967589
4 12 -0.0007991481709014994
4 13 0.0006541453167705942
4 14 0.0001365561933985112
4 15 0.003399918240766296
4 16 0.005298664080638719
5 0 3.236399955696062e-05
5 1 0.001593124923143377
5 2 -0.002069303180010124
5 3 0.002435565536105873
5 4 0.004936646197122575
5 5 1.981037547932189
5 6 -0.004494987109471701
5 7 -0.0006353746004457424
5 8 0.0002283527994693084
5 9 -7.054647793310246e-05
5 10 0.00723952813220845
5 11 0.005945060364364176
5 12 0.001527084157656026
5 13 0.0003289586070736162
5 14 0.002394506257481242
5 15 0.005831646227186334
5 16 -0.008350299779755356
6 0 -2.95911648235312e-05
6 1 -0.001166870008921644
6 2 0.002320528153153143
6 3 -0.003878266886927213
6 4 -0.005268731425819416
6 5 -0.00449498710947172
6 6 1.981215224197719
6 7 0.0006702085783278516
6 8 -0.0001945383918743351
6 9 0.0001685497133711413
6 10 -0.007717446455466681
6 11 -0.003475114443896199
6 12 0.0002366893277563152
6 13 0.004064659339012186
6 14 0.003114899374606566
6 15 0.00519192304569316
6 16 0.008435868347842355
7 0 -4.613041383378278e-06
7 1 -0.0002565112187612607
7 2 0.0005801225297895993
7 3 -0.0008821382551347445
7 4 -0.00120056480862416
7 5 -0.0006353746004457375
7 6 0.0006702085783278711
7 7 1.977933787646448
7 8 0.002778802912516844
7 9 -0.0007667404300766145
7 10 0.07649255259149162
7 11 -0.003015598725783146
7 12 0.001529952299868707
7 13 0.0007081927160839066
7 14 0.0005287146533947479
7 15 -0.0006772856737139777
7 16 0.002029426450709759
8 0 -1.569202343901471e-06
8 1 1.825568099221798e-05
8 2 7.229324643120152e-05
8 3 -0.0001782859242044848
8 4 5.985293000499366e-05
8 5 0.0002283527994693089
8 6 -0.000194538391874338
8 7 0.002778802912516872
8 8 1.979267485015521
8 9 -0.001247838810583022
8 10 -0.01760081661703375
8 11 0.0002892459209188129
8 12 0.0004868544523802264
8 13 0.0001590802214058746
8 14 -0.0003569836802976979
8 15 -1.094161682335077e-05
8 16 0.000649015393412219
9 0 1.637197278687753e-07
9 1 -6.534199596078022e-05
9 2 -3.305721362518126e-05
9 3 0.000125336930476089
9 4 7.896138563920081e-05
9 5 -7.054647793310184e-05
9 6 0.000168549713371147
9 7 -0.0007667404300766622
9 8 -0.001247838810583094
9 9 1.98094788301498
9 10 0.01174964660515927
9 11 4.128770013990897e-05
9 12 -0.0001113131561095719
9 13 -0.0002545474865361339
9 14 -8.105264170679212e-05
9 15 0.0003320447593055573
9 16 -0.0003641704167189596
10 0 1.451186053026142e-06
10 1 0.0001425615078846196
10 2 -0.0002197814189647265
10 3 -0.001575041613556213
10 4 -0.00038792320000646
10 5 0.007239528132208459
10 6 -0.007717446455466524
10 7 0.07649255259149593
10 8 -0.01760081661703292
10 9 0.01174964660515919
10 10 0.05692453840851087
10 11 -0.001217892562797483
10 12 0.001316020365662722
10 13 -0.0001549484947607957
10 14 0.000210334294269598
10 15 -0.0001441519368880631
10 16 -0.0002414968716077682
11 0 -4.204044518306546e-06
11 1 4.783040234640375e-05
11 2 -0.002548190365631254
11 3 -0.0008987604949170537
11 4 -0.007136005926967646
11 5 0.005945060364364233
11 6 -0.003475114443896201
11 7 -0.003015598725783195
11 8 0.0002892459209187992
11 9 4.128770013990924e-05
11 10 -0.001217892562797481
11 11 0.01955358546315934
11 12 0.004656878597877797
11 13 -0.002086171338600146
11 14 8.766814872149245e-05
11 15 5.568704670265404e-05
11 16 -0.004098535879318216
12 0 1.415922342976539e-05
12 1 0.0008507438246090453
12 2 -0.001181253476899786
12 3 0.004348850165712289
12 4 -0.0007991481709014734
12 5 0.001527084157655913
12 6 0.0002366893277563108
12 7 0.001529952299868747
12 8 0.0004868544523802318
12 9 -0.0001113131561095716
12 10 0.001316020365662718
12 11 0.004656878597877795
12 12 0.01399298425252797
12 13 0.003552216382111734
12 14 -0.001873522694803337
12 15 0.001348656333947258
12 16 0.003649181872109251
13 0 -3.680832175967481e-05
13 1 0.0007260426581798705
13 2 0.003626275860550471
13 3 0.001489605179226206
13 4 0.0006541453167705518
13 5 0.0003289586070736308
13 6 0.004064659339012367
13 7 0.0007081927160838975
13 8 0.0001590802214058714
13 9 -0.0002545474865361341
13 10 -0.0001549484947607973
13 11 -0.002086171338600158
13 12 0.003552216382111765
13 13 0.01864826219690892
13 14 0.0004233599178760262
13 15 0.001003279660230561
13 16 -0.00257795691018986
14 0 3.713215593197997e-05
14 1 -0.00386842851118069
14 2 0.000185367832783022
14 3 -0.003163141192206879
14 4 0.0001365561933984959
14 5 0.002394506257481276
14 6 0.003114899374606627
14 7 0.0005287146533947337
14 8 -0.0003569836802976958
14 9 -8.105264170678548e-05
14 10 0.0002103342942696008
14 11 8.766814872146827e-05
14 12 -0.001873522694803387
14 13 0.0004233599178760175
14 14 0.01590039928341992
14 15 0.002044373516084001
14 16 0.003507997767324499
15 0 6.188834059606001e-06
15 1 0.0008519369157122605
15 2 -0.001101372968600759
15 3 -0.005847942596268515
15 4 0.003399918240766304
15 5 0.00583164622718641
15 6 0.005191923045693353
15 7 -0.0006772856737139786
15 8 -1.09416168233539e-05
15 9 0.0003320447593055576
15 10 -0.0001441519368880614
15 11 5.56870467026477e-05
15 12 0.001348656333947251
15 13 0.001003279660230579
15 14 0.002044373516083989
15 15 0.01454008229115584
15 16 -0.001138305452316695
16 0 4.632798014607e-05
16 1 0.002084869773389716
16 2 -0.006341772086537784
16 3 0.004653813519958552
16 4 0.005298664080638723
16 5 -0.008350299779755356
16 6 0.008435868347842324
16 7 0.002029426450709756
16 8 0.000649015393412227
16 9 -0.000364170416718962
16 10 -0.0002414968716077559
16 11 -0.004098535879318111
16 12 0.003649181872109281
16 13 -0.002577956910189857
16 14 0.003507997767324481
16 15 -0.001138305452316692
16 16 0.01174499112519055
