0 0 1.999963688643038
0 1 -1.615716003600139e-05
0 2 -1.972748155189311e-05
0 3 -3.218216175783697e-05
0 4 -7.436155042343413e-05
0 5 7.068926753767576e-06
0 6 1.295213661924377e-05
0 7 5.551852817717711e-06
0 8 -7.937499286945506e-06
0 9 -1.97078941135675e-05
0 10 -1.240823614702475e-05
0 11 -1.491526956319942e-05
0 12 -1.044822640837249e-05
0 13 3.638694357643109e-05
0 14 -2.849596495407864e-05
0 15 -1.965471351605194e-05
0 16 1.134633017511153e-05
0 17 8.054596993195338e-06
0 18 -0.0001378956652215337
0 19 -6.022097085196153e-05
0 20 -0.0001379468276899436
0 21 -0.0001423114747854579
0 22 0.0002332444837416268
0 23 -0.0001556228161250922
0 24 -0.0001232809757018456
0 25 -3.53765030460032e-05
0 26 -0.0001091590059238631
0 27 0.0001988509453124791
0 28 -9.169502495086949e-06
1 0 -1.615716003600122e-05
1 1 1.993201536075695
1 2 -0.0001823821830800129
1 3 -0.0005341901119036904
1 4 -0.001644208863270353
1 5 8.234538799805781e-05
1 6 -0.001995877830960199
1 7 -0.001243087830358686
1 8 0.001304397593397575
1 9 0.001784599118639326
1 10 0.0007382838686228946
1 11 -0.0001107534540274626
1 12 0.000581025418384601
1 13 -0.0004558066768331351
1 14 0.0001840566418202524
1 15 -0.0004153131363242717
1 16 -0.0005554037331976297
1 17 0.0005982606912230469
1 18 0.0004048917105214133
1 19 -0.002195160048180381
1 20 -0.0008088506133523271
1 21 -2.605758050268501e-05
1 22 -0.000157286157042991
1 23 -0.0007029637851372708
1 24 0.0003313280511999882
1 25 0.0003911144867905649
1 26 0.0008947424050354032
1 27 -0.001220635285747594
1 28 0.001016621728573575
2 0 -1.97274815518933e-05
2 1 -0.0001823821830800139
2 2 1.991063679176294
2 3 -0.00014995775042375
2 4 -0.001300957181098907
2 5 -0.001569194393691584
2 6 0.00212645657046214
2 7 -0.0005852572285237049
2 8 -0.0008049563103336336
2 9 0.0007606236087623191
2 10 9.135144664591944e-06
2 11 0.001040915780933927
2 12 0.0006009672655524687
2 13 0.0004389281484980173
2 14 0.000309249002119247
2 15 -0.0004173369039539069
2 16 0.002031940721777724
2 17 0.000265841758301249
2 18 -0.002332131272971167
2 19 0.0005439622836110341
2 20 0.000599409148972888
2 21 -0.0004481273459764674
2 22 8.533302897308044e-05
2 23 0.0002990552385515066
2 24 -0.0003752476465229444
2 25 -0.000506277484748744
2 26 7.517076241703635e-05
2 27 -0.0005365638696203769
2 28 -0.002155051571585036
3 0 -3.21821617578371e-05
3 1 -0.0005341901119036911
3 2 -0.000149957750423736
3 3 1.989875268942459
3 4 -0.0005009545896196472
3 5 -0.000168334238779161
3 6 0.0002657459109816862
3 7 0.0001315402308422886
3 8 -0.000333825440975915
3 9 -0.002300766265832305
3 10 0.0009374332240228459
3 11 0.0001791772139681981
3 12 -0.0004062335079744458
3 13 -0.0001638955003572545
3 14 -0.001226453014028677
3 15 0.0001877234768312169
3 16 0.001074267104286777
3 17 0.0007465390549734174
3 18 9.292423355120636e-05
3 19 0.0007766843633363338
3 20 -0.0005158383110512853
3 21 -0.0003536584379548762
3 22 -0.002347478504070574
3 23 -0.001013944198280774
3 24 0.001213852378695645
3 25 -0.00079770035094765
3 26 -0.0005780068872046771
3 27 0.0009665849317871792
3 28 -1.930890066091328e-05
4 0 -7.436155042343418e-05
4 1 -0.001644208863270336
4 2 -0.00130095718109887
4 3 -0.0005009545896196422
4 4 1.986684605535663
4 5 0.0005439062368583017
4 6 5.69791055859527e-05
4 7 0.001060872774256407
4 8 -0.000658959855167316
4 9 0.000816704459841897
4 10 -0.0006226437741214216
4 11 -0.0001539728879250074
4 12 -0.0003683093773183513
4 13 0.003193039036621363
4 14 -0.002111437666248767
4 15 -0.0009611878755632978
4 16 -0.001262304646184386
4 17 -0.0009764208898434333
4 18 -0.000578358393610929
4 19 -0.001958169170518977
4 20 0.0002856837448348315
4 21 0.0008922732066425916
4 22 -0.001981347820355733
4 23 0.0005771836137020018
4 24 0.001153714360884325
4 25 0.0001535535690107497
4 26 -0.000780099310500627
4 27 0.0004414349785204447
4 28 0.002204732574004883
5 0 7.068926753767199e-06
5 1 8.234538799805016e-05
5 2 -0.001569194393691596
5 3 -0.0001683342387791233
5 4 0.0005439062368583139
5 5 1.983623289475546
5 6 -0.0003168579427768774
5 7 0.0001676586948885464
5 8 -0.001899936303333464
5 9 0.0001717031566679407
5 10 0.00140807055560654
5 11 0.002057873614752148
5 12 -0.001406973890184213
5 13 0.0006317686112249524
5 14 -0.003034914441316983
5 15 -0.003307245892914088
5 16 -0.000759760467290863
5 17 0.0002909179300501171
5 18 -0.00130882380565684
5 19 -0.002219702851590546
5 20 -0.001370514226223238
5 21 8.69864812539726e-05
5 22 -0.002658540438102622
5 23 0.0008561045355843712
5 24 0.003822638208100314
5 25 -0.0006544933498577832
5 26 -0.006457150301081021
5 27 -0.003066124190453117
5 28 0.002221753819133861
6 0 1.29521366192437e-05
6 1 -0.001995877830960235
6 2 0.002126456570462162
6 3 0.0002657459109817056
6 4 5.697910558602504e-05
6 5 -0.0003168579427768721
6 6 1.982659264727525
6 7 -0.002618711238773154
6 8 0.0005062651464867248
6 9 0.001276896396288618
6 10 0.0001755369997416365
6 11 0.0006145864112297138
6 12 -0.002903536738036382
6 13 0.002311889952001277
6 14 -0.001282253588664873
6 15 0.002499494131412488
6 16 0.001870036287685252
6 17 0.006526751200700013
6 18 0.0008671619936260274
6 19 0.001619089305644455
6 20 0.005511488694782214
6 21 0.002672111723585627
6 22 0.002243369315652332
6 23 0.003151717493325358
6 24 -0.0006070563779239811
6 25 -0.005814073922062985
6 26 0.0002043512625409328
6 27 0.0002331693344479259
6 28 0.000379135315362347
7 0 5.551852817717894e-06
7 1 -0.001243087830358721
7 2 -0.0005852572285238141
7 3 0.0001315402308422444
7 4 0.0010608727742564
7 5 0.0001676586948885227
7 6 -0.002618711238773132
7 7 1.982728785106552
7 8 -0.0002862979386429419
7 9 -0.000294491453370387
7 10 0.0002054275979094412
7 11 0.001725684195716283
7 12 -0.003728425551971111
7 13 0.001764855868932295
7 14 0.0003395219506903976
7 15 0.0050020359394552
7 16 0.001741371133816121
7 17 0.007818210343638833
7 18 -0.001424244451608394
7 19 -0.003937329272746082
7 20 0.002221368280958341
7 21 -0.001063161084129207
7 22 0.0001955725476057745
7 23 -2.418841747619426e-05
7 24 0.001131439176001861
7 25 0.001632802484754762
7 26 -3.255190550732928e-05
7 27 -0.001918326625762409
7 28 -0.002751281493029403
8 0 -7.937499286945969e-06
8 1 0.001304397593397533
8 2 -0.0008049563103336215
8 3 -0.0003338254409759327
8 4 -0.000658959855167266
8 5 -0.001899936303333443
8 6 0.0005062651464867332
8 7 -0.0002862979386429441
8 8 1.980276348024237
8 9 -0.0004863391965364423
8 10 -0.00213764471519624
8 11 0.0005806447394852587
8 12 -0.001549453819814359
8 13 0.001086182034111325
8 14 -0.002989383916600417
8 15 -0.002761061854511882
8 16 -0.001041463052366157
8 17 0.001489819421688088
8 18 0.003342660897880834
8 19 -0.004365461795945591
8 20 -0.001824023567172907
8 21 0.000555669394989373
8 22 -0.000179229297122653
8 23 -0.001401026945525938
8 24 -0.0007926393811067621
8 25 0.003228144174484545
8 26 0.003921401625260103
8 27 0.002802200667613401
8 28 0.002200592673930455
9 0 -1.970789411356779e-05
9 1 0.001784599118639307
9 2 0.0007606236087622869
9 3 -0.002300766265832329
9 4 0.0008167044598419049
9 5 0.0001717031566679408
9 6 0.001276896396288632
9 7 -0.0002944914533703693
9 8 -0.0004863391965363749
9 9 1.980363974686188
9 10 -0.0006023269662974045
9 11 0.0004490309115605486
9 12 -0.004018194500895334
9 13 0.00532064048911171
9 14 -0.001478197579904877
9 15 0.003311157962269592
9 16 0.002748440584019141
9 17 0.007540873858592752
9 18 0.0006704322433041567
9 19 0.002948727644789604
9 20 -0.0006833119655482373
9 21 0.0002753179271742727
9 22 -0.000912434852342746
9 23 -0.00109966526899293
9 24 -0.001963479933959204
9 25 -0.0006130691116922173
9 26 0.001790858573976224
9 27 0.002062713744819639
9 28 -0.001784314749983913
10 0 -1.240823614702527e-05
10 1 0.0007382838686228743
10 2 9.135144664598578e-06
10 3 0.0009374332240227408
10 4 -0.000622643774121425
10 5 0.00140807055560659
10 6 0.0001755369997416426
10 7 0.000205427597909427
10 8 -0.002137644715196116
10 9 -0.0006023269662973863
10 10 1.977244719381298
10 11 -0.001098498043651361
10 12 0.003382187451739104
10 13 0.0009190228498339166
10 14 -0.001035364824788278
10 15 0.0009586406474244439
10 16 -0.002741017451484576
10 17 0.0003315443161241296
10 18 -0.0002776003827961435
10 19 -0.009171216784588321
10 20 5.573198223659569e-05
10 21 -6.590915127264186e-05
10 22 0.001730229732119311
10 23 0.001384047258982831
10 24 0.0003506246954224042
10 25 -0.0004433272640602929
10 26 -0.001962845342130629
10 27 0.0006149417367095175
10 28 -0.001046543277417077
11 0 -1.491526956319921e-05
11 1 -0.0001107534540274816
11 2 0.00104091578093393
11 3 0.0001791772139682187
11 4 -0.0001539728879250164
11 5 0.002057873614752123
11 6 0.0006145864112296917
11 7 0.00172568419571622
11 8 0.0005806447394852857
11 9 0.0004490309115604649
11 10 -0.001098498043651271
11 11 1.978092677068809
11 12 0.00649163593845457
11 13 0.0003533047868546259
11 14 0.003093469971672841
11 15 0.003759151311689525
11 16 0.0004599750432342885
11 17 -0.004901909476121566
11 18 -0.005922419122411022
11 19 0.003870976428134317
11 20 0.00140036544583132
11 21 -0.002200747901279601
11 22 -0.0001394240995647924
11 23 0.0002642915310144712
11 24 -0.0009730109677319435
11 25 -0.005079077995733977
11 26 0.0007384730928154464
11 27 0.001682413216497985
11 28 -0.001872786698471317
12 0 -1.044822640837263e-05
12 1 0.0005810254183846412
12 2 0.0006009672655524347
12 3 -0.0004062335079744646
12 4 -0.0003683093773183433
12 5 -0.001406973890184297
12 6 -0.002903536738036465
12 7 -0.003728425551971271
12 8 -0.001549453819814349
12 9 -0.004018194500895472
12 10 0.003382187451738976
12 11 0.006491635938453309
12 12 1.946562897894475
12 13 -0.003900302710696796
12 14 0.002705916220221738
12 15 -0.004155030315826065
12 16 0.01027630684480388
12 17 -0.00807566791534324
12 18 -0.001375062517931455
12 19 -0.0005543625008923944
12 20 -0.000204792850175456
12 21 -0.001845446345829923
12 22 0.0009707881534045863
12 23 0.001118486103074576
12 24 -0.001694348295463245
12 25 -0.001730004527873628
12 26 -1.133957367135039e-05
12 27 0.0009876645224039865
12 28 0.0001015470105360054
13 0 3.638694357643204e-05
13 1 -0.0004558066768331449
13 2 0.0004389281484980161
13 3 -0.0001638955003572126
13 4 0.003193039036621376
13 5 0.0006317686112249751
13 6 0.002311889952001218
13 7 0.001764855868932278
13 8 0.001086182034111352
13 9 0.00532064048911173
13 10 0.0009190228498338708
13 11 0.0003533047868546086
13 12 -0.003900302710696755
13 13 1.992450567816375
13 14 -0.001562134137958205
13 15 0.001424822996477885
13 16 -0.002191755084959609
13 17 -0.02307374773124518
13 18 0.003771152381723492
13 19 0.004789610330820374
13 20 0.003408096292247465
13 21 -0.005763755886579546
13 22 -0.01276664863614554
13 23 0.001709407060462042
13 24 -0.002578359741634022
13 25 0.002226023918465254
13 26 0.001441075656887626
13 27 -0.003195344854647824
13 28 0.0004185206659255161
14 0 -2.849596495407995e-05
14 1 0.0001840566418202231
14 2 0.0003092490021192542
14 3 -0.001226453014028712
14 4 -0.002111437666248841
14 5 -0.00303491444131693
14 6 -0.00128225358866483
14 7 0.0003395219506903794
14 8 -0.002989383916600478
14 9 -0.001478197579904714
14 10 -0.001035364824788404
14 11 0.003093469971673047
14 12 0.002705916220221799
14 13 -0.00156213413795813
14 14 1.981106893339874
14 15 0.004104857579910637
14 16 0.01533168469074226
14 17 -0.05214448393408148
14 18 -0.01723700389934818
14 19 0.01098045432780496
14 20 0.003246433788198675
14 21 -0.00413102966595736
14 22 -0.0004415550758259035
14 23 0.003842917131763334
14 24 -0.01206649310790846
14 25 -0.01365856019345831
14 26 0.005339746616120286
14 27 0.007383168323181882
14 28 0.001352849823991249
15 0 -1.965471351605209e-05
15 1 -0.000415313136324253
15 2 -0.0004173369039538828
15 3 0.0001877234768312136
15 4 -0.000961187875563327
15 5 -0.003307245892914082
15 6 0.002499494131412528
15 7 0.005002035939455183
15 8 -0.002761061854511949
15 9 0.003311157962269524
15 10 0.0009586406474243788
15 11 0.003759151311689324
15 12 -0.004155030315826284
15 13 0.001424822996477792
15 14 0.004104857579910574
15 15 1.980580094526777
15 16 0.003245096593749908
15 17 0.05042695220751882
15 18 -0.0131046348359983
15 19 0.01267700987367926
15 20 0.006093384510024259
15 21 0.005921842375440257
15 22 0.006318057250598374
15 23 0.0008884662664182159
15 24 -0.004296050420283345
15 25 -0.01517298919728705
15 26 0.004744218650342087
15 27 0.008349856771415275
15 28 0.00132994366975399
16 0 1.134633017511175e-05
16 1 -0.00055540373319764
16 2 0.002031940721777718
16 3 0.001074267104286779
16 4 -0.001262304646184368
16 5 -0.0007597604672908605
16 6 0.001870036287685266
16 7 0.001741371133816161
16 8 -0.001041463052366157
16 9 0.002748440584019159
16 10 -0.002741017451484539
16 11 0.0004599750432342863
16 12 0.01027630684480383
16 13 -0.002191755084959611
16 14 0.01533168469074219
16 15 0.003245096593749883
16 16 0.05775521562518289
16 17 0.005456846892110973
16 18 0.0006056041732481368
16 19 -0.001365776721086255
16 20 4.416707132113351e-05
16 21 -0.001770028050734382
16 22 -0.0006092320798652151
16 23 0.001682584648034579
16 24 -0.001713284937562406
16 25 -0.001130972539171435
16 26 0.0003478211284476672
16 27 0.0007527646372758384
16 28 0.001285724185334684
17 0 8.054596993195531e-06
17 1 0.0005982606912230473
17 2 0.0002658417583012438
17 3 0.0007465390549734159
17 4 -0.000976420889843465
17 5 0.0002909179300501157
17 6 0.006526751200699948
17 7 0.007818210343639061
17 8 0.001489819421688077
17 9 0.007540873858592785
17 10 0.0003315443161241272
17 11 -0.004901909476121415
17 12 -0.008075667915343058
17 13 -0.02307374773124583
17 14 -0.05214448393408147
17 15 0.05042695220751726
17 16 0.005456846892110805
17 17 0.01796594718149842
17 18 -2.550570691727142e-05
17 19 -0.0004516726685394853
17 20 -0.0002463968916728363
17 21 0.0004517161778015141
17 22 0.0005547403885841279
17 23 -0.0001778525157155527
17 24 0.0001895468293441945
17 25 -0.0002769522707167969
17 26 0.0003629157688888429
17 27 0.000104194462804499
17 28 -0.0003476837011297596
18 0 -0.0001378956652215366
18 1 0.0004048917105214351
18 2 -0.00233213127297109
18 3 9.292423355120654e-05
18 4 -0.0005783583936109457
18 5 -0.001308823805656896
18 6 0.000867161993626018
18 7 -0.001424244451608335
18 8 0.003342660897880936
18 9 0.0006704322433041393
18 10 -0.0002776003827961342
18 11 -0.005922419122411165
18 12 -0.001375062517931435
18 13 0.003771152381723453
18 14 -0.01723700389934818
18 15 -0.01310463483599861
18 16 0.0006056041732480418
18 17 -2.550570691722127e-05
18 18 0.02557910380725166
18 19 -0.002173436706614959
18 20 -0.002406668753229014
18 21 -0.0003978572642035977
18 22 -0.0006556876109949071
18 23 0.0003427561135202759
18 24 0.001087956701435061
18 25 0.003068672646604615
18 26 -0.002141613600949738
18 27 -0.004546872603073505
18 28 0.0001777193389518182
19 0 -6.02209708519623e-05
19 1 -0.002195160048180401
19 2 0.0005439622836110308
19 3 0.0007766843633363335
19 4 -0.001958169170519053
19 5 -0.002219702851590504
19 6 0.001619089305644512
19 7 -0.003937329272746069
19 8 -0.004365461795945876
19 9 0.002948727644789625
19 10 -0.009171216784588525
19 11 0.003870976428134479
19 12 -0.000554362500892399
19 13 0.00478961033082032
19 14 0.01098045432780481
19 15 0.01267700987367939
19 16 -0.00136577672108623
19 17 -0.0004516726685395213
19 18 -0.002173436706614858
19 19 0.0259530904891638
19 20 -0.0003053723564106689
19 21 -0.0003596452092473452
19 22 -6.716869904534244e-05
19 23 -0.0009985061161346283
19 24 -0.0007712610173928513
19 25 -0.001922988967362386
19 26 0.001759559173089177
19 27 -0.001852796990878495
19 28 -0.0001487351949156515
20 0 -0.0001379468276899452
20 1 -0.0008088506133523939
20 2 0.0005994091489728885
20 3 -0.0005158383110512695
20 4 0.0002856837448348394
20 5 -0.001370514226223257
20 6 0.00551148869478246
20 7 0.002221368280958375
20 8 -0.001824023567172938
20 9 -0.0006833119655482297
20 10 5.573198223659168e-05
20 11 0.001400365445831335
20 12 -0.0002047928501754575
20 13 0.003408096292247464
20 14 0.003246433788198813
20 15 0.006093384510024074
20 16 4.416707132111844e-05
20 17 -0.0002463968916728361
20 18 -0.00240666875322896
20 19 -0.0003053723564107557
20 20 0.01651749467481442
20 21 0.000687193405683323
20 22 0.001032964363294555
20 23 0.0009197188981019369
20 24 -0.002531117171165984
20 25 -0.002940630626873913
20 26 0.003207737016274196
20 27 -0.003120217938965276
20 28 0.0004206311147541923
21 0 -0.0001423114747854507
21 1 -2.605758050267357e-05
21 2 -0.0004481273459764695
21 3 -0.0003536584379548858
21 4 0.000892273206642569
21 5 8.69864812539669e-05
21 6 0.002672111723585595
21 7 -0.001063161084129217
21 8 0.0005556693949893598
21 9 0.0002753179271742721
21 10 -6.590915127263988e-05
21 11 -0.002200747901279615
21 12 -0.001845446345829976
21 13 -0.005763755886579676
21 14 -0.004131029665957342
21 15 0.005921842375440359
21 16 -0.001770028050734269
21 17 0.0004517161778014988
21 18 -0.0003978572642035905
21 19 -0.0003596452092473398
21 20 0.0006871934056833223
21 21 0.01908026873508394
21 22 0.00128340417137836
21 23 -0.001141160885788023
21 24 0.002375256236593755
21 25 0.001864945483973225
21 26 -0.0004490384687210755
21 27 -0.001438990261679859
21 28 -0.0007887234226493193
22 0 0.0002332444837416254
22 1 -0.0001572861570429911
22 2 8.533302897308022e-05
22 3 -0.002347478504070577
22 4 -0.001981347820355804
22 5 -0.002658540438102651
22 6 0.002243369315652447
22 7 0.0001955725476057599
22 8 -0.0001792292971226533
22 9 -0.0009124348523427616
22 10 0.001730229732119325
22 11 -0.0001394240995647945
22 12 0.0009707881534045833
22 13 -0.01276664863614556
22 14 -0.0004415550758258887
22 15 0.006318057250598591
22 16 -0.0006092320798653419
22 17 0.0005547403885840447
22 18 -0.0006556876109948858
22 19 -6.71686990453549e-05
22 20 0.001032964363294546
22 21 0.001283404171378373
22 22 0.02195516712769209
22 23 -0.001782151552002462
22 24 0.0007698067033729332
22 25 -0.001379991274601117
22 26 -0.0003098578338296735
22 27 0.001213338615713832
22 28 -0.0001570408484365752
23 0 -0.0001556228161250907
23 1 -0.0007029637851372605
23 2 0.0002990552385515034
23 3 -0.001013944198280763
23 4 0.0005771836137020158
23 5 0.0008561045355843774
23 6 0.003151717493325336
23 7 -2.41884174761986e-05
23 8 -0.001401026945525927
23 9 -0.001099665268992922
23 10 0.001384047258982855
23 11 0.0002642915310144754
23 12 0.001118486103074579
23 13 0.001709407060462036
23 14 0.003842917131763288
23 15 0.0008884662664182159
23 16 0.001682584648034358
23 17 -0.0001778525157155718
23 18 0.0003427561135202785
23 19 -0.0009985061161346242
23 20 0.0009197188981018663
23 21 -0.001141160885788048
23 22 -0.001782151552002418
23 23 0.01643474237314473
23 24 -0.0001478013732368286
23 25 -0.001390433815746184
23 26 0.0006789033247948131
23 27 -0.001374196784086691
23 28 0.0005105259966239285
24 0 -0.0001232809757018475
24 1 0.0003313280511999927
24 2 -0.0003752476465229426
24 3 0.001213852378695665
24 4 0.001153714360884349
24 5 0.003822638208100256
24 6 -0.0006070563779239427
24 7 0.001131439176001857
24 8 -0.000792639381106783
24 9 -0.001963479933959224
24 10 0.0003506246954224055
24 11 -0.0009730109677319314
24 12 -0.001694348295463145
24 13 -0.002578359741634059
24 14 -0.01206649310790822
24 15 -0.004296050420283522
24 16 -0.001713284937562545
24 17 0.0001895468293441896
24 18 0.001087956701435041
24 19 -0.0007712610173928928
24 20 -0.002531117171166085
24 21 0.002375256236593711
24 22 0.0007698067033729316
24 23 -0.0001478013732367868
24 24 0.01773025020130156
24 25 -8.372299478085447e-05
24 26 0.001368061101624159
24 27 -0.000643790623797312
24 28 0.0008510089489399463
25 0 -3.537650304600498e-05
25 1 0.0003911144867905658
25 2 -0.0005062774847487575
25 3 -0.0007977003509476558
25 4 0.0001535535690107313
25 5 -0.0006544933498577872
25 6 -0.005814073922063024
25 7 0.001632802484754781
25 8 0.003228144174484383
25 9 -0.0006130691116922598
25 10 -0.0004433272640602999
25 11 -0.005079077995734061
25 12 -0.001730004527873615
25 13 0.002226023918465206
25 14 -0.01365856019345862
25 15 -0.01517298919728724
25 16 -0.001130972539171485
25 17 -0.0002769522707167859
25 18 0.003068672646604815
25 19 -0.001922988967362431
25 20 -0.00294063062687409
25 21 0.001864945483973304
25 22 -0.001379991274601018
25 23 -0.001390433815746145
25 24 -8.372299478074069e-05
25 25 0.01396367407363732
25 26 0.000752468356488644
25 27 -0.0006930021334207138
25 28 0.002132723954628747
26 0 -0.0001091590059238616
26 1 0.0008947424050353764
26 2 7.51707624170392e-05
26 3 -0.0005780068872046809
26 4 -0.0007800993105006239
26 5 -0.006457150301081136
26 6 0.0002043512625409371
26 7 -3.255190550732982e-05
26 8 0.00392140162526008
26 9 0.001790858573976285
26 10 -0.0019628453421306
26 11 0.0007384730928154255
26 12 -1.133957367135261e-05
26 13 0.001441075656887632
26 14 0.005339746616120279
26 15 0.00474421865034217
26 16 0.0003478211284476651
26 17 0.0003629157688888382
26 18 -0.002141613600949692
26 19 0.001759559173089114
26 20 0.003207737016274234
26 21 -0.0004490384687210723
26 22 -0.0003098578338296767
26 23 0.0006789033247949835
26 24 0.00136806110162421
26 25 0.0007524683564886627
26 26 0.01483288001892479
26 27 0.001519679597109513
26 28 -0.0008367470802341343
27 0 0.000198850945312479
27 1 -0.001220635285747598
27 2 -0.0005365638696203716
27 3 0.0009665849317871779
27 4 0.0004414349785204979
27 5 -0.003066124190453032
27 6 0.0002331693344479656
27 7 -0.00191832662576238
27 8 0.00280220066761339
27 9 0.002062713744819633
27 10 0.0006149417367095086
27 11 0.001682413216498002
27 12 0.0009876645224040303
27 13 -0.003195344854647763
27 14 0.007383168323181929
27 15 0.008349856771415368
27 16 0.0007527646372757716
27 17 0.0001041944628044575
27 18 -0.004546872603073541
27 19 -0.001852796990878499
27 20 -0.003120217938965309
27 21 -0.001438990261679923
27 22 0.001213338615713871
27 23 -0.001374196784086659
27 24 -0.0006437906237973139
27 25 -0.0006930021334207053
27 26 0.001519679597109533
27 27 0.01171103814974558
27 28 -0.0001919132654497621
28 0 -9.1695024950869e-06
28 1 0.001016621728573584
28 2 -0.002155051571585066
28 3 -1.930890066090489e-05
28 4 0.002204732574004907
28 5 0.00222175381913391
28 6 0.0003791353153623683
28 7 -0.002751281493029377
28 8 0.002200592673930411
28 9 -0.001784314749983913
28 10 -0.001046543277417106
28 11 -0.001872786698471314
28 12 0.0001015470105360122
28 13 0.000418520665925519
28 14 0.001352849823991226
28 15 0.001329943669753974
28 16 0.001285724185334782
28 17 -0.0003476837011297857
28 18 0.0001777193389518685
28 19 -0.0001487351949155697
28 20 0.0004206311147541522
28 21 -0.0007887234226493804
28 22 -0.0001570408484365841
28 23 0.0005105259966239065
28 24 0.0008510089489399265
28 25 0.002132723954628717
28 26 -0.0008367470802341789
28 27 -0.0001919132654497812
28 28 0.01404283690842441
