 &FCI NORB=   8,NELEC= 8,MS2=0,
  ORBSYM=1,1,1,1,1,1,1,1
  ISYM=1,
 &END
 0.5101432777924235    1    1    1    1
 0.02153094863249289    2    1    1    1
 0.1062327734264175    2    1    2    1
 0.4682891534344173    2    2    1    1
 -0.00943719377729974    2    2    2    1
 0.5125359695295353    2    2    2    2
 -0.006466505107084526    3    1    1    1
 0.01404135870851159    3    1    2    1
 0.04946050375507971    3    1    2    2
 0.1080278529019355    3    1    3    1
 0.009145377392839146    3    2    1    1
 0.05544316520619318    3    2    2    1
 -0.01262397809904692    3    2    2    2
 0.004904843647840224    3    2    3    1
 0.05482112796873707    3    2    3    2
 0.4818816925780406    3    3    1    1
 0.007743424369956411    3    3    2    1
 0.4405058300702482    3    3    2    2
 -0.02969468618911484    3    3    3    1
 -0.004702291657825743    3    3    3    2
 0.5064515944823    3    3    3    3
 0.001329232923574764    4    1    1    1
 -0.008256872474407755    4    1    2    1
 -0.02132505166971926    4    1    2    2
 0.005229044975470203    4    1    3    1
 0.008109520273647849    4    1    3    2
 -0.03633687724103248    4    1    3    3
 0.09641256097291176    4    1    4    1
 -0.003082188228547718    4    2    1    1
 -0.02195480397554581    4    2    2    1
 0.0238981778449828    4    2    2    2
 0.009772314030524502    4    2    3    1
 -0.02138376055026971    4    2    3    2
 0.008870927959980774    4    2    3    3
 -0.02709119004778421    4    2    4    1
 0.03217176795186026    4    2    4    2
 0.007999199969751066    4    3    1    1
 0.01139625746298936    4    3    2    1
 -0.01841807019667885    4    3    2    2
 -0.03623804214882376    4    3    3    1
 0.006223671935149052    4    3    3    2
 0.02725905294975559    4    3    3    3
 -0.0185521856781414    4    3    4    1
 -0.005031386503603672    4    3    4    2
 0.03680407378551716    4    3    4    3
 0.4645143322834514    4    4    1    1
 -0.0294620165881356    4    4    2    1
 0.4141377882769999    4    4    2    2
 -0.02167466165315789    4    4    3    1
 -0.01251397453758102    4    4    3    2
 0.4252699507966051    4    4    3    3
 0.0383275285594572    4    4    4    1
 -0.009407258000661891    4    4    4    2
 -0.002378480222305406    4    4    4    3
 0.4993856749915728    4    4    4    4
 0.04233980102614466    5    1    1    1
 0.004453086919720653    5    1    2    1
 0.02985096554476669    5    1    2    2
 -0.01064409306801313    5    1    3    1
 -0.008161094463528968    5    1    3    2
 0.02883621119992121    5    1    3    3
 0.01406669075095241    5    1    4    1
 0.006622891233981808    5    1    4    2
 -0.003296819513576927    5    1    4    3
 0.02296975851744461    5    1    4    4
 0.04116535613598453    5    1    5    1
 0.01209660265285464    5    2    1    1
 0.007983601989861977    5    2    2    1
 -0.01864821056715282    5    2    2    2
 -0.01940469133951798    5    2    3    1
 0.003182322539403423    5    2    3    2
 -0.001530417152307698    5    2    3    3
 0.01901333391165898    5    2    4    1
 -0.01055826544160699    5    2    4    2
 0.006172394507612031    5    2    4    3
 0.02201639047260249    5    2    4    4
 0.008413196635613048    5    2    5    1
 0.02573018094713932    5    2    5    2
 -0.02756508103611172    5    3    1    1
 -0.02084639276352383    5    3    2    1
 -0.01786744533278525    5    3    2    2
 -0.006339834772075476    5    3    3    1
 -0.0161553116071489    5    3    3    2
 -0.01121047501930271    5    3    3    3
 -0.01000188112066642    5    3    4    1
 0.007261847197610817    5    3    4    2
 0.0112829038001542    5    3    4    3
 -0.01065010811846717    5    3    4    4
 -0.01380152223984046    5    3    5    1
 -0.004614793167373829    5    3    5    2
 0.02740863925008907    5    3    5    3
 0.04415295922817295    5    4    1    1
 0.02412038461148135    5    4    2    1
 0.02363886893509541    5    4    2    2
 -0.01108765360178341    5    4    3    1
 0.009249418787335033    5    4    3    2
 0.05132201270687035    5    4    3    3
 -0.02412683558432295    5    4    4    1
 0.008908460594000413    5    4    4    2
 0.01477381549298422    5    4    4    3
 0.006669404059891929    5    4    4    4
 0.02481825186499667    5    4    5    1
 -0.001398486605866611    5    4    5    2
 -0.009240204093039089    5    4    5    3
 0.05638425382390651    5    4    5    4
 0.404538916957149    5    5    1    1
 -0.004056087775369435    5    5    2    1
 0.3620126139660423    5    5    2    2
 -0.01970671115021981    5    5    3    1
 -0.001140167167972993    5    5    3    2
 0.3680772218113691    5    5    3    3
 0.05756860814263719    5    5    4    1
 -0.01828578323295463    5    5    4    2
 -0.006736178205101553    5    5    4    3
 0.4258170347320126    5    5    4    4
 0.02305168657353824    5    5    5    1
 0.03024432488653716    5    5    5    2
 -0.01842607807907762    5    5    5    3
 -0.01390695795322981    5    5    5    4
 0.4371979890304085    5    5    5    5
 -0.02430535004607755    6    1    1    1
 -0.002037554309510289    6    1    2    1
 -0.004602090241214175    6    1    2    2
 -0.00503839743722619    6    1    3    1
 0.009550861435496463    6    1    3    2
 -0.01437043409331086    6    1    3    3
 0.01592427334683309    6    1    4    1
 -0.002018212085040291    6    1    4    2
 0.003146339776173817    6    1    4    3
 -0.03821940370634952    6    1    4    4
 -0.001202622860949305    6    1    5    1
 -0.01614326724385556    6    1    5    2
 0.001525921433148577    6    1    5    3
 0.0002998670956204803    6    1    5    4
 -0.01658723799408791    6    1    5    5
 0.05110090192700222    6    1    6    1
 -0.01997598342507596    6    2    1    1
 0.04195435592808993    6    2    2    1
 -0.02315513271218517    6    2    2    2
 0.01730935535495355    6    2    3    1
 0.03308444239523724    6    2    3    2
 -0.01960835211345361    6    2    3    3
 -0.0006968890950756436    6    2    4    1
 -0.007851517478352813    6    2    4    2
 0.0002295777374214927    6    2    4    3
 -0.02990956238965806    6    2    4    4
 -0.01954321366061287    6    2    5    1
 -0.004386903305986969    6    2    5    2
 -0.01008640186292295    6    2    5    3
 0.001902199827362597    6    2    5    4
 -0.01723906115957661    6    2    5    5
 0.01465826988275334    6    2    6    1
 0.05070992329098071    6    2    6    2
 -0.02632536127075995    6    3    1    1
 0.01581803025924382    6    3    2    1
 -0.0009651663569061809    6    3    2    2
 0.01990401272757303    6    3    3    1
 0.009371212572457273    6    3    3    2
 -0.04242055591250613    6    3    3    3
 0.00854501256795619    6    3    4    1
 -0.002657830425794342    6    3    4    2
 -0.007331849247050972    6    3    4    3
 -0.02623210674692889    6    3    4    4
 -0.00592485700892525    6    3    5    1
 -0.009575865606476436    6    3    5    2
 -0.004399865057204335    6    3    5    3
 -0.01578912107070315    6    3    5    4
 -0.01184821665664346    6    3    5    5
 0.01639308920819202    6    3    6    1
 0.01856207583756547    6    3    6    2
 0.0377370835257546    6    3    6    3
 0.06429798551761526    6    4    1    1
 0.004256581993971529    6    4    2    1
 0.05859345436633116    6    4    2    2
 0.008441958919090163    6    4    3    1
 -0.002378309375099725    6    4    3    2
 0.05914432707140089    6    4    3    3
 -0.04287788259970011    6    4    4    1
 0.009539711277549847    6    4    4    2
 0.002424921242382337    6    4    4    3
 0.0384153323928452    6    4    4    4
 0.01350250281053439    6    4    5    1
 -0.0008115990898408959    6    4    5    2
 -0.01318361056843049    6    4    5    3
 0.03504267709714014    6    4    5    4
 0.003450816360920497    6    4    5    5
 -0.02793458257125938    6    4    6    1
 -0.01246152426334194    6    4    6    2
 -0.0180634587254815    6    4    6    3
 0.06990007958005254    6    4    6    4
 0.01976224743282737    6    5    1    1
 -0.03658515492714533    6    5    2    1
 0.02201684331432302    6    5    2    2
 -0.001322199416989704    6    5    3    1
 -0.02017170830791031    6    5    3    2
 0.01280505134987783    6    5    3    3
 0.0105963892049141    6    5    4    1
 0.006102061371547613    6    5    4    2
 -0.0124866792034986    6    5    4    3
 0.0436248470042303    6    5    4    4
 0.00517781750743731    6    5    5    1
 0.001533189917395429    6    5    5    2
 0.001979528617912146    6    5    5    3
 -0.009533851477640728    6    5    5    4
 0.02373265978237659    6    5    5    5
 -0.01092965685112934    6    5    6    1
 -0.01996951338204135    6    5    6    2
 -0.01068522133066693    6    5    6    3
 0.009404659263528467    6    5    6    4
 0.02821769828395494    6    5    6    5
 0.4822423869858085    6    6    1    1
 0.03213771896326455    6    6    2    1
 0.4604887325729458    6    6    2    2
 0.02497004267297549    6    6    3    1
 0.01787717716575829    6    6    3    2
 0.4527977314052939    6    6    3    3
 -0.02927065694849228    6    6    4    1
 -0.002816029678781083    6    6    4    2
 -0.007110870978948506    6    6    4    3
 0.4449195530703651    6    6    4    4
 0.01808616325304363    6    6    5    1
 0.000455236389661233    6    6    5    2
 -0.0306940904185058    6    6    5    3
 0.03721134838123921    6    6    5    4
 0.3814800784690087    6    6    5    5
 -0.04637474572443277    6    6    6    1
 -0.005189944781404811    6    6    6    2
 -0.02008317189918106    6    6    6    3
 0.08411233938460762    6    6    6    4
 0.01737243477673028    6    6    6    5
 0.52417320614672    6    6    6    6
 -0.001985348021542481    7    1    1    1
 0.003819316515749798    7    1    2    1
 -0.01600320889724201    7    1    2    2
 0.0112650943860099    7    1    3    1
 -0.01381589021968211    7    1    3    2
 0.01198421731985081    7    1    3    3
 0.01083149228496383    7    1    4    1
 -0.001302127279390004    7    1    4    2
 0.0103455831424321    7    1    4    3
 -0.00277116590409902    7    1    4    4
 0.003634298712096953    7    1    5    1
 0.005516706595499551    7    1    5    2
 0.0169174484543009    7    1    5    3
 0.009035437703094673    7    1    5    4
 -0.0007766716699733824    7    1    5    5
 -0.005075922056769035    7    1    6    1
 -0.008868792906910892    7    1    6    2
 -0.0178086378004254    7    1    6    3
 -0.007895638300272411    7    1    6    4
 -0.003313902729889765    7    1    6    5
 -0.01725182648118386    7    1    6    6
 0.05007150950531325    7    1    7    1
 0.02127027752802698    7    2    1    1
 -0.03153520822869071    7    2    2    1
 0.008456445708403711    7    2    2    2
 -0.03158582078681497    7    2    3    1
 -0.01082168826172913    7    2    3    2
 0.02072177208406102    7    2    3    3
 -0.0006208127069992302    7    2    4    1
 0.008544233392129485    7    2    4    2
 0.006637242130792599    7    2    4    3
 0.03477282058413918    7    2    4    4
 0.01012719771807817    7    2    5    1
 0.01136784208615731    7    2    5    2
 0.005659113644950834    7    2    5    3
 0.004236659716684011    7    2    5    4
 0.02030296146068458    7    2    5    5
 -0.01169730494666136    7    2    6    1
 -0.02646373479418122    7    2    6    2
 -0.02103773670431052    7    2    6    3
 0.008467325033428841    7    2    6    4
 0.01485169044172021    7    2    6    5
 0.006817952592649958    7    2    6    6
 -0.003656331243562454    7    2    7    1
 0.03624738734437745    7    2    7    2
 0.05604870022915746    7    3    1    1
 -0.03127449260116603    7    3    2    1
 0.0597188237320717    7    3    2    2
 0.03423262028572789    7    3    3    1
 -0.01393656000365531    7    3    3    2
 0.02867542743684939    7    3    3    3
 0.02599247255464798    7    3    4    1
 0.006738537693563832    7    3    4    2
 -0.02423618612681859    7    3    4    3
 0.05927723646094356    7    3    4    4
 0.02686853337477849    7    3    5    1
 0.007135566387518693    7    3    5    2
 -0.02057824415103146    7    3    5    3
 -0.004914195547151922    7    3    5    4
 0.04284005221094937    7    3    5    5
 -0.02560087810232664    7    3    6    1
 -0.02740766936489727    7    3    6    2
 -0.007937601367826898    7    3    6    3
 0.02686620968928891    7    3    6    4
 0.02790018246689963    7    3    6    5
 0.0513205244661895    7    3    6    6
 -0.007093782481356265    7    3    7    1
 0.01491573291634035    7    3    7    2
 0.09463372306762843    7    3    7    3
 0.04222305615295833    7    4    1    1
 -6.858949080638339e-06    7    4    2    1
 0.04887473141846829    7    4    2    2
 0.02524187547672771    7    4    3    1
 0.001176916940577513    7    4    3    2
 0.02113368655083053    7    4    3    3
 -0.004692648255247059    7    4    4    1
 0.01024240138575877    7    4    4    2
 -0.004095338284888828    7    4    4    3
 0.03083983051284783    7    4    4    4
 0.01558858318933339    7    4    5    1
 0.0006708680867168983    7    4    5    2
 -0.01250320191416454    7    4    5    3
 0.0142182415170869    7    4    5    4
 0.01213430298875678    7    4    5    5
 -0.01290270549056011    7    4    6    1
 -0.003850890152316007    7    4    6    2
 0.00478468555214495    7    4    6    3
 0.03214008689154688    7    4    6    4
 0.006894594679337985    7    4    6    5
 0.04491855366144539    7    4    6    6
 -0.008525328859889623    7    4    7    1
 0.00411338329607919    7    4    7    2
 0.04106437985134816    7    4    7    3
 0.04017945846064522    7    4    7    4
 0.01570324437326744    7    5    1    1
 0.0113887294677321    7    5    2    1
 0.02927829398774608    7    5    2    2
 0.04219722147107961    7    5    3    1
 0.009211569219227481    7    5    3    2
 -0.01313406945164095    7    5    3    3
 0.0218275407731812    7    5    4    1
 -0.0007892477235457993    7    5    4    2
 -0.01822767955064959    7    5    4    3
 0.0171523274178896    7    5    4    4
 0.003402501010620511    7    5    5    1
 0.0001155213767603866    7    5    5    2
 -0.01034466607000343    7    5    5    3
 -0.008337680537348792    7    5    5    4
 0.01837495987401565    7    5    5    5
 -0.00423919169427933    7    5    6    1
 0.009638993601692365    7    5    6    2
 0.01690431534405449    7    5    6    3
 0.001726391020036451    7    5    6    4
 0.003308057682971274    7    5    6    5
 0.02331027208400814    7    5    6    6
 -0.003027815391404079    7    5    7    1
 -0.01038915539322568    7    5    7    2
 0.02701632585404098    7    5    7    3
 0.02162806067611391    7    5    7    4
 0.03293563797945417    7    5    7    5
 -0.01787455744191105    7    6    1    1
 -0.02598551419320272    7    6    2    1
 -0.03759250664826021    7    6    2    2
 -0.04497859358028952    7    6    3    1
 -0.02323359241553655    7    6    3    2
 -0.003872497039301102    7    6    3    3
 -0.01071399182994268    7    6    4    1
 0.002952597357990837    7    6    4    2
 0.01813082253178923    7    6    4    3
 0.01440958061337715    7    6    4    4
 -0.005000414348994239    7    6    5    1
 0.01006322903708287    7    6    5    2
 0.01950200832909691    7    6    5    3
 -0.00310973448474678    7    6    5    4
 0.0008353901794736013    7    6    5    5
 -0.0138692163164555    7    6    6    1
 -0.01713966546841947    7    6    6    2
 -0.01119948429474357    7    6    6    3
 -0.002770257268266333    7    6    6    4
 0.007832470733154557    7    6    6    5
 -0.02401924883508303    7    6    6    6
 0.006101148146872777    7    6    7    1
 0.01737521711592451    7    6    7    2
 -0.02124692065385172    7    6    7    3
 -0.01148580280494496    7    6    7    4
 -0.02191419155974514    7    6    7    5
 0.04658336595944337    7    6    7    6
 0.4951362522670551    7    7    1    1
 0.005716731712415918    7    7    2    1
 0.4436741392414383    7    7    2    2
 -0.02992148422273761    7    7    3    1
 0.006609189032931537    7    7    3    2
 0.5062588580887978    7    7    3    3
 -0.02382230146902935    7    7    4    1
 0.004648338448570694    7    7    4    2
 0.03896572191132294    7    7    4    3
 0.4470649497713738    7    7    4    4
 0.02893000667676253    7    7    5    1
 0.00712152277197394    7    7    5    2
 -0.006835357832106324    7    7    5    3
 0.05960929269662182    7    7    5    4
 0.3828823523711938    7    7    5    5
 -0.01603864230067392    7    7    6    1
 -0.01844836718054325    7    7    6    2
 -0.04614947281863845    7    7    6    3
 0.06399488007740681    7    7    6    4
 0.01192712234799691    7    7    6    5
 0.4680801799165563    7    7    6    6
 0.01503071117579742    7    7    7    1
 0.03413026716255895    7    7    7    2
 0.03584993089355785    7    7    7    3
 0.03531246363714697    7    7    7    4
 -0.008194874326132046    7    7    7    5
 -0.0008146417164359973    7    7    7    6
 0.5526910806188111    7    7    7    7
 -0.04068272266979886    8    1    1    1
 0.02208154016711011    8    1    2    1
 -0.03623171624431691    8    1    2    2
 -0.008070007282415827    8    1    3    1
 -0.002534367603287283    8    1    3    2
 -0.03873690869794112    8    1    3    3
 -0.001880422696279874    8    1    4    1
 0.0005129335071386199    8    1    4    2
 -0.003545439943867813    8    1    4    3
 -0.03349511276749439    8    1    4    4
 -0.003587392028580899    8    1    5    1
 -0.0003771914303011184    8    1    5    2
 0.006821021961582078    8    1    5    3
 -0.01816369916161917    8    1    5    4
 -0.01006274024977669    8    1    5    5
 0.0002512534026423692    8    1    6    1
 0.005502113364133359    8    1    6    2
 0.01740384546435388    8    1    6    3
 -0.02690551685697493    8    1    6    4
 -0.009292105889668098    8    1    6    5
 -0.03732281677954441    8    1    6    6
 -0.0002685768301434539    8    1    7    1
 -0.01265694905647601    8    1    7    2
 -0.03014676412120043    8    1    7    3
 -0.01964565386541506    8    1    7    4
 -0.002316254599641986    8    1    7    5
 0.008889133086955363    8    1    7    6
 -0.058480586013538    8    1    7    7
 0.04440557425703784    8    1    8    1
 0.07609926451218882    8    2    1    1
 0.009623426081661359    8    2    2    1
 0.03897771482048019    8    2    2    2
 -0.02055230158492913    8    2    3    1
 0.02100093818749339    8    2    3    2
 0.05882002354706272    8    2    3    3
 0.007882154520806574    8    2    4    1
 -0.01865705801116732    8    2    4    2
 0.01639022104094173    8    2    4    3
 0.05600328923121135    8    2    4    4
 0.01279594355765135    8    2    5    1
 0.02295144690311065    8    2    5    2
 -0.02115910489343365    8    2    5    3
 0.02907185205165467    8    2    5    4
 0.03860693045737394    8    2    5    5
 -0.009153076488484459    8    2    6    1
 9.518060641113322e-05    8    2    6    2
 -0.02036260212196872    8    2    6    3
 0.03336908837697045    8    2    6    4
 -0.001338237981073954    8    2    6    5
 0.06453826167729176    8    2    6    6
 -0.007342301804184314    8    2    7    1
 0.01795270416000708    8    2    7    2
 0.02097253894564217    8    2    7    3
 0.01844176652199655    8    2    7    4
 -0.001665561743170806    8    2    7    5
 -0.005357347036082843    8    2    7    6
 0.0868281407125242    8    2    7    7
 -0.04597334341078862    8    2    8    1
 0.09040440140135045    8    2    8    2
 -0.0320092092013956    8    3    1    1
 -0.02209052334770755    8    3    2    1
 -0.00305963195615072    8    3    2    2
 -0.008705133832477653    8    3    3    1
 -0.01079150592074404    8    3    3    2
 -0.0248342528965757    8    3    3    3
 -0.01246469820234734    8    3    4    1
 0.01594685501028835    8    3    4    2
 -0.006434572976676993    8    3    4    3
 -0.02404378303466175    8    3    4    4
 -0.001111360047593723    8    3    5    1
 -0.01643786219523928    8    3    5    2
 0.01104208926777343    8    3    5    3
 -0.01079406486538625    8    3    5    4
 -0.02130138430131136    8    3    5    5
 0.01526656733967745    8    3    6    1
 -0.01117628072376087    8    3    6    2
 0.01079373449200508    8    3    6    3
 -0.01086604238121299    8    3    6    4
 0.00498016670909737    8    3    6    5
 -0.03183423120847275    8    3    6    6
 -0.01672891544068717    8    3    7    1
 0.005603464831102484    8    3    7    2
 -0.0104851581444213    8    3    7    3
 -0.006544507479623931    8    3    7    4
 -0.005776455066486264    8    3    7    5
 0.006091179390438252    8    3    7    6
 -0.0352917879881329    8    3    7    7
 0.01757350518739743    8    3    8    1
 -0.03884384984516122    8    3    8    2
 0.03919087456675024    8    3    8    3
 -0.007928557263140429    8    4    1    1
 0.009116104068276053    8    4    2    1
 -0.02985324532401049    8    4    2    2
 -0.01364357385664995    8    4    3    1
 0.01586320822095766    8    4    3    2
 -0.01481314577943967    8    4    3    3
 0.008879835911057525    8    4    4    1
 -0.009586918829602765    8    4    4    2
 0.0005331919811480382    8    4    4    3
 0.01142775945996355    8    4    4    4
 -0.01520536164698934    8    4    5    1
 0.01713176127314565    8    4    5    2
 -0.0050287603764151    8    4    5    3
 -0.01342015013207976    8    4    5    4
 0.01892048031380957    8    4    5    5
 -0.01459261054253419    8    4    6    1
 0.01673879282184702    8    4    6    2
 -0.002524503120247502    8    4    6    3
 -0.01156110573089712    8    4    6    4
 -0.0009502193026066398    8    4    6    5
 0.002123836614403254    8    4    6    6
 -0.01152096121293746    8    4    7    1
 0.006175871433248102    8    4    7    2
 -0.006217913112372307    8    4    7    3
 -0.007629809633541216    8    4    7    4
 0.0006313964348418497    8    4    7    5
 0.007416100421569928    8    4    7    6
 -0.008958496464756339    8    4    7    7
 0.003123848802713273    8    4    8    1
 0.01499282703290749    8    4    8    2
 -0.01211689111891596    8    4    8    3
 0.03648507362821739    8    4    8    4
 0.01127705851102811    8    5    1    1
 -0.001319138528527032    8    5    2    1
 0.03911354447036967    8    5    2    2
 0.01281169387961664    8    5    3    1
 -0.01935305614070797    8    5    3    2
 0.02405971480874156    8    5    3    3
 -0.03991451101214843    8    5    4    1
 0.02727192160996639    8    5    4    2
 -0.003682149941494856    8    5    4    3
 -0.01668331410967287    8    5    4    4
 0.01390235579918866    8    5    5    1
 -0.01553518385605622    8    5    5    2
 0.002392610198547004    8    5    5    3
 0.02093534820223381    8    5    5    4
 -0.03183497663891464    8    5    5    5
 -0.003578319315839616    8    5    6    1
 -0.01067441637404311    8    5    6    2
 0.0003986768109614675    8    5    6    3
 0.0212661032793618    8    5    6    4
 -0.001164072200453176    8    5    6    5
 0.01576286861715644    8    5    6    6
 0.0007585295514393054    8    5    7    1
 -0.002216193674136154    8    5    7    2
 0.001165699052646602    8    5    7    3
 0.01013316905409495    8    5    7    4
 -0.003422587047252081    8    5    7    5
 -0.00261446093242805    8    5    7    6
 0.00990281775180424    8    5    7    7
 0.006517452633043813    8    5    8    1
 -0.02013276652211344    8    5    8    2
 0.01495193842895939    8    5    8    3
 -0.02246145930445997    8    5    8    4
 0.04473510942608896    8    5    8    5
 -0.0176631086728335    8    6    1    1
 -0.009514522916293358    8    6    2    1
 0.01253023887318672    8    6    2    2
 0.02701829610857123    8    6    3    1
 -0.01908870964703484    8    6    3    2
 0.001246418721621234    8    6    3    3
 -0.03553386418295736    8    6    4    1
 0.026397348290578    8    6    4    2
 -0.007518666014740995    8    6    4    3
 -0.02705820315388489    8    6    4    4
 -0.005373250031110411    8    6    5    1
 -0.01704850626578673    8    6    5    2
 0.009225658336103188    8    6    5    3
 0.00405180909714085    8    6    5    4
 -0.03293832053927265    8    6    5    5
 -0.006051351128298373    8    6    6    1
 -0.0004133392255335084    8    6    6    2
 -0.001242450474846806    8    6    6    3
 0.01253609553271162    8    6    6    4
 0.00252162021029814    8    6    6    5
 -0.003435529546748752    8    6    6    6
 0.007235824381172948    8    6    7    1
 -0.006710692098724084    8    6    7    2
 0.0001070849405813636    8    6    7    3
 0.00581463576274938    8    6    7    4
 0.0005230943469228038    8    6    7    5
 -0.001883868144456807    8    6    7    6
 -0.01159241012270072    8    6    7    7
 0.006973842874028231    8    6    8    1
 -0.03545915890389623    8    6    8    2
 0.01290829479631379    8    6    8    3
 -0.01266027604851198    8    6    8    4
 0.03131863947710605    8    6    8    5
 0.04109422730003282    8    6    8    6
 -0.003433703705052575    8    7    1    1
 -0.01438571612974801    8    7    2    1
 0.005794796930440015    8    7    2    2
 -0.0295782808516581    8    7    3    1
 -0.0003522126185275192    8    7    3    2
 0.00294149433687583    8    7    3    3
 -0.02403164052664646    8    7    4    1
 0.01125072267190047    8    7    4    2
 0.004733450014732045    8    7    4    3
 -0.006993427801507573    8    7    4    4
 0.0003652220564644938    8    7    5    1
 -0.004558135219902739    8    7    5    2
 0.001919442369081463    8    7    5    3
 0.005431272128110961    8    7    5    4
 -0.01181621699395735    8    7    5    5
 0.007366269426031364    8    7    6    1
 -0.006960709707613751    8    7    6    2
 -0.001455264430621131    8    7    6    3
 0.007184489993154955    8    7    6    4
 0.001880871251108907    8    7    6    5
 -0.004109030277806343    8    7    6    6
 -0.0254107023535067    8    7    7    1
 0.01844854509904845    8    7    7    2
 -0.01349142946278886    8    7    7    3
 -0.002896399249937421    8    7    7    4
 -0.01391476166266401    8    7    7    5
 0.009659558195401187    8    7    7    6
 0.003397754119353117    8    7    7    7
 0.0006592272342172465    8    7    8    1
 0.002929128509245561    8    7    8    2
 0.02317352893491028    8    7    8    3
 0.002768032464232008    8    7    8    4
 0.009617199780445305    8    7    8    5
 0.000871344019047291    8    7    8    6
 0.03519636926203475    8    7    8    7
 0.4568835773166376    8    8    1    1
 -0.09290972563988988    8    8    2    1
 0.5058549251956715    8    8    2    2
 0.03376705937386372    8    8    3    1
 -0.06752654501389338    8    8    3    2
 0.4407832855066975    8    8    3    3
 0.0005596832389995361    8    8    4    1
 0.03776743740335995    8    8    4    2
 -0.02689602071242487    8    8    4    3
 0.4537310524024593    8    8    4    4
 0.0391434158207213    8    8    5    1
 -0.01862767966081192    8    8    5    2
 0.0005685476087809144    8    8    5    3
 0.003538319215554454    8    8    5    4
 0.3875384646792391    8    8    5    5
 -0.01590316718176277    8    8    6    1
 -0.07065810991167282    8    8    6    2
 -0.02112963490171712    8    8    6    3
 0.05378045064226197    8    8    6    4
 0.06036320667125471    8    8    6    5
 0.4405351882141154    8    8    6    6
 -0.001329568739014577    8    8    7    1
 0.03508443477324132    8    8    7    2
 0.1012156386897628    8    8    7    3
 0.04975119139977334    8    8    7    4
 0.02197173323549494    8    8    7    5
 -0.00948971084351264    8    8    7    6
 0.4495012045129512    8    8    7    7
 -0.04999439765409108    8    8    8    1
 0.02342675146615045    8    8    8    2
 0.009552737411596082    8    8    8    3
 -0.04456852336442298    8    8    8    4
 0.04218544400113196    8    8    8    5
 0.02130179610052689    8    8    8    6
 0.003611654076497116    8    8    8    7
 0.615401047227585    8    8    8    8
 -4.12310597354589    1    1  0  0
 0.009157083181221565    2    1  0  0
 -3.550577725854139    2    2  0  0
 0.01748048662040761    3    1  0  0
 0.03307343625126483    3    2  0  0
 -3.534475420818497    3    3  0  0
 0.01747425021410175    4    1  0  0
 -0.02810159984644601    4    2  0  0
 -0.02019754784839408    4    3  0  0
 -3.425150669475207    4    4  0  0
 -0.2281367707249646    5    1  0  0
 -0.04931073250876193    5    2  0  0
 0.1306877918233493    5    3  0  0
 -0.2301057194490932    5    4  0  0
 -2.410429217277708    5    5  0  0
 0.1576697382764293    6    1  0  0
 0.179016394427079    6    2  0  0
 0.179936822153444    6    3  0  0
 -0.4017459118907421    6    4  0  0
 -0.1713646923295176    6    5  0  0
 -2.841758281354816    6    6  0  0
 0.01357040567247781    7    1  0  0
 -0.16186108328263    7    2  0  0
 -0.3824169268342809    7    3  0  0
 -0.2601631945543114    7    4  0  0
 -0.08935745449021459    7    5  0  0
 0.08252278970496017    7    6  0  0
 -2.897859575908399    7    7  0  0
 0.2674083301185162    8    1  0  0
 -0.4191197705012592    8    2  0  0
 0.1565236189178562    8    3  0  0
 0.06679006385048672    8    4  0  0
 -0.09854801335070944    8    5  0  0
 0.06146837123398218    8    6  0  0
 0.002950840030389655    8    7  0  0
 -2.774344941983682    8    8  0  0
 0  0  0  0  0
