0 0 1.99996528479523
0 1 -1.892013470744172e-05
0 2 -4.336317150621571e-05
0 3 -8.1178979701324e-05
0 4 2.555311824268679e-05
0 5 -1.56193503871581e-05
0 6 1.431673797115409e-05
0 7 -1.536161932254672e-05
0 8 1.55029141387795e-06
0 9 1.417187481255398e-05
0 10 -5.524956348103268e-06
0 11 1.752674205984144e-06
0 12 7.037763135282408e-06
0 13 1.644352033004441e-05
0 14 -0.0001073414245943736
0 15 1.954601142001071e-05
0 16 -0.0001057355747163746
0 17 -0.0001474565408623198
0 18 0.0002277198844999793
0 19 0.0001847677402219335
0 20 0.000159056476417489
0 21 4.177149772607643e-05
0 22 9.375844216045959e-05
0 23 -5.550786472093153e-05
1 0 -1.892013470744166e-05
1 1 1.993751967217916
1 2 -0.001314192333260992
1 3 -0.001935891583401545
1 4 -0.002299707517867218
1 5 0.002086403680008354
1 6 -0.002277650640360756
1 7 0.0002193238651259083
1 8 -0.0006698272747140922
1 9 9.728518626209089e-05
1 10 0.0009282354237944606
1 11 -0.001053666784635381
1 12 0.002177733517688188
1 13 0.0002721964730733624
1 14 -0.0013139426423166
1 15 -0.00081713138198325
1 16 0.0005637571585251045
1 17 -0.001706213265633505
1 18 -0.0003234117167619139
1 19 -0.0008527840338617592
1 20 0.0003695766438071696
1 21 -0.0003353080842604167
1 22 -0.001580418641251037
1 23 0.000960503801762502
2 0 -4.336317150621547e-05
2 1 -0.001314192333260987
2 2 1.991093036745909
2 3 -0.002552241730500561
2 4 -7.251391333417184e-05
2 5 -0.0005570120934152629
2 6 0.001905445972722854
2 7 0.0006374772325974574
2 8 0.001036765912749743
2 9 0.003476113327117972
2 10 0.002445968171111118
2 11 -0.001029837641146029
2 12 -0.001002534114253663
2 13 0.0003849485208658469
2 14 1.603256850752265e-05
2 15 -0.0009113546801932385
2 16 0.0002642658036744021
2 17 -0.001155305245275193
2 18 -0.0002788692798151283
2 19 -0.003489444076263565
2 20 -0.0002506556568150207
2 21 0.0005009938842488496
2 22 0.001320785764817688
2 23 0.0002735606397946043
3 0 -8.11789797013248e-05
3 1 -0.001935891583401555
3 2 -0.002552241730500559
3 3 1.986600766944593
3 4 0.00112127332016903
3 5 -0.0001163163836495608
3 6 -0.00127053264522938
3 7 -0.0007930692842153055
3 8 -7.049900472523933e-05
3 9 -0.0008281163210912214
3 10 -0.0001472277269715817
3 11 -0.002328491199200994
3 12 0.0003948107180932655
3 13 -0.0002043626519142166
3 14 -0.002021619086060335
3 15 0.001797713329551798
3 16 -0.0002915583332497597
3 17 -0.0002648058701844397
3 18 -0.0005587077388738137
3 19 0.001213718345043107
3 20 -0.001536885137651394
3 21 -0.0004912599031334764
3 22 7.056122817468817e-05
3 23 -0.001113098715495516
4 0 2.555311824268672e-05
4 1 -0.002299707517867244
4 2 -7.251391333417228e-05
4 3 0.00112127332016903
4 4 1.985778604755865
4 5 0.0002445704035808395
4 6 -0.001988647514851734
4 7 0.0005075919844072221
4 8 0.001235531534404001
4 9 0.0004340405887117009
4 10 0.002144979582455947
4 11 -0.007775174527724334
4 12 0.001719951116271819
4 13 -0.002743246746449999
4 14 0.00177161036198824
4 15 0.002988148706912793
4 16 0.0003862045315162892
4 17 -0.0006788623078525057
4 18 -0.001674896351243374
4 19 -0.001995171342690558
4 20 -0.0008620284984581764
4 21 0.00175717158744304
4 22 0.003519311695596215
4 23 0.003008143596263028
5 0 -1.56193503871592e-05
5 1 0.002086403680008352
5 2 -0.0005570120934152658
5 3 -0.0001163163836495853
5 4 0.0002445704035808647
5 5 1.981641728355714
5 6 -0.001027879292868758
5 7 0.0004013672463025492
5 8 0.001537914762893122
5 9 0.0006884177312734124
5 10 -0.0004455352499775755
5 11 0.005728438245721602
5 12 0.001136194713330575
5 13 0.009197620896246129
5 14 -0.001082539899756028
5 15 0.002255000746558873
5 16 0.002940095960218965
5 17 -0.0007075558869911395
5 18 0.003784688629662635
5 19 0.001093794088183453
5 20 -0.001951319647362782
5 21 0.001739474842446181
5 22 0.003295787887551535
5 23 0.003098453390926035
6 0 1.431673797115434e-05
6 1 -0.002277650640360773
6 2 0.001905445972722865
6 3 -0.001270532645229376
6 4 -0.001988647514851692
6 5 -0.001027879292868762
6 6 1.989300629478183
6 7 0.004948713262736532
6 8 0.001293790661756783
6 9 -0.007150783596415225
6 10 -0.0003207210001192074
6 11 -0.005000768519265716
6 12 0.002258764883319029
6 13 0.005896804616796321
6 14 0.004823211170887253
6 15 -0.001167812516216215
6 16 0.002131766326505653
6 17 0.003322467434031671
6 18 0.0004929900026757673
6 19 0.0003664486882508398
6 20 0.001399683800947873
6 21 -0.0009045332114103897
6 22 -0.002503345477602864
6 23 -0.003904647894161162
7 0 -1.536161932254692e-05
7 1 0.0002193238651259228
7 2 0.0006374772325974574
7 3 -0.0007930692842153116
7 4 0.0005075919844072267
7 5 0.0004013672463025418
7 6 0.004948713262736464
7 7 1.985581992948307
7 8 -0.001226281760350715
7 9 -0.004395114558169802
7 10 -0.001614866642551834
7 11 0.002389724231533452
7 12 -0.0005786476604392494
7 13 0.005772742502911397
7 14 0.001285371503809885
7 15 0.00221448602602815
7 16 -0.002135400547490532
7 17 -0.001777342440118463
7 18 0.001820662000576829
7 19 0.002113614116912278
7 20 -0.003431335043647133
7 21 0.002988405430242528
7 22 0.004705123081782617
7 23 0.004272286918520043
8 0 1.550291413877477e-06
8 1 -0.0006698272747140678
8 2 0.001036765912749759
8 3 -7.049900472524802e-05
8 4 0.001235531534403993
8 5 0.00153791476289309
8 6 0.001293790661756773
8 7 -0.0012262817603507
8 8 1.980823557828174
8 9 -5.170529453399738e-05
8 10 -0.0001509656983437796
8 11 -0.001743584128338566
8 12 -0.001364444407502088
8 13 -0.01172224093424278
8 14 0.002696489772422402
8 15 0.001107332459721609
8 16 -4.807695691109269e-05
8 17 -0.0001487658384243449
8 18 -0.000210859348421902
8 19 0.0006641885681962956
8 20 -0.0007150877693581493
8 21 -0.002476452617418052
8 22 0.000838490024882961
8 23 0.001464958442624338
9 0 1.41718748125533e-05
9 1 9.728518626207796e-05
9 2 0.003476113327118112
9 3 -0.000828116321091223
9 4 0.0004340405887116808
9 5 0.0006884177312734083
9 6 -0.007150783596415203
9 7 -0.004395114558169823
9 8 -5.170529453393731e-05
9 9 1.981276129161174
9 10 -0.002026120718846992
9 11 -0.002985368394417945
9 12 0.002766211855889752
9 13 0.003312197018173718
9 14 0.003614975854421011
9 15 -0.001116171521919313
9 16 0.002704432228859144
9 17 0.00116737241468531
9 18 -0.001274413444300241
9 19 -0.0005874581822705083
9 20 0.0003589086156958695
9 21 0.001765515615496866
9 22 0.0005090747443833475
9 23 0.001786052478886519
10 0 -5.524956348101957e-06
10 1 0.0009282354237944808
10 2 0.002445968171111096
10 3 -0.0001472277269715514
10 4 0.002144979582455908
10 5 -0.0004455352499775799
10 6 -0.0003207210001191745
10 7 -0.001614866642551857
10 8 -0.0001509656983438226
10 9 -0.002026120718846991
10 10 1.975386164372583
10 11 -0.001805831879580705
10 12 0.001298477433126565
10 13 0.0004589582158347639
10 14 -0.000467816509006255
10 15 -0.002200305063431212
10 16 0.00100598086007681
10 17 -0.003311617963461867
10 18 -7.054187257369428e-05
10 19 -0.002626702653874913
10 20 0.004115915752174422
10 21 -0.000553656574766298
10 22 -0.0007283022353212014
10 23 -0.003340514852772066
11 0 1.752674205984485e-06
11 1 -0.001053666784635394
11 2 -0.001029837641146081
11 3 -0.002328491199201004
11 4 -0.007775174527724558
11 5 0.00572843824572159
11 6 -0.005000768519265765
11 7 0.002389724231533454
11 8 -0.001743584128338545
11 9 -0.002985368394418061
11 10 -0.001805831879580794
11 11 1.983970633774709
11 12 -0.0006146181558000472
11 13 0.01314553780624825
11 14 -0.00919967005136213
11 15 0.00150644036649074
11 16 0.001379441999528046
11 17 -0.00589498041695787
11 18 0.002234886563238703
11 19 -0.00227157639696204
11 20 -0.001651217841855222
11 21 0.001926508645906431
11 22 0.003205603660030964
11 23 0.005118425618952959
12 0 7.037763135282881e-06
12 1 0.002177733517688215
12 2 -0.001002534114253663
12 3 0.0003948107180932738
12 4 0.001719951116271839
12 5 0.00113619471333059
12 6 0.002258764883319
12 7 -0.0005786476604392382
12 8 -0.001364444407502082
12 9 0.002766211855889864
12 10 0.001298477433126569
12 11 -0.000614618155799995
12 12 1.979197258384646
12 13 0.06256756544704392
12 14 0.009981032657045003
12 15 -0.001853599501562823
12 16 0.01106784261078829
12 17 0.009835756141530351
12 18 0.004247766548926429
12 19 0.0007329160238586502
12 20 0.0004412489197751801
12 21 0.00466629638874482
12 22 -0.000687413472742277
12 23 -0.002979730241339207
13 0 1.644352033004481e-05
13 1 0.0002721964730733409
13 2 0.0003849485208658261
13 3 -0.0002043626519142133
13 4 -0.002743246746449855
13 5 0.009197620896245536
13 6 0.005896804616796278
13 7 0.005772742502911553
13 8 -0.0117222409342429
13 9 0.003312197018173666
13 10 0.0004589582158347425
13 11 0.01314553780624819
13 12 0.06256756544704481
13 13 0.0172539080325514
13 14 -0.002426926109174724
13 15 -0.000391133563168741
13 16 1.542087694635379e-05
13 17 0.001214489641292308
13 18 0.001920349521614354
13 19 -0.0007395482223986605
13 20 -0.001270365668033429
13 21 0.0009035989845049185
13 22 0.0008624755699825369
13 23 -0.001700758592602229
14 0 -0.0001073414245943732
14 1 -0.001313942642316508
14 2 1.603256850751369e-05
14 3 -0.002021619086060298
14 4 0.001771610361988231
14 5 -0.001082539899756063
14 6 0.004823211170887198
14 7 0.001285371503809819
14 8 0.002696489772422342
14 9 0.00361497585442115
14 10 -0.0004678165090062756
14 11 -0.009199670051362394
14 12 0.00998103265704468
14 13 -0.002426926109174736
14 14 0.02571695795818375
14 15 0.0008515386004950678
14 16 -6.419998002063783e-06
14 17 0.002990709671652833
14 18 -1.699028043018785e-05
14 19 0.001787475685668737
14 20 -0.000416735271323424
14 21 -0.0006371802317555685
14 22 -0.004516684339575734
14 23 0.003544614606528048
15 0 1.954601142001109e-05
15 1 -0.0008171313819832572
15 2 -0.0009113546801933036
15 3 0.001797713329551818
15 4 0.002988148706912665
15 5 0.002255000746558914
15 6 -0.00116781251621612
15 7 0.002214486026028175
15 8 0.001107332459721606
15 9 -0.001116171521919279
15 10 -0.002200305063431203
15 11 0.00150644036649073
15 12 -0.001853599501562831
15 13 -0.0003911335631687318
15 14 0.0008515386004950313
15 15 0.02336477642198117
15 16 -0.002609979757681448
15 17 -0.0006553563371009374
15 18 0.003589179235498045
15 19 -0.0008846705405431757
15 20 -9.526370704252788e-05
15 21 -0.0001754099412010029
15 22 -0.002832889592026683
15 23 0.0005261403275167557
16 0 -0.0001057355747163734
16 1 0.0005637571585251097
16 2 0.0002642658036743962
16 3 -0.0002915583332497574
16 4 0.0003862045315162995
16 5 0.002940095960219023
16 6 0.002131766326505566
16 7 -0.002135400547490535
16 8 -4.807695691108957e-05
16 9 0.002704432228859085
16 10 0.001005980860076802
16 11 0.001379441999528031
16 12 0.01106784261078799
16 13 1.542087694629582e-05
16 14 -6.419998002084688e-06
16 15 -0.002609979757681432
16 16 0.02053587275471155
16 17 0.004777507623380291
16 18 0.00346093213046918
16 19 -0.002839394405894851
16 20 -0.001280633935494006
16 21 0.002566035879799522
16 22 -0.000936213857845094
16 23 1.596505078922942e-05
17 0 -0.0001474565408623253
17 1 -0.001706213265633563
17 2 -0.001155305245275114
17 3 -0.0002648058701844206
17 4 -0.0006788623078525355
17 5 -0.0007075558869911209
17 6 0.003322467434031733
17 7 -0.001777342440118471
17 8 -0.000148765838424338
17 9 0.001167372414685262
17 10 -0.003311617963461857
17 11 -0.005894980416958157
17 12 0.009835756141531236
17 13 0.001214489641292369
17 14 0.002990709671652854
17 15 -0.0006553563371009331
17 16 0.004777507623380245
17 17 0.01646240689376079
17 18 -0.006458103414203822
17 19 -0.0009764735782260303
17 20 0.003346152940207515
17 21 0.0003947529053420237
17 22 0.001323358182929524
17 23 0.002020297474915298
18 0 0.0002277198844999842
18 1 -0.0003234117167619163
18 2 -0.0002788692798151241
18 3 -0.0005587077388738106
18 4 -0.001674896351243336
18 5 0.003784688629662704
18 6 0.0004929900026757715
18 7 0.001820662000576808
18 8 -0.0002108593484218973
18 9 -0.001274413444300291
18 10 -7.05418725736927e-05
18 11 0.002234886563238612
18 12 0.004247766548926089
18 13 0.001920349521614293
18 14 -1.699028043020697e-05
18 15 0.00358917923549796
18 16 0.003460932130469288
18 17 -0.006458103414203773
18 18 0.01294771421656497
18 19 0.005172457718852686
18 20 0.002138722005565831
18 21 2.598284961310025e-05
18 22 0.001787148536596295
18 23 -0.001831456732120517
19 0 0.0001847677402219382
19 1 -0.0008527840338617545
19 2 -0.00348944407626365
19 3 0.001213718345043067
19 4 -0.001995171342690547
19 5 0.00109379408818345
19 6 0.0003664486882508368
19 7 0.002113614116912294
19 8 0.0006641885681962764
19 9 -0.00058745818227052
19 10 -0.002626702653874892
19 11 -0.002271576396961984
19 12 0.0007329160238586636
19 13 -0.0007395482223986846
19 14 0.001787475685668786
19 15 -0.0008846705405431675
19 16 -0.002839394405894884
19 17 -0.0009764735782260593
19 18 0.005172457718852715
19 19 0.011194290949863
19 20 0.001018175222921893
19 21 0.001287466737755108
19 22 0.002095135944667328
19 23 -0.001032895084408021
20 0 0.0001590564764174858
20 1 0.0003695766438071725
20 2 -0.000250655656815018
20 3 -0.001536885137651386
20 4 -0.0008620284984581529
20 5 -0.001951319647362791
20 6 0.001399683800947867
20 7 -0.003431335043647175
20 8 -0.0007150877693581373
20 9 0.0003589086156958603
20 10 0.004115915752174563
20 11 -0.001651217841855194
20 12 0.0004412489197751736
20 13 -0.001270365668033395
20 14 -0.0004167352713234046
20 15 -9.526370704262724e-05
20 16 -0.001280633935494001
20 17 0.00334615294020759
20 18 0.002138722005565839
20 19 0.001018175222921893
20 20 0.01632686885299351
20 21 0.0001089815405100082
20 22 -0.0004693361079360076
20 23 0.0004533934240728241
21 0 4.177149772607566e-05
21 1 -0.000335308084260407
21 2 0.000500993884248842
21 3 -0.0004912599031334736
21 4 0.001757171587443108
21 5 0.001739474842446158
21 6 -0.0009045332114103934
21 7 0.002988405430242372
21 8 -0.002476452617418094
21 9 0.001765515615496905
21 10 -0.0005536565747662901
21 11 0.001926508645906405
21 12 0.004666296388745019
21 13 0.0009035989845049016
21 14 -0.0006371802317555316
21 15 -0.0001754099412009974
21 16 0.002566035879799498
21 17 0.0003947529053420155
21 18 2.598284961311442e-05
21 19 0.001287466737755147
21 20 0.000108981540509995
21 21 0.01783060411277645
21 22 -0.001133260170976793
21 23 4.088664016895866e-05
22 0 9.375844216045719e-05
22 1 -0.001580418641251006
22 2 0.001320785764817653
22 3 7.056122817470683e-05
22 4 0.00351931169559627
22 5 0.00329578788755147
22 6 -0.002503345477602893
22 7 0.004705123081782388
22 8 0.0008384900248829623
22 9 0.0005090747443833726
22 10 -0.0007283022353211827
22 11 0.003205603660031004
22 12 -0.0006874134727422529
22 13 0.0008624755699825241
22 14 -0.004516684339575828
22 15 -0.002832889592026723
22 16 -0.0009362138578450845
22 17 0.001323358182929521
22 18 0.001787148536596287
22 19 0.002095135944667398
22 20 -0.0004693361079359721
22 21 -0.001133260170976851
22 22 0.01284327689227602
22 23 0.002946486599817203
23 0 -5.550786472093097e-05
23 1 0.0009605038017626105
23 2 0.0002735606397945926
23 3 -0.001113098715495431
23 4 0.003008143596263143
23 5 0.003098453390926053
23 6 -0.003904647894161221
23 7 0.004272286918520151
23 8 0.001464958442624295
23 9 0.001786052478886515
23 10 -0.003340514852772159
23 11 0.005118425618952952
23 12 -0.002979730241339211
23 13 -0.001700758592602221
23 14 0.003544614606528077
23 15 0.0005261403275167557
23 16 1.596505078921943e-05
23 17 0.00202029747491526
23 18 -0.001831456732120486
23 19 -0.001032895084408031
23 20 0.0004533934240728443
23 21 4.088664016896148e-05
23 22 0.002946486599817198
23 23 0.01115556802443183
