 &FCI NORB=   8,NELEC= 8,MS2=0,
  ORBSYM=1,1,1,1,1,1,1,1
  ISYM=1,
 &END
 0.5381047533378654    1    1    1    1
 -0.01469401866637146    2    1    1    1
 0.1390153068264153    2    1    2    1
 0.5168391297182418    2    2    1    1
 0.01769358602218625    2    2    2    1
 0.5384955488996361    2    2    2    2
 -0.03965261931460008    3    1    1    1
 0.003506757844808412    3    1    2    1
 -0.03955862015968967    3    1    2    2
 0.08811257756655598    3    1    3    1
 0.005475860437934941    3    2    1    1
 -0.03257882515919118    3    2    2    1
 -0.001597578248540746    3    2    2    2
 -0.003940180922607236    3    2    3    1
 0.02527979172171873    3    2    3    2
 0.4653182934158047    3    3    1    1
 -0.008672252651810829    3    3    2    1
 0.4285597535655583    3    3    2    2
 0.07733178929709636    3    3    3    1
 -0.0003161555464010807    3    3    3    2
 0.597275199538955    3    3    3    3
 0.0008249624755887505    4    1    1    1
 0.0003858342618731295    4    1    2    1
 -0.0008957026142567998    4    1    2    2
 0.0003078412829737386    4    1    3    1
 -0.0002538022327796126    4    1    3    2
 -0.001006962070462339    4    1    3    3
 0.06670734096137684    4    1    4    1
 0.0009661431360814166    4    2    1    1
 -0.00134804273611942    4    2    2    1
 0.0005825847493160492    4    2    2    2
 -0.0002661021592014437    4    2    3    1
 0.0003641191924118938    4    2    3    2
 0.0006731282943065731    4    2    3    3
 -0.001389181435543934    4    2    4    1
 0.02539019101871194    4    2    4    2
 0.0004014357055022776    4    3    1    1
 -0.0004939319656880794    4    3    2    1
 0.0002016943835666959    4    3    2    2
 -0.001340251843872412    4    3    3    1
 0.0002157528612199357    4    3    3    2
 -0.001060489897212399    4    3    3    3
 -0.002728980342701811    4    3    4    1
 0.001598304475714326    4    3    4    2
 0.01374182862589546    4    3    4    3
 0.4506322653787974    4    4    1    1
 -0.01136914023471102    4    4    2    1
 0.4333426731125208    4    4    2    2
 -0.02639936403914649    4    4    3    1
 0.006101652601123096    4    4    3    2
 0.3863023655178192    4    4    3    3
 -0.002357267815213439    4    4    4    1
 0.0005916447127255962    4    4    4    2
 -0.0001651465817651438    4    4    4    3
 0.4201630979917257    4    4    4    4
 0.002331885379510277    5    1    1    1
 -9.605365692106012e-05    5    1    2    1
 0.001025555431809247    5    1    2    2
 -0.0002696103551122767    5    1    3    1
 -0.0001311986817798299    5    1    3    2
 0.001538481920091432    5    1    3    3
 0.04012674274164418    5    1    4    1
 0.002848555494192387    5    1    4    2
 0.006618780629164279    5    1    4    3
 -0.002234478709787706    5    1    4    4
 0.04024273757661857    5    1    5    1
 -0.000829089316395746    5    2    1    1
 0.001418200418064029    5    2    2    1
 -0.0004014660924567356    5    2    2    2
 -0.0001970995338802011    5    2    3    1
 -0.001110044241645259    5    2    3    2
 -0.001237024971348675    5    2    3    3
 0.004442924627029589    5    2    4    1
 0.003548867593918803    5    2    4    2
 -0.0005146918718809338    5    2    4    3
 -0.0007273262913681917    5    2    4    4
 0.001972741606909704    5    2    5    1
 0.01095196022492715    5    2    5    2
 -0.001690566387669788    5    3    1    1
 -2.863322406064504e-05    5    3    2    1
 -0.002614234113652007    5    3    2    2
 0.002000200703398704    5    3    3    1
 -0.0003759579418900392    5    3    3    2
 0.002030823201445056    5    3    3    3
 0.01408518308680461    5    3    4    1
 -0.0005642745474238839    5    3    4    2
 0.01037990061359722    5    3    4    3
 -0.002345020204747267    5    3    4    4
 0.009554696328910286    5    3    5    1
 0.001270446394972831    5    3    5    2
 0.01534146801741828    5    3    5    3
 0.1023889859407281    5    4    1    1
 0.01086327483877393    5    4    2    1
 0.07336159599501717    5    4    2    2
 0.02584813767150305    5    4    3    1
 -0.003196321570610494    5    4    3    2
 0.1147136647874344    5    4    3    3
 -0.005176485779897481    5    4    4    1
 0.0001131370565416297    5    4    4    2
 -0.0008710949005137951    5    4    4    3
 0.07060024926592927    5    4    4    4
 -0.003071773097470028    5    4    5    1
 -0.001002992266094743    5    4    5    2
 -0.001349331935433026    5    4    5    3
 0.1163052639991356    5    4    5    4
 0.4524916176029787    5    5    1    1
 -0.007097955457138863    5    5    2    1
 0.4360761849382523    5    5    2    2
 -0.01703966084705966    5    5    3    1
 0.005310080484401138    5    5    3    2
 0.398911689672239    5    5    3    3
 -0.003708218566355175    5    5    4    1
 9.319741859920322e-05    5    5    4    2
 -0.0006503279242047441    5    5    4    3
 0.4269068682580283    5    5    4    4
 -0.003015464337969287    5    5    5    1
 -0.0009678782667639593    5    5    5    2
 -0.003190372067085705    5    5    5    3
 0.07492357656923695    5    5    5    4
 0.4441720733096415    5    5    5    5
 -0.02462357730322429    6    1    1    1
 0.002199584121769716    6    1    2    1
 -0.0280077513174417    6    1    2    2
 -0.02426018492274985    6    1    3    1
 -0.006288927734568532    6    1    3    2
 -0.02316213528181814    6    1    3    3
 -0.002038540454392295    6    1    4    1
 -5.680267515357879e-06    6    1    4    2
 0.0007240745393946186    6    1    4    3
 -0.02914246449506796    6    1    4    4
 -0.001022775456641609    6    1    5    1
 0.0004212512527774605    6    1    5    2
 0.001015382169303892    6    1    5    3
 -0.03355618362360052    6    1    5    4
 -0.03578260631924741    6    1    5    5
 0.0401210273809031    6    1    6    1
 -0.006780488861461729    6    2    1    1
 -0.01010680371573999    6    2    2    1
 -0.005136341932999011    6    2    2    2
 -0.01302022450435044    6    2    3    1
 -0.01218770382614503    6    2    3    2
 -0.02288087826484663    6    2    3    3
 0.0002315130383431606    6    2    4    1
 -5.43734185808379e-05    6    2    4    2
 0.0001683046964174158    6    2    4    3
 -0.005104577081442908    6    2    4    4
 0.0003025185144738943    6    2    5    1
 0.000559819139114317    6    2    5    2
 -5.80620713054248e-05    6    2    5    3
 -0.01617009355079441    6    2    5    4
 -0.007162835225208233    6    2    5    5
 0.0115892394925872    6    2    6    1
 0.02162671476831038    6    2    6    2
 -0.08605815516509177    6    3    1    1
 -0.01549129916424099    6    3    2    1
 -0.08841931034537213    6    3    2    2
 0.03936581231156276    6    3    3    1
 -0.004347603470998015    6    3    3    2
 0.01332377650397639    6    3    3    3
 0.001425837825311737    6    3    4    1
 -6.574175174231389e-05    6    3    4    2
 -4.061140779058184e-05    6    3    4    3
 -0.07284789526370546    6    3    4    4
 0.001667133026977195    6    3    5    1
 0.0001042852853539452    6    3    5    2
 0.004584739324113236    6    3    5    3
 -0.03447835520377897    6    3    5    4
 -0.07837270418452048    6    3    5    5
 0.04444162845095939    6    3    6    1
 0.00290408321330875    6    3    6    2
 0.1409675448278345    6    3    6    3
 -0.004800778223955503    6    4    1    1
 2.969911355267346e-05    6    4    2    1
 -0.002776795813975887    6    4    2    2
 0.0007479295811258734    6    4    3    1
 5.417955492942823e-05    6    4    3    2
 -0.002662514065449999    6    4    3    3
 -0.02070695293585588    6    4    4    1
 -0.0004696186951665694    6    4    4    2
 -0.009683898923399718    6    4    4    3
 -0.001694410313230589    6    4    4    4
 -0.02079729907308489    6    4    5    1
 -0.00342081836524009    6    4    5    2
 -0.0120667049039271    6    4    5    3
 -0.00159319557350139    6    4    5    4
 -0.0008172502290709189    6    4    5    5
 0.00126643786568512    6    4    6    1
 0.0002744527226914685    6    4    6    2
 0.001188235197401695    6    4    6    3
 0.01814524310295955    6    4    6    4
 -0.00297538530375128    6    5    1    1
 0.0008828183918634285    6    5    2    1
 -0.001863959944257013    6    5    2    2
 0.00388483718393467    6    5    3    1
 -0.0003164342747212962    6    5    3    2
 0.005150309170972378    6    5    3    3
 -0.02836056098395121    6    5    4    1
 -0.004478468380465919    6    5    4    2
 -0.009638649207992548    6    5    4    3
 -0.001715883076828951    6    5    4    4
 -0.02419344420634788    6    5    5    1
 -0.002474596458692696    6    5    5    2
 -0.01469919039432147    6    5    5    3
 0.002758993492059541    6    5    5    4
 -0.0006639942560374354    6    5    5    5
 0.001615970467413268    6    5    6    1
 -0.0006864995874558335    6    5    6    2
 0.004341800125713465    6    5    6    3
 0.02007981324333282    6    5    6    4
 0.02543563880536897    6    5    6    5
 0.4538128708296553    6    6    1    1
 0.01431522649328501    6    6    2    1
 0.4260849266032034    6    6    2    2
 0.09497848258457733    6    6    3    1
 -0.00262470797234939    6    6    3    2
 0.6019191363737405    6    6    3    3
 0.001137693699104406    6    6    4    1
 0.0005280192732544773    6    6    4    2
 -0.0007255070627752598    6    6    4    3
 0.3819673576054886    6    6    4    4
 0.00305577336702006    6    6    5    1
 -0.001123975076126417    6    6    5    2
 0.003722656427566967    6    6    5    3
 0.1310586765546174    6    6    5    4
 0.4001943864074138    6    6    5    5
 -0.03201964092133614    6    6    6    1
 -0.03401187492810261    6    6    6    2
 0.02881363038975934    6    6    6    3
 -0.00415466683264818    6    6    6    4
 0.004912084791967095    6    6    6    5
 0.654670322882685    6    6    6    6
 0.0537830810332704    7    1    1    1
 0.0077031690934613    7    1    2    1
 0.01832468115476158    7    1    2    2
 -0.01256452405493093    7    1    3    1
 0.002641013147466175    7    1    3    2
 0.04462628154251476    7    1    3    3
 -1.845357277939035e-05    7    1    4    1
 -2.556603599225327e-05    7    1    4    2
 0.0008609511576874967    7    1    4    3
 0.03466283912102729    7    1    4    4
 0.001118336875184996    7    1    5    1
 -0.0007636563055407731    7    1    5    2
 0.0003569436516233198    7    1    5    3
 0.05530956172952055    7    1    5    4
 0.03533222127103747    7    1    5    5
 -0.003016780419691418    7    1    6    1
 -0.01405244177073317    7    1    6    2
 -0.0199605831723219    7    1    6    3
 -0.003110620347836896    7    1    6    4
 -0.001444334945943798    7    1    6    5
 0.04732745243504508    7    1    6    6
 0.06379983166915824    7    1    7    1
 0.03027178285617036    7    2    1    1
 -0.05840320104240702    7    2    2    1
 0.009338368691905638    7    2    2    2
 0.005649418800716304    7    2    3    1
 0.01975259378906484    7    2    3    2
 0.03208796580429141    7    2    3    3
 -0.0005753557268671359    7    2    4    1
 0.0003300497795593411    7    2    4    2
 0.0001080139279353022    7    2    4    3
 0.0233455946437391    7    2    4    4
 -0.0006178693913638647    7    2    5    1
 -0.001670498451286039    7    2    5    2
 -0.0001453977444563802    7    2    5    3
 0.0178756658964451    7    2    5    4
 0.02338813197563294    7    2    5    5
 -0.01625914604220219    7    2    6    1
 -0.01137473266628791    7    2    6    2
 -0.002461036167626744    7    2    6    3
 -0.0005356800498195684    7    2    6    4
 -0.0003103223094613832    7    2    6    5
 0.02767596394479974    7    2    6    6
 0.02040808125735726    7    2    7    1
 0.06984877697703609    7    2    7    2
 -0.03621736917751169    7    3    1    1
 0.007548981641375405    7    3    2    1
 -0.01511200916597093    7    3    2    2
 0.01831705145237365    7    3    3    1
 0.0005167832035297789    7    3    3    2
 -0.01402787446052829    7    3    3    3
 0.001834094250666538    7    3    4    1
 -0.0001678431016797441    7    3    4    2
 -9.7221735501477e-06    7    3    4    3
 -0.02046896651067045    7    3    4    4
 0.0009511492747105142    7    3    5    1
 0.0003424257611941654    7    3    5    2
 0.001258850680838416    7    3    5    3
 -0.02510788406342102    7    3    5    4
 -0.01947724970643886    7    3    5    5
 0.001022178168914699    7    3    6    1
 0.0008599665744777389    7    3    6    2
 0.02697054373677021    7    3    6    3
 0.000726499862158658    7    3    6    4
 0.0003521830321491017    7    3    6    5
 -0.006081169502184096    7    3    6    6
 -0.03465615470960107    7    3    7    1
 -0.01358451099169348    7    3    7    2
 0.02709770489553625    7    3    7    3
 -0.0002547015316540998    7    4    1    1
 8.93555362006936e-05    7    4    2    1
 -0.0008935692713583653    7    4    2    2
 0.001741274592068325    7    4    3    1
 -0.0001451909963537132    7    4    3    2
 0.0009524569144054478    7    4    3    3
 0.01791333362009071    7    4    4    1
 0.002360683135172854    7    4    4    2
 2.74783378812034e-05    7    4    4    3
 -0.00197040855059682    7    4    4    4
 0.0235392063547605    7    4    5    1
 0.004095623889558564    7    4    5    2
 -0.001604064776355339    7    4    5    3
 -2.556271058214164e-05    7    4    5    4
 -0.001610896607689138    7    4    5    5
 -0.00209495432743676    7    4    6    1
 -0.0002654173249283368    7    4    6    2
 0.0004609128957925892    7    4    6    3
 -0.008615489393381175    7    4    6    4
 -0.008061983546365099    7    4    6    5
 0.002051401716711114    7    4    6    6
 0.0007631325395653681    7    4    7    1
 -0.0001473308531267039    7    4    7    2
 0.0004409223272433302    7    4    7    3
 0.02126919138100012    7    4    7    4
 0.004241810278132366    7    5    1    1
 -0.002192404715905549    7    5    2    1
 0.001338610509002445    7    5    2    2
 0.001486181151212373    7    5    3    1
 0.0005033397607271157    7    5    3    2
 0.00476225180118506    7    5    3    3
 0.03880731907840894    7    5    4    1
 0.005639980782305227    7    5    4    2
 -0.005339039681395093    7    5    4    3
 0.001457483601550337    7    5    4    4
 0.0231796466530614    7    5    5    1
 0.003856541527665111    7    5    5    2
 0.004476181047115044    7    5    5    3
 0.0002192017658347938    7    5    5    4
 0.0008195152282775012    7    5    5    5
 -0.002455406056556447    7    5    6    1
 -0.0005761392457350738    7    5    6    2
 0.000315498067464127    7    5    6    3
 -0.009346186055749722    7    5    6    4
 -0.01527039897991811    7    5    6    5
 0.006069923715049171    7    5    6    6
 0.001960618985748458    7    5    7    1
 0.00210933810756271    7    5    7    2
 -0.000229475701548977    7    5    7    3
 0.01218030072710277    7    5    7    4
 0.02996130762274446    7    5    7    5
 0.01054823139273414    7    6    1    1
 -0.02956509526627316    7    6    2    1
 -0.009228584154759089    7    6    2    2
 0.002271078649358364    7    6    3    1
 0.004667544447888925    7    6    3    2
 0.02889669944911478    7    6    3    3
 -0.003317516208943431    7    6    4    1
 3.657856693041554e-05    7    6    4    2
 0.0002220663033243812    7    6    4    3
 -0.0006836172642277248    7    6    4    4
 -0.001979455057582179    7    6    5    1
 -0.0007191602291873498    7    6    5    2
 2.655658415544267e-05    7    6    5    3
 0.007462946392662084    7    6    5    4
 -0.0026069605992513    7    6    5    5
 0.006840801756371154    7    6    6    1
 0.0005440796997530254    7    6    6    2
 0.0136758777870818    7    6    6    3
 0.0007328636509643514    7    6    6    4
 0.00219332118223218    7    6    6    5
 0.02435183167874422    7    6    6    6
 0.01610606906165405    7    6    7    1
 0.02017494306142398    7    6    7    2
 -0.0132957580413773    7    6    7    3
 -0.001243483638393647    7    6    7    4
 -0.0009375708105121072    7    6    7    5
 0.02001297224852656    7    6    7    6
 0.479203557505897    7    7    1    1
 0.04078555240570431    7    7    2    1
 0.4847698161381989    7    7    2    2
 -0.06203842775097128    7    7    3    1
 -0.01225002243630647    7    7    3    2
 0.386052162756258    7    7    3    3
 0.0009935697029408617    7    7    4    1
 0.0003926034764462422    7    7    4    2
 0.0005222009892348638    7    7    4    3
 0.410278324237157    7    7    4    4
 0.002301507698218022    7    7    5    1
 0.0006635421132558959    7    7    5    2
 -0.002070036201829694    7    7    5    3
 0.06045182045025293    7    7    5    4
 0.4188176314374605    7    7    5    5
 -0.004037290561767984    7    7    6    1
 0.004362014697938738    7    7    6    2
 -0.08571315644140427    7    7    6    3
 -0.003621862704227862    7    7    6    4
 -0.003727408330930328    7    7    6    5
 0.3802275580742446    7    7    6    6
 0.03435540540922393    7    7    7    1
 -0.01302147469362934    7    7    7    2
 -0.02679487128577447    7    7    7    3
 -0.000811100019273416    7    7    7    4
 0.00161612374324966    7    7    7    5
 -0.007707646798676407    7    7    7    6
 0.4978290185970318    7    7    7    7
 -0.0243236687504443    8    1    1    1
 0.004440040751116015    8    1    2    1
 -0.01421209379667912    8    1    2    2
 -0.00484024478743776    8    1    3    1
 0.01875919113666207    8    1    3    2
 -0.02121177844691218    8    1    3    3
 9.243642616642679e-05    8    1    4    1
 -0.0009640678599507298    8    1    4    2
 0.0001089704778303005    8    1    4    3
 -0.01385596486535896    8    1    4    4
 -0.0005450925775599551    8    1    5    1
 -0.001286656570892013    8    1    5    2
 -1.033819896489383e-05    8    1    5    3
 -0.0299269696281288    8    1    5    4
 -0.0153067829673481    8    1    5    5
 0.002097071119337006    8    1    6    1
 -0.01766226600839584    8    1    6    2
 0.01376889025059035    8    1    6    3
 0.001216837092415829    8    1    6    4
 0.0005334479854119444    8    1    6    5
 -0.02004825468323955    8    1    6    6
 -0.008427736971972761    8    1    7    1
 0.0223043052502909    8    1    7    2
 0.01189555542255358    8    1    7    3
 -0.0009613692669387526    8    1    7    4
 -0.0007360597201249738    8    1    7    5
 -0.003754348645362171    8    1    7    6
 -0.02021879268980831    8    1    7    7
 0.05491706710234709    8    1    8    1
 0.06184190475898321    8    2    1    1
 0.01240825418500029    8    2    2    1
 0.05106474221861251    8    2    2    2
 0.03736194706441568    8    2    3    1
 -0.005620740970005118    8    2    3    2
 0.08850267603022374    8    2    3    3
 -0.002336908010279896    8    2    4    1
 -4.238844311900636e-05    8    2    4    2
 -0.0007609896562981871    8    2    4    3
 0.03615570704750133    8    2    4    4
 -0.001510518980380253    8    2    5    1
 -0.0005864506464098627    8    2    5    2
 -0.0002546630456668566    8    2    5    3
 0.07942143970616115    8    2    5    4
 0.04216241767688034    8    2    5    5
 -0.03453031964975211    8    2    6    1
 -0.01705317108708171    8    2    6    2
 -0.02760308168360882    8    2    6    3
 -0.00138173806156715    8    2    6    4
 0.001778988005434793    8    2    6    5
 0.1086673622165066    8    2    6    6
 0.04287168054448313    8    2    7    1
 0.01443578054942316    8    2    7    2
 -0.02202331480375006    8    2    7    3
 0.0008098342026416552    8    2    7    4
 0.001346350636046136    8    2    7    5
 0.008382813287139419    8    2    7    6
 0.02532314686346193    8    2    7    7
 -0.03307761034800728    8    2    8    1
 0.09520609989859329    8    2    8    2
 -0.01262348433764949    8    3    1    1
 0.04572917873340505    8    3    2    1
 -0.007349566060595446    8    3    2    2
 0.005974874087708903    8    3    3    1
 -0.002662209960389087    8    3    3    2
 0.00619768972160996    8    3    3    3
 2.343202717391831e-05    8    3    4    1
 -0.0005526598936879506    8    3    4    2
 -0.0001690270749398625    8    3    4    3
 -0.0144177555439922    8    3    4    4
 8.821177185247816e-05    8    3    5    1
 0.0003910240823644917    8    3    5    2
 0.0006306162540122067    8    3    5    3
 0.007378439502529425    8    3    5    4
 -0.01408210530072163    8    3    5    5
 0.007655917629341013    8    3    6    1
 -0.01012087743228959    8    3    6    2
 0.01140020577356793    8    3    6    3
 -8.884080378832246e-05    8    3    6    4
 0.001279290647432129    8    3    6    5
 0.02023559199942922    8    3    6    6
 0.009114926458875622    8    3    7    1
 -0.0265137422113154    8    3    7    2
 0.004155914729209696    8    3    7    3
 3.287164204246188e-05    8    3    7    4
 -0.0007031024992354211    8    3    7    5
 -0.00712058532924489    8    3    7    6
 0.00337718536036953    8    3    7    7
 -0.0008117534437277803    8    3    8    1
 0.009339340881066641    8    3    8    2
 0.03353507423863726    8    3    8    3
 0.0001973227244583302    8    4    1    1
 -0.001929515450654693    8    4    2    1
 5.254544847466383e-05    8    4    2    2
 2.98794786093358e-05    8    4    3    1
 -0.0001230457570800216    8    4    3    2
 0.0002825208511713283    8    4    3    3
 -0.007431108673382864    8    4    4    1
 -0.0001511815595334042    8    4    4    2
 -0.002984489055246584    8    4    4    3
 0.001014022730754932    8    4    4    4
 -0.01218889771150682    8    4    5    1
 0.01169959412447377    8    4    5    2
 -0.0008048974026904184    8    4    5    3
 0.000520559506427074    8    4    5    4
 0.0009013154034189168    8    4    5    5
 0.0006156934275212313    8    4    6    1
 0.0002829566537506692    8    4    6    2
 1.230540281452415e-05    8    4    6    3
 0.003114693562787237    8    4    6    4
 0.005683145841030299    8    4    6    5
 -0.0004530347056241527    8    4    6    6
 -0.0007558516477806303    8    4    7    1
 0.000455955150105299    8    4    7    2
 -0.000335304626824001    8    4    7    3
 -0.004235358075402278    8    4    7    4
 -0.003504598877610761    8    4    7    5
 0.0008976223915810513    8    4    7    6
 -0.000288334202689578    8    4    7    7
 -0.001011773951894179    8    4    8    1
 0.0003931892591024856    8    4    8    2
 -0.0005701089269044987    8    4    8    3
 0.01904490412224095    8    4    8    4
 -0.001690583046268562    8    5    1    1
 -0.003822112003573825    8    5    2    1
 -0.001959468585616322    8    5    2    2
 0.0001347073998992183    8    5    3    1
 0.000894953295343857    8    5    3    2
 -0.000292698723527598    8    5    3    3
 -0.01978155704000027    8    5    4    1
 0.01971997891453108    8    5    4    2
 0.001309653653191345    8    5    4    3
 -0.0003156974112894934    8    5    4    4
 -0.01012275166194571    8    5    5    1
 0.002315760552112006    8    5    5    2
 -0.004914469544970326    8    5    5    3
 0.0001450614642321564    8    5    5    4
 -0.0004090514768914453    8    5    5    5
 0.001011349464278327    8    5    6    1
 0.0002254175051689068    8    5    6    2
 0.001453022739591123    8    5    6    3
 0.006392011095918732    8    5    6    4
 0.005314001640724286    8    5    6    5
 -0.001537179084511123    8    5    6    6
 -0.0008946716598647604    8    5    7    1
 0.001937762073044847    8    5    7    2
 -0.0003059702542044592    8    5    7    3
 -0.003330608570143979    8    5    7    4
 -0.006578597558286115    8    5    7    5
 0.001741666899914709    8    5    7    6
 -0.003006026819544192    8    5    7    7
 0.0001534276017783433    8    5    8    1
 -0.0008321510934600705    8    5    8    2
 -0.001642805651608384    8    5    8    3
 0.003919617995531816    8    5    8    4
 0.02559241080579838    8    5    8    5
 -0.007749081732715887    8    6    1    1
 -0.04538214382631633    8    6    2    1
 -0.02353072648203092    8    6    2    2
 0.01984389104920064    8    6    3    1
 -0.002713547191819136    8    6    3    2
 0.02384659373635337    8    6    3    3
 0.001147636112828913    8    6    4    1
 0.0001360955510364001    8    6    4    2
 -6.344047981464414e-05    8    6    4    3
 -0.006574821526306751    8    6    4    4
 0.001064599474263389    8    6    5    1
 2.684590303850055e-06    8    6    5    2
 0.001370810512117607    8    6    5    3
 0.004901049485972182    8    6    5    4
 -0.006801464742156791    8    6    5    5
 0.002209891764602151    8    6    6    1
 0.01359741697431253    8    6    6    2
 0.02981641938077814    8    6    6    3
 -0.0005474630704376057    8    6    6    4
 0.0002644359524608557    8    6    6    5
 0.01999294642384579    8    6    6    6
 -0.004590038216730829    8    6    7    1
 0.01646249999797669    8    6    7    2
 -0.001025646084858306    8    6    7    3
 0.000866387798023888    8    6    7    4
 0.001800999459315984    8    6    7    5
 0.01602838944590755    8    6    7    6
 -0.02980122286399831    8    6    7    7
 -0.01642419092797028    8    6    8    1
 0.004226860228361005    8    6    8    2
 -0.02014116185205514    8    6    8    3
 0.0006890174169246081    8    6    8    4
 0.0009696460759176614    8    6    8    5
 0.03758364055479139    8    6    8    6
 0.001977743652389659    8    7    1    1
 0.07439719122340771    8    7    2    1
 0.02219257814645163    8    7    2    2
 0.0163726393880333    8    7    3    1
 -0.02690926717166872    8    7    3    2
 0.0188669500629654    8    7    3    3
 -0.001221844654043702    8    7    4    1
 -0.0003654124216762932    8    7    4    2
 -0.0005852851116721116    8    7    4    3
 -0.002470022574622004    8    7    4    4
 -0.0008080296095466758    8    7    5    1
 0.001341461532284196    8    7    5    2
 -0.0001443442861557245    8    7    5    3
 0.01667300660966367    8    7    5    4
 0.001016044321742577    8    7    5    5
 -0.003971850517532672    8    7    6    1
 0.0008598406219060165    8    7    6    2
 -0.008832517785041826    8    7    6    3
 0.0004346886195266574    8    7    6    4
 0.001834404031630163    8    7    6    5
 0.03533190478626639    8    7    6    6
 -0.0005224700830154042    8    7    7    1
 -0.04290352811024963    8    7    7    2
 0.005045703282361596    8    7    7    3
 0.000233865091573225    8    7    7    4
 -0.0018870911559592    8    7    7    5
 -0.01787904590354415    8    7    7    6
 0.02884588317751521    8    7    7    7
 -0.01891524339031626    8    7    8    1
 0.02670970720212446    8    7    8    2
 0.02429804533041739    8    7    8    3
 -0.0002559637149595147    8    7    8    4
 -0.001824882836298386    8    7    8    5
 -0.01651931494485955    8    7    8    6
 0.06281111148823994    8    7    8    7
 0.5280203042369033    8    8    1    1
 -0.06326112725919356    8    8    2    1
 0.5200342053404704    8    8    2    2
 -0.01924403128432088    8    8    3    1
 0.01845725302428675    8    8    3    2
 0.4657923776087871    8    8    3    3
 -0.001905305298811584    8    8    4    1
 0.001374920830808138    8    8    4    2
 -6.992100438984604e-05    8    8    4    3
 0.4515646306107646    8    8    4    4
 0.0001389361657480216    8    8    5    1
 -0.001723294974576254    8    8    5    2
 -0.002939546142660208    8    8    5    3
 0.08375794733880246    8    8    5    4
 0.4641839317331232    8    8    5    5
 -0.04518266019183136    8    8    6    1
 -0.006395911230716769    8    8    6    2
 -0.09035020326199623    8    8    6    3
 -0.002535168361139972    8    8    6    4
 -0.001693228902491202    8    8    6    5
 0.4611576041199446    8    8    6    6
 0.02692010938437453    8    8    7    1
 0.05779067311896248    8    8    7    2
 -0.02444431910706107    8    8    7    3
 -0.0006005500367199236    8    8    7    4
 0.003344032482267151    8    8    7    5
 0.01236613629460529    8    8    7    6
 0.4602930399147134    8    8    7    7
 -0.01867081112093648    8    8    8    1
 0.06671736796642859    8    8    8    2
 -0.03743865564552536    8    8    8    3
 0.001074169293248208    8    8    8    4
 0.0006330397590012206    8    8    8    5
 0.008253684938083223    8    8    8    6
 -0.02157197972782542    8    8    8    7
 0.5918608546767169    8    8    8    8
 -4.238587642250665    1    1  0  0
 0.03175385605907771    2    1  0  0
 -3.726041130887504    2    2  0  0
 0.05892899291328461    3    1  0  0
 -0.01613622996265166    3    2  0  0
 -3.625812182803637    3    3  0  0
 0.002649340129070912    4    1  0  0
 -0.003851185199724824    4    2  0  0
 0.0006913367762254449    4    3  0  0
 -3.230363730765337    4    4  0  0
 -0.004749065253803377    5    1  0  0
 0.005629496945211962    5    2  0  0
 0.009018080278968494    5    3  0  0
 -0.5974729337375572    5    4  0  0
 -2.946479009831863    5    5  0  0
 0.1938003291403969    6    1  0  0
 0.07205061581810532    6    2  0  0
 0.4351950300177495    6    3  0  0
 0.02004103360991329    6    4  0  0
 0.005338425740814318    6    5  0  0
 -2.815243615431648    6    6  0  0
 -0.2711835481683398    7    1  0  0
 -0.1701685429230308    7    2  0  0
 0.1648401455617498    7    3  0  0
 0.002663906152452559    7    4  0  0
 -0.0229191859855853    7    5  0  0
 -0.05510191758831461    7    6  0  0
 -2.576464466909254    7    7  0  0
 0.1338353395992858    8    1  0  0
 -0.4224386436814169    8    2  0  0
 0.04913850283634123    8    3  0  0
 -0.002197771144376247    8    4  0  0
 0.008536528069873267    8    5  0  0
 0.02757487137801082    8    6  0  0
 -0.0752058983431112    8    7  0  0
 -2.848254365887886    8    8  0  0
 0  0  0  0  0
