2.047000000000000000e+03
3.071000000000000000e+03
3.583000000000000000e+03
3.839000000000000000e+03
3.967000000000000000e+03
4.031000000000000000e+03
4.063000000000000000e+03
4.079000000000000000e+03
4.087000000000000000e+03
4.091000000000000000e+03
4.093000000000000000e+03
4.094000000000000000e+03
5.119000000000000000e+03
5.631000000000000000e+03
5.887000000000000000e+03
6.015000000000000000e+03
6.079000000000000000e+03
6.111000000000000000e+03
6.127000000000000000e+03
6.135000000000000000e+03
6.139000000000000000e+03
6.141000000000000000e+03
6.142000000000000000e+03
6.655000000000000000e+03
6.911000000000000000e+03
7.039000000000000000e+03
7.103000000000000000e+03
7.135000000000000000e+03
7.151000000000000000e+03
7.159000000000000000e+03
7.163000000000000000e+03
7.165000000000000000e+03
7.166000000000000000e+03
7.423000000000000000e+03
7.551000000000000000e+03
7.615000000000000000e+03
7.647000000000000000e+03
7.663000000000000000e+03
7.671000000000000000e+03
7.675000000000000000e+03
7.677000000000000000e+03
7.678000000000000000e+03
7.807000000000000000e+03
7.871000000000000000e+03
7.903000000000000000e+03
7.919000000000000000e+03
7.927000000000000000e+03
7.931000000000000000e+03
7.933000000000000000e+03
7.934000000000000000e+03
7.999000000000000000e+03
8.031000000000000000e+03
8.047000000000000000e+03
8.055000000000000000e+03
8.059000000000000000e+03
8.061000000000000000e+03
8.062000000000000000e+03
8.095000000000000000e+03
8.111000000000000000e+03
8.119000000000000000e+03
8.123000000000000000e+03
8.125000000000000000e+03
8.126000000000000000e+03
8.143000000000000000e+03
8.151000000000000000e+03
8.155000000000000000e+03
8.157000000000000000e+03
8.167000000000000000e+03
8.171000000000000000e+03
8.173000000000000000e+03
8.174000000000000000e+03
8.179000000000000000e+03
8.181000000000000000e+03
8.182000000000000000e+03
8.185000000000000000e+03
8.186000000000000000e+03
8.188000000000000000e+03
9.215000000000000000e+03
9.727000000000000000e+03
9.983000000000000000e+03
1.011100000000000000e+04
1.017500000000000000e+04
1.020700000000000000e+04
1.022300000000000000e+04
1.023100000000000000e+04
1.023500000000000000e+04
1.023700000000000000e+04
1.023800000000000000e+04
1.075100000000000000e+04
1.100700000000000000e+04
1.113500000000000000e+04
1.119900000000000000e+04
1.123100000000000000e+04
1.124700000000000000e+04
1.125500000000000000e+04
1.125900000000000000e+04
1.126100000000000000e+04
1.126200000000000000e+04
1.151900000000000000e+04
1.164700000000000000e+04
1.171100000000000000e+04
1.174300000000000000e+04
1.175900000000000000e+04
1.176700000000000000e+04
1.177100000000000000e+04
1.177300000000000000e+04
1.177400000000000000e+04
1.190300000000000000e+04
1.196700000000000000e+04
1.199900000000000000e+04
1.201500000000000000e+04
1.202300000000000000e+04
1.202700000000000000e+04
1.202900000000000000e+04
1.203000000000000000e+04
1.209500000000000000e+04
1.212700000000000000e+04
1.214300000000000000e+04
1.215100000000000000e+04
1.215500000000000000e+04
1.215700000000000000e+04
1.215800000000000000e+04
1.219100000000000000e+04
1.220700000000000000e+04
1.221500000000000000e+04
1.221900000000000000e+04
1.222100000000000000e+04
1.222200000000000000e+04
1.223900000000000000e+04
1.224700000000000000e+04
1.225100000000000000e+04
1.225300000000000000e+04
1.225400000000000000e+04
1.226300000000000000e+04
1.226700000000000000e+04
1.226900000000000000e+04
1.227000000000000000e+04
1.227500000000000000e+04
1.227700000000000000e+04
1.227800000000000000e+04
1.228100000000000000e+04
1.228200000000000000e+04
1.228400000000000000e+04
1.279900000000000000e+04
1.305500000000000000e+04
1.318300000000000000e+04
1.324700000000000000e+04
1.327900000000000000e+04
1.329500000000000000e+04
1.330300000000000000e+04
1.330700000000000000e+04
1.330900000000000000e+04
1.331000000000000000e+04
1.356700000000000000e+04
1.369500000000000000e+04
1.375900000000000000e+04
1.379100000000000000e+04
1.380700000000000000e+04
1.381500000000000000e+04
1.381900000000000000e+04
1.382100000000000000e+04
1.395100000000000000e+04
1.401500000000000000e+04
1.404700000000000000e+04
1.406300000000000000e+04
1.407100000000000000e+04
1.407500000000000000e+04
1.407700000000000000e+04
1.407800000000000000e+04
1.414300000000000000e+04
1.417500000000000000e+04
1.419100000000000000e+04
1.419900000000000000e+04
1.420500000000000000e+04
1.420600000000000000e+04
1.423900000000000000e+04
1.425500000000000000e+04
1.426300000000000000e+04
1.426700000000000000e+04
1.426900000000000000e+04
1.427000000000000000e+04
1.428700000000000000e+04
1.429500000000000000e+04
1.429900000000000000e+04
1.430100000000000000e+04
1.430200000000000000e+04
1.431100000000000000e+04
1.431500000000000000e+04
1.431700000000000000e+04
1.431800000000000000e+04
1.432300000000000000e+04
1.432500000000000000e+04
1.432600000000000000e+04
1.432900000000000000e+04
1.433200000000000000e+04
1.459100000000000000e+04
1.481500000000000000e+04
1.483100000000000000e+04
1.483900000000000000e+04
1.484500000000000000e+04
1.497500000000000000e+04
1.503900000000000000e+04
1.507100000000000000e+04
1.509500000000000000e+04
1.509900000000000000e+04
1.510100000000000000e+04
1.510200000000000000e+04
1.519900000000000000e+04
1.521500000000000000e+04
1.522300000000000000e+04
1.522900000000000000e+04
1.523000000000000000e+04
1.527900000000000000e+04
1.528700000000000000e+04
1.529300000000000000e+04
1.531100000000000000e+04
1.531900000000000000e+04
1.532300000000000000e+04
1.533500000000000000e+04
1.535000000000000000e+04
1.535300000000000000e+04
1.559900000000000000e+04
1.560700000000000000e+04
1.561300000000000000e+04
1.571100000000000000e+04
1.577500000000000000e+04
1.579900000000000000e+04
1.580600000000000000e+04
1.583100000000000000e+04
1.583800000000000000e+04
1.584700000000000000e+04
1.585900000000000000e+04
1.598300000000000000e+04
1.599100000000000000e+04
1.603100000000000000e+04
1.604700000000000000e+04
1.605500000000000000e+04
1.606100000000000000e+04
1.610700000000000000e+04
1.612100000000000000e+04
1.612200000000000000e+04
1.612400000000000000e+04
1.617500000000000000e+04
1.618300000000000000e+04
1.618700000000000000e+04
1.620700000000000000e+04
1.622200000000000000e+04
1.623500000000000000e+04
1.624300000000000000e+04
1.624600000000000000e+04
1.625200000000000000e+04
1.627900000000000000e+04
1.628300000000000000e+04
1.629500000000000000e+04
1.631600000000000000e+04
1.634800000000000000e+04
1.635800000000000000e+04
1.637600000000000000e+04
1.740700000000000000e+04
1.791900000000000000e+04
1.817500000000000000e+04
1.830300000000000000e+04
1.836700000000000000e+04
1.839900000000000000e+04
1.841500000000000000e+04
1.842300000000000000e+04
1.842700000000000000e+04
1.842900000000000000e+04
1.843000000000000000e+04
1.894300000000000000e+04
1.919900000000000000e+04
1.932700000000000000e+04
1.939100000000000000e+04
1.942300000000000000e+04
1.943900000000000000e+04
1.944700000000000000e+04
1.945100000000000000e+04
1.945300000000000000e+04
1.945400000000000000e+04
1.971100000000000000e+04
1.983900000000000000e+04
1.990300000000000000e+04
1.993500000000000000e+04
1.995100000000000000e+04
1.995900000000000000e+04
1.996300000000000000e+04
1.996500000000000000e+04
1.996600000000000000e+04
2.009500000000000000e+04
2.015900000000000000e+04
2.019100000000000000e+04
2.020700000000000000e+04
2.021500000000000000e+04
2.021900000000000000e+04
2.022100000000000000e+04
2.022200000000000000e+04
2.028700000000000000e+04
2.031900000000000000e+04
2.033500000000000000e+04
2.034300000000000000e+04
2.034700000000000000e+04
2.034900000000000000e+04
2.035000000000000000e+04
2.038300000000000000e+04
2.039900000000000000e+04
2.040700000000000000e+04
2.041100000000000000e+04
2.041300000000000000e+04
2.043100000000000000e+04
2.043900000000000000e+04
2.044300000000000000e+04
2.044500000000000000e+04
2.044600000000000000e+04
2.045500000000000000e+04
2.045900000000000000e+04
2.046100000000000000e+04
2.046700000000000000e+04
2.046900000000000000e+04
2.047000000000000000e+04
2.047300000000000000e+04
2.047400000000000000e+04
2.047600000000000000e+04
2.099100000000000000e+04
2.124700000000000000e+04
2.137500000000000000e+04
2.143900000000000000e+04
2.147100000000000000e+04
2.148700000000000000e+04
2.149500000000000000e+04
2.149900000000000000e+04
2.150100000000000000e+04
2.150200000000000000e+04
2.175900000000000000e+04
2.188700000000000000e+04
2.195100000000000000e+04
2.198300000000000000e+04
2.199900000000000000e+04
2.200700000000000000e+04
2.201100000000000000e+04
2.201300000000000000e+04
2.214300000000000000e+04
2.220700000000000000e+04
2.223900000000000000e+04
2.225500000000000000e+04
2.226300000000000000e+04
2.226700000000000000e+04
2.226900000000000000e+04
2.227000000000000000e+04
2.233500000000000000e+04
2.236700000000000000e+04
2.238300000000000000e+04
2.239100000000000000e+04
2.239500000000000000e+04
2.239700000000000000e+04
2.243100000000000000e+04
2.244700000000000000e+04
2.245500000000000000e+04
2.245900000000000000e+04
2.246100000000000000e+04
2.247900000000000000e+04
2.248700000000000000e+04
2.249100000000000000e+04
2.249300000000000000e+04
2.249400000000000000e+04
2.250300000000000000e+04
2.250700000000000000e+04
2.250900000000000000e+04
2.251000000000000000e+04
2.251500000000000000e+04
2.251700000000000000e+04
2.251800000000000000e+04
2.252100000000000000e+04
2.252200000000000000e+04
2.278300000000000000e+04
2.297500000000000000e+04
2.300700000000000000e+04
2.302300000000000000e+04
2.303100000000000000e+04
2.303500000000000000e+04
2.303700000000000000e+04
2.316700000000000000e+04
2.323100000000000000e+04
2.326300000000000000e+04
2.327900000000000000e+04
2.328700000000000000e+04
2.329100000000000000e+04
2.339100000000000000e+04
2.340700000000000000e+04
2.342100000000000000e+04
2.342200000000000000e+04
2.345500000000000000e+04
2.347100000000000000e+04
2.347900000000000000e+04
2.348300000000000000e+04
2.348600000000000000e+04
2.350300000000000000e+04
2.351100000000000000e+04
2.351500000000000000e+04
2.351700000000000000e+04
2.351800000000000000e+04
2.352700000000000000e+04
2.353100000000000000e+04
2.353300000000000000e+04
2.353900000000000000e+04
2.354100000000000000e+04
2.354500000000000000e+04
2.354600000000000000e+04
2.374300000000000000e+04
2.387100000000000000e+04
2.391900000000000000e+04
2.393400000000000000e+04
2.396700000000000000e+04
2.398300000000000000e+04
2.399100000000000000e+04
2.399500000000000000e+04
2.399700000000000000e+04
2.402300000000000000e+04
2.402700000000000000e+04
2.405300000000000000e+04
2.412700000000000000e+04
2.415900000000000000e+04
2.418700000000000000e+04
2.422300000000000000e+04
2.423900000000000000e+04
2.425400000000000000e+04
2.427900000000000000e+04
2.428500000000000000e+04
2.430900000000000000e+04
2.431600000000000000e+04
2.436700000000000000e+04
2.439900000000000000e+04
2.440700000000000000e+04
2.442300000000000000e+04
2.443000000000000000e+04
2.444200000000000000e+04
2.447100000000000000e+04
2.448700000000000000e+04
2.449300000000000000e+04
2.449400000000000000e+04
2.452300000000000000e+04
2.454000000000000000e+04
2.456200000000000000e+04
2.456800000000000000e+04
2.508700000000000000e+04
2.534300000000000000e+04
2.547100000000000000e+04
2.553500000000000000e+04
2.556700000000000000e+04
2.558300000000000000e+04
2.559100000000000000e+04
2.559500000000000000e+04
2.559700000000000000e+04
2.559800000000000000e+04
2.585500000000000000e+04
2.598300000000000000e+04
2.604700000000000000e+04
2.607900000000000000e+04
2.609500000000000000e+04
2.610300000000000000e+04
2.610700000000000000e+04
2.610900000000000000e+04
2.611000000000000000e+04
2.623900000000000000e+04
2.630300000000000000e+04
2.633500000000000000e+04
2.635100000000000000e+04
2.635900000000000000e+04
2.636300000000000000e+04
2.636500000000000000e+04
2.636600000000000000e+04
2.643100000000000000e+04
2.646300000000000000e+04
2.647900000000000000e+04
2.648700000000000000e+04
2.649100000000000000e+04
2.649300000000000000e+04
2.649400000000000000e+04
2.652700000000000000e+04
2.654300000000000000e+04
2.655100000000000000e+04
2.655500000000000000e+04
2.655700000000000000e+04
2.655800000000000000e+04
2.657500000000000000e+04
2.658300000000000000e+04
2.658700000000000000e+04
2.658900000000000000e+04
2.659900000000000000e+04
2.660300000000000000e+04
2.660500000000000000e+04
2.660600000000000000e+04
2.661100000000000000e+04
2.661300000000000000e+04
2.661400000000000000e+04
2.661700000000000000e+04
2.661800000000000000e+04
2.662000000000000000e+04
2.687900000000000000e+04
2.700700000000000000e+04
2.707100000000000000e+04
2.710300000000000000e+04
2.711900000000000000e+04
2.712700000000000000e+04
2.713100000000000000e+04
2.726300000000000000e+04
2.732700000000000000e+04
2.735900000000000000e+04
2.737500000000000000e+04
2.738300000000000000e+04
2.738700000000000000e+04
2.738900000000000000e+04
2.739000000000000000e+04
2.748700000000000000e+04
2.750300000000000000e+04
2.751100000000000000e+04
2.751500000000000000e+04
2.751800000000000000e+04
2.755100000000000000e+04
2.756700000000000000e+04
2.757900000000000000e+04
2.758200000000000000e+04
2.759900000000000000e+04
2.760700000000000000e+04
2.761100000000000000e+04
2.761300000000000000e+04
2.762300000000000000e+04
2.763500000000000000e+04
2.763700000000000000e+04
2.763800000000000000e+04
2.764100000000000000e+04
2.777500000000000000e+04
2.783900000000000000e+04
2.788700000000000000e+04
2.789900000000000000e+04
2.790100000000000000e+04
2.796700000000000000e+04
2.801500000000000000e+04
2.802700000000000000e+04
2.802900000000000000e+04
2.803000000000000000e+04
2.806300000000000000e+04
2.807900000000000000e+04
2.808700000000000000e+04
2.809100000000000000e+04
2.811900000000000000e+04
2.812600000000000000e+04
2.813900000000000000e+04
2.814200000000000000e+04
2.814700000000000000e+04
2.814900000000000000e+04
2.815600000000000000e+04
2.822300000000000000e+04
2.825500000000000000e+04
2.827100000000000000e+04
2.831900000000000000e+04
2.833500000000000000e+04
2.834300000000000000e+04
2.834700000000000000e+04
2.834900000000000000e+04
2.838200000000000000e+04
2.839800000000000000e+04
2.840300000000000000e+04
2.841000000000000000e+04
2.847700000000000000e+04
2.849500000000000000e+04
2.850700000000000000e+04
2.850900000000000000e+04
2.852500000000000000e+04
2.852600000000000000e+04
2.853100000000000000e+04
2.853300000000000000e+04
2.854000000000000000e+04
2.855900000000000000e+04
2.856700000000000000e+04
2.857100000000000000e+04
2.858300000000000000e+04
2.858700000000000000e+04
2.858900000000000000e+04
2.860100000000000000e+04
2.860200000000000000e+04
2.861500000000000000e+04
2.862700000000000000e+04
2.862900000000000000e+04
2.863300000000000000e+04
2.864900000000000000e+04
2.866400000000000000e+04
2.892700000000000000e+04
2.905500000000000000e+04
2.918100000000000000e+04
2.937500000000000000e+04
2.943100000000000000e+04
2.943500000000000000e+04
2.943700000000000000e+04
2.950300000000000000e+04
2.956300000000000000e+04
2.956600000000000000e+04
2.962300000000000000e+04
2.962700000000000000e+04
2.965900000000000000e+04
2.966200000000000000e+04
2.968900000000000000e+04
2.982300000000000000e+04
2.988700000000000000e+04
2.993500000000000000e+04
2.995000000000000000e+04
3.006300000000000000e+04
3.007800000000000000e+04
3.011100000000000000e+04
3.017300000000000000e+04
3.020400000000000000e+04
3.030300000000000000e+04
3.042900000000000000e+04
3.045100000000000000e+04
3.045300000000000000e+04
3.045700000000000000e+04
3.051100000000000000e+04
3.058100000000000000e+04
3.058600000000000000e+04
3.058800000000000000e+04
3.062200000000000000e+04
3.064600000000000000e+04
3.065000000000000000e+04
3.067500000000000000e+04
3.069100000000000000e+04
3.069400000000000000e+04
3.069700000000000000e+04
3.069800000000000000e+04
3.070000000000000000e+04
3.107100000000000000e+04
3.116500000000000000e+04
3.120700000000000000e+04
3.141900000000000000e+04
3.147800000000000000e+04
3.148400000000000000e+04
3.151900000000000000e+04
3.157500000000000000e+04
3.161200000000000000e+04
3.163900000000000000e+04
3.165500000000000000e+04
3.166700000000000000e+04
3.171500000000000000e+04
3.183900000000000000e+04
3.186700000000000000e+04
3.190300000000000000e+04
3.193400000000000000e+04
3.197500000000000000e+04
3.212100000000000000e+04
3.215100000000000000e+04
3.217900000000000000e+04
3.221100000000000000e+04
3.223400000000000000e+04
3.231800000000000000e+04
3.234700000000000000e+04
3.236500000000000000e+04
3.237100000000000000e+04
3.240700000000000000e+04
3.242300000000000000e+04
3.243800000000000000e+04
3.246200000000000000e+04
3.261700000000000000e+04
3.268200000000000000e+04
3.271400000000000000e+04
3.271600000000000000e+04
3.379100000000000000e+04
3.430300000000000000e+04
3.455900000000000000e+04
3.468700000000000000e+04
3.475100000000000000e+04
3.478300000000000000e+04
3.479900000000000000e+04
3.480700000000000000e+04
3.481100000000000000e+04
3.481300000000000000e+04
3.481400000000000000e+04
3.532700000000000000e+04
3.558300000000000000e+04
3.571100000000000000e+04
3.577500000000000000e+04
3.580700000000000000e+04
3.582300000000000000e+04
3.583100000000000000e+04
3.583500000000000000e+04
3.583700000000000000e+04
3.583800000000000000e+04
3.609500000000000000e+04
3.622300000000000000e+04
3.628700000000000000e+04
3.631900000000000000e+04
3.633500000000000000e+04
3.634300000000000000e+04
3.634700000000000000e+04
3.634900000000000000e+04
3.635000000000000000e+04
3.647900000000000000e+04
3.654300000000000000e+04
3.657500000000000000e+04
3.659100000000000000e+04
3.659900000000000000e+04
3.660300000000000000e+04
3.660500000000000000e+04
3.667100000000000000e+04
3.670300000000000000e+04
3.671900000000000000e+04
3.672700000000000000e+04
3.673100000000000000e+04
3.673300000000000000e+04
3.673400000000000000e+04
3.676700000000000000e+04
3.678300000000000000e+04
3.679100000000000000e+04
3.679500000000000000e+04
3.679700000000000000e+04
3.679800000000000000e+04
3.681500000000000000e+04
3.682300000000000000e+04
3.682700000000000000e+04
3.682900000000000000e+04
3.683000000000000000e+04
3.683900000000000000e+04
3.684300000000000000e+04
3.684500000000000000e+04
3.684600000000000000e+04
3.685100000000000000e+04
3.685300000000000000e+04
3.685700000000000000e+04
3.685800000000000000e+04
3.686000000000000000e+04
3.737500000000000000e+04
3.763100000000000000e+04
3.775900000000000000e+04
3.782300000000000000e+04
3.785500000000000000e+04
3.787100000000000000e+04
3.787900000000000000e+04
3.788300000000000000e+04
3.788500000000000000e+04
3.788600000000000000e+04
3.814300000000000000e+04
3.827100000000000000e+04
3.833500000000000000e+04
3.836700000000000000e+04
3.838300000000000000e+04
3.839100000000000000e+04
3.839500000000000000e+04
3.839700000000000000e+04
3.839800000000000000e+04
3.852700000000000000e+04
3.859100000000000000e+04
3.862300000000000000e+04
3.863900000000000000e+04
3.864700000000000000e+04
3.865100000000000000e+04
3.865300000000000000e+04
3.865400000000000000e+04
3.871900000000000000e+04
3.875100000000000000e+04
3.876700000000000000e+04
3.877500000000000000e+04
3.877900000000000000e+04
3.878100000000000000e+04
3.881500000000000000e+04
3.883100000000000000e+04
3.883900000000000000e+04
3.884300000000000000e+04
3.884500000000000000e+04
3.884600000000000000e+04
3.886300000000000000e+04
3.887100000000000000e+04
3.887500000000000000e+04
3.887700000000000000e+04
3.887800000000000000e+04
3.888700000000000000e+04
3.889100000000000000e+04
3.889300000000000000e+04
3.889900000000000000e+04
3.890100000000000000e+04
3.890200000000000000e+04
3.890500000000000000e+04
3.890600000000000000e+04
3.890800000000000000e+04
3.916700000000000000e+04
3.929500000000000000e+04
3.935900000000000000e+04
3.939100000000000000e+04
3.940700000000000000e+04
3.941500000000000000e+04
3.941900000000000000e+04
3.955100000000000000e+04
3.961500000000000000e+04
3.964700000000000000e+04
3.966300000000000000e+04
3.967100000000000000e+04
3.967500000000000000e+04
3.980500000000000000e+04
3.983900000000000000e+04
3.986300000000000000e+04
3.986900000000000000e+04
3.987000000000000000e+04
3.988700000000000000e+04
3.991100000000000000e+04
3.991500000000000000e+04
3.991700000000000000e+04
3.992300000000000000e+04
3.992500000000000000e+04
3.992600000000000000e+04
3.992900000000000000e+04
3.993200000000000000e+04
4.015900000000000000e+04
4.018300000000000000e+04
4.018700000000000000e+04
4.018900000000000000e+04
4.025500000000000000e+04
4.035100000000000000e+04
4.036700000000000000e+04
4.038100000000000000e+04
4.039900000000000000e+04
4.040700000000000000e+04
4.042700000000000000e+04
4.055900000000000000e+04
4.057300000000000000e+04
4.057400000000000000e+04
4.060700000000000000e+04
4.062300000000000000e+04
4.063100000000000000e+04
4.063700000000000000e+04
4.068500000000000000e+04
4.075100000000000000e+04
4.076600000000000000e+04
4.078300000000000000e+04
4.079800000000000000e+04
4.084700000000000000e+04
4.085500000000000000e+04
4.086100000000000000e+04
4.087700000000000000e+04
4.088600000000000000e+04
4.090300000000000000e+04
4.091800000000000000e+04
4.147100000000000000e+04
4.172700000000000000e+04
4.185500000000000000e+04
4.191900000000000000e+04
4.195100000000000000e+04
4.196700000000000000e+04
4.197500000000000000e+04
4.197900000000000000e+04
4.198100000000000000e+04
4.198200000000000000e+04
4.223900000000000000e+04
4.236700000000000000e+04
4.243100000000000000e+04
4.246300000000000000e+04
4.247900000000000000e+04
4.248700000000000000e+04
4.249100000000000000e+04
4.249300000000000000e+04
4.249400000000000000e+04
4.262300000000000000e+04
4.268700000000000000e+04
4.271900000000000000e+04
4.273500000000000000e+04
4.274300000000000000e+04
4.274700000000000000e+04
4.274900000000000000e+04
4.281500000000000000e+04
4.284700000000000000e+04
4.286300000000000000e+04
4.287100000000000000e+04
4.287500000000000000e+04
4.287700000000000000e+04
4.287800000000000000e+04
4.291100000000000000e+04
4.292700000000000000e+04
4.293500000000000000e+04
4.293900000000000000e+04
4.294100000000000000e+04
4.294200000000000000e+04
4.295900000000000000e+04
4.296700000000000000e+04
4.297100000000000000e+04
4.297300000000000000e+04
4.297400000000000000e+04
4.298300000000000000e+04
4.298700000000000000e+04
4.298900000000000000e+04
4.299500000000000000e+04
4.299700000000000000e+04
4.299800000000000000e+04
4.300100000000000000e+04
4.300200000000000000e+04
4.300400000000000000e+04
4.326300000000000000e+04
4.339100000000000000e+04
4.345500000000000000e+04
4.348700000000000000e+04
4.350300000000000000e+04
4.351100000000000000e+04
4.351500000000000000e+04
4.351700000000000000e+04
4.351800000000000000e+04
4.364700000000000000e+04
4.371100000000000000e+04
4.374300000000000000e+04
4.375900000000000000e+04
4.376700000000000000e+04
4.377100000000000000e+04
4.377300000000000000e+04
4.377400000000000000e+04
4.383900000000000000e+04
4.387100000000000000e+04
4.388700000000000000e+04
4.389500000000000000e+04
4.389900000000000000e+04
4.390100000000000000e+04
4.393500000000000000e+04
4.395100000000000000e+04
4.395900000000000000e+04
4.396300000000000000e+04
4.396600000000000000e+04
4.398300000000000000e+04
4.399100000000000000e+04
4.399500000000000000e+04
4.399700000000000000e+04
4.399800000000000000e+04
4.400700000000000000e+04
4.401100000000000000e+04
4.401300000000000000e+04
4.401400000000000000e+04
4.401900000000000000e+04
4.402100000000000000e+04
4.402500000000000000e+04
4.402800000000000000e+04
4.415900000000000000e+04
4.422300000000000000e+04
4.427900000000000000e+04
4.428300000000000000e+04
4.435100000000000000e+04
4.438300000000000000e+04
4.439900000000000000e+04
4.441100000000000000e+04
4.441300000000000000e+04
4.444700000000000000e+04
4.446300000000000000e+04
4.447100000000000000e+04
4.447800000000000000e+04
4.449500000000000000e+04
4.450300000000000000e+04
4.451000000000000000e+04
4.452300000000000000e+04
4.454000000000000000e+04
4.463900000000000000e+04
4.465500000000000000e+04
4.466300000000000000e+04
4.466700000000000000e+04
4.466900000000000000e+04
4.470300000000000000e+04
4.471900000000000000e+04
4.472700000000000000e+04
4.473100000000000000e+04
4.473300000000000000e+04
4.473400000000000000e+04
4.475900000000000000e+04
4.477500000000000000e+04
4.484700000000000000e+04
4.485900000000000000e+04
4.487900000000000000e+04
4.489100000000000000e+04
4.489300000000000000e+04
4.490300000000000000e+04
4.490700000000000000e+04
4.490900000000000000e+04
4.491000000000000000e+04
4.494300000000000000e+04
4.495100000000000000e+04
4.495500000000000000e+04
4.495700000000000000e+04
4.495800000000000000e+04
4.496700000000000000e+04
4.497400000000000000e+04
4.497900000000000000e+04
4.498100000000000000e+04
4.498500000000000000e+04
4.498600000000000000e+04
4.501100000000000000e+04
4.502000000000000000e+04
4.504400000000000000e+04
4.504800000000000000e+04
4.531100000000000000e+04
4.555100000000000000e+04
4.580700000000000000e+04
4.588700000000000000e+04
4.591900000000000000e+04
4.594300000000000000e+04
4.594700000000000000e+04
4.594900000000000000e+04
4.598300000000000000e+04
4.599900000000000000e+04
4.600700000000000000e+04
4.604500000000000000e+04
4.604600000000000000e+04
4.606200000000000000e+04
4.627100000000000000e+04
4.639900000000000000e+04
4.644700000000000000e+04
4.646200000000000000e+04
4.654300000000000000e+04
4.655800000000000000e+04
4.657100000000000000e+04
4.658200000000000000e+04
4.665500000000000000e+04
4.668700000000000000e+04
4.671700000000000000e+04
4.676700000000000000e+04
4.677500000000000000e+04
4.678100000000000000e+04
4.683500000000000000e+04
4.683800000000000000e+04
4.684100000000000000e+04
4.690900000000000000e+04
4.693900000000000000e+04
4.696900000000000000e+04
4.699100000000000000e+04
4.700300000000000000e+04
4.700600000000000000e+04
4.701900000000000000e+04
4.703600000000000000e+04
4.704700000000000000e+04
4.706600000000000000e+04
4.706800000000000000e+04
4.753500000000000000e+04
4.754900000000000000e+04
4.759100000000000000e+04
4.774200000000000000e+04
4.780600000000000000e+04
4.782300000000000000e+04
4.783100000000000000e+04
4.785300000000000000e+04
4.825400000000000000e+04
4.828700000000000000e+04
4.831100000000000000e+04
4.831700000000000000e+04
4.841500000000000000e+04
4.843100000000000000e+04
4.849100000000000000e+04
4.850100000000000000e+04
4.850600000000000000e+04
4.850800000000000000e+04
4.853900000000000000e+04
4.856300000000000000e+04
4.867100000000000000e+04
4.872700000000000000e+04
4.879500000000000000e+04
4.881400000000000000e+04
4.882200000000000000e+04
4.885300000000000000e+04
4.886000000000000000e+04
4.887000000000000000e+04
4.887400000000000000e+04
4.888100000000000000e+04
4.895400000000000000e+04
4.901600000000000000e+04
4.909400000000000000e+04
4.966300000000000000e+04
4.991900000000000000e+04
5.004700000000000000e+04
5.011100000000000000e+04
5.014300000000000000e+04
5.015900000000000000e+04
5.016700000000000000e+04
5.017100000000000000e+04
5.017300000000000000e+04
5.017400000000000000e+04
5.043100000000000000e+04
5.055900000000000000e+04
5.062300000000000000e+04
5.065500000000000000e+04
5.067100000000000000e+04
5.067900000000000000e+04
5.068300000000000000e+04
5.068500000000000000e+04
5.068600000000000000e+04
5.081500000000000000e+04
5.087900000000000000e+04
5.091100000000000000e+04
5.092700000000000000e+04
5.093500000000000000e+04
5.093900000000000000e+04
5.094100000000000000e+04
5.094200000000000000e+04
5.100700000000000000e+04
5.103900000000000000e+04
5.105500000000000000e+04
5.106300000000000000e+04
5.106700000000000000e+04
5.106900000000000000e+04
5.107000000000000000e+04
5.110300000000000000e+04
5.111900000000000000e+04
5.112700000000000000e+04
5.113100000000000000e+04
5.113300000000000000e+04
5.113400000000000000e+04
5.115100000000000000e+04
5.115900000000000000e+04
5.116300000000000000e+04
5.116500000000000000e+04
5.116600000000000000e+04
5.117500000000000000e+04
5.117900000000000000e+04
5.118100000000000000e+04
5.118700000000000000e+04
5.118900000000000000e+04
5.119000000000000000e+04
5.119300000000000000e+04
5.119400000000000000e+04
5.119600000000000000e+04
5.145500000000000000e+04
5.158300000000000000e+04
5.164700000000000000e+04
5.167900000000000000e+04
5.169500000000000000e+04
5.170300000000000000e+04
5.170700000000000000e+04
5.170900000000000000e+04
5.171000000000000000e+04
5.183900000000000000e+04
5.190300000000000000e+04
5.193500000000000000e+04
5.195100000000000000e+04
5.195900000000000000e+04
5.196300000000000000e+04
5.196500000000000000e+04
5.196600000000000000e+04
5.203100000000000000e+04
5.206300000000000000e+04
5.209300000000000000e+04
5.209400000000000000e+04
5.212700000000000000e+04
5.214300000000000000e+04
5.215100000000000000e+04
5.215500000000000000e+04
5.217500000000000000e+04
5.218300000000000000e+04
5.218700000000000000e+04
5.218900000000000000e+04
5.219900000000000000e+04
5.220300000000000000e+04
5.220500000000000000e+04
5.221100000000000000e+04
5.221300000000000000e+04
5.221700000000000000e+04
5.221800000000000000e+04
5.222000000000000000e+04
5.235100000000000000e+04
5.241500000000000000e+04
5.246300000000000000e+04
5.247100000000000000e+04
5.247500000000000000e+04
5.247800000000000000e+04
5.257500000000000000e+04
5.259100000000000000e+04
5.260300000000000000e+04
5.263900000000000000e+04
5.265500000000000000e+04
5.266300000000000000e+04
5.266700000000000000e+04
5.266900000000000000e+04
5.268700000000000000e+04
5.270100000000000000e+04
5.271700000000000000e+04
5.272500000000000000e+04
5.279900000000000000e+04
5.283100000000000000e+04
5.284700000000000000e+04
5.285500000000000000e+04
5.285900000000000000e+04
5.289500000000000000e+04
5.291100000000000000e+04
5.291900000000000000e+04
5.292500000000000000e+04
5.294300000000000000e+04
5.295700000000000000e+04
5.297100000000000000e+04
5.297300000000000000e+04
5.297400000000000000e+04
5.298500000000000000e+04
5.298800000000000000e+04
5.302300000000000000e+04
5.305100000000000000e+04
5.305400000000000000e+04
5.307100000000000000e+04
5.307900000000000000e+04
5.308300000000000000e+04
5.308500000000000000e+04
5.309500000000000000e+04
5.309900000000000000e+04
5.310200000000000000e+04
5.310700000000000000e+04
5.310900000000000000e+04
5.311300000000000000e+04
5.313500000000000000e+04
5.314300000000000000e+04
5.314700000000000000e+04
5.314900000000000000e+04
5.315900000000000000e+04
5.316300000000000000e+04
5.316500000000000000e+04
5.316600000000000000e+04
5.317300000000000000e+04
5.317400000000000000e+04
5.317700000000000000e+04
5.319500000000000000e+04
5.319700000000000000e+04
5.319800000000000000e+04
5.320900000000000000e+04
5.322200000000000000e+04
5.322500000000000000e+04
5.322600000000000000e+04
5.323600000000000000e+04
5.350300000000000000e+04
5.369500000000000000e+04
5.372700000000000000e+04
5.375500000000000000e+04
5.395100000000000000e+04
5.401300000000000000e+04
5.411100000000000000e+04
5.412700000000000000e+04
5.413500000000000000e+04
5.413900000000000000e+04
5.414100000000000000e+04
5.417500000000000000e+04
5.420300000000000000e+04
5.420600000000000000e+04
5.422300000000000000e+04
5.423100000000000000e+04
5.423700000000000000e+04
5.423800000000000000e+04
5.425100000000000000e+04
5.425400000000000000e+04
5.426600000000000000e+04
5.426800000000000000e+04
5.439900000000000000e+04
5.446300000000000000e+04
5.449500000000000000e+04
5.451900000000000000e+04
5.452300000000000000e+04
5.462300000000000000e+04
5.474700000000000000e+04
5.474900000000000000e+04
5.476300000000000000e+04
5.476600000000000000e+04
5.477700000000000000e+04
5.490900000000000000e+04
5.491000000000000000e+04
5.497300000000000000e+04
5.499100000000000000e+04
5.500500000000000000e+04
5.500600000000000000e+04
5.501500000000000000e+04
5.502200000000000000e+04
5.503000000000000000e+04
5.508700000000000000e+04
5.510100000000000000e+04
5.513300000000000000e+04
5.514300000000000000e+04
5.515700000000000000e+04
5.518300000000000000e+04
5.519100000000000000e+04
5.519700000000000000e+04
5.519800000000000000e+04
5.521300000000000000e+04
5.522200000000000000e+04
5.525700000000000000e+04
5.526900000000000000e+04
5.527600000000000000e+04
5.528400000000000000e+04
5.553500000000000000e+04
5.574200000000000000e+04
5.577100000000000000e+04
5.577400000000000000e+04
5.579700000000000000e+04
5.593100000000000000e+04
5.599100000000000000e+04
5.599500000000000000e+04
5.599700000000000000e+04
5.603900000000000000e+04
5.605300000000000000e+04
5.618200000000000000e+04
5.623500000000000000e+04
5.649500000000000000e+04
5.663100000000000000e+04
5.668500000000000000e+04
5.669700000000000000e+04
5.693900000000000000e+04
5.697500000000000000e+04
5.698700000000000000e+04
5.698900000000000000e+04
5.699000000000000000e+04
5.701400000000000000e+04
5.704300000000000000e+04
5.705200000000000000e+04
5.706500000000000000e+04
5.710300000000000000e+04
5.715900000000000000e+04
5.717400000000000000e+04
5.722300000000000000e+04
5.723700000000000000e+04
5.772700000000000000e+04
5.784700000000000000e+04
5.785300000000000000e+04
5.785400000000000000e+04
5.798300000000000000e+04
5.804700000000000000e+04
5.807900000000000000e+04
5.809500000000000000e+04
5.810300000000000000e+04
5.810900000000000000e+04
5.811000000000000000e+04
5.817500000000000000e+04
5.820700000000000000e+04
5.823100000000000000e+04
5.831900000000000000e+04
5.834900000000000000e+04
5.835800000000000000e+04
5.849500000000000000e+04
5.855900000000000000e+04
5.859100000000000000e+04
5.860700000000000000e+04
5.861500000000000000e+04
5.862100000000000000e+04
5.862200000000000000e+04
5.874700000000000000e+04
5.874900000000000000e+04
5.878300000000000000e+04
5.880700000000000000e+04
5.881100000000000000e+04
5.883100000000000000e+04
5.883900000000000000e+04
5.884300000000000000e+04
5.884500000000000000e+04
5.884600000000000000e+04
5.885500000000000000e+04
5.885900000000000000e+04
5.887000000000000000e+04
5.887400000000000000e+04
5.894300000000000000e+04
5.899100000000000000e+04
5.900600000000000000e+04
5.903900000000000000e+04
5.906300000000000000e+04
5.906900000000000000e+04
5.907000000000000000e+04
5.908700000000000000e+04
5.909500000000000000e+04
5.911700000000000000e+04
5.911800000000000000e+04
5.913000000000000000e+04
5.918300000000000000e+04
5.921500000000000000e+04
5.922300000000000000e+04
5.925400000000000000e+04
5.928700000000000000e+04
5.929100000000000000e+04
5.931500000000000000e+04
5.931700000000000000e+04
5.932100000000000000e+04
5.933500000000000000e+04
5.934200000000000000e+04
5.937700000000000000e+04
5.938400000000000000e+04
5.963100000000000000e+04
5.976700000000000000e+04
5.985500000000000000e+04
5.986300000000000000e+04
5.990000000000000000e+04
6.001500000000000000e+04
6.007900000000000000e+04
6.011900000000000000e+04
6.014200000000000000e+04
6.014700000000000000e+04
6.015000000000000000e+04
6.015300000000000000e+04
6.026700000000000000e+04
6.033100000000000000e+04
6.036500000000000000e+04
6.036600000000000000e+04
6.047900000000000000e+04
6.054100000000000000e+04
6.062300000000000000e+04
6.063700000000000000e+04
6.065300000000000000e+04
6.065400000000000000e+04
6.083000000000000000e+04
6.084500000000000000e+04
6.085100000000000000e+04
6.085400000000000000e+04
6.097500000000000000e+04
6.098900000000000000e+04
6.101500000000000000e+04
6.104500000000000000e+04
6.109500000000000000e+04
6.110200000000000000e+04
6.111300000000000000e+04
6.112700000000000000e+04
6.115500000000000000e+04
6.117200000000000000e+04
6.122300000000000000e+04
6.122900000000000000e+04
6.126700000000000000e+04
6.127400000000000000e+04
6.128300000000000000e+04
6.134700000000000000e+04
6.139400000000000000e+04
6.142400000000000000e+04
6.181900000000000000e+04
6.188300000000000000e+04
6.207500000000000000e+04
6.212700000000000000e+04
6.213500000000000000e+04
6.215900000000000000e+04
6.227000000000000000e+04
6.228700000000000000e+04
6.244900000000000000e+04
6.258700000000000000e+04
6.271000000000000000e+04
6.284100000000000000e+04
6.290500000000000000e+04
6.293300000000000000e+04
6.293800000000000000e+04
6.294900000000000000e+04
6.303100000000000000e+04
6.309300000000000000e+04
6.315000000000000000e+04
6.319600000000000000e+04
6.327100000000000000e+04
6.331000000000000000e+04
6.333100000000000000e+04
6.333400000000000000e+04
6.333700000000000000e+04
6.343300000000000000e+04
6.346400000000000000e+04
6.380600000000000000e+04
6.388700000000000000e+04
6.391800000000000000e+04
6.411700000000000000e+04
6.415700000000000000e+04
6.434200000000000000e+04
6.436900000000000000e+04
6.442100000000000000e+04
6.468500000000000000e+04
6.479800000000000000e+04
6.535400000000000000e+04
6.655900000000000000e+04
6.707100000000000000e+04
6.732700000000000000e+04
6.745500000000000000e+04
6.751900000000000000e+04
6.755100000000000000e+04
6.756700000000000000e+04
6.757500000000000000e+04
6.757900000000000000e+04
6.758100000000000000e+04
6.758200000000000000e+04
6.809500000000000000e+04
6.835100000000000000e+04
6.847900000000000000e+04
6.854300000000000000e+04
6.857500000000000000e+04
6.859100000000000000e+04
6.859900000000000000e+04
6.860300000000000000e+04
6.860500000000000000e+04
6.860600000000000000e+04
6.886300000000000000e+04
6.899100000000000000e+04
6.905500000000000000e+04
6.908700000000000000e+04
6.910300000000000000e+04
6.911100000000000000e+04
6.911500000000000000e+04
6.911700000000000000e+04
6.911800000000000000e+04
6.924700000000000000e+04
6.931100000000000000e+04
6.934300000000000000e+04
6.935900000000000000e+04
6.936700000000000000e+04
6.937100000000000000e+04
6.937300000000000000e+04
6.937400000000000000e+04
6.943900000000000000e+04
6.947100000000000000e+04
6.948700000000000000e+04
6.949500000000000000e+04
6.949900000000000000e+04
6.950100000000000000e+04
6.950200000000000000e+04
6.953500000000000000e+04
6.955100000000000000e+04
6.955900000000000000e+04
6.956300000000000000e+04
6.956500000000000000e+04
6.956600000000000000e+04
6.958300000000000000e+04
6.959100000000000000e+04
6.959500000000000000e+04
6.959700000000000000e+04
6.959800000000000000e+04
6.960700000000000000e+04
6.961100000000000000e+04
6.961300000000000000e+04
6.961400000000000000e+04
6.961900000000000000e+04
6.962100000000000000e+04
6.962200000000000000e+04
6.962500000000000000e+04
6.962600000000000000e+04
6.962800000000000000e+04
7.014300000000000000e+04
7.039900000000000000e+04
7.052700000000000000e+04
7.062300000000000000e+04
7.063900000000000000e+04
7.064700000000000000e+04
7.065100000000000000e+04
7.065300000000000000e+04
7.065400000000000000e+04
7.091100000000000000e+04
7.103900000000000000e+04
7.110300000000000000e+04
7.113500000000000000e+04
7.115100000000000000e+04
7.115900000000000000e+04
7.116300000000000000e+04
7.116500000000000000e+04
7.129500000000000000e+04
7.135900000000000000e+04
7.139100000000000000e+04
7.140700000000000000e+04
7.141500000000000000e+04
7.141900000000000000e+04
7.142100000000000000e+04
7.142200000000000000e+04
7.148700000000000000e+04
7.151900000000000000e+04
7.153500000000000000e+04
7.154300000000000000e+04
7.154700000000000000e+04
7.154900000000000000e+04
7.155000000000000000e+04
7.158300000000000000e+04
7.159900000000000000e+04
7.160700000000000000e+04
7.161100000000000000e+04
7.161300000000000000e+04
7.161400000000000000e+04
7.163100000000000000e+04
7.163900000000000000e+04
7.164300000000000000e+04
7.164500000000000000e+04
7.164600000000000000e+04
7.165500000000000000e+04
7.165900000000000000e+04
7.166100000000000000e+04
7.166200000000000000e+04
7.166700000000000000e+04
7.166900000000000000e+04
7.167000000000000000e+04
7.167300000000000000e+04
7.167400000000000000e+04
7.167600000000000000e+04
7.193500000000000000e+04
7.212700000000000000e+04
7.217500000000000000e+04
7.218300000000000000e+04
7.218900000000000000e+04
7.219000000000000000e+04
7.231900000000000000e+04
7.238300000000000000e+04
7.241500000000000000e+04
7.243100000000000000e+04
7.243900000000000000e+04
7.244300000000000000e+04
7.244500000000000000e+04
7.251100000000000000e+04
7.254300000000000000e+04
7.255900000000000000e+04
7.256700000000000000e+04
7.257300000000000000e+04
7.257400000000000000e+04
7.262300000000000000e+04
7.263500000000000000e+04
7.263700000000000000e+04
7.263800000000000000e+04
7.265500000000000000e+04
7.266700000000000000e+04
7.266900000000000000e+04
7.267000000000000000e+04
7.267900000000000000e+04
7.268300000000000000e+04
7.268500000000000000e+04
7.268600000000000000e+04
7.269100000000000000e+04
7.269700000000000000e+04
7.269800000000000000e+04
7.270000000000000000e+04
7.289500000000000000e+04
7.292700000000000000e+04
7.295500000000000000e+04
7.302300000000000000e+04
7.305500000000000000e+04
7.307900000000000000e+04
7.308300000000000000e+04
7.308500000000000000e+04
7.311900000000000000e+04
7.314300000000000000e+04
7.314700000000000000e+04
7.315000000000000000e+04
7.318100000000000000e+04
7.320500000000000000e+04
7.320900000000000000e+04
7.321000000000000000e+04
7.327900000000000000e+04
7.332700000000000000e+04
7.337500000000000000e+04
7.339100000000000000e+04
7.339900000000000000e+04
7.340300000000000000e+04
7.340500000000000000e+04
7.340600000000000000e+04
7.343800000000000000e+04
7.345100000000000000e+04
7.345900000000000000e+04
7.346500000000000000e+04
7.346600000000000000e+04
7.346800000000000000e+04
7.350300000000000000e+04
7.356300000000000000e+04
7.356600000000000000e+04
7.357900000000000000e+04
7.359600000000000000e+04
7.362300000000000000e+04
7.363900000000000000e+04
7.364600000000000000e+04
7.365400000000000000e+04
7.366000000000000000e+04
7.367700000000000000e+04
7.367800000000000000e+04
7.369900000000000000e+04
7.370100000000000000e+04
7.370200000000000000e+04
7.370600000000000000e+04
7.371300000000000000e+04
7.371600000000000000e+04
7.423900000000000000e+04
7.449500000000000000e+04
7.462300000000000000e+04
7.468700000000000000e+04
7.471900000000000000e+04
7.473500000000000000e+04
7.474300000000000000e+04
7.474700000000000000e+04
7.474900000000000000e+04
7.500700000000000000e+04
7.513500000000000000e+04
7.519900000000000000e+04
7.523100000000000000e+04
7.524700000000000000e+04
7.525500000000000000e+04
7.525900000000000000e+04
7.526100000000000000e+04
7.526200000000000000e+04
7.539100000000000000e+04
7.545500000000000000e+04
7.548700000000000000e+04
7.550300000000000000e+04
7.551100000000000000e+04
7.551500000000000000e+04
7.551700000000000000e+04
7.551800000000000000e+04
7.558300000000000000e+04
7.561500000000000000e+04
7.563100000000000000e+04
7.563900000000000000e+04
7.564300000000000000e+04
7.564500000000000000e+04
7.564600000000000000e+04
7.567900000000000000e+04
7.569500000000000000e+04
7.570300000000000000e+04
7.570700000000000000e+04
7.570900000000000000e+04
7.571000000000000000e+04
7.572700000000000000e+04
7.573500000000000000e+04
7.573900000000000000e+04
7.574100000000000000e+04
7.574200000000000000e+04
7.575100000000000000e+04
7.575500000000000000e+04
7.575700000000000000e+04
7.575800000000000000e+04
7.576300000000000000e+04
7.576500000000000000e+04
7.576900000000000000e+04
7.577000000000000000e+04
7.577200000000000000e+04
7.603100000000000000e+04
7.615900000000000000e+04
7.622300000000000000e+04
7.625500000000000000e+04
7.627100000000000000e+04
7.627900000000000000e+04
7.628300000000000000e+04
7.628500000000000000e+04
7.628600000000000000e+04
7.641500000000000000e+04
7.647900000000000000e+04
7.651100000000000000e+04
7.652700000000000000e+04
7.653500000000000000e+04
7.653900000000000000e+04
7.654100000000000000e+04
7.654200000000000000e+04
7.660700000000000000e+04
7.663900000000000000e+04
7.665500000000000000e+04
7.666300000000000000e+04
7.667000000000000000e+04
7.670300000000000000e+04
7.673100000000000000e+04
7.675100000000000000e+04
7.676300000000000000e+04
7.676600000000000000e+04
7.677500000000000000e+04
7.677900000000000000e+04
7.678100000000000000e+04
7.678700000000000000e+04
7.678900000000000000e+04
7.679300000000000000e+04
7.679400000000000000e+04
7.679600000000000000e+04
7.692700000000000000e+04
7.699100000000000000e+04
7.703900000000000000e+04
7.704700000000000000e+04
7.705100000000000000e+04
7.705300000000000000e+04
7.711900000000000000e+04
7.715100000000000000e+04
7.716700000000000000e+04
7.717500000000000000e+04
7.717900000000000000e+04
7.718200000000000000e+04
7.721500000000000000e+04
7.723100000000000000e+04
7.723900000000000000e+04
7.724300000000000000e+04
7.724500000000000000e+04
7.727100000000000000e+04
7.727700000000000000e+04
7.727800000000000000e+04
7.728700000000000000e+04
7.729300000000000000e+04
7.730200000000000000e+04
7.737500000000000000e+04
7.740700000000000000e+04
7.742300000000000000e+04
7.743100000000000000e+04
7.743800000000000000e+04
7.747100000000000000e+04
7.748700000000000000e+04
7.749500000000000000e+04
7.749900000000000000e+04
7.750100000000000000e+04
7.751900000000000000e+04
7.752700000000000000e+04
7.753300000000000000e+04
7.754300000000000000e+04
7.754700000000000000e+04
7.755500000000000000e+04
7.755800000000000000e+04
7.756100000000000000e+04
7.756200000000000000e+04
7.759900000000000000e+04
7.762900000000000000e+04
7.763000000000000000e+04
7.764700000000000000e+04
7.765500000000000000e+04
7.767100000000000000e+04
7.767800000000000000e+04
7.771100000000000000e+04
7.771900000000000000e+04
7.772300000000000000e+04
7.772500000000000000e+04
7.773500000000000000e+04
7.773900000000000000e+04
7.774700000000000000e+04
7.775000000000000000e+04
7.775300000000000000e+04
7.775400000000000000e+04
7.777100000000000000e+04
7.777400000000000000e+04
7.778200000000000000e+04
7.778500000000000000e+04
7.778600000000000000e+04
7.779500000000000000e+04
7.780100000000000000e+04
7.780400000000000000e+04
7.781600000000000000e+04
7.820700000000000000e+04
7.832700000000000000e+04
7.833300000000000000e+04
7.833400000000000000e+04
7.852700000000000000e+04
7.857500000000000000e+04
7.858300000000000000e+04
7.859000000000000000e+04
7.865500000000000000e+04
7.871500000000000000e+04
7.875100000000000000e+04
7.877500000000000000e+04
7.877900000000000000e+04
7.878100000000000000e+04
7.878200000000000000e+04
7.880700000000000000e+04
7.881400000000000000e+04
7.882900000000000000e+04
7.883700000000000000e+04
7.883800000000000000e+04
7.884200000000000000e+04
7.897500000000000000e+04
7.908700000000000000e+04
7.922300000000000000e+04
7.929400000000000000e+04
7.931100000000000000e+04
7.931900000000000000e+04
7.934900000000000000e+04
7.935300000000000000e+04
7.942300000000000000e+04
7.947100000000000000e+04
7.951900000000000000e+04
7.953500000000000000e+04
7.954300000000000000e+04
7.954700000000000000e+04
7.957500000000000000e+04
7.957900000000000000e+04
7.959500000000000000e+04
7.959800000000000000e+04
7.960500000000000000e+04
7.961000000000000000e+04
7.964700000000000000e+04
7.967800000000000000e+04
7.971900000000000000e+04
7.972500000000000000e+04
7.972600000000000000e+04
7.973400000000000000e+04
7.975900000000000000e+04
7.977400000000000000e+04
7.978900000000000000e+04
7.979000000000000000e+04
7.979800000000000000e+04
7.982900000000000000e+04
7.983000000000000000e+04
7.984600000000000000e+04
7.985000000000000000e+04
8.009500000000000000e+04
8.022300000000000000e+04
8.023900000000000000e+04
8.025400000000000000e+04
8.031700000000000000e+04
8.034900000000000000e+04
8.035000000000000000e+04
8.036500000000000000e+04
8.036600000000000000e+04
8.038000000000000000e+04
8.047900000000000000e+04
8.049500000000000000e+04
8.050700000000000000e+04
8.050900000000000000e+04
8.054300000000000000e+04
8.057300000000000000e+04
8.059100000000000000e+04
8.059900000000000000e+04
8.061900000000000000e+04
8.062700000000000000e+04
8.062900000000000000e+04
8.063000000000000000e+04
8.063400000000000000e+04
8.067100000000000000e+04
8.072700000000000000e+04
8.073100000000000000e+04
8.073300000000000000e+04
8.074300000000000000e+04
8.075700000000000000e+04
8.076400000000000000e+04
8.082100000000000000e+04
8.084600000000000000e+04
8.085300000000000000e+04
8.119900000000000000e+04
8.126700000000000000e+04
8.131900000000000000e+04
8.133700000000000000e+04
8.143900000000000000e+04
8.145500000000000000e+04
8.148700000000000000e+04
8.150100000000000000e+04
8.151500000000000000e+04
8.153000000000000000e+04
8.156300000000000000e+04
8.156600000000000000e+04
8.162500000000000000e+04
8.172400000000000000e+04
8.173900000000000000e+04
8.174900000000000000e+04
8.175000000000000000e+04
8.175300000000000000e+04
8.175600000000000000e+04
8.178000000000000000e+04
8.188000000000000000e+04
8.243100000000000000e+04
8.268700000000000000e+04
8.281500000000000000e+04
8.287900000000000000e+04
8.291100000000000000e+04
8.292700000000000000e+04
8.293500000000000000e+04
8.293900000000000000e+04
8.294100000000000000e+04
8.294200000000000000e+04
8.319900000000000000e+04
8.332700000000000000e+04
8.339100000000000000e+04
8.342300000000000000e+04
8.343900000000000000e+04
8.344700000000000000e+04
8.345100000000000000e+04
8.345300000000000000e+04
8.345400000000000000e+04
8.358300000000000000e+04
8.364700000000000000e+04
8.367900000000000000e+04
8.369500000000000000e+04
8.370300000000000000e+04
8.370700000000000000e+04
8.370900000000000000e+04
8.371000000000000000e+04
8.377500000000000000e+04
8.380700000000000000e+04
8.382300000000000000e+04
8.383100000000000000e+04
8.383500000000000000e+04
8.383700000000000000e+04
8.383800000000000000e+04
8.387100000000000000e+04
8.388700000000000000e+04
8.389500000000000000e+04
8.389900000000000000e+04
8.390100000000000000e+04
8.391900000000000000e+04
8.392700000000000000e+04
8.393100000000000000e+04
8.393300000000000000e+04
8.393400000000000000e+04
8.394300000000000000e+04
8.394700000000000000e+04
8.394900000000000000e+04
8.395000000000000000e+04
8.395500000000000000e+04
8.395700000000000000e+04
8.395800000000000000e+04
8.396100000000000000e+04
8.396200000000000000e+04
8.396400000000000000e+04
8.422300000000000000e+04
8.435100000000000000e+04
8.441500000000000000e+04
8.444700000000000000e+04
8.446300000000000000e+04
8.447100000000000000e+04
8.447500000000000000e+04
8.447700000000000000e+04
8.447800000000000000e+04
8.460700000000000000e+04
8.467100000000000000e+04
8.470300000000000000e+04
8.471900000000000000e+04
8.472700000000000000e+04
8.473100000000000000e+04
8.473300000000000000e+04
8.473400000000000000e+04
8.479900000000000000e+04
8.483100000000000000e+04
8.484700000000000000e+04
8.485500000000000000e+04
8.485900000000000000e+04
8.489500000000000000e+04
8.491900000000000000e+04
8.495100000000000000e+04
8.495500000000000000e+04
8.495700000000000000e+04
8.497100000000000000e+04
8.497300000000000000e+04
8.497400000000000000e+04
8.497900000000000000e+04
8.498100000000000000e+04
8.498200000000000000e+04
8.498500000000000000e+04
8.498600000000000000e+04
8.511900000000000000e+04
8.518300000000000000e+04
8.523900000000000000e+04
8.524300000000000000e+04
8.524600000000000000e+04
8.531100000000000000e+04
8.537100000000000000e+04
8.537400000000000000e+04
8.540700000000000000e+04
8.542300000000000000e+04
8.543100000000000000e+04
8.543500000000000000e+04
8.543700000000000000e+04
8.543800000000000000e+04
8.545500000000000000e+04
8.546300000000000000e+04
8.547000000000000000e+04
8.547900000000000000e+04
8.548500000000000000e+04
8.549400000000000000e+04
8.550000000000000000e+04
8.556700000000000000e+04
8.559900000000000000e+04
8.561500000000000000e+04
8.562300000000000000e+04
8.562700000000000000e+04
8.562900000000000000e+04
8.566300000000000000e+04
8.567900000000000000e+04
8.568700000000000000e+04
8.569100000000000000e+04
8.569300000000000000e+04
8.571100000000000000e+04
8.571900000000000000e+04
8.572300000000000000e+04
8.572500000000000000e+04
8.573500000000000000e+04
8.575000000000000000e+04
8.575300000000000000e+04
8.575400000000000000e+04
8.579100000000000000e+04
8.580700000000000000e+04
8.581500000000000000e+04
8.581900000000000000e+04
8.582200000000000000e+04
8.584700000000000000e+04
8.586300000000000000e+04
8.586700000000000000e+04
8.586900000000000000e+04
8.587500000000000000e+04
8.587700000000000000e+04
8.588400000000000000e+04
8.591100000000000000e+04
8.591500000000000000e+04
8.591700000000000000e+04
8.591800000000000000e+04
8.593100000000000000e+04
8.593300000000000000e+04
8.593400000000000000e+04
8.593900000000000000e+04
8.594100000000000000e+04
8.594500000000000000e+04
8.596500000000000000e+04
8.597300000000000000e+04
8.597400000000000000e+04
8.597700000000000000e+04
8.599300000000000000e+04
8.599600000000000000e+04
8.600100000000000000e+04
8.600800000000000000e+04
8.627100000000000000e+04
8.639900000000000000e+04
8.651100000000000000e+04
8.651900000000000000e+04
8.652500000000000000e+04
8.665500000000000000e+04
8.671900000000000000e+04
8.675100000000000000e+04
8.677500000000000000e+04
8.677900000000000000e+04
8.678100000000000000e+04
8.678200000000000000e+04
8.684700000000000000e+04
8.690300000000000000e+04
8.690700000000000000e+04
8.697100000000000000e+04
8.700300000000000000e+04
8.702700000000000000e+04
8.703000000000000000e+04
8.703300000000000000e+04
8.703600000000000000e+04
8.716700000000000000e+04
8.728700000000000000e+04
8.729100000000000000e+04
8.729300000000000000e+04
8.735900000000000000e+04
8.739100000000000000e+04
8.740700000000000000e+04
8.741500000000000000e+04
8.747900000000000000e+04
8.748500000000000000e+04
8.750300000000000000e+04
8.753400000000000000e+04
8.754100000000000000e+04
8.754800000000000000e+04
8.767100000000000000e+04
8.767500000000000000e+04
8.771100000000000000e+04
8.774100000000000000e+04
8.774200000000000000e+04
8.777400000000000000e+04
8.783900000000000000e+04
8.787000000000000000e+04
8.789500000000000000e+04
8.789900000000000000e+04
8.792300000000000000e+04
8.792600000000000000e+04
8.793000000000000000e+04
8.793200000000000000e+04
8.797500000000000000e+04
8.798100000000000000e+04
8.799400000000000000e+04
8.801400000000000000e+04
8.802200000000000000e+04
8.802500000000000000e+04
8.802600000000000000e+04
8.803500000000000000e+04
8.831100000000000000e+04
8.831800000000000000e+04
8.838300000000000000e+04
8.850900000000000000e+04
8.852700000000000000e+04
8.853500000000000000e+04
8.854100000000000000e+04
8.855100000000000000e+04
8.855500000000000000e+04
8.855700000000000000e+04
8.856300000000000000e+04
8.856900000000000000e+04
8.857000000000000000e+04
8.869900000000000000e+04
8.878300000000000000e+04
8.882200000000000000e+04
8.901700000000000000e+04
8.904500000000000000e+04
8.905000000000000000e+04
8.905200000000000000e+04
8.905900000000000000e+04
8.906800000000000000e+04
8.908000000000000000e+04
8.919900000000000000e+04
8.930900000000000000e+04
8.943800000000000000e+04
8.949900000000000000e+04
8.950200000000000000e+04
8.954300000000000000e+04
8.956100000000000000e+04
8.970900000000000000e+04
8.972100000000000000e+04
8.975100000000000000e+04
8.978200000000000000e+04
8.980500000000000000e+04
8.992700000000000000e+04
9.002200000000000000e+04
9.049500000000000000e+04
9.055900000000000000e+04
9.059100000000000000e+04
9.060700000000000000e+04
9.061500000000000000e+04
9.061900000000000000e+04
9.062100000000000000e+04
9.075100000000000000e+04
9.087100000000000000e+04
9.087800000000000000e+04
9.099100000000000000e+04
9.100300000000000000e+04
9.100500000000000000e+04
9.100600000000000000e+04
9.106700000000000000e+04
9.107000000000000000e+04
9.110200000000000000e+04
9.112300000000000000e+04
9.112500000000000000e+04
9.112900000000000000e+04
9.113000000000000000e+04
9.126300000000000000e+04
9.138900000000000000e+04
9.139000000000000000e+04
9.145500000000000000e+04
9.151100000000000000e+04
9.151700000000000000e+04
9.156700000000000000e+04
9.160700000000000000e+04
9.162300000000000000e+04
9.163000000000000000e+04
9.163700000000000000e+04
9.163800000000000000e+04
9.183500000000000000e+04
9.183700000000000000e+04
9.183800000000000000e+04
9.185500000000000000e+04
9.186300000000000000e+04
9.186700000000000000e+04
9.186900000000000000e+04
9.188500000000000000e+04
9.189100000000000000e+04
9.189400000000000000e+04
9.189700000000000000e+04
9.196300000000000000e+04
9.201100000000000000e+04
9.202100000000000000e+04
9.202200000000000000e+04
9.202500000000000000e+04
9.202800000000000000e+04
9.206200000000000000e+04
9.207700000000000000e+04
9.210300000000000000e+04
9.211800000000000000e+04
9.213100000000000000e+04
9.213300000000000000e+04
9.214000000000000000e+04
9.240700000000000000e+04
9.262300000000000000e+04
9.263100000000000000e+04
9.265100000000000000e+04
9.266100000000000000e+04
9.279700000000000000e+04
9.284700000000000000e+04
9.287900000000000000e+04
9.288700000000000000e+04
9.289100000000000000e+04
9.290900000000000000e+04
9.291000000000000000e+04
9.298700000000000000e+04
9.301500000000000000e+04
9.301900000000000000e+04
9.303500000000000000e+04
9.307900000000000000e+04
9.310700000000000000e+04
9.311600000000000000e+04
9.312700000000000000e+04
9.315500000000000000e+04
9.317000000000000000e+04
9.317600000000000000e+04
9.324700000000000000e+04
9.336700000000000000e+04
9.354900000000000000e+04
9.362800000000000000e+04
9.365100000000000000e+04
9.365800000000000000e+04
9.367300000000000000e+04
9.375700000000000000e+04
9.381400000000000000e+04
9.383900000000000000e+04
9.387800000000000000e+04
9.390900000000000000e+04
9.404200000000000000e+04
9.409100000000000000e+04
9.409300000000000000e+04
9.411500000000000000e+04
9.411700000000000000e+04
9.411800000000000000e+04
9.414700000000000000e+04
9.416200000000000000e+04
9.445500000000000000e+04
9.445900000000000000e+04
9.464700000000000000e+04
9.465400000000000000e+04
9.468500000000000000e+04
9.470100000000000000e+04
9.470200000000000000e+04
9.470700000000000000e+04
9.483100000000000000e+04
9.491000000000000000e+04
9.493500000000000000e+04
9.496600000000000000e+04
9.509700000000000000e+04
9.512700000000000000e+04
9.519000000000000000e+04
9.521000000000000000e+04
9.546900000000000000e+04
9.554300000000000000e+04
9.554900000000000000e+04
9.555000000000000000e+04
9.560500000000000000e+04
9.567400000000000000e+04
9.570100000000000000e+04
9.573000000000000000e+04
9.599200000000000000e+04
9.609900000000000000e+04
9.614100000000000000e+04
9.623200000000000000e+04
9.637900000000000000e+04
9.650200000000000000e+04
9.650800000000000000e+04
9.657300000000000000e+04
9.665500000000000000e+04
9.666700000000000000e+04
9.675400000000000000e+04
9.692500000000000000e+04
9.697900000000000000e+04
9.711600000000000000e+04
9.719300000000000000e+04
9.734100000000000000e+04
9.755900000000000000e+04
9.759300000000000000e+04
9.761900000000000000e+04
9.763700000000000000e+04
9.764900000000000000e+04
9.776800000000000000e+04
9.777600000000000000e+04
9.783800000000000000e+04
9.786300000000000000e+04
9.787800000000000000e+04
9.788400000000000000e+04
9.790800000000000000e+04
9.807400000000000000e+04
9.818500000000000000e+04
9.881500000000000000e+04
9.907100000000000000e+04
9.919900000000000000e+04
9.926300000000000000e+04
9.929500000000000000e+04
9.931100000000000000e+04
9.931900000000000000e+04
9.932300000000000000e+04
9.932500000000000000e+04
9.932600000000000000e+04
9.958300000000000000e+04
9.971100000000000000e+04
9.977500000000000000e+04
9.980700000000000000e+04
9.982300000000000000e+04
9.983100000000000000e+04
9.983500000000000000e+04
9.983700000000000000e+04
9.983800000000000000e+04
9.996700000000000000e+04
1.000310000000000000e+05
1.000630000000000000e+05
1.000790000000000000e+05
1.000870000000000000e+05
1.000910000000000000e+05
1.000930000000000000e+05
1.000940000000000000e+05
1.001590000000000000e+05
1.001910000000000000e+05
1.002070000000000000e+05
1.002150000000000000e+05
1.002190000000000000e+05
1.002210000000000000e+05
1.002220000000000000e+05
1.002550000000000000e+05
1.002710000000000000e+05
1.002830000000000000e+05
1.002850000000000000e+05
1.002860000000000000e+05
1.003030000000000000e+05
1.003110000000000000e+05
1.003150000000000000e+05
1.003170000000000000e+05
1.003180000000000000e+05
1.003270000000000000e+05
1.003310000000000000e+05
1.003330000000000000e+05
1.003340000000000000e+05
1.003390000000000000e+05
1.003410000000000000e+05
1.003420000000000000e+05
1.003450000000000000e+05
1.003460000000000000e+05
1.003480000000000000e+05
1.006070000000000000e+05
1.007350000000000000e+05
1.007990000000000000e+05
1.008310000000000000e+05
1.008470000000000000e+05
1.008550000000000000e+05
1.008590000000000000e+05
1.008610000000000000e+05
1.008620000000000000e+05
1.009910000000000000e+05
1.010550000000000000e+05
1.010870000000000000e+05
1.011030000000000000e+05
1.011110000000000000e+05
1.011150000000000000e+05
1.011170000000000000e+05
1.011180000000000000e+05
1.011830000000000000e+05
1.012150000000000000e+05
1.012310000000000000e+05
1.012450000000000000e+05
1.012790000000000000e+05
1.012950000000000000e+05
1.013030000000000000e+05
1.013070000000000000e+05
1.013090000000000000e+05
1.013270000000000000e+05
1.013350000000000000e+05
1.013390000000000000e+05
1.013410000000000000e+05
1.013510000000000000e+05
1.013550000000000000e+05
1.013570000000000000e+05
1.013630000000000000e+05
1.013650000000000000e+05
1.013690000000000000e+05
1.013700000000000000e+05
1.015030000000000000e+05
1.015670000000000000e+05
1.015990000000000000e+05
1.016150000000000000e+05
1.016950000000000000e+05
1.017270000000000000e+05
1.017430000000000000e+05
1.017510000000000000e+05
1.017550000000000000e+05
1.017910000000000000e+05
1.018070000000000000e+05
1.018150000000000000e+05
1.018190000000000000e+05
1.018210000000000000e+05
1.018220000000000000e+05
1.018700000000000000e+05
1.018770000000000000e+05
1.018780000000000000e+05
1.018840000000000000e+05
1.019510000000000000e+05
1.019830000000000000e+05
1.019990000000000000e+05
1.020070000000000000e+05
1.020110000000000000e+05
1.020130000000000000e+05
1.020140000000000000e+05
1.020470000000000000e+05
1.020630000000000000e+05
1.020710000000000000e+05
1.020750000000000000e+05
1.020770000000000000e+05
1.020780000000000000e+05
1.020950000000000000e+05
1.021070000000000000e+05
1.021250000000000000e+05
1.021260000000000000e+05
1.021380000000000000e+05
1.021750000000000000e+05
1.021910000000000000e+05
1.022030000000000000e+05
1.022050000000000000e+05
1.022230000000000000e+05
1.022310000000000000e+05
1.022470000000000000e+05
1.022510000000000000e+05
1.022530000000000000e+05
1.022540000000000000e+05
1.022610000000000000e+05
1.022870000000000000e+05
1.022950000000000000e+05
1.022990000000000000e+05
1.023020000000000000e+05
1.023110000000000000e+05
1.023150000000000000e+05
1.023170000000000000e+05
1.023180000000000000e+05
1.023230000000000000e+05
1.023250000000000000e+05
1.023260000000000000e+05
1.023290000000000000e+05
1.023300000000000000e+05
1.023490000000000000e+05
1.023500000000000000e+05
1.023550000000000000e+05
1.023610000000000000e+05
1.023620000000000000e+05
1.023640000000000000e+05
1.023880000000000000e+05
1.023920000000000000e+05
1.026550000000000000e+05
1.027830000000000000e+05
1.029030000000000000e+05
1.029070000000000000e+05
1.030390000000000000e+05
1.031350000000000000e+05
1.031510000000000000e+05
1.032790000000000000e+05
1.033430000000000000e+05
1.033510000000000000e+05
1.033570000000000000e+05
1.033830000000000000e+05
1.034030000000000000e+05
1.034060000000000000e+05
1.034200000000000000e+05
1.035510000000000000e+05
1.036150000000000000e+05
1.036470000000000000e+05
1.036710000000000000e+05
1.036770000000000000e+05
1.036780000000000000e+05
1.038390000000000000e+05
1.038690000000000000e+05
1.038870000000000000e+05
1.039020000000000000e+05
1.039150000000000000e+05
1.039230000000000000e+05
1.039300000000000000e+05
1.039320000000000000e+05
1.039990000000000000e+05
1.040310000000000000e+05
1.040470000000000000e+05
1.040590000000000000e+05
1.040950000000000000e+05
1.041110000000000000e+05
1.041190000000000000e+05
1.041250000000000000e+05
1.041430000000000000e+05
1.041510000000000000e+05
1.041550000000000000e+05
1.041740000000000000e+05
1.041810000000000000e+05
1.041820000000000000e+05
1.042950000000000000e+05
1.043130000000000000e+05
1.043140000000000000e+05
1.043470000000000000e+05
1.043650000000000000e+05
1.043980000000000000e+05
1.044030000000000000e+05
1.044090000000000000e+05
1.044100000000000000e+05
1.044220000000000000e+05
1.044250000000000000e+05
1.044260000000000000e+05
1.046390000000000000e+05
1.047670000000000000e+05
1.047990000000000000e+05
1.048870000000000000e+05
1.049260000000000000e+05
1.049420000000000000e+05
1.050850000000000000e+05
1.052090000000000000e+05
1.052630000000000000e+05
1.053380000000000000e+05
1.053590000000000000e+05
1.053830000000000000e+05
1.053890000000000000e+05
1.053900000000000000e+05
1.057590000000000000e+05
1.057900000000000000e+05
1.058350000000000000e+05
1.058950000000000000e+05
1.059100000000000000e+05
1.059420000000000000e+05
1.059640000000000000e+05
1.060430000000000000e+05
1.060450000000000000e+05
1.060930000000000000e+05
1.061050000000000000e+05
1.061080000000000000e+05
1.061270000000000000e+05
1.061350000000000000e+05
1.061510000000000000e+05
1.061570000000000000e+05
1.061720000000000000e+05
1.061830000000000000e+05
1.061890000000000000e+05
1.062020000000000000e+05
1.062110000000000000e+05
1.063180000000000000e+05
1.063250000000000000e+05
1.063540000000000000e+05
1.063600000000000000e+05
1.064680000000000000e+05
1.069430000000000000e+05
1.069750000000000000e+05
1.069990000000000000e+05
1.070050000000000000e+05
1.071990000000000000e+05
1.072470000000000000e+05
1.072610000000000000e+05
1.072620000000000000e+05
1.073270000000000000e+05
1.073590000000000000e+05
1.073830000000000000e+05
1.074230000000000000e+05
1.074390000000000000e+05
1.074510000000000000e+05
1.074540000000000000e+05
1.074710000000000000e+05
1.074950000000000000e+05
1.075070000000000000e+05
1.075130000000000000e+05
1.075140000000000000e+05
1.077110000000000000e+05
1.077590000000000000e+05
1.077670000000000000e+05
1.077710000000000000e+05
1.077730000000000000e+05
1.078870000000000000e+05
1.079010000000000000e+05
1.079350000000000000e+05
1.079630000000000000e+05
1.079650000000000000e+05
1.079830000000000000e+05
1.079950000000000000e+05
1.079970000000000000e+05
1.080070000000000000e+05
1.080110000000000000e+05
1.080130000000000000e+05
1.080190000000000000e+05
1.080210000000000000e+05
1.080280000000000000e+05
1.080950000000000000e+05
1.081430000000000000e+05
1.081510000000000000e+05
1.081550000000000000e+05
1.081570000000000000e+05
1.081910000000000000e+05
1.082210000000000000e+05
1.082390000000000000e+05
1.082470000000000000e+05
1.082510000000000000e+05
1.082530000000000000e+05
1.082630000000000000e+05
1.082670000000000000e+05
1.082700000000000000e+05
1.082770000000000000e+05
1.082780000000000000e+05
1.083190000000000000e+05
1.083350000000000000e+05
1.083430000000000000e+05
1.083470000000000000e+05
1.083490000000000000e+05
1.083820000000000000e+05
1.084030000000000000e+05
1.084050000000000000e+05
1.084390000000000000e+05
1.084430000000000000e+05
1.084550000000000000e+05
1.084670000000000000e+05
1.084730000000000000e+05
1.084910000000000000e+05
1.085010000000000000e+05
1.085080000000000000e+05
1.085150000000000000e+05
1.085180000000000000e+05
1.085220000000000000e+05
1.085300000000000000e+05
1.087830000000000000e+05
1.087910000000000000e+05
1.089110000000000000e+05
1.089590000000000000e+05
1.089830000000000000e+05
1.090370000000000000e+05
1.090460000000000000e+05
1.091810000000000000e+05
1.092390000000000000e+05
1.092460000000000000e+05
1.092630000000000000e+05
1.092870000000000000e+05
1.092930000000000000e+05
1.093010000000000000e+05
1.094050000000000000e+05
1.094060000000000000e+05
1.094210000000000000e+05
1.094690000000000000e+05
1.094980000000000000e+05
1.095250000000000000e+05
1.095320000000000000e+05
1.097510000000000000e+05
1.097830000000000000e+05
1.097900000000000000e+05
1.098050000000000000e+05
1.098130000000000000e+05
1.098550000000000000e+05
1.099270000000000000e+05
1.099950000000000000e+05
1.100050000000000000e+05
1.100290000000000000e+05
1.100660000000000000e+05
1.100680000000000000e+05
1.101420000000000000e+05
1.102230000000000000e+05
1.102310000000000000e+05
1.102470000000000000e+05
1.102610000000000000e+05
1.103210000000000000e+05
1.103240000000000000e+05
1.103810000000000000e+05
1.103820000000000000e+05
1.104440000000000000e+05
1.104520000000000000e+05
1.105050000000000000e+05
1.105340000000000000e+05
1.105370000000000000e+05
1.105620000000000000e+05
1.105760000000000000e+05
1.107830000000000000e+05
1.109430000000000000e+05
1.110230000000000000e+05
1.110910000000000000e+05
1.112290000000000000e+05
1.113230000000000000e+05
1.113260000000000000e+05
1.113410000000000000e+05
1.113490000000000000e+05
1.113560000000000000e+05
1.113910000000000000e+05
1.114630000000000000e+05
1.114690000000000000e+05
1.114700000000000000e+05
1.115170000000000000e+05
1.115450000000000000e+05
1.115630000000000000e+05
1.115800000000000000e+05
1.115960000000000000e+05
1.116010000000000000e+05
1.118310000000000000e+05
1.118530000000000000e+05
1.118540000000000000e+05
1.118590000000000000e+05
1.118650000000000000e+05
1.118680000000000000e+05
1.119510000000000000e+05
1.121590000000000000e+05
1.121750000000000000e+05
1.122350000000000000e+05
1.122710000000000000e+05
1.122790000000000000e+05
1.123020000000000000e+05
1.123160000000000000e+05
1.123460000000000000e+05
1.124380000000000000e+05
1.125310000000000000e+05
1.125490000000000000e+05
1.125500000000000000e+05
1.125610000000000000e+05
1.125960000000000000e+05
1.127510000000000000e+05
1.128150000000000000e+05
1.128590000000000000e+05
1.130780000000000000e+05
1.133510000000000000e+05
1.133580000000000000e+05
1.134610000000000000e+05
1.135000000000000000e+05
1.135570000000000000e+05
1.138150000000000000e+05
1.140700000000000000e+05
1.140920000000000000e+05
1.141150000000000000e+05
1.142290000000000000e+05
1.142360000000000000e+05
1.142510000000000000e+05
1.143230000000000000e+05
1.144740000000000000e+05
1.144990000000000000e+05
1.145060000000000000e+05
1.145960000000000000e+05
1.146000000000000000e+05
1.146560000000000000e+05
1.149430000000000000e+05
1.151350000000000000e+05
1.151830000000000000e+05
1.151910000000000000e+05
1.151950000000000000e+05
1.151970000000000000e+05
1.151980000000000000e+05
1.153270000000000000e+05
1.154230000000000000e+05
1.154390000000000000e+05
1.154470000000000000e+05
1.154510000000000000e+05
1.154530000000000000e+05
1.156390000000000000e+05
1.156710000000000000e+05
1.156750000000000000e+05
1.156770000000000000e+05
1.159030000000000000e+05
1.159510000000000000e+05
1.159590000000000000e+05
1.159650000000000000e+05
1.160630000000000000e+05
1.161510000000000000e+05
1.161570000000000000e+05
1.161750000000000000e+05
1.161830000000000000e+05
1.161870000000000000e+05
1.161900000000000000e+05
1.162030000000000000e+05
1.162050000000000000e+05
1.162140000000000000e+05
1.162180000000000000e+05
1.162870000000000000e+05
1.163430000000000000e+05
1.163470000000000000e+05
1.163490000000000000e+05
1.163830000000000000e+05
1.163990000000000000e+05
1.164310000000000000e+05
1.164390000000000000e+05
1.164430000000000000e+05
1.164450000000000000e+05
1.164610000000000000e+05
1.164620000000000000e+05
1.164670000000000000e+05
1.164690000000000000e+05
1.164700000000000000e+05
1.164760000000000000e+05
1.165390000000000000e+05
1.165410000000000000e+05
1.165590000000000000e+05
1.165730000000000000e+05
1.165890000000000000e+05
1.165900000000000000e+05
1.165950000000000000e+05
1.165970000000000000e+05
1.165980000000000000e+05
1.166230000000000000e+05
1.166610000000000000e+05
1.166650000000000000e+05
1.166680000000000000e+05
1.166850000000000000e+05
1.166910000000000000e+05
1.166940000000000000e+05
1.166970000000000000e+05
1.167000000000000000e+05
1.167070000000000000e+05
1.167210000000000000e+05
1.167280000000000000e+05
1.169590000000000000e+05
1.169750000000000000e+05
1.169830000000000000e+05
1.169890000000000000e+05
1.169900000000000000e+05
1.170550000000000000e+05
1.171030000000000000e+05
1.171150000000000000e+05
1.171510000000000000e+05
1.171990000000000000e+05
1.172290000000000000e+05
1.172440000000000000e+05
1.173710000000000000e+05
1.173740000000000000e+05
1.174310000000000000e+05
1.174350000000000000e+05
1.174550000000000000e+05
1.174630000000000000e+05
1.174790000000000000e+05
1.174850000000000000e+05
1.174860000000000000e+05
1.175510000000000000e+05
1.175910000000000000e+05
1.175980000000000000e+05
1.176710000000000000e+05
1.176920000000000000e+05
1.177070000000000000e+05
1.177150000000000000e+05
1.177170000000000000e+05
1.177330000000000000e+05
1.177380000000000000e+05
1.177450000000000000e+05
1.179430000000000000e+05
1.179820000000000000e+05
1.180060000000000000e+05
1.180710000000000000e+05
1.181070000000000000e+05
1.181400000000000000e+05
1.181830000000000000e+05
1.182210000000000000e+05
1.184150000000000000e+05
1.184890000000000000e+05
1.185060000000000000e+05
1.185790000000000000e+05
1.186060000000000000e+05
1.186360000000000000e+05
1.186480000000000000e+05
1.186670000000000000e+05
1.186690000000000000e+05
1.186930000000000000e+05
1.187230000000000000e+05
1.194790000000000000e+05
1.194860000000000000e+05
1.196140000000000000e+05
1.197100000000000000e+05
1.197260000000000000e+05
1.197580000000000000e+05
1.198000000000000000e+05
1.200300000000000000e+05
1.200530000000000000e+05
1.200950000000000000e+05
1.201790000000000000e+05
1.202670000000000000e+05
1.204230000000000000e+05
1.206290000000000000e+05
1.206780000000000000e+05
1.206890000000000000e+05
1.207110000000000000e+05
1.207290000000000000e+05
1.207530000000000000e+05
1.209510000000000000e+05
1.215740000000000000e+05
1.215780000000000000e+05
1.216710000000000000e+05
1.216850000000000000e+05
1.217420000000000000e+05
1.217650000000000000e+05
1.217800000000000000e+05
1.220590000000000000e+05
1.221350000000000000e+05
1.222780000000000000e+05
1.224430000000000000e+05
1.224690000000000000e+05
1.232470000000000000e+05
1.233250000000000000e+05
1.233260000000000000e+05
1.233740000000000000e+05
1.235110000000000000e+05
1.235510000000000000e+05
1.235820000000000000e+05
1.235990000000000000e+05
1.236070000000000000e+05
1.236130000000000000e+05
1.236230000000000000e+05
1.236410000000000000e+05
1.237350000000000000e+05
1.238150000000000000e+05
1.238510000000000000e+05
1.238810000000000000e+05
1.241110000000000000e+05
1.241530000000000000e+05
1.242190000000000000e+05
1.243030000000000000e+05
1.244770000000000000e+05
1.245190000000000000e+05
1.246040000000000000e+05
1.246270000000000000e+05
1.246290000000000000e+05
1.246580000000000000e+05
1.246600000000000000e+05
1.246950000000000000e+05
1.247180000000000000e+05
1.247800000000000000e+05
1.248070000000000000e+05
1.248440000000000000e+05
1.248730000000000000e+05
1.248760000000000000e+05
1.248840000000000000e+05
1.253650000000000000e+05
1.254280000000000000e+05
1.255020000000000000e+05
1.255580000000000000e+05
1.256530000000000000e+05
1.257190000000000000e+05
1.257230000000000000e+05
1.257410000000000000e+05
1.257530000000000000e+05
1.258350000000000000e+05
1.258370000000000000e+05
1.259280000000000000e+05
1.262540000000000000e+05
1.262660000000000000e+05
1.266440000000000000e+05
1.267960000000000000e+05
1.268820000000000000e+05
1.273410000000000000e+05
1.274460000000000000e+05
1.274730000000000000e+05
1.275500000000000000e+05
1.276730000000000000e+05
1.276870000000000000e+05
1.277150000000000000e+05
1.277950000000000000e+05
1.278290000000000000e+05
1.279160000000000000e+05
1.279210000000000000e+05
1.279450000000000000e+05
1.283720000000000000e+05
1.284030000000000000e+05
1.284660000000000000e+05
1.284680000000000000e+05
1.286890000000000000e+05
1.288120000000000000e+05
1.288560000000000000e+05
1.291480000000000000e+05
1.293370000000000000e+05
1.298330000000000000e+05
1.299370000000000000e+05
1.299850000000000000e+05
1.302010000000000000e+05
1.302140000000000000e+05
1.303290000000000000e+05
1.305790000000000000e+05
1.308260000000000000e+05
