 &FCI NORB=   8,NELEC= 8,MS2=0,
  ORBSYM=1,1,1,1,1,1,1,1
  ISYM=1,
 &END
 0.5833460115986766    1    1    1    1
 0.002472813928765119    2    1    1    1
 0.1208512096359246    2    1    2    1
 0.5646691628596724    2    2    1    1
 0.02117810992584219    2    2    2    1
 0.6071125608926344    2    2    2    2
 0.00246292769082456    3    1    1    1
 -0.00326219797485228    3    1    2    1
 -0.032909939085105    3    1    2    2
 0.119785744573162    3    1    3    1
 -0.002654921585627093    3    2    1    1
 -0.03210886246474737    3    2    2    1
 -0.002120487072166792    3    2    2    2
 -0.02255328293430511    3    2    3    1
 0.045466832853935    3    2    3    2
 0.5656933474204779    3    3    1    1
 -0.02330497308293887    3    3    2    1
 0.5349312013717319    3    3    2    2
 -0.001481668282836736    3    3    3    1
 0.00827911834089573    3    3    3    2
 0.5983479980484107    3    3    3    3
 0.004965292856357047    4    1    1    1
 -0.0004591385630842832    4    1    2    1
 0.0107666813600593    4    1    2    2
 0.001445594757086629    4    1    3    1
 -0.0009838827999481331    4    1    3    2
 0.01933329463126771    4    1    3    3
 0.1139773057051245    4    1    4    1
 -0.002182390861167012    4    2    1    1
 0.01056875971145745    4    2    2    1
 0.001380065248688863    4    2    2    2
 -0.0007778696555173137    4    2    3    1
 -0.006534132712569295    4    2    3    2
 -0.01030027156895882    4    2    3    3
 -0.009749256418551696    4    2    4    1
 0.02516813972140026    4    2    4    2
 0.003010297227799327    4    3    1    1
 -0.0007974386170367303    4    3    2    1
 -0.00535805973706781    4    3    2    2
 0.01931560826864962    4    3    3    1
 -0.008501721851181544    4    3    3    2
 0.01023358263780848    4    3    3    3
 0.01574701016852212    4    3    4    1
 -0.003204437908185882    4    3    4    2
 0.03393878346035545    4    3    4    3
 0.549571485747575    4    4    1    1
 -0.01078959456502154    4    4    2    1
 0.5040216773212717    4    4    2    2
 0.01467710473426694    4    4    3    1
 -0.003150084979585453    4    4    3    2
 0.5144216825024328    4    4    3    3
 -0.04991017848495787    4    4    4    1
 0.003090345678375795    4    4    4    2
 -0.003317176895389341    4    4    4    3
 0.5926225331534668    4    4    4    4
 0.08103055092215014    5    1    1    1
 0.01525581810381798    5    1    2    1
 0.0655245166727247    5    1    2    2
 0.009057461112865    5    1    3    1
 0.008592090026295249    5    1    3    2
 0.07373884966097063    5    1    3    3
 -0.008171591469950463    5    1    4    1
 -0.006818651124121394    5    1    4    2
 -0.002895145140975526    5    1    4    3
 0.06564098369642442    5    1    4    4
 0.05294875555756798    5    1    5    1
 0.04507003235561387    5    2    1    1
 -0.002674265242686286    5    2    2    1
 0.01794812216164176    5    2    2    2
 0.02473851426837096    5    2    3    1
 0.007634247864940533    5    2    3    2
 0.03868769448102725    5    2    3    3
 -0.01672902244278868    5    2    4    1
 -0.00861096818210759    5    2    4    2
 0.006157567740783554    5    2    4    3
 0.05342683890577116    5    2    4    4
 0.03665014976267413    5    2    5    1
 0.05509604207829083    5    2    5    2
 0.02350008667539209    5    3    1    1
 0.02539988820464626    5    3    2    1
 0.02778776589915656    5    3    2    2
 0.01839783738941264    5    3    3    1
 -0.003795558631422597    5    3    3    2
 0.009939872391119618    5    3    3    3
 -0.006847526486228145    5    3    4    1
 0.006411000281138638    5    3    4    2
 -0.009071303681297535    5    3    4    3
 0.01331584950466886    5    3    4    4
 0.01774460610857101    5    3    5    1
 -0.00329213469048811    5    3    5    2
 0.03252179238702128    5    3    5    3
 -0.02499841807896258    5    4    1    1
 -0.01737140062840556    5    4    2    1
 -0.03037476124002476    5    4    2    2
 -0.007310539700546227    5    4    3    1
 0.008760854012144948    5    4    3    2
 -0.02949643983520738    5    4    3    3
 -0.004997555647437027    5    4    4    1
 0.009983490400181845    5    4    4    2
 -0.007735030602860757    5    4    4    3
 -0.00325670324221004    5    4    4    4
 -0.01518709663735744    5    4    5    1
 0.001180041560224234    5    4    5    2
 -0.006684981217412856    5    4    5    3
 0.04320769805295378    5    4    5    4
 0.4546375844842351    5    5    1    1
 0.05455484524885122    5    5    2    1
 0.4592034881344355    5    5    2    2
 0.01849876505821249    5    5    3    1
 -0.02144135900781908    5    5    3    2
 0.4287965561799934    5    5    3    3
 -0.02818916039903932    5    5    4    1
 0.009617625941321728    5    5    4    2
 -0.003545269551921402    5    5    4    3
 0.4571616743616559    5    5    4    4
 0.04030910330234023    5    5    5    1
 0.01862220574479514    5    5    5    2
 0.03230096266078358    5    5    5    3
 -0.00932559418837328    5    5    5    4
 0.4595103750747065    5    5    5    5
 -0.04985205712888879    6    1    1    1
 0.01427577284333509    6    1    2    1
 -0.03926655889180987    6    1    2    2
 0.02751023483963794    6    1    3    1
 0.009844621067218519    6    1    3    2
 -0.04743832032144501    6    1    3    3
 0.001545708229146361    6    1    4    1
 -0.002170514018787966    6    1    4    2
 -0.01121293613445826    6    1    4    3
 -0.04812473068934593    6    1    4    4
 -0.006093298584092801    6    1    5    1
 -0.007546406392058556    6    1    5    2
 0.01335731983938331    6    1    5    3
 0.005982759047778098    6    1    5    4
 -0.01241342480679188    6    1    5    5
 0.05047335959630198    6    1    6    1
 0.0438127842768618    6    2    1    1
 0.01278401452778245    6    2    2    1
 0.03902585241655684    6    2    2    2
 0.03052547062805373    6    2    3    1
 -0.0169458224773344    6    2    3    2
 0.02235543268155066    6    2    3    3
 -0.00690169976326555    6    2    4    1
 0.01003320238200356    6    2    4    2
 0.01030773560294333    6    2    4    3
 0.04242329745317228    6    2    4    4
 0.008612042437371958    6    2    5    1
 0.007495022856931523    6    2    5    2
 0.01692876116519581    6    2    5    3
 -0.009788161210392854    6    2    5    4
 0.04387814703882975    6    2    5    5
 -0.02185523235114166    6    2    6    1
 0.05630524752217578    6    2    6    2
 0.08875894353602554    6    3    1    1
 0.03147668951331595    6    3    2    1
 0.06658943299564238    6    3    2    2
 -0.006368562429803393    6    3    3    1
 -0.01640428473514622    6    3    3    2
 0.07247376578817272    6    3    3    3
 -0.02973480139273287    6    3    4    1
 0.01070243096613153    6    3    4    2
 0.001378035223774118    6    3    4    3
 0.08705957639959977    6    3    4    4
 0.03632960453109424    6    3    5    1
 0.0246593275552109    6    3    5    2
 0.018897957314834    6    3    5    3
 -0.006378896924824014    6    3    5    4
 0.0671254272477205    6    3    5    5
 -0.04418973646085744    6    3    6    1
 0.04726128832523981    6    3    6    2
 0.0973276311660943    6    3    6    3
 0.01003145553441038    6    4    1    1
 -0.006267596394939795    6    4    2    1
 0.0220737249474237    6    4    2    2
 -0.02834911050068555    6    4    3    1
 0.01212406635045379    6    4    3    2
 0.01365387260814948    6    4    3    3
 -0.01434122722176875    6    4    4    1
 0.003347878661466281    6    4    4    2
 0.003492593505111408    6    4    4    3
 0.004171651981036216    6    4    4    4
 0.006121730003838262    6    4    5    1
 -0.005424099935572537    6    4    5    2
 -0.0009443125490828724    6    4    5    3
 -0.006183573180873469    6    4    5    4
 -0.005041436570166354    6    4    5    5
 -0.005007595153761846    6    4    6    1
 -0.01101500242769467    6    4    6    2
 -0.001937411860899517    6    4    6    3
 0.02797528517557343    6    4    6    4
 0.01418145526860609    6    5    1    1
 -0.01152295847657924    6    5    2    1
 0.005791636917055342    6    5    2    2
 0.0264875635057583    6    5    3    1
 0.01078190039865443    6    5    3    2
 0.02535243165506205    6    5    3    3
 0.01534041177555419    6    5    4    1
 -0.008212198363908024    6    5    4    2
 0.004824361661683494    6    5    4    3
 0.0004833912852023777    6    5    4    4
 0.01395329881501772    6    5    5    1
 0.01490314168238934    6    5    5    2
 0.003306975588134932    6    5    5    3
 -0.01064678835914541    6    5    5    4
 -0.005583675341878277    6    5    5    5
 0.01211427949711281    6    5    6    1
 -0.002433204137840688    6    5    6    2
 -0.01396701505575228    6    5    6    3
 -0.002429226710995274    6    5    6    4
 0.02306174562901928    6    5    6    5
 0.5057398329684987    6    6    1    1
 -0.05633427781736196    6    6    2    1
 0.5150012961012415    6    6    2    2
 -0.08050940328428537    6    6    3    1
 0.05722741547120969    6    6    3    2
 0.5366193714915098    6    6    3    3
 0.005546888498183694    6    6    4    1
 -0.01640403242216934    6    6    4    2
 -0.01319566863082021    6    6    4    3
 0.4664433464407795    6    6    4    4
 0.06120665467928982    6    6    5    1
 0.02179864560777877    6    6    5    2
 -0.008682054120977807    6    6    5    3
 -0.01118318189323038    6    6    5    4
 0.3717105153465473    6    6    5    5
 -0.0316309425397153    6    6    6    1
 -0.0349134230375343    6    6    6    2
 0.0165998568907779    6    6    6    3
 0.04803908235972109    6    6    6    4
 0.01939336679653567    6    6    6    5
 0.6293471987021069    6    6    6    6
 0.02718828777035954    7    1    1    1
 0.001683700358168691    7    1    2    1
 0.01487454662148555    7    1    2    2
 -0.003110483116218264    7    1    3    1
 0.001559408456179883    7    1    3    2
 0.01252311279507056    7    1    3    3
 0.03820281286520233    7    1    4    1
 0.001905455533202463    7    1    4    2
 -0.00766230621327863    7    1    4    3
 0.02558234916724815    7    1    4    4
 0.006406089536046609    7    1    5    1
 0.006618379476076596    7    1    5    2
 0.003122818488803983    7    1    5    3
 0.02452123557036284    7    1    5    4
 0.009934907401323179    7    1    5    5
 -0.004500887555622571    7    1    6    1
 0.003682156959502762    7    1    6    2
 0.01193844917352536    7    1    6    3
 -0.01682674257745031    7    1    6    4
 -0.002897487477257398    7    1    6    5
 0.006376500830761679    7    1    6    6
 0.04932205209086105    7    1    7    1
 0.0062247776714775    7    2    1    1
 -0.01846333819837315    7    2    2    1
 -0.002701901186157212    7    2    2    2
 0.00329606256691234    7    2    3    1
 0.01086486056688062    7    2    3    2
 0.01648015435746623    7    2    3    3
 0.007069436726314186    7    2    4    1
 0.00639608333739341    7    2    4    2
 0.003508234882733414    7    2    4    3
 0.003175298397854688    7    2    4    4
 0.00571994168640107    7    2    5    1
 0.01197389424199529    7    2    5    2
 -0.008522956754854689    7    2    5    3
 0.003947483131395534    7    2    5    4
 -0.015436254402044    7    2    5    5
 0.0002987432038267331    7    2    6    1
 -0.01035872148282604    7    2    6    2
 -0.01041908302911553    7    2    6    3
 0.005527338083033893    7    2    6    4
 0.01044267313411904    7    2    6    5
 0.02649256395348625    7    2    6    6
 0.0005776118078042429    7    2    7    1
 0.02205556339132398    7    2    7    2
 -0.007525731245399182    7    3    1    1
 0.003301079592976903    7    3    2    1
 0.005882731376278104    7    3    2    2
 -0.0246028263065535    7    3    3    1
 0.01123504760913169    7    3    3    2
 -0.01665174892065467    7    3    3    3
 -0.02207873308379065    7    3    4    1
 0.004152612163274026    7    3    4    2
 -0.004206023241674431    7    3    4    3
 0.00014878100139318    7    3    4    4
 0.000964125949105708    7    3    5    1
 -0.007847291380759853    7    3    5    2
 0.007588114007089176    7    3    5    3
 0.01375189372991142    7    3    5    4
 0.002097342397892247    7    3    5    5
 0.007672345832460504    7    3    6    1
 -0.01126745214229254    7    3    6    2
 -0.0009753698892482764    7    3    6    3
 0.01695798292932479    7    3    6    4
 -0.01062030009323118    7    3    6    5
 0.02032984588671258    7    3    6    6
 -0.000245593555592392    7    3    7    1
 -0.004329211390574621    7    3    7    2
 0.03297475790568336    7    3    7    3
 0.1269555822240446    7    4    1    1
 0.008220758644050427    7    4    2    1
 0.1195157430068946    7    4    2    2
 -0.02196722043873772    7    4    3    1
 0.003407168934966593    7    4    3    2
 0.1088998161548875    7    4    3    3
 0.02976513542958324    7    4    4    1
 -0.003318909149573367    7    4    4    2
 0.001973533130533694    7    4    4    3
 0.09328355462953268    7    4    4    4
 0.05318049270827821    7    4    5    1
 0.0150169034464144    7    4    5    2
 0.01824208512853888    7    4    5    3
 -0.03086495821495302    7    4    5    4
 0.04280785097572409    7    4    5    5
 -0.03504390107537391    7    4    6    1
 0.01906188985052543    7    4    6    2
 0.04605179923527648    7    4    6    3
 0.01709580143536586    7    4    6    4
 0.007725092946094519    7    4    6    5
 0.100304973767682    7    4    6    6
 0.0185022629983058    7    4    7    1
 0.003584604578414152    7    4    7    2
 -0.002652007251618313    7    4    7    3
 0.1168603193491141    7    4    7    4
 0.003981930372757578    7    5    1    1
 0.01948006507507499    7    5    2    1
 0.018638457833199    7    5    2    2
 0.0065769677528397    7    5    3    1
 -0.01301432430936562    7    5    3    2
 0.01517444704632826    7    5    3    3
 0.06920338498422485    7    5    4    1
 -0.001080721557886333    7    5    4    2
 0.01926802684320688    7    5    4    3
 -0.04575144968780426    7    5    4    4
 -0.004304547956879306    7    5    5    1
 -0.021160945210506    7    5    5    2
 0.002189830441087769    7    5    5    3
 -0.02893374433830766    7    5    5    4
 -0.01528932979475513    7    5    5    5
 -0.003029380764773925    7    5    6    1
 0.008871384075296217    7    5    6    2
 -0.01316913566403844    7    5    6    3
 -0.002031585663562258    7    5    6    4
 0.01356067855379411    7    5    6    5
 -0.01168108579346307    7    5    6    6
 0.00319500205224561    7    5    7    1
 0.003462026038447389    7    5    7    2
 -0.02111679797336771    7    5    7    3
 0.03083871383669703    7    5    7    4
 0.0768363914185486    7    5    7    5
 -0.003629737359200818    7    6    1    1
 0.005468210823679839    7    6    2    1
 -0.02056131512976053    7    6    2    2
 0.02835614714768674    7    6    3    1
 -0.01531670577626146    7    6    3    2
 -0.01039003539782522    7    6    3    3
 -0.03666784713596675    7    6    4    1
 0.008304344740643501    7    6    4    2
 0.01532575023351743    7    6    4    3
 0.02578024916930384    7    6    4    4
 -0.003969706489083501    7    6    5    1
 0.0147467663714628    7    6    5    2
 -0.003115406426958967    7    6    5    3
 0.003930943279163344    7    6    5    4
 0.01974906395148314    7    6    5    5
 -0.009570802351728637    7    6    6    1
 0.02323173559618934    7    6    6    2
 0.02341247517252631    7    6    6    3
 -0.003128863077735521    7    6    6    4
 -0.006449367655638485    7    6    6    5
 -0.04807075623508265    7    6    6    6
 -0.01274664366122642    7    6    7    1
 -0.001140685977214005    7    6    7    2
 -0.001275765574435327    7    6    7    3
 -0.02437215478945875    7    6    7    4
 -0.01986022509985816    7    6    7    5
 0.04198968696358001    7    6    7    6
 0.512579747494038    7    7    1    1
 -0.005064773386911236    7    7    2    1
 0.4778334241098303    7    7    2    2
 0.01243576642822137    7    7    3    1
 -0.005912018950426979    7    7    3    2
 0.4916164000249056    7    7    3    3
 -0.005661186376044854    7    7    4    1
 0.001333347159305014    7    7    4    2
 0.001075046620032739    7    7    4    3
 0.5339163487137621    7    7    4    4
 0.05038353925033603    7    7    5    1
 0.04288921711612277    7    7    5    2
 0.004549128757935689    7    7    5    3
 0.007270820654677716    7    7    5    4
 0.442080436228559    7    7    5    5
 -0.04237764006780671    7    7    6    1
 0.03613357269341803    7    7    6    2
 0.07030241997503658    7    7    6    3
 -0.009737922516254107    7    7    6    4
 0.0009276342017514648    7    7    6    5
 0.4454166011501872    7    7    6    6
 0.04261264122615181    7    7    7    1
 0.004598297062848881    7    7    7    2
 -0.008847590267071463    7    7    7    3
 0.07552252358759973    7    7    7    4
 -0.02388165239259512    7    7    7    5
 0.01643330511231019    7    7    7    6
 0.5265209083005353    7    7    7    7
 0.03139272364548411    8    1    1    1
 -0.02735136084412637    8    1    2    1
 0.04237804334698574    8    1    2    2
 0.01735955376519564    8    1    3    1
 -0.003532858362705656    8    1    3    2
 0.0179246751219324    8    1    3    3
 -0.002288823797760808    8    1    4    1
 0.007857422299631602    8    1    4    2
 -0.008391517680350307    8    1    4    3
 0.02094071868459009    8    1    4    4
 0.002852563941988652    8    1    5    1
 -0.01501312013663622    8    1    5    2
 0.02154213420766182    8    1    5    3
 -0.001851862602899453    8    1    5    4
 0.01499488503830369    8    1    5    5
 -0.002087081148973648    8    1    6    1
 0.02249931587655182    8    1    6    2
 0.007290991912942861    8    1    6    3
 0.002311070696336139    8    1    6    4
 0.0006848162015447388    8    1    6    5
 0.009970154108141218    8    1    6    6
 0.002667890470773351    8    1    7    1
 -0.005292066526201475    8    1    7    2
 0.005147787355894942    8    1    7    3
 0.02142537411220908    8    1    7    4
 0.002035599374467407    8    1    7    5
 -0.005397199429793656    8    1    7    6
 0.01191464082129273    8    1    7    7
 0.04955868768215583    8    1    8    1
 -0.09272493255825887    8    2    1    1
 0.04452098579018969    8    2    2    1
 -0.07303022519321431    8    2    2    2
 -0.0119822454840582    8    2    3    1
 -0.005195836642132026    8    2    3    2
 -0.07955662218540803    8    2    3    3
 0.02025960152979771    8    2    4    1
 0.004710536842833154    8    2    4    2
 -0.0007399816312890745    8    2    4    3
 -0.09104860720935182    8    2    4    4
 -0.04076853517969083    8    2    5    1
 -0.04611782544929922    8    2    5    2
 0.0004284694414953079    8    2    5    3
 -0.001324840271321897    8    2    5    4
 -0.0235404321813993    8    2    5    5
 0.03291871313068746    8    2    6    1
 -0.02018808666621744    8    2    6    2
 -0.04022643181992417    8    2    6    3
 -0.003747460772415943    8    2    6    4
 -0.008434162391604714    8    2    6    5
 -0.06715941904964871    8    2    6    6
 -0.0109700902688191    8    2    7    1
 -0.01166814203390488    8    2    7    2
 0.003010215034987699    8    2    7    3
 -0.04577783935649442    8    2    7    4
 0.02463660714798595    8    2    7    5
 -0.008588045328499428    8    2    7    6
 -0.07039122240333638    8    2    7    7
 -0.02351260267441665    8    2    8    1
 0.08997656570203004    8    2    8    2
 0.05861706097941329    8    3    1    1
 -0.0112611668330072    8    3    2    1
 0.05207939426297172    8    3    2    2
 -0.02272100122515712    8    3    3    1
 0.007645418558750206    8    3    3    2
 0.05697018750903757    8    3    3    3
 -0.020863120726474    8    3    4    1
 -0.0004719229043136705    8    3    4    2
 -0.01738402551899741    8    3    4    3
 0.04953403684829    8    3    4    4
 0.03383412648052318    8    3    5    1
 0.01290352420654977    8    3    5    2
 0.01312468373307987    8    3    5    3
 0.004474771694333124    8    3    5    4
 0.01797359864559738    8    3    5    5
 -0.009122711331150536    8    3    6    1
 -0.01006129428535297    8    3    6    2
 0.02768739151984146    8    3    6    3
 0.01496923412083035    8    3    6    4
 -0.00261164151552204    8    3    6    5
 0.07480105442936474    8    3    6    6
 0.008812985937997781    8    3    7    1
 0.002990029227611525    8    3    7    2
 0.01852319121145823    8    3    7    3
 0.03952404208700425    8    3    7    4
 -0.02453723762246999    8    3    7    5
 -0.01357436020193927    8    3    7    6
 0.03097515683962417    8    3    7    7
 0.0175936410756468    8    3    8    1
 -0.04063481894990501    8    3    8    2
 0.05877643092198174    8    3    8    3
 -0.007622484078368371    8    4    1    1
 0.01871260716655382    8    4    2    1
 0.0008049529850245588    8    4    2    2
 -0.02001985023840181    8    4    3    1
 -0.001170594173262896    8    4    3    2
 -0.02307340058755609    8    4    3    3
 -0.01674237673966595    8    4    4    1
 -0.00285106563543661    8    4    4    2
 -0.007041407950665263    8    4    4    3
 0.004175105121795333    8    4    4    4
 -0.001550034656890396    8    4    5    1
 -0.004712483145991942    8    4    5    2
 0.007037504835320846    8    4    5    3
 0.01455221544572214    8    4    5    4
 0.01484154523360754    8    4    5    5
 0.001984485827524592    8    4    6    1
 -0.001028824359609496    8    4    6    2
 0.0131296075649501    8    4    6    3
 0.0004085401549625135    8    4    6    4
 -0.01657544745968012    8    4    6    5
 -0.009966478434543371    8    4    6    6
 0.01086626214777175    8    4    7    1
 -0.01646142070330603    8    4    7    2
 0.02112123393969383    8    4    7    3
 -0.007788473633456833    8    4    7    4
 -0.0230751424855276    8    4    7    5
 0.001586253641386238    8    4    7    6
 0.003049285931299888    8    4    7    7
 -0.0009267787466571224    8    4    8    1
 0.006152507742456948    8    4    8    2
 0.01061079325346115    8    4    8    3
 0.03209780989081366    8    4    8    4
 -0.01642667889486955    8    5    1    1
 -0.05602064522092776    8    5    2    1
 -0.06288429211003736    8    5    2    2
 0.05252055830087144    8    5    3    1
 0.008547727503293362    8    5    3    2
 0.002468443293554827    8    5    3    3
 -0.008558073251062014    8    5    4    1
 -0.006989523730219549    8    5    4    2
 0.01191270752633087    8    5    4    3
 0.01487758529914096    8    5    4    4
 -0.002605849484949498    8    5    5    1
 0.03440725285776344    8    5    5    2
 -0.02069695586033303    8    5    5    3
 0.01738101730796291    8    5    5    4
 -0.0294904392879739    8    5    5    5
 0.001095575452806912    8    5    6    1
 -0.001866462053600365    8    5    6    2
 -0.01310720841890844    8    5    6    3
 -0.01727276944783274    8    5    6    4
 0.01872532607255378    8    5    6    5
 -0.02052639733150883    8    5    6    6
 0.001677638197067204    8    5    7    1
 0.01912483503965904    8    5    7    2
 -0.02020566787704149    8    5    7    3
 -0.03365155469289808    8    5    7    4
 -0.02568045840948294    8    5    7    5
 0.02449572261891414    8    5    7    6
 0.01710872297226073    8    5    7    7
 -0.007818956734935645    8    5    8    1
 -0.02935793859162459    8    5    8    2
 -0.0108380617688819    8    5    8    3
 -0.02020446834225496    8    5    8    4
 0.08536584336120248    8    5    8    5
 0.006916352310258398    8    6    1    1
 0.04227655729346676    8    6    2    1
 -0.000958389782178064    8    6    2    2
 0.0125506156410207    8    6    3    1
 -0.02730506494915957    8    6    3    2
 0.01021255733400182    8    6    3    3
 0.008910752760293671    8    6    4    1
 0.001947863070459512    8    6    4    2
 0.01370022861246351    8    6    4    3
 -0.0007402221177362895    8    6    4    4
 0.0004901812882786109    8    6    5    1
 -0.002139004637980278    8    6    5    2
 0.002637761213779091    8    6    5    3
 -0.01744380195274354    8    6    5    4
 0.02358734216615191    8    6    5    5
 -0.009400598625554115    8    6    6    1
 0.01525628352955694    8    6    6    2
 0.02520282392253779    8    6    6    3
 -0.009333885601934157    8    6    6    4
 -0.004283121829564253    8    6    6    5
 -0.04171812132411232    8    6    6    6
 -0.004745823181090401    8    6    7    1
 -0.008161488081259037    8    6    7    2
 -0.01532312173556691    8    6    7    3
 0.003513866488357164    8    6    7    4
 0.02389510023393092    8    6    7    5
 0.01337012706939547    8    6    7    6
 0.004608031760025518    8    6    7    7
 -0.01468140332498544    8    6    8    1
 0.01935435232221714    8    6    8    2
 -0.01505132271207485    8    6    8    3
 -0.002792031508883886    8    6    8    4
 -0.01013890627608518    8    6    8    5
 0.03920873845159231    8    6    8    6
 0.004282471099370947    8    7    1    1
 -0.02245537308161664    8    7    2    1
 -0.01047477970162937    8    7    2    2
 0.02084868175271431    8    7    3    1
 0.003758062667131785    8    7    3    2
 0.02761148879390777    8    7    3    3
 0.03834827974478552    8    7    4    1
 -0.02082407824415702    8    7    4    2
 0.02616762159803436    8    7    4    3
 -0.01427274609641721    8    7    4    4
 0.003265703881061098    8    7    5    1
 0.01441430628563309    8    7    5    2
 -0.01910228400719843    8    7    5    3
 -0.02068756363043112    8    7    5    4
 -0.02943208834233656    8    7    5    5
 -0.005771832535301246    8    7    6    1
 -0.005790815160083596    8    7    6    2
 -0.02133669571133173    8    7    6    3
 -0.002903743297322069    8    7    6    4
 0.02311962348162596    8    7    6    5
 0.01382480893303182    8    7    6    6
 -0.006550744172928079    8    7    7    1
 0.009362249854438126    8    7    7    2
 -0.02234470945151006    8    7    7    3
 0.01037573805971355    8    7    7    4
 0.03296516055314412    8    7    7    5
 -0.003743677803496302    8    7    7    6
 -0.004582284759424365    8    7    7    7
 -0.01392407732175566    8    7    8    1
 -0.006451261214642687    8    7    8    2
 -0.01927681529587575    8    7    8    3
 -0.02186582176662533    8    7    8    4
 0.02923729779665817    8    7    8    5
 0.007807349708779033    8    7    8    6
 0.05753490027299835    8    7    8    7
 0.5182670783792331    8    8    1    1
 -0.01462045850725028    8    8    2    1
 0.5187869924462705    8    8    2    2
 0.02886971862174642    8    8    3    1
 -0.02641189271768518    8    8    3    2
 0.5152144204691808    8    8    3    3
 0.01043899977166546    8    8    4    1
 0.001104671676045027    8    8    4    2
 0.01582909268127164    8    8    4    3
 0.4866349939709907    8    8    4    4
 0.04151618339337097    8    8    5    1
 0.01638254005855226    8    8    5    2
 0.01166950232827973    8    8    5    3
 -0.03289210980419912    8    8    5    4
 0.4377938088649727    8    8    5    5
 -0.04578944959509091    8    8    6    1
 0.05099834046317073    8    8    6    2
 0.05631556951662963    8    8    6    3
 0.001953268366883044    8    8    6    4
 0.01184899826789415    8    8    6    5
 0.4447547049670159    8    8    6    6
 0.003051550495370533    8    8    7    1
 0.001275935048306412    8    8    7    2
 -0.02320758020419409    8    8    7    3
 0.08148533429010019    8    8    7    4
 0.02497186722192991    8    8    7    5
 0.008904575236929366    8    8    7    6
 0.4738277493134897    8    8    7    7
 0.04285332273941603    8    8    8    1
 -0.07198958032855721    8    8    8    2
 0.02472260128274456    8    8    8    3
 -0.02254287395199073    8    8    8    4
 -0.0056143914489537    8    8    8    5
 0.01726433918570474    8    8    8    6
 0.01769670161437318    8    8    8    7
 0.5378795316068072    8    8    8    8
 -5.127685859564071    1    1  0  0
 0.01223567208845695    2    1  0  0
 -4.512875800985675    2    2  0  0
 0.01912255699746272    3    1  0  0
 -0.001015254021342561    3    2  0  0
 -4.506811333291717    3    3  0  0
 0.01462930162605428    4    1  0  0
 0.01153405351892141    4    2  0  0
 -0.00730941867936456    4    3  0  0
 -4.401895044030391    4    4  0  0
 -0.4801132018238073    5    1  0  0
 -0.2708735229815602    5    2  0  0
 -0.1301905899338024    5    3  0  0
 0.147142013573942    5    4  0  0
 -3.025621568456017    5    5  0  0
 0.3115854804020206    6    1  0  0
 -0.254989479141952    6    2  0  0
 -0.5432326408808666    6    3  0  0
 -0.08273279994979264    6    4  0  0
 -0.07750172184505223    6    5  0  0
 -3.400808980545543    6    6  0  0
 -0.1464493512664308    7    1  0  0
 -0.03945872302137114    7    2  0  0
 0.02936805881831871    7    3  0  0
 -0.7636328333136465    7    4  0  0
 0.01101636844121665    7    5  0  0
 0.01886249994263476    7    6  0  0
 -3.371304145977146    7    7  0  0
 -0.1888219671082971    8    1  0  0
 0.577133526836307    8    2  0  0
 -0.3723088624583302    8    3  0  0
 0.04064440250730216    8    4  0  0
 0.1083415224959139    8    5  0  0
 -0.02503983162907857    8    6  0  0
 -0.0125584021755942    8    7  0  0
 -3.400336501098608    8    8  0  0
 0  0  0  0  0
