0 0 1.999964517415889
0 1 -1.028898673226098e-05
0 2 -5.20522157022608e-05
0 3 -7.355147329319956e-05
0 4 -5.115612819282417e-06
0 5 -4.603626923296939e-05
0 6 1.95542100496404e-05
0 7 3.279457885487134e-06
0 8 -1.144347236254106e-05
0 9 1.823461363289228e-05
0 10 2.689544998304155e-05
0 11 6.071870873138001e-06
0 12 4.293304811426417e-06
0 13 -0.0001997226213359457
0 14 -6.47697910416301e-05
0 15 -3.764161655404649e-05
0 16 -7.920326681742908e-05
0 17 -2.098373367376356e-05
0 18 0.0001658660319154191
0 19 0.000101247585059195
0 20 0.0001969452523272928
0 21 -5.726942272303017e-05
0 22 -2.435061341837487e-05
0 23 0.0001836134999190984
1 0 -1.028898673226098e-05
1 1 1.992204942883496
1 2 -0.0002776819056316719
1 3 -0.001179425445863972
1 4 -3.050106889910829e-06
1 5 0.001721899147877261
1 6 -0.001608596107316322
1 7 -0.0002157578648615113
1 8 0.0005687278956227054
1 9 -0.0003342637215874017
1 10 -0.0001377650636935592
1 11 4.986596280624863e-05
1 12 -0.0001585973563793243
1 13 0.0001978653926117218
1 14 0.002601021786929149
1 15 -0.0005915275000435644
1 16 -0.001119302983147985
1 17 -0.0007269023869920073
1 18 0.001803186731793078
1 19 -0.002287391080257401
1 20 0.0006768889066832986
1 21 -0.0009268688199215601
1 22 -0.004570060471086945
1 23 -0.001045734741450341
2 0 -5.20522157022613e-05
2 1 -0.0002776819056316739
2 2 1.988403586332717
2 3 -0.001576117350683387
2 4 0.0008167437352070374
2 5 -0.0002015228054132737
2 6 -0.0001523720236298184
2 7 0.002055269719433714
2 8 -1.522797989991895e-05
2 9 -4.612501532761437e-05
2 10 0.001042277524193744
2 11 6.680639536076169e-05
2 12 -7.951665331644604e-05
2 13 -0.003216966596201896
2 14 0.0007705476423086493
2 15 -0.0008887261758486447
2 16 0.0002880600573918525
2 17 0.002540381699330206
2 18 -0.003285166596438102
2 19 0.0007273556292119543
2 20 -0.002071646627037895
2 21 0.001097418541521226
2 22 0.003352359152971383
2 23 0.001972020644229702
3 0 -7.355147329319884e-05
3 1 -0.001179425445863964
3 2 -0.001576117350683391
3 3 1.985326288032299
3 4 0.0003960753380654974
3 5 0.0004555295847367276
3 6 -0.0005053616551467389
3 7 -0.002459962262816492
3 8 -9.334184724666219e-05
3 9 0.0001977773437909572
3 10 0.001376298353092859
3 11 0.0002242254099071347
3 12 -0.0004162388902612123
3 13 -0.003610775691247752
3 14 0.0003675216398773707
3 15 0.0005194528903984972
3 16 0.0008945812537320072
3 17 0.000575002806464298
3 18 0.0003181289982407266
3 19 0.001326393977443644
3 20 -0.0008869523185989193
3 21 -8.071847411771392e-05
3 22 -0.000303155550633558
3 23 0.0007190650602558958
4 0 -5.115612819282395e-06
4 1 -3.050106889908172e-06
4 2 0.0008167437352070224
4 3 0.0003960753380654964
4 4 1.98187547974685
4 5 -0.001654949546748888
4 6 0.001381542906783708
4 7 0.0006667130229686064
4 8 -0.0007590245822665366
4 9 0.0006167702779866852
4 10 -0.0006542215286858709
4 11 -0.0002127632637699905
4 12 -0.0004015831613412511
4 13 0.005591060661216187
4 14 0.007001512260425564
4 15 -0.001830230066520747
4 16 -0.006223709276173004
4 17 -0.003924935941081856
4 18 0.005896090374695289
4 19 -0.006341452789383051
4 20 0.004443504255500001
4 21 -0.004251539245313755
4 22 -0.01416396677633482
4 23 -0.005413241519702234
5 0 -4.603626923296918e-05
5 1 0.00172189914787727
5 2 -0.0002015228054132893
5 3 0.000455529584736709
5 4 -0.001654949546748878
5 5 1.977332309361902
5 6 0.001081245772369013
5 7 0.0001152113056114117
5 8 -0.0001823012737141797
5 9 0.001557030168874384
5 10 0.001172546697998233
5 11 0.0001472888287576056
5 12 0.01576348391871301
5 13 0.001907923120887701
5 14 -5.049181065722498e-05
5 15 -0.003636434272374928
5 16 0.0005583765293328477
5 17 -0.002905826944299569
5 18 0.001338959609017689
5 19 -0.001253608166343366
5 20 0.002085601830972559
5 21 0.001551485980918821
5 22 -0.0006953698899712582
5 23 0.001321898468713861
6 0 1.955421004964013e-05
6 1 -0.001608596107316332
6 2 -0.0001523720236298137
6 3 -0.0005053616551467277
6 4 0.001381542906783718
6 5 0.001081245772369021
6 6 1.977297298691321
6 7 -0.0002965185576152051
6 8 0.002071744580031013
6 9 -7.370088941817057e-05
6 10 -0.0004217234719929312
6 11 0.0007236036483595443
6 12 0.01977457901778464
6 13 -0.003193021305029422
6 14 0.001285312573984228
6 15 -0.001396542313859012
6 16 0.001820816444795227
6 17 -0.00350188509323941
6 18 -0.002451758818075656
6 19 -0.0001553304478012853
6 20 -0.000183403920686447
6 21 0.001910551153521664
6 22 0.0003129832060824804
6 23 -0.002257229755296949
7 0 3.279457885487561e-06
7 1 -0.000215757864861508
7 2 0.002055269719433711
7 3 -0.002459962262816493
7 4 0.0006667130229686177
7 5 0.0001152113056114557
7 6 -0.0002965185576151966
7 7 1.982210212012079
7 8 0.001411188354510851
7 9 -0.001122481220086757
7 10 -0.009561697869998973
7 11 -9.792008502178864e-06
7 12 0.001541760345753605
7 13 -0.002136354603297054
7 14 -0.004208700693122517
7 15 0.001726211500934575
7 16 0.0006849483331741872
7 17 -0.002096571931336544
7 18 0.0002736176015867409
7 19 0.003874223177509348
7 20 0.0009036870890805127
7 21 -0.0002735148354756452
7 22 0.001757025187959223
7 23 0.0007655006160269459
8 0 -1.144347236254105e-05
8 1 0.0005687278956226827
8 2 -1.522797989990623e-05
8 3 -9.334184724666894e-05
8 4 -0.0007590245822665174
8 5 -0.0001823012737141752
8 6 0.002071744580031083
8 7 0.001411188354510846
8 8 1.977339876060273
8 9 -0.0006715370247551811
8 10 -0.001737050246483011
8 11 0.001522378384573464
8 12 -0.03098388644455796
8 13 -0.004267099721222085
8 14 0.000537536327353012
8 15 0.001068016077190504
8 16 -0.001149388119670756
8 17 0.00124439463485127
8 18 0.002333972470062859
8 19 0.0001196628696372096
8 20 -0.001121972199862946
8 21 -0.002280622839330113
8 22 -0.001628371941958257
8 23 0.001107641255840316
9 0 1.823461363289295e-05
9 1 -0.0003342637215874239
9 2 -4.612501532760349e-05
9 3 0.0001977773437909548
9 4 0.0006167702779867243
9 5 0.001557030168874378
9 6 -7.370088941821248e-05
9 7 -0.001122481220086736
9 8 -0.0006715370247551706
9 9 1.976850346987934
9 10 0.001222214049611421
9 11 0.001606592635254784
9 12 -0.0263891882389078
9 13 0.006244744363437435
9 14 -0.0013115126119611
9 15 0.0003739358972429248
9 16 0.0001376420617421225
9 17 0.001729634154206314
9 18 -0.001793380747658794
9 19 0.0007267413892075967
9 20 0.0005828986861597222
9 21 -0.001430492218892824
9 22 0.001668673689151797
9 23 -0.0006424890803691516
10 0 2.689544998304087e-05
10 1 -0.0001377650636935513
10 2 0.001042277524193759
10 3 0.00137629835309289
10 4 -0.0006542215286858715
10 5 0.001172546697998216
10 6 -0.0004217234719929461
10 7 -0.009561697869998895
10 8 -0.001737050246483047
10 9 0.001222214049611427
10 10 1.981714345158153
10 11 1.711205858372254e-05
10 12 -0.001607286205351416
10 13 0.001167072826426732
10 14 0.002122756668279848
10 15 0.001817653399742172
10 16 -0.00231285307853279
10 17 -0.0003229922657478203
10 18 -0.003010547844443209
10 19 -0.001352807037250509
10 20 0.001494473240759681
10 21 -8.342974694352133e-05
10 22 0.001393768814133183
10 23 -0.000259675166549317
11 0 6.071870873138281e-06
11 1 4.986596280626302e-05
11 2 6.680639536074452e-05
11 3 0.0002242254099071397
11 4 -0.0002127632637699908
11 5 0.0001472888287574839
11 6 0.0007236036483596269
11 7 -9.792008502168835e-06
11 8 0.001522378384573348
11 9 0.001606592635254719
11 10 1.711205858373603e-05
11 11 1.96638256507603
11 12 0.09050738345249389
11 13 0.0008889023726656616
11 14 0.0004418793550570944
11 15 -0.00278279826342964
11 16 0.001019418400922929
11 17 -0.004146914808832268
11 18 -0.0006690597580952143
11 19 -7.733710018016651e-05
11 20 0.001754721938292465
11 21 0.002183628259540417
11 22 0.0003797233326610316
11 23 -0.0001219926269719736
12 0 4.293304811426478e-06
12 1 -0.0001585973563793342
12 2 -7.951665331644382e-05
12 3 -0.0004162388902611956
12 4 -0.000401583161341233
12 5 0.01576348391871355
12 6 0.01977457901778516
12 7 0.001541760345753629
12 8 -0.03098388644455961
12 9 -0.02638918823890885
12 10 -0.001607286205351431
12 11 0.09050738345249792
12 12 0.03018340399925896
12 13 -6.042986032844783e-05
12 14 0.0002330573828094486
12 15 -0.0006808627787925554
12 16 0.0004199550234429418
12 17 -0.001338909663195307
12 18 -0.0002624753000834526
12 19 -2.80202600925999e-05
12 20 0.000606761947406372
12 21 0.0009565569993636419
12 22 0.0002109810080674037
12 23 -7.764890009468754e-05
13 0 -0.0001997226213359512
13 1 0.0001978653926118338
13 2 -0.003216966596201695
13 3 -0.003610775691247656
13 4 0.005591060661216309
13 5 0.001907923120887782
13 6 -0.003193021305029208
13 7 -0.002136354603297056
13 8 -0.00426709972122209
13 9 0.006244744363437336
13 10 0.001167072826426691
13 11 0.0008889023726656191
13 12 -6.042986032849483e-05
13 13 0.02260793729329598
13 14 -0.001078357876933676
13 15 -0.0004614517219009612
13 16 -0.002780816671953971
13 17 0.000868391123605951
13 18 -4.687538645022985e-05
13 19 0.001968925746992771
13 20 -0.002841635431276647
13 21 -0.0007210166601078717
13 22 0.002461491539820999
13 23 -0.004417037611292381
14 0 -6.476979104163228e-05
14 1 0.002601021786929133
14 2 0.0007705476423086977
14 3 0.0003675216398773382
14 4 0.007001512260425564
14 5 -5.04918106572131e-05
14 6 0.001285312573984226
14 7 -0.004208700693122729
14 8 0.0005375363273530162
14 9 -0.001311512611961104
14 10 0.002122756668279841
14 11 0.0004418793550571029
14 12 0.0002330573828094648
14 13 -0.001078357876933652
14 14 0.01394520658301506
14 15 -0.005926280069272821
14 16 -0.0067022137583494
14 17 0.001510730096313884
14 18 -0.0002231276793472615
14 19 -0.004199335891433091
14 20 -0.003994922738139509
14 21 0.0007514032553937924
14 22 -0.0006825016496601051
14 23 -0.0007856094398432165
15 0 -3.764161655404694e-05
15 1 -0.0005915275000435688
15 2 -0.0008887261758486016
15 3 0.0005194528903984972
15 4 -0.001830230066520812
15 5 -0.003636434272374805
15 6 -0.001396542313859051
15 7 0.001726211500934597
15 8 0.001068016077190559
15 9 0.0003739358972429361
15 10 0.001817653399741969
15 11 -0.002782798263429635
15 12 -0.0006808627787925586
15 13 -0.0004614517219009554
15 14 -0.005926280069272871
15 15 0.01422611191863549
15 16 -0.001572942296910165
15 17 0.006849159572862005
15 18 -0.0006709986576735848
15 19 -0.0001513969619183561
15 20 0.001118939293153045
15 21 -0.00193164410023527
15 22 -0.002941326723823175
15 23 -0.003384582427956646
16 0 -7.920326681742762e-05
16 1 -0.001119302983148012
16 2 0.0002880600573918567
16 3 0.0008945812537319723
16 4 -0.006223709276172995
16 5 0.0005583765293328424
16 6 0.001820816444795194
16 7 0.0006849483331742242
16 8 -0.001149388119670799
16 9 0.0001376420617421288
16 10 -0.002312853078532776
16 11 0.001019418400923048
16 12 0.0004199550234429219
16 13 -0.002780816671953971
16 14 -0.006702213758349459
16 15 -0.00157294229691021
16 16 0.01409358599559541
16 17 -0.002685065345243748
16 18 -0.002541907179293386
16 19 -0.001979821356023705
16 20 -0.002335091819981278
16 21 4.392473876560062e-05
16 22 -0.001145322765319618
16 23 -0.00119459581300324
17 0 -2.09837336737639e-05
17 1 -0.0007269023869920119
17 2 0.002540381699330163
17 3 0.0005750028064642934
17 4 -0.003924935941081831
17 5 -0.002905826944299648
17 6 -0.003501885093239333
17 7 -0.002096571931336598
17 8 0.001244394634851268
17 9 0.001729634154206354
17 10 -0.0003229922657478145
17 11 -0.004146914808832284
17 12 -0.001338909663195252
17 13 0.0008683911236059532
17 14 0.00151073009631386
17 15 0.006849159572862055
17 16 -0.00268506534524381
17 17 0.01777765751060264
17 18 0.0005670064611992346
17 19 -0.0006631252617897369
17 20 -0.002270121820791167
17 21 4.931692815403788e-05
17 22 0.001314806093344988
17 23 0.002569113307047523
18 0 0.000165866031915415
18 1 0.001803186731793034
18 2 -0.003285166596438174
18 3 0.0003181289982406823
18 4 0.005896090374695174
18 5 0.001338959609017718
18 6 -0.002451758818075628
18 7 0.0002736176015867528
18 8 0.00233397247006283
18 9 -0.001793380747658753
18 10 -0.003010547844443178
18 11 -0.0006690597580952333
18 12 -0.0002624753000834579
18 13 -4.687538645024072e-05
18 14 -0.0002231276793472355
18 15 -0.0006709986576736043
18 16 -0.002541907179293419
18 17 0.0005670064611992282
18 18 0.01719195603689296
18 19 -0.0007333082498566317
18 20 0.0001605701947673285
18 21 -0.0003791110096844079
18 22 -0.0002072780127543766
18 23 0.002344436877933417
19 0 0.0001012475850591922
19 1 -0.002287391080257379
19 2 0.0007273556292119417
19 3 0.001326393977443636
19 4 -0.006341452789383046
19 5 -0.001253608166343353
19 6 -0.0001553304478012967
19 7 0.003874223177509438
19 8 0.0001196628696371877
19 9 0.0007267413892076053
19 10 -0.001352807037250502
19 11 -7.733710018015675e-05
19 12 -2.802026009259614e-05
19 13 0.00196892574699273
19 14 -0.004199335891432985
19 15 -0.0001513969619183843
19 16 -0.001979821356023696
19 17 -0.000663125261789723
19 18 -0.0007333082498566144
19 19 0.01695030035778056
19 20 -0.0003974170991613374
19 21 0.0001773638905253826
19 22 -0.002210302498362736
19 23 0.002852585696165594
20 0 0.0001969452523272932
20 1 0.0006768889066832976
20 2 -0.002071646627037852
20 3 -0.0008869523185989261
20 4 0.004443504255499946
20 5 0.002085601830972553
20 6 -0.0001834039206864421
20 7 0.0009036870890804921
20 8 -0.001121972199862961
20 9 0.0005828986861597415
20 10 0.001494473240759719
20 11 0.001754721938292452
20 12 0.0006067619474063741
20 13 -0.002841635431276717
20 14 -0.003994922738139456
20 15 0.001118939293153028
20 16 -0.002335091819981306
20 17 -0.002270121820791152
20 18 0.0001605701947673224
20 19 -0.0003974170991613462
20 20 0.01799337671546816
20 21 0.0006019547142744858
20 22 -0.0002593008311554269
20 23 -0.0002030255994055137
21 0 -5.726942272302963e-05
21 1 -0.0009268688199215448
21 2 0.001097418541521233
21 3 -8.071847411771354e-05
21 4 -0.004251539245313753
21 5 0.001551485980918841
21 6 0.001910551153521717
21 7 -0.0002735148354756541
21 8 -0.002280622839329994
21 9 -0.001430492218892839
21 10 -8.342974694352254e-05
21 11 0.002183628259540437
21 12 0.0009565569993636672
21 13 -0.0007210166601078331
21 14 0.0007514032553937954
21 15 -0.001931644100235204
21 16 4.392473876563022e-05
21 17 4.931692815401793e-05
21 18 -0.0003791110096844222
21 19 0.0001773638905253873
21 20 0.0006019547142744952
21 21 0.01894973064194629
21 22 -9.943106220519274e-06
21 23 -0.001546129453165846
22 0 -2.435061341837474e-05
22 1 -0.00457006047108726
22 2 0.003352359152971382
22 3 -0.0003031555506335719
22 4 -0.0141639667763338
22 5 -0.0006953698899712557
22 6 0.0003129832060825078
22 7 0.00175702518795922
22 8 -0.00162837194195823
22 9 0.001668673689151818
22 10 0.001393768814133196
22 11 0.000379723332661054
22 12 0.0002109810080674372
22 13 0.00246149153982103
22 14 -0.0006825016496600842
22 15 -0.002941326723823175
22 16 -0.001145322765319588
22 17 0.001314806093345006
22 18 -0.0002072780127543857
22 19 -0.002210302498362701
22 20 -0.0002593008311554513
22 21 -9.943106220533816e-06
22 22 0.01688251212426355
22 23 0.0003747236028528299
23 0 0.0001836134999190991
23 1 -0.001045734741450401
23 2 0.001972020644229617
23 3 0.0007190650602558095
23 4 -0.005413241519702437
23 5 0.001321898468713894
23 6 -0.002257229755296996
23 7 0.0007655006160269494
23 8 0.001107641255840257
23 9 -0.0006424890803691274
23 10 -0.0002596751665493144
23 11 -0.0001219926269719726
23 12 -7.764890009467485e-05
23 13 -0.004417037611292367
23 14 -0.0007856094398432005
23 15 -0.003384582427956659
23 16 -0.001194595813003247
23 17 0.002569113307047473
23 18 0.002344436877933444
23 19 0.002852585696165611
23 20 -0.000203025599405518
23 21 -0.00154612945316582
23 22 0.0003747236028528165
23 23 0.0122964529500041
