0 0 1.999986312725762
0 1 -7.613699318873131e-06
0 2 -1.843400521048412e-05
0 3 1.288406204310523e-05
0 4 3.322553577035988e-05
0 5 -1.867113977841951e-05
0 6 2.284340328633147e-06
0 7 6.634951823596715e-06
0 8 -1.357418539132943e-05
0 9 3.420480560436127e-06
0 10 -6.264577490159027e-06
0 11 -9.975175189894735e-06
0 12 4.043612450713483e-06
0 13 1.179176901965057e-05
0 14 5.69074398348766e-06
0 15 -1.375309917001801e-05
0 16 3.330041613734888e-05
0 17 3.179176729796072e-05
0 18 -9.516914000029028e-06
0 19 2.455820248102467e-05
0 20 -5.053493917282678e-06
0 21 4.478474114075815e-05
0 22 2.172887191395665e-05
1 0 -7.613699318873132e-06
1 1 1.989429726114648
1 2 0.0005335477428266202
1 3 -0.0003507201367756143
1 4 -0.0002892438288159778
1 5 -0.0005986062635628737
1 6 0.0004105765163974207
1 7 -0.0005171723412660033
1 8 -0.000249340814371347
1 9 -0.0002885369035627245
1 10 -0.0002421158042105471
1 11 -0.001410630905331661
1 12 -0.000449291805260297
1 13 -0.001194046327450843
1 14 0.0001001307173071969
1 15 -0.004072065590641077
1 16 -0.001479744861797474
1 17 -0.001251234662287521
1 18 0.002041062801792903
1 19 -0.004406572232793388
1 20 -0.0001782087299470528
1 21 -0.002832011480613011
1 22 0.003559569034755981
2 0 -1.843400521048391e-05
2 1 0.0005335477428266185
2 2 1.988002393763834
2 3 0.0007614710046014745
2 4 0.0008757084418771338
2 5 -0.001816269585274055
2 6 0.0005557859823998002
2 7 0.001393219876284325
2 8 0.00166255406368129
2 9 -0.0003749142048264882
2 10 0.001230475167046342
2 11 0.002045305562409281
2 12 -0.0003919114350423911
2 13 -0.002612796338303991
2 14 0.0005063297802161868
2 15 0.002724256490117156
2 16 -0.002917116198148021
2 17 -0.003920233219306624
2 18 -0.0007167624980916473
2 19 0.004366914492333124
2 20 -7.481068565097734e-05
2 21 0.002272493368930801
2 22 -0.005118125860992261
3 0 1.288406204310531e-05
3 1 -0.0003507201367755979
3 2 0.0007614710046014699
3 3 1.98505464706844
3 4 -0.0003116794659764517
3 5 -0.0009919360723742443
3 6 -0.0002854361818892084
3 7 -0.000751089563770989
3 8 7.111099308308575e-05
3 9 -4.654516613738654e-05
3 10 -0.003224276507944302
3 11 -0.002412656312260716
3 12 7.814613088593189e-05
3 13 0.001270047043749128
3 14 0.0003255331902083322
3 15 0.001242767326757808
3 16 0.002254155071957105
3 17 0.002425319855494806
3 18 0.004014647279376397
3 19 -0.007638378614927319
3 20 -0.001600871118478165
3 21 -0.002596470732665791
3 22 0.008226290501581447
4 0 3.322553577035981e-05
4 1 -0.0002892438288159653
4 2 0.0008757084418771294
4 3 -0.0003116794659764367
4 4 1.980791697077015
4 5 0.001196362722335931
4 6 -0.000808302021112998
4 7 0.001625402051832863
4 8 0.00212884670722562
4 9 0.0003919654511054395
4 10 -0.0004355311543002282
4 11 0.005746865507712848
4 12 -0.0005706726222465437
4 13 0.0004097140907812156
4 14 -0.00043546537278279
4 15 -0.002927914064961966
4 16 0.000157883268439866
4 17 0.0004847138410874441
4 18 -0.000859025406102951
4 19 0.003156842013161687
4 20 1.280435971614596e-05
4 21 0.002473343891328668
4 22 -0.006364255718456308
5 0 -1.867113977841903e-05
5 1 -0.000598606263562902
5 2 -0.001816269585274002
5 3 -0.0009919360723742274
5 4 0.001196362722335915
5 5 1.975265347493166
5 6 0.002280370578490359
5 7 0.001748941365004906
5 8 0.001426791973366413
5 9 0.0002229203247484502
5 10 -0.003339603996339728
5 11 -0.0009180753616469201
5 12 -0.001713317139572545
5 13 -0.009205610026056976
5 14 -0.004618606948670254
5 15 0.004281216098382227
5 16 0.0003188310675612048
5 17 0.0008795608253161184
5 18 -8.08990042203856e-05
5 19 -0.004970401852312656
5 20 -0.002401495069092306
5 21 -0.002942850528449892
5 22 0.01053152154913486
6 0 2.284340328632842e-06
6 1 0.0004105765163974181
6 2 0.0005557859823997857
6 3 -0.0002854361818891668
6 4 -0.0008083020211129908
6 5 0.002280370578490351
6 6 1.979999994823907
6 7 -6.543762670922341e-05
6 8 -0.001270911857375237
6 9 0.001171572660629232
6 10 0.001111456396800319
6 11 -0.0005365559264355592
6 12 -0.005444023715098486
6 13 -0.006779298503404536
6 14 -0.02281047766701936
6 15 -0.0008897405061903804
6 16 0.0009669083535905983
6 17 -0.001933418240063096
6 18 -0.0046962827749082
6 19 -0.001009182009133913
6 20 -0.002701900375177504
6 21 0.0008674929537749614
6 22 -0.003508285898604649
7 0 6.634951823596904e-06
7 1 -0.0005171723412660179
7 2 0.001393219876284343
7 3 -0.0007510895637709904
7 4 0.001625402051832804
7 5 0.001748941365004923
7 6 -6.54376267092122e-05
7 7 1.978003630279781
7 8 0.0006394931170414018
7 9 0.00114443917465938
7 10 -0.005401014127989358
7 11 0.003957691097840135
7 12 -0.0007718174702464867
7 13 0.004142732323675902
7 14 -0.004780925442865657
7 15 -0.0006648989837442234
7 16 -0.0001690950940210678
7 17 0.001262704643507723
7 18 -0.0002228116267671715
7 19 -0.002073516981845915
7 20 -0.001283876465334049
7 21 -0.00310787372675765
7 22 0.009734434597897128
8 0 -1.357418539132912e-05
8 1 -0.0002493408143714122
8 2 0.001662554063681252
8 3 7.111099308305684e-05
8 4 0.002128846707225638
8 5 0.001426791973366449
8 6 -0.001270911857375248
8 7 0.0006394931170413989
8 8 1.975649684777915
8 9 0.0006977061824229311
8 10 -0.006911679886793649
8 11 0.00235021057124496
8 12 -0.002399563036467882
8 13 0.002891246867567166
8 14 -0.00913147596514071
8 15 5.143321885254338e-05
8 16 0.0003354787952308189
8 17 0.001451114085178254
8 18 -4.686931154281097e-06
8 19 -0.00242290632923697
8 20 -0.0008112812381939165
8 21 -0.007797176035488843
8 22 0.01338166094837532
9 0 3.42048056043675e-06
9 1 -0.0002885369035627167
9 2 -0.0003749142048264868
9 3 -4.654516613739155e-05
9 4 0.0003919654511054392
9 5 0.0002229203247485038
9 6 0.001171572660629199
9 7 0.001144439174659364
9 8 0.0006977061824229128
9 9 1.960450675165886
9 10 1.401006047447494e-05
9 11 0.002453174311702082
9 12 0.02954427205618812
9 13 0.03067228463259815
9 14 0.06370321671838314
9 15 -0.0001521502275320563
9 16 -0.001075361189013765
9 17 0.001488031699917536
9 18 0.008920028663715201
9 19 0.003302005215359729
9 20 0.004581957298131864
9 21 -0.0008955372916798083
9 22 0.001947739087088568
10 0 -6.264577490158789e-06
10 1 -0.0002421158042105491
10 2 0.001230475167046387
10 3 -0.00322427650794426
10 4 -0.0004355311543001784
10 5 -0.003339603996339722
10 6 0.001111456396800332
10 7 -0.005401014127989344
10 8 -0.006911679886793777
10 9 1.401006047447084e-05
10 10 1.993452578496329
10 11 -0.001923823401503785
10 12 -0.0009531272336746886
10 13 -0.003604127271749436
10 14 -6.64013871040038e-05
10 15 -0.0008133873754520999
10 16 -0.003650781609762175
10 17 -0.006404711222352869
10 18 0.0004885356950773355
10 19 -0.002472075657614646
10 20 0.002090410685756993
10 21 0.0006585632188434329
10 22 0.01219513740216373
11 0 -9.975175189894376e-06
11 1 -0.0014106309053316
11 2 0.00204530556240922
11 3 -0.00241265631226067
11 4 0.005746865507712864
11 5 -0.0009180753616468869
11 6 -0.0005365559264355624
11 7 0.003957691097840169
11 8 0.002350210571245002
11 9 0.002453174311702054
11 10 -0.001923823401503711
11 11 1.983725577233223
11 12 -0.003463368816021524
11 13 -0.01377109706582052
11 14 0.0009100100610004893
11 15 -0.00364124125272065
11 16 -0.007360683514115454
11 17 -0.02610677140593211
11 18 0.0001552063750787494
11 19 -0.00365458070781769
11 20 0.008837797405176089
11 21 0.02288007806711541
11 22 0.00836902924974175
12 0 4.04361245071339e-06
12 1 -0.0004492918052603465
12 2 -0.0003919114350424016
12 3 7.814613088593e-05
12 4 -0.0005706726222465632
12 5 -0.001713317139572569
12 6 -0.0054440237150986
12 7 -0.0007718174702465011
12 8 -0.002399563036467792
12 9 0.02954427205618709
12 10 -0.0009531272336746428
12 11 -0.0034633688160215
12 12 1.927104898128613
12 13 -0.01679996816810145
12 14 -0.007280975254554787
12 15 0.0008333893307765447
12 16 -0.0008829001445639711
12 17 0.001867995363667743
12 18 0.007504297835864248
12 19 0.003928187742283396
12 20 0.003755077640363418
12 21 -0.0006201852848994197
12 22 -0.0003071698382524915
13 0 1.179176901965174e-05
13 1 -0.001194046327450899
13 2 -0.002612796338303994
13 3 0.001270047043749085
13 4 0.0004097140907812128
13 5 -0.009205610026057191
13 6 -0.00677929850340523
13 7 0.004142732323675822
13 8 0.002891246867566912
13 9 0.03067228463259655
13 10 -0.003604127271749587
13 11 -0.01377109706582036
13 12 -0.01679996816810199
13 13 0.03049276149549185
13 14 0.04304780297104098
13 15 -0.004627836216645604
13 16 0.003352297297298801
13 17 0.002672165541291839
13 18 -0.001240735849905931
13 19 0.003297464447958196
13 20 0.001274813957063255
13 21 -0.001195953022188138
13 22 0.001001924996518189
14 0 5.69074398348819e-06
14 1 0.0001001307173072146
14 2 0.0005063297802161836
14 3 0.0003255331902083338
14 4 -0.0004354653727827919
14 5 -0.004618606948669894
14 6 -0.0228104776670212
14 7 -0.004780925442866069
14 8 -0.009131475965140304
14 9 0.06370321671837299
14 10 -6.640138710401679e-05
14 11 0.0009100100610004919
14 12 -0.007280975254551879
14 13 0.04304780297104224
14 14 0.081583516827511
14 15 0.003519049653699121
14 16 -0.003786726369209987
14 17 -0.0001422027821636865
14 18 0.006352190954997247
14 19 0.0006878571608635412
14 20 0.002855110843803806
14 21 0.0003807716363961048
14 22 -0.0007532563886840863
15 0 -1.375309917001763e-05
15 1 -0.004072065590640866
15 2 0.002724256490117161
15 3 0.001242767326757808
15 4 -0.002927914064961743
15 5 0.004281216098382066
15 6 -0.0008897405061903243
15 7 -0.0006648989837442078
15 8 5.143321885245261e-05
15 9 -0.0001521502275320455
15 10 -0.0008133873754521278
15 11 -0.003641241252720495
15 12 0.0008333893307764954
15 13 -0.004627836216645672
15 14 0.00351904965369924
15 15 0.02495678470755693
15 16 -0.0005337813621180595
15 17 0.0002066217762556367
15 18 7.149851216594586e-05
15 19 -0.0007182455413394079
15 20 0.0008818469562266291
15 21 0.000442105663250367
15 22 0.001108047726463735
16 0 3.33004161373482e-05
16 1 -0.001479744861797474
16 2 -0.002917116198147802
16 3 0.002254155071957056
16 4 0.0001578832684398693
16 5 0.0003188310675612149
16 6 0.0009669083535905379
16 7 -0.0001690950940210679
16 8 0.0003354787952308298
16 9 -0.001075361189013842
16 10 -0.003650781609762494
16 11 -0.007360683514115436
16 12 -0.0008829001445639486
16 13 0.003352297297298861
16 14 -0.003786726369209912
16 15 -0.0005337813621180594
16 16 0.02295910466211729
16 17 0.001137610290106955
16 18 0.0006906505613284324
16 19 0.000824192523331264
16 20 0.0002462691365625801
16 21 -0.001382868115666933
16 22 8.156710837525975e-05
17 0 3.179176729795882e-05
17 1 -0.001251234662287551
17 2 -0.003920233219306618
17 3 0.002425319855494815
17 4 0.0004847138410873626
17 5 0.0008795608253161181
17 6 -0.001933418240063076
17 7 0.001262704643507693
17 8 0.001451114085178225
17 9 0.001488031699917584
17 10 -0.006404711222353204
17 11 -0.02610677140593066
17 12 0.001867995363667677
17 13 0.002672165541291735
17 14 -0.0001422027821637405
17 15 0.0002066217762556504
17 16 0.001137610290106973
17 17 0.02323853519966465
17 18 0.0006006731473869929
17 19 -0.001257555746894517
17 20 -0.003317212123308778
17 21 -0.003527430294752123
17 22 0.0006287375726819704
18 0 -9.516914000028991e-06
18 1 0.002041062801792858
18 2 -0.0007167624980916481
18 3 0.004014647279376379
18 4 -0.0008590254061029445
18 5 -8.089900422040873e-05
18 6 -0.004696282774907724
18 7 -0.0002228116267671881
18 8 -4.686931154284025e-06
18 9 0.00892002866371553
18 10 0.0004885356950773418
18 11 0.0001552063750787603
18 12 0.007504297835864033
18 13 -0.001240735849905922
18 14 0.006352190954997242
18 15 7.14985121659693e-05
18 16 0.0006906505613284099
18 17 0.0006006731473869851
18 18 0.01979288446239951
18 19 -0.001100332051015458
18 20 0.0008734332300730217
18 21 -0.001210427808429582
18 22 0.0002029891548545712
19 0 2.455820248102522e-05
19 1 -0.004406572232793361
19 2 0.004366914492333231
19 3 -0.00763837861492687
19 4 0.003156842013161621
19 5 -0.004970401852312694
19 6 -0.001009182009133953
19 7 -0.002073516981845933
19 8 -0.002422906329237043
19 9 0.00330200521535957
19 10 -0.002472075657614752
19 11 -0.003654580707817563
19 12 0.003928187742283309
19 13 0.003297464447958213
19 14 0.0006878571608635308
19 15 -0.0007182455413394651
19 16 0.0008241925233312498
19 17 -0.001257555746894505
19 18 -0.001100332051015445
19 19 0.02240020486503206
19 20 0.000769557783008039
19 21 0.001728022722227459
19 22 -0.000448853966737692
20 0 -5.053493917283264e-06
20 1 -0.0001782087299470579
20 2 -7.481068565098355e-05
20 3 -0.001600871118478154
20 4 1.28043597161625e-05
20 5 -0.002401495069092339
20 6 -0.002701900375177506
20 7 -0.001283876465334056
20 8 -0.0008112812381939309
20 9 0.00458195729813172
20 10 0.002090410685757028
20 11 0.008837797405176269
20 12 0.003755077640363559
20 13 0.001274813957063226
20 14 0.0028551108438038
20 15 0.0008818469562266333
20 16 0.0002462691365625994
20 17 -0.003317212123308756
20 18 0.0008734332300730176
20 19 0.000769557783007988
20 20 0.01708169619877973
20 21 0.001452856224411862
20 22 -0.000431734158179499
21 0 4.478474114075824e-05
21 1 -0.002832011480613025
21 2 0.002272493368930909
21 3 -0.002596470732665714
21 4 0.00247334389132879
21 5 -0.00294285052845012
21 6 0.0008674929537749506
21 7 -0.003107873726757703
21 8 -0.007797176035489161
21 9 -0.0008955372916798665
21 10 0.0006585632188435686
21 11 0.02288007806711502
21 12 -0.0006201852848994139
21 13 -0.001195953022188223
21 14 0.0003807716363961079
21 15 0.0004421056632503718
21 16 -0.001382868115666874
21 17 -0.003527430294752006
21 18 -0.001210427808429568
21 19 0.001728022722227565
21 20 0.001452856224411842
21 21 0.02300628267126124
21 22 -0.0008404302215788318
22 0 2.172887191395642e-05
22 1 0.003559569034755955
22 2 -0.005118125860992367
22 3 0.008226290501581419
22 4 -0.00636425571845621
22 5 0.01053152154913506
22 6 -0.003508285898604521
22 7 0.009734434597897043
22 8 0.01338166094837557
22 9 0.001947739087088485
22 10 0.01219513740216409
22 11 0.008369029249741899
22 12 -0.0003071698382525016
22 13 0.001001924996518154
22 14 -0.0007532563886840959
22 15 0.001108047726463729
22 16 8.156710837526151e-05
22 17 0.000628737572682027
22 18 0.0002029891548545839
22 19 -0.0004488539667376658
22 20 -0.0004317341581795239
22 21 -0.0008404302215788002
22 22 0.01757106550614263
