0 0 1.999968947570242
0 1 -5.040775320961584e-06
0 2 -1.314617094612424e-05
0 3 -6.276388508385351e-05
0 4 -6.34737262009752e-05
0 5 -4.920154280795048e-05
0 6 -7.402508713418683e-06
0 7 -1.713499745020727e-05
0 8 7.087026474853076e-06
0 9 1.263284776312372e-05
0 10 -9.557459834239231e-07
0 11 8.75538238858782e-06
0 12 5.205769349756805e-05
0 13 -6.757205488807658e-06
0 14 3.683420046603514e-06
0 15 -7.019565903390573e-08
0 16 -4.26285478738125e-06
0 17 -4.312519650141307e-06
0 18 9.159330337710662e-07
0 19 1.001615920309654e-05
0 20 7.384115053241843e-05
0 21 -2.247342266540621e-05
0 22 7.145182112191516e-06
0 23 3.766271855598458e-05
0 24 -0.0001158275179757975
0 25 0.0002289250103661286
0 26 2.321154274111357e-05
0 27 -5.160286664767795e-05
0 28 -4.860160632263589e-05
0 29 5.316451592998599e-05
0 30 -5.165768837995448e-05
0 31 -3.842849312475036e-05
0 32 -0.0001199490974769979
1 0 -5.040775320961559e-06
1 1 1.989053281518802
1 2 0.0003314347685357818
1 3 -7.016398493496392e-05
1 4 0.000211748232818786
1 5 -0.000715793104565555
1 6 0.0005548084599534865
1 7 -3.758760280477217e-05
1 8 -0.0003887819809606633
1 9 0.001145831049651469
1 10 1.017805512592338e-05
1 11 -0.0002565090943036001
1 12 -0.000534151628034928
1 13 0.000162902426703889
1 14 -0.0004464058143520233
1 15 -0.0001836262330354517
1 16 8.444281013930724e-05
1 17 -0.0004262722727219901
1 18 0.000721451439749938
1 19 -0.0008972236722430615
1 20 -0.0004275350653970595
1 21 0.0004996660667257802
1 22 -0.0006325624433611087
1 23 0.001169596731521263
1 24 0.0003024337716461016
1 25 0.0003628735147469797
1 26 -0.0002030611590697048
1 27 0.0001986827956676815
1 28 -0.0002375217368138105
1 29 -8.372294843369944e-05
1 30 -0.0004200898027592217
1 31 0.0006871974355872408
1 32 0.0001738694962265089
2 0 -1.314617094612403e-05
2 1 0.0003314347685357763
2 2 1.989166148566876
2 3 -0.0004105661210675697
2 4 0.0006987909403940333
2 5 -0.0009390089938981561
2 6 -8.008254385980741e-05
2 7 0.0009100339033436861
2 8 -9.786650188739601e-05
2 9 -0.001012349462110539
2 10 -0.0001607629891077635
2 11 -0.0001109666960574446
2 12 -0.000181405855191582
2 13 -0.0002670336922712744
2 14 1.839780782518615e-05
2 15 -3.005520349910985e-05
2 16 2.458610204160187e-05
2 17 -0.00120543624179134
2 18 0.0003276485724873997
2 19 -4.616641700260492e-05
2 20 -0.001482761937627896
2 21 0.00130706544028408
2 22 -4.037319763675233e-05
2 23 0.000540530577718928
2 24 -0.001068840249083528
2 25 -0.0001469799946205258
2 26 0.0002513540947216597
2 27 0.000589305222536878
2 28 0.0002412922747684513
2 29 0.000259288925293763
2 30 -0.0003315222936037894
2 31 -0.0002875397461335984
2 32 0.0004096791751802832
3 0 -6.276388508385502e-05
3 1 -7.016398493498962e-05
3 2 -0.0004105661210675104
3 3 1.988970856603345
3 4 -0.0009604389742661251
3 5 -0.0004085758038055856
3 6 -0.0001542959227237529
3 7 -0.0001701821467581599
3 8 0.0004422262359831919
3 9 -1.90639994461411e-05
3 10 -3.42102771552555e-06
3 11 0.0001812078540620301
3 12 0.0006953819288203087
3 13 -8.262544750935939e-05
3 14 0.0002039243908107939
3 15 -0.0001775647142359421
3 16 -0.0002120629269238725
3 17 -0.000495861315610688
3 18 0.0005698890606021722
3 19 -0.0004125314593501305
3 20 -0.001079870363673227
3 21 0.0002502602810610696
3 22 -0.0001331282347647889
3 23 0.0004674179626624078
3 24 -0.0005915181932766728
3 25 0.0005380829616162572
3 26 -0.0001669446575196191
3 27 -0.000632422527800252
3 28 -0.0001211277995584037
3 29 0.0001664322416213719
3 30 -0.0003723232897042156
3 31 -0.0004677495129366597
3 32 -0.0003934728533352572
4 0 -6.347372620097623e-05
4 1 0.0002117482328187891
4 2 0.0006987909403940163
4 3 -0.0009604389742661308
4 4 1.985613514591614
4 5 -0.004462735645946102
4 6 -0.0002083970616926026
4 7 0.001043199241489702
4 8 -0.0005484891731056228
4 9 0.0009666754902902795
4 10 0.0001705701348952703
4 11 -0.0004286277166472098
4 12 0.0006558837579357234
4 13 0.0004266038349651791
4 14 0.0001552626660059304
4 15 -0.0002049750514571059
4 16 0.0003847479965973666
4 17 0.000612589727358729
4 18 0.0004019098911645402
4 19 -0.0002703220570788289
4 20 -0.001572920062188189
4 21 5.514443849714938e-05
4 22 -0.0002804211513375748
4 23 0.001313531029170691
4 24 -0.001166877178967006
4 25 0.001513286516683198
4 26 0.001025087183391836
4 27 0.0007288790093446758
4 28 0.001386711663840827
4 29 0.000806090865429894
4 30 -0.002215791572038998
4 31 -0.0008502903283402728
4 32 -0.002078183550672344
5 0 -4.920154280794981e-05
5 1 -0.0007157931045655224
5 2 -0.0009390089938981583
5 3 -0.0004085758038055782
5 4 -0.004462735645946162
5 5 1.988870559456073
5 6 -1.085592426634698e-05
5 7 -0.00212672935421203
5 8 0.0008745791564318189
5 9 -0.0007875195627347017
5 10 0.0002902382197026007
5 11 2.025585941185149e-05
5 12 -0.00103595898724342
5 13 0.0003094340100429409
5 14 -0.0004092580938936386
5 15 -5.109524612722504e-05
5 16 -0.001181345799453563
5 17 0.0007109215500255568
5 18 -0.0004712812428933743
5 19 0.001129644114113178
5 20 0.002804247303395828
5 21 -0.001078188062872113
5 22 0.001612387620750938
5 23 0.0007733813989144093
5 24 -0.0007973297656283507
5 25 0.002851921744412908
5 26 -0.001050118676743345
5 27 -0.002134412315773126
5 28 -0.000819769509275192
5 29 0.0008615745492988375
5 30 -0.001401767332467449
5 31 -0.0006409787871551751
5 32 0.0003562314150443883
6 0 -7.402508713419139e-06
6 1 0.0005548084599534417
6 2 -8.008254385979654e-05
6 3 -0.0001542959227237868
6 4 -0.0002083970616925899
6 5 -1.085592426633359e-05
6 6 1.980797880890808
6 7 9.045543005709275e-05
6 8 -0.000661755675794356
6 9 0.001277157230497789
6 10 -0.0004967152014672531
6 11 -0.001564775066153084
6 12 0.0004981877386919722
6 13 0.003707660696090007
6 14 0.000144271828883021
6 15 -0.0001378439119148929
6 16 -0.001982827225003439
6 17 0.0002318731598820572
6 18 6.467558698229045e-05
6 19 0.0006790395298580173
6 20 0.0006641083349443331
6 21 -0.001405429555935
6 22 -0.0007471226685339899
6 23 -0.0007799632380904658
6 24 -0.0003858204113916251
6 25 -0.0001374371826147834
6 26 -0.001420666951708814
6 27 -0.0008962498479105933
6 28 0.0002217772214868352
6 29 -0.001203499323455055
6 30 -0.0006945879610940836
6 31 0.003018388419178241
6 32 -5.057302042312923e-05
7 0 -1.713499745020818e-05
7 1 -3.75876028047257e-05
7 2 0.0009100339033436995
7 3 -0.0001701821467582032
7 4 0.001043199241489672
7 5 -0.002126729354211958
7 6 9.045543005713814e-05
7 7 1.980734728896819
7 8 -0.0008583496902472665
7 9 4.294525654382133e-05
7 10 -6.525635189626465e-05
7 11 0.0002700009499972204
7 12 0.001185618772904452
7 13 -0.002059780056542019
7 14 0.003651438033769962
7 15 -0.000624428165086138
7 16 -0.0007717140974906525
7 17 0.0009808926550697442
7 18 0.0007041894541038176
7 19 -8.27666715317312e-05
7 20 0.0009278381882177748
7 21 -0.003212453083214499
7 22 0.0005455236154057836
7 23 -0.0001130165577329735
7 24 0.0008060923405040211
7 25 -0.001722894194257764
7 26 0.002155277159952375
7 27 0.0009202203124467757
7 28 0.0007260519664511004
7 29 0.0001800930133727022
7 30 0.0006668651639320417
7 31 0.0005374342472931604
7 32 0.001559123691418903
8 0 7.087026474853234e-06
8 1 -0.0003887819809606604
8 2 -9.786650188742125e-05
8 3 0.0004422262359831727
8 4 -0.0005484891731056191
8 5 0.0008745791564318123
8 6 -0.000661755675794389
8 7 -0.0008583496902472874
8 8 1.978199365121821
8 9 -0.001927369856017533
8 10 -0.001259344907243124
8 11 -0.001612952829810188
8 12 -0.0008086960807891055
8 13 -0.003187002165738646
8 14 0.006493266429356498
8 15 -0.0005255311785643893
8 16 -0.006494601114050119
8 17 0.001367863714683177
8 18 0.001267840173922131
8 19 -0.0005445952430232879
8 20 -1.016310230789746e-05
8 21 0.0002071988802059473
8 22 -0.000207067471626629
8 23 0.003521709977263717
8 24 -0.0001186544270323067
8 25 -0.0004543928948351419
8 26 -0.0006357246870668466
8 27 0.0007375539905602763
8 28 -0.001213921049281669
8 29 0.00154702631684114
8 30 0.0008265546112920695
8 31 -0.0005062191947474938
8 32 -0.0008640230292315944
9 0 1.263284776312461e-05
9 1 0.001145831049651498
9 2 -0.00101234946211063
9 3 -1.906399944617119e-05
9 4 0.0009666754902903671
9 5 -0.0007875195627346737
9 6 0.001277157230497746
9 7 4.294525654381733e-05
9 8 -0.001927369856017579
9 9 1.982593310770193
9 10 -0.001227456553178878
9 11 -0.001430148617026435
9 12 0.0002868494644560306
9 13 0.004494878926565275
9 14 0.001767150777441749
9 15 -2.7888859965551e-05
9 16 -0.004939691489628009
9 17 0.0007873802107846576
9 18 0.001700146486781311
9 19 0.00173667432782086
9 20 -0.0005334534543199969
9 21 0.0009203046832722685
9 22 0.003237769472242267
9 23 -0.0008770361843474194
9 24 -0.001674200997990443
9 25 -0.000103553020051057
9 26 -0.001691958974576955
9 27 -0.0003168447642772685
9 28 0.001679462141579045
9 29 -0.004303967745351387
9 30 -0.001595084736687934
9 31 0.0002720659770021513
9 32 0.0004903759419111083
10 0 -9.557459834239951e-07
10 1 1.017805512590148e-05
10 2 -0.0001607629891077756
10 3 -3.421027715523334e-06
10 4 0.0001705701348952535
10 5 0.0002902382197025773
10 6 -0.0004967152014671854
10 7 -6.525635189629852e-05
10 8 -0.001259344907243084
10 9 -0.001227456553178833
10 10 1.98102135345146
10 11 0.001913122142856029
10 12 -0.0001053999130394373
10 13 -0.001985218452916915
10 14 0.01024084107119633
10 15 -0.001556151260515529
10 16 0.01125993975187844
10 17 -0.001458513023034926
10 18 -0.001933950744007193
10 19 -0.002117689920749024
10 20 -8.159053032700744e-05
10 21 0.0001487863494350428
10 22 0.001321874781044454
10 23 -0.0009719314057418588
10 24 -0.002007343011573937
10 25 -0.000868326620487796
10 26 -0.0002105425001964555
10 27 0.0003252787483272904
10 28 -0.001901147991452234
10 29 -0.002398628824902764
10 30 -0.0002029092681684428
10 31 -0.0004636089070889962
10 32 -0.0001303063659060591
11 0 8.755382388587994e-06
11 1 -0.0002565090943036579
11 2 -0.0001109666960574587
11 3 0.0001812078540620425
11 4 -0.0004286277166471943
11 5 2.025585941187322e-05
11 6 -0.00156477506615313
11 7 0.0002700009499972768
11 8 -0.001612952829810244
11 9 -0.00143014861702643
11 10 0.001913122142856119
11 11 1.979752874384883
11 12 -0.0005994881956330785
11 13 -0.001781682490675116
11 14 0.01278945848951767
11 15 -0.001723752393090457
11 16 0.01284038254356789
11 17 -0.002081549130797947
11 18 -0.002795467403709112
11 19 -0.002507822641855729
11 20 0.001260429918738653
11 21 0.0002328121314402168
11 22 -0.0002999041647063556
11 23 0.0006634568243401376
11 24 0.0001820093440301393
11 25 0.0004629856741235579
11 26 -0.00090840717193855
11 27 -0.0005658322728605816
11 28 0.0007329049549454532
11 29 0.0005677484685357825
11 30 -0.001707257936224252
11 31 0.00120254857742118
11 32 0.0004517388274889697
12 0 5.205769349756891e-05
12 1 -0.0005341516280350199
12 2 -0.0001814058551915881
12 3 0.0006953819288202799
12 4 0.0006558837579356699
12 5 -0.001035958987243427
12 6 0.0004981877386920025
12 7 0.001185618772904454
12 8 -0.0008086960807890941
12 9 0.0002868494644559767
12 10 -0.0001053999130394246
12 11 -0.0005994881956330939
12 12 1.975676851821515
12 13 0.0004146233525300419
12 14 -0.001525924461823463
12 15 -0.0007875183995118175
12 16 -0.002384417838575521
12 17 0.0008407197668352925
12 18 0.0008537929878569964
12 19 0.0003421026412571513
12 20 0.0003861908015236846
12 21 0.003754617749003274
12 22 -0.0007510027656593063
12 23 0.001741009073401931
12 24 0.0005252605566822415
12 25 -0.0003809917205612755
12 26 -0.0003598414069492105
12 27 0.0003317327804635736
12 28 0.00207898321215038
12 29 0.002001803229163295
12 30 -0.00354578959619407
12 31 0.0003026572752762285
12 32 0.002166637549024069
13 0 -6.757205488807536e-06
13 1 0.0001629024267039047
13 2 -0.0002670336922713682
13 3 -8.262544750938571e-05
13 4 0.0004266038349651611
13 5 0.0003094340100429084
13 6 0.00370766069608991
13 7 -0.002059780056542162
13 8 -0.003187002165738584
13 9 0.004494878926565143
13 10 -0.001985218452916879
13 11 -0.001781682490675164
13 12 0.0004146233525300662
13 13 1.981592672643961
13 14 0.006120464937016094
13 15 -0.001372091832229746
13 16 0.0008204664784831541
13 17 0.0005608075100347444
13 18 0.0006813720455183609
13 19 -0.0007520251056367137
13 20 -0.0007796528825868767
13 21 0.000533707274381193
13 22 0.005201969142361922
13 23 -0.002049342231438581
13 24 -0.001395509685193707
13 25 0.0009802503646707172
13 26 -0.002763623147013679
13 27 -0.0005379909559841187
13 28 0.002481810559149521
13 29 -0.0005256966757127485
13 30 -0.0002587137669189703
13 31 0.0003102025433716563
13 32 -0.001099798220515959
14 0 3.683420046604083e-06
14 1 -0.0004464058143519989
14 2 1.839780782518699e-05
14 3 0.0002039243908107807
14 4 0.0001552626660059679
14 5 -0.0004092580938936209
14 6 0.0001442718288830785
14 7 0.003651438033770197
14 8 0.006493266429356525
14 9 0.00176715077744171
14 10 0.01024084107119695
14 11 0.01278945848951764
14 12 -0.001525924461823502
14 13 0.00612046493701603
14 14 1.961506292126377
14 15 -0.001203069194221487
14 16 0.01802666443396627
14 17 -0.002448496834789585
14 18 -0.002957538370233038
14 19 0.002541225456408443
14 20 -0.001196178489179055
14 21 3.582376306616302e-05
14 22 0.001740273915209068
14 23 -0.0003243250412658534
14 24 -0.0005258355362913387
14 25 0.0001710666008667237
14 26 -0.001128141706761005
14 27 -0.000224275091734923
14 28 0.0004828119700585043
14 29 -0.0004420093614388806
14 30 0.0001746124059482087
14 31 -0.0001865384396693757
14 32 -0.0001015764004711257
15 0 -7.01956590338431e-08
15 1 -0.0001836262330354443
15 2 -3.005520349912001e-05
15 3 -0.0001775647142359244
15 4 -0.0002049750514571355
15 5 -5.109524612722611e-05
15 6 -0.0001378439119148905
15 7 -0.0006244281650860992
15 8 -0.0005255311785643698
15 9 -2.788885996556935e-05
15 10 -0.00155615126051563
15 11 -0.001723752393090374
15 12 -0.0007875183995117926
15 13 -0.001372091832229644
15 14 -0.001203069194221427
15 15 1.897288834403916
15 16 -0.004030369215742091
15 17 0.00519602343113414
15 18 -0.01184021769757133
15 19 -0.003021861660639752
15 20 0.0003327846476409283
15 21 -6.713647997351412e-05
15 22 0.0001704246773859511
15 23 -0.0001056641251400074
15 24 1.766703258789926e-05
15 25 -0.0001235906869349416
15 26 0.0004945639072061387
15 27 0.0003447922151193872
15 28 0.0006114143014447867
15 29 -3.438209132196731e-05
15 30 4.462401264561567e-05
15 31 0.0001215152750393208
15 32 -0.0006534880895663978
16 0 -4.262854787381401e-06
16 1 8.444281013928858e-05
16 2 2.458610204161865e-05
16 3 -0.0002120629269238746
16 4 0.0003847479965973268
16 5 -0.001181345799453571
16 6 -0.001982827225003432
16 7 -0.0007717140974906219
16 8 -0.006494601114049556
16 9 -0.004939691489628288
16 10 0.01125993975187821
16 11 0.01284038254356734
16 12 -0.002384417838575505
16 13 0.0008204664784832241
16 14 0.0180266644339666
16 15 -0.004030369215742451
16 16 1.906943628530756
16 17 0.01215482233129042
16 18 0.01139238303113004
16 19 0.007157869199325692
16 20 -0.001155529953981227
16 21 -0.0003890234858621176
16 22 -0.001631287029147313
16 23 -0.001176223641664068
16 24 -1.433165605656364e-05
16 25 0.0001848044247140779
16 26 0.0007781757509931651
16 27 -0.0004640776599624556
16 28 -0.0004585716584166834
16 29 0.0004323135365467002
16 30 -0.000257696936552157
16 31 0.0001568022482629839
16 32 0.0001627012555546995
17 0 -4.312519650141369e-06
17 1 -0.0004262722727219756
17 2 -0.001205436241791378
17 3 -0.0004958613156106984
17 4 0.0006125897273587387
17 5 0.0007109215500255695
17 6 0.0002318731598820634
17 7 0.000980892655069723
17 8 0.001367863714683204
17 9 0.0007873802107846948
17 10 -0.001458513023034947
17 11 -0.002081549130797927
17 12 0.0008407197668352814
17 13 0.0005608075100347701
17 14 -0.002448496834789509
17 15 0.005196023431134128
17 16 0.01215482233129042
17 17 0.106656593064692
17 18 -0.002156875780271229
17 19 -0.0003988952637684745
17 20 0.002722931167971242
17 21 -0.0004723196656479425
17 22 0.001382107945401029
17 23 0.004360483563451433
17 24 -0.0001063285570057524
17 25 -0.001092397602633309
17 26 -0.001310401372016006
17 27 0.00181208410821964
17 28 0.0002163712080005049
17 29 -0.0002231882723584545
17 30 0.0005304769898438516
17 31 -8.763512531688106e-05
17 32 -0.0002031165205930567
18 0 9.159330337710489e-07
18 1 0.0007214514397499109
18 2 0.0003276485724874008
18 3 0.000569889060602203
18 4 0.0004019098911645457
18 5 -0.0004712812428933688
18 6 6.467558698228801e-05
18 7 0.0007041894541038132
18 8 0.001267840173922175
18 9 0.001700146486781275
18 10 -0.001933950744007224
18 11 -0.002795467403709303
18 12 0.0008537929878570086
18 13 0.0006813720455183585
18 14 -0.002957538370232901
18 15 -0.01184021769756999
18 16 0.0113923830311299
18 17 -0.002156875780269827
18 18 0.09894012320474037
18 19 0.0001819431668792859
18 20 0.002950464546236444
18 21 -0.0005653016067594077
18 22 0.00323742992974304
18 23 0.004515871957470659
18 24 -2.542044332941791e-05
18 25 -0.00141306175885551
18 26 -0.001156875760957801
18 27 0.001601373428587485
18 28 -0.0005072930394835243
18 29 4.519940526867681e-05
18 30 0.000392391060206573
18 31 5.944666083635181e-05
18 32 -0.0001895609623296221
19 0 1.001615920309613e-05
19 1 -0.0008972236722430264
19 2 -4.61664170026036e-05
19 3 -0.0004125314593501309
19 4 -0.0002703220570788293
19 5 0.001129644114113179
19 6 0.0006790395298580457
19 7 -8.276667153173205e-05
19 8 -0.000544595243023254
19 9 0.001736674327820878
19 10 -0.002117689920748907
19 11 -0.002507822641855765
19 12 0.0003421026412571486
19 13 -0.0007520251056366925
19 14 0.002541225456408403
19 15 -0.003021861660639921
19 16 0.007157869199325892
19 17 -0.0003988952637682638
19 18 0.0001819431668794906
19 19 0.04696900221164614
19 20 -0.006507692933304721
19 21 -0.0001485227110128963
19 22 -0.003512658658921383
19 23 -0.004260956358309044
19 24 0.0001432326705130411
19 25 0.00176911181149703
19 26 0.002019327625444833
19 27 -0.0005953278313976032
19 28 0.000696564094007282
19 29 0.0002833103502676907
19 30 -0.0003440686385331831
19 31 -3.862191104705156e-05
19 32 3.251546248459916e-05
20 0 7.38411505324187e-05
20 1 -0.0004275350653970487
20 2 -0.001482761937627917
20 3 -0.001079870363673236
20 4 -0.001572920062188161
20 5 0.002804247303395753
20 6 0.0006641083349443401
20 7 0.0009278381882177493
20 8 -1.016310230789103e-05
20 9 -0.0005334534543200357
20 10 -8.159053032701205e-05
20 11 0.001260429918738631
20 12 0.0003861908015236758
20 13 -0.0007796528825869012
20 14 -0.001196178489179052
20 15 0.0003327846476409524
20 16 -0.001155529953981211
20 17 0.00272293116797119
20 18 0.00295046454623649
20 19 -0.006507692933304769
20 20 0.01275992232646733
20 21 -0.008975010491947641
20 22 -4.698277302354518e-05
20 23 -0.0001256580322758338
20 24 -0.00155157421812893
20 25 0.003345775947997548
20 26 0.0008555624549302633
20 27 0.003776731865150384
20 28 0.0008121388673259055
20 29 0.0002365534380406427
20 30 -0.001383250519612798
20 31 0.0003033286451245265
20 32 0.0001047913074864629
21 0 -2.247342266540547e-05
21 1 0.0004996660667257707
21 2 0.001307065440284124
21 3 0.0002502602810610592
21 4 5.514443849714911e-05
21 5 -0.001078188062872176
21 6 -0.001405429555935003
21 7 -0.003212453083214523
21 8 0.0002071988802059601
21 9 0.0009203046832723061
21 10 0.0001487863494350361
21 11 0.0002328121314402171
21 12 0.003754617749003137
21 13 0.0005337072743812438
21 14 3.582376306616475e-05
21 15 -6.713647997351268e-05
21 16 -0.0003890234858621197
21 17 -0.0004723196656479251
21 18 -0.0005653016067594197
21 19 -0.0001485227110130251
21 20 -0.008975010491947629
21 21 0.01275780926276839
21 22 0.0002373929840482327
21 23 -0.001216370974014616
21 24 0.0009603098198650935
21 25 0.002330671545911035
21 26 -0.0006999223256044786
21 27 0.0006450708768961592
21 28 -0.0005959369850076083
21 29 4.12287011309026e-05
21 30 7.951938433497404e-05
21 31 -0.0003173275121736615
21 32 0.0005127857274085666
22 0 7.145182112192163e-06
22 1 -0.0006325624433611271
22 2 -4.037319763675218e-05
22 3 -0.0001331282347647852
22 4 -0.0002804211513375812
22 5 0.001612387620750929
22 6 -0.0007471226685339708
22 7 0.0005455236154057839
22 8 -0.0002070674716266148
22 9 0.003237769472242149
22 10 0.001321874781044445
22 11 -0.0002999041647063553
22 12 -0.0007510027656593365
22 13 0.00520196914236204
22 14 0.001740273915209033
22 15 0.0001704246773859551
22 16 -0.001631287029147365
22 17 0.00138210794540098
22 18 0.00323742992974304
22 19 -0.003512658658921443
22 20 -4.698277302349365e-05
22 21 0.0002373929840482244
22 22 0.01985658459888357
22 23 0.001159521382042768
22 24 0.001802103418535218
22 25 0.0007176429735001803
22 26 0.0008229696241393875
22 27 0.0009744059826587556
22 28 0.001153172393578381
22 29 0.0006496745055852729
22 30 0.0005899699667927726
22 31 -0.001616266625374891
22 32 0.0001114188006738597
23 0 3.766271855598443e-05
23 1 0.0011695967315213
23 2 0.0005405305777189371
23 3 0.0004674179626624229
23 4 0.001313531029170657
23 5 0.0007733813989143975
23 6 -0.0007799632380904337
23 7 -0.0001130165577329706
23 8 0.003521709977263723
23 9 -0.0008770361843474469
23 10 -0.000971931405741839
23 11 0.000663456824340163
23 12 0.001741009073401912
23 13 -0.002049342231438539
23 14 -0.0003243250412658747
23 15 -0.0001056641251400044
23 16 -0.001176223641664126
23 17 0.004360483563451546
23 18 0.00451587195747054
23 19 -0.004260956358309064
23 20 -0.0001256580322757395
23 21 -0.001216370974014531
23 22 0.001159521382042748
23 23 0.01804949399536899
23 24 -0.001081431666743535
23 25 0.001440644421675723
23 26 -0.001649709379207308
23 27 0.001053047280295671
23 28 -0.001019591736930953
23 29 -0.0005907860134733314
23 30 -0.0006683456677440587
23 31 0.000796154636189227
23 32 -0.0001133489085224426
24 0 -0.0001158275179757965
24 1 0.0003024337716461022
24 2 -0.001068840249083541
24 3 -0.0005915181932766679
24 4 -0.001166877178967022
24 5 -0.0007973297656283661
24 6 -0.0003858204113916343
24 7 0.000806092340504015
24 8 -0.0001186544270323018
24 9 -0.00167420099799046
24 10 -0.002007343011573885
24 11 0.0001820093440301542
24 12 0.0005252605566822564
24 13 -0.001395509685193674
24 14 -0.0005258355362913424
24 15 1.766703258790144e-05
24 16 -1.433165605656328e-05
24 17 -0.0001063285570057552
24 18 -2.54204433294446e-05
24 19 0.0001432326705130058
24 20 -0.001551574218128857
24 21 0.0009603098198651538
24 22 0.001802103418535171
24 23 -0.001081431666743484
24 24 0.0175305252364002
24 25 -0.002107621096395348
24 26 -0.0009305106115522412
24 27 0.0001627264367413904
24 28 0.001375643464319423
24 29 -0.001806653981219428
24 30 -0.0008255318085698658
24 31 0.00113921686702966
24 32 0.0002784036991221263
25 0 0.0002289250103661202
25 1 0.0003628735147469758
25 2 -0.0001469799946205236
25 3 0.0005380829616162494
25 4 0.001513286516683276
25 5 0.002851921744412863
25 6 -0.0001374371826147662
25 7 -0.001722894194257726
25 8 -0.0004543928948351378
25 9 -0.0001035530200510629
25 10 -0.0008683266204878015
25 11 0.0004629856741235576
25 12 -0.0003809917205612759
25 13 0.0009802503646707183
25 14 0.0001710666008667208
25 15 -0.000123590686934945
25 16 0.0001848044247140758
25 17 -0.001092397602633235
25 18 -0.001413061758855476
25 19 0.001769111811497065
25 20 0.003345775947997505
25 21 0.00233067154591097
25 22 0.000717642973500212
25 23 0.001440644421675692
25 24 -0.00210762109639528
25 25 0.01875474093213939
25 26 0.0005923207796773011
25 27 -0.001611919699231703
25 28 0.00120962137930764
25 29 6.797357679875784e-05
25 30 -0.001763669190563227
25 31 -0.0008207432915886473
25 32 -0.002295371145673818
26 0 2.321154274111405e-05
26 1 -0.0002030611590697138
26 2 0.0002513540947216664
26 3 -0.0001669446575196182
26 4 0.001025087183391883
26 5 -0.001050118676743365
26 6 -0.001420666951708833
26 7 0.002155277159952316
26 8 -0.0006357246870668364
26 9 -0.001691958974576903
26 10 -0.0002105425001964335
26 11 -0.0009084071719385343
26 12 -0.0003598414069492032
26 13 -0.002763623147013748
26 14 -0.001128141706760987
26 15 0.0004945639072061212
26 16 0.0007781757509931869
26 17 -0.001310401372016017
26 18 -0.001156875760957871
26 19 0.00201932762544473
26 20 0.000855562454930187
26 21 -0.0006999223256045594
26 22 0.000822969624139289
26 23 -0.001649709379207171
26 24 -0.0009305106115523026
26 25 0.0005923207796773718
26 26 0.01668696380535644
26 27 -0.0005764138003295551
26 28 -0.00166791971098965
26 29 -0.0007558181518214836
26 30 0.0005550247463273942
26 31 0.0007135897168608783
26 32 0.0007095448057566776
27 0 -5.160286664767876e-05
27 1 0.000198682795667677
27 2 0.0005893052225368746
27 3 -0.0006324225278002221
27 4 0.0007288790093446709
27 5 -0.002134412315773093
27 6 -0.000896249847910613
27 7 0.0009202203124467873
27 8 0.000737553990560303
27 9 -0.000316844764277276
27 10 0.0003252787483272737
27 11 -0.0005658322728605736
27 12 0.0003317327804635957
27 13 -0.0005379909559841479
27 14 -0.0002242750917349273
27 15 0.0003447922151193719
27 16 -0.0004640776599624396
27 17 0.001812084108219641
27 18 0.001601373428587525
27 19 -0.0005953278313977295
27 20 0.003776731865150456
27 21 0.0006450708768962583
27 22 0.0009744059826587938
27 23 0.00105304728029567
27 24 0.0001627264367413778
27 25 -0.001611919699231729
27 26 -0.0005764138003293959
27 27 0.01428059738232148
27 28 -0.0007145242010914755
27 29 -0.0003933486170824291
27 30 0.001116521548341181
27 31 0.0002969557422174841
27 32 0.001197290220409666
28 0 -4.860160632263811e-05
28 1 -0.0002375217368138175
28 2 0.0002412922747684553
28 3 -0.0001211277995584086
28 4 0.001386711663840868
28 5 -0.0008197695092752467
28 6 0.0002217772214868298
28 7 0.0007260519664511055
28 8 -0.001213921049281718
28 9 0.001679462141578984
28 10 -0.00190114799145226
28 11 0.0007329049549454423
28 12 0.002078983212150326
28 13 0.00248181055914951
28 14 0.0004828119700584977
28 15 0.0006114143014448034
28 16 -0.0004585716584167102
28 17 0.0002163712080005209
28 18 -0.0005072930394835279
28 19 0.000696564094007198
28 20 0.0008121388673259275
28 21 -0.000595936985007579
28 22 0.001153172393578404
28 23 -0.001019591736930966
28 24 0.001375643464319475
28 25 0.001209621379307631
28 26 -0.001667919710989648
28 27 -0.0007145242010915011
28 28 0.01705217136628741
28 29 -0.000592451836028243
28 30 0.00136129891092397
28 31 -0.0004015565151990752
28 32 0.001861694329578433
29 0 5.31645159299846e-05
29 1 -8.372294843369963e-05
29 2 0.0002592889252937623
29 3 0.0001664322416213825
29 4 0.0008060908654299334
29 5 0.0008615745492988136
29 6 -0.00120349932345512
29 7 0.0001800930133727017
29 8 0.001547026316841123
29 9 -0.004303967745351559
29 10 -0.002398628824902732
29 11 0.0005677484685357702
29 12 0.002001803229163242
29 13 -0.0005256966757127386
29 14 -0.0004420093614388602
29 15 -3.438209132196905e-05
29 16 0.0004323135365466841
29 17 -0.0002231882723584987
29 18 4.51994052686388e-05
29 19 0.0002833103502677237
29 20 0.0002365534380406473
29 21 4.122870113082856e-05
29 22 0.0006496745055853086
29 23 -0.0005907860134732837
29 24 -0.001806653981219407
29 25 6.797357679889647e-05
29 26 -0.0007558181518215232
29 27 -0.0003933486170824571
29 28 -0.0005924518360282117
29 29 0.01392768868551581
29 30 -0.001320311135794661
29 31 0.002446791453934101
29 32 -0.0009044656574992924
30 0 -5.165768837995678e-05
30 1 -0.0004200898027592347
30 2 -0.0003315222936037795
30 3 -0.0003723232897041934
30 4 -0.00221579157203896
30 5 -0.001401767332467388
30 6 -0.000694587961094094
30 7 0.0006668651639320457
30 8 0.0008265546112920588
30 9 -0.001595084736687931
30 10 -0.0002029092681684318
30 11 -0.001707257936224235
30 12 -0.003545789596194002
30 13 -0.0002587137669189718
30 14 0.0001746124059482116
30 15 4.462401264561505e-05
30 16 -0.0002576969365521539
30 17 0.000530476989843864
30 18 0.0003923910602065652
30 19 -0.0003440686385331964
30 20 -0.001383250519612771
30 21 7.951938433499982e-05
30 22 0.0005899699667927658
30 23 -0.0006683456677440144
30 24 -0.0008255318085698812
30 25 -0.001763669190563055
30 26 0.0005550247463274333
30 27 0.001116521548341176
30 28 0.001361298910924015
30 29 -0.001320311135794616
30 30 0.01311784157335619
30 31 0.0003431706806404463
30 32 -0.001788083326735849
31 0 -3.8428493124748e-05
31 1 0.0006871974355872125
31 2 -0.0002875397461336004
31 3 -0.0004677495129366652
31 4 -0.0008502903283402862
31 5 -0.0006409787871551667
31 6 0.00301838841917825
31 7 0.0005374342472931489
31 8 -0.0005062191947475011
31 9 0.0002720659770021454
31 10 -0.0004636089070889938
31 11 0.001202548577421215
31 12 0.0003026572752762371
31 13 0.0003102025433716671
31 14 -0.0001865384396693802
31 15 0.0001215152750393322
31 16 0.0001568022482629818
31 17 -8.763512531686771e-05
31 18 5.944666083633772e-05
31 19 -3.862191104707094e-05
31 20 0.0003033286451245205
31 21 -0.000317327512173673
31 22 -0.001616266625374892
31 23 0.0007961546361892665
31 24 0.001139216867029646
31 25 -0.0008207432915886086
31 26 0.0007135897168608716
31 27 0.0002969557422175113
31 28 -0.0004015565151990426
31 29 0.002446791453934043
31 30 0.000343170680640452
31 31 0.01252647102130087
31 32 5.682846651330321e-05
32 0 -0.0001199490974769986
32 1 0.0001738694962265165
32 2 0.0004096791751802889
32 3 -0.000393472853335259
32 4 -0.002078183550672316
32 5 0.0003562314150443843
32 6 -5.057302042312267e-05
32 7 0.00155912369141889
32 8 -0.0008640230292315681
32 9 0.0004903759419111139
32 10 -0.0001303063659060632
32 11 0.0004517388274889933
32 12 0.002166637549024106
32 13 -0.001099798220515934
32 14 -0.0001015764004711252
32 15 -0.0006534880895663855
32 16 0.0001627012555547002
32 17 -0.0002031165205930328
32 18 -0.0001895609623296201
32 19 3.251546248460047e-05
32 20 0.0001047913074864645
32 21 0.0005127857274085457
32 22 0.0001114188006738576
32 23 -0.0001133489085224523
32 24 0.0002784036991221033
32 25 -0.002295371145673829
32 26 0.0007095448057567584
32 27 0.001197290220409558
32 28 0.001861694329578544
32 29 -0.0009044656574993513
32 30 -0.001788083326735813
32 31 5.682846651328858e-05
32 32 0.01238236944423514
