 &FCI NORB=   8,NELEC= 8,MS2=0,
  ORBSYM=1,1,1,1,1,1,1,1
  ISYM=1,
 &END
 0.5137234271088679    1    1    1    1
 0.03306651798709274    2    1    1    1
 0.1303508482929944    2    1    2    1
 0.4871895071287823    2    2    1    1
 0.03076913384849853    2    2    2    1
 0.5032507747681843    2    2    2    2
 -0.008243401270451063    3    1    1    1
 0.004168942756511507    3    1    2    1
 -0.01548011781470725    3    1    2    2
 0.08464623108615979    3    1    3    1
 0.004103328328356119    3    2    1    1
 -0.0203493808467803    3    2    2    1
 0.008995934894940752    3    2    2    2
 -0.04759223237642862    3    2    3    1
 0.04706868146089343    3    2    3    2
 0.4633908871471989    3    3    1    1
 -0.05116470768487934    3    3    2    1
 0.4338396152455669    3    3    2    2
 0.04481136030649126    3    3    3    1
 -0.01671703200281902    3    3    3    2
 0.5547766589786528    3    3    3    3
 0.01158301577932033    4    1    1    1
 0.003299266247146606    4    1    2    1
 0.02576232934653874    4    1    2    2
 -0.003250225325538578    4    1    3    1
 0.004289365395683444    4    1    3    2
 0.02806520067375457    4    1    3    3
 0.08819305250963064    4    1    4    1
 -0.001209465144456393    4    2    1    1
 0.0244461693000382    4    2    2    1
 -0.005270938904771563    4    2    2    2
 0.004437373098582137    4    2    3    1
 -0.009805555932164166    4    2    3    2
 -0.02784353031672133    4    2    3    3
 -0.0330385658989527    4    2    4    1
 0.03331419088757412    4    2    4    2
 -0.001706850794892841    4    3    1    1
 0.005363877782976147    4    3    2    1
 -0.007708347479517553    4    3    2    2
 0.02530519999714852    4    3    3    1
 -0.02208283063174985    4    3    3    2
 0.01669553426942387    4    3    3    3
 -0.001258078812719579    4    3    4    1
 0.004565240021785664    4    3    4    2
 0.02764056632132205    4    3    4    3
 0.4576512651221402    4    4    1    1
 -0.03657628851673152    4    4    2    1
 0.4132438663409483    4    4    2    2
 -0.0009287652963837847    4    4    3    1
 0.007947134461816784    4    4    3    2
 0.428686787501849    4    4    3    3
 -0.0600175899997705    4    4    4    1
 0.01718429192823099    4    4    4    2
 -0.002416467542727923    4    4    4    3
 0.5362769749238377    4    4    4    4
 0.04712801502987001    5    1    1    1
 -0.007290392735514021    5    1    2    1
 0.009322008533311383    5    1    2    2
 -0.01276878415955999    5    1    3    1
 0.002860397936970691    5    1    3    2
 0.05037192317024874    5    1    3    3
 -0.006578509075902331    5    1    4    1
 -0.005348507541049709    5    1    4    2
 0.007444198154436208    5    1    4    3
 0.0424369026144192    5    1    4    4
 0.05950117074149455    5    1    5    1
 -0.001550245513871367    5    2    1    1
 -0.05476514659779769    5    2    2    1
 -0.01535062972597436    5    2    2    2
 -0.005379763146898735    5    2    3    1
 0.01476611780990305    5    2    3    2
 0.02134544006960437    5    2    3    3
 -0.01054295667502116    5    2    4    1
 -0.01391548454853306    5    2    4    2
 -0.009286250882841884    5    2    4    3
 0.03363522717608615    5    2    4    4
 0.02214274562052953    5    2    5    1
 0.05389199590181586    5    2    5    2
 -0.03851820924505618    5    3    1    1
 -0.005129499383761328    5    3    2    1
 -0.01962840456610639    5    3    2    2
 0.02873073769240023    5    3    3    1
 -0.007471411476408814    5    3    3    2
 -0.003674679965835384    5    3    3    3
 0.01882376707293848    5    3    4    1
 -0.01108519340642559    5    3    4    2
 0.004620952105069641    5    3    4    3
 -0.03817828226569542    5    3    4    4
 -0.03094033827928647    5    3    5    1
 -0.005303363758615733    5    3    5    2
 0.04474018269367971    5    3    5    3
 -0.0143834188221805    5    4    1    1
 -0.01094349744587841    5    4    2    1
 -0.02081815355894643    5    4    2    2
 0.01894496552730735    5    4    3    1
 -0.0123718885152341    5    4    3    2
 0.0003791317550537499    5    4    3    3
 -0.003102385065865887    5    4    4    1
 0.01000710345077957    5    4    4    2
 0.002443336710539604    5    4    4    3
 0.010875181446912    5    4    4    4
 -0.004808649352986814    5    4    5    1
 0.003200773839269134    5    4    5    2
 0.004797567175881804    5    4    5    3
 0.02939185163488811    5    4    5    4
 0.4565982589894677    5    5    1    1
 0.03892498124670191    5    5    2    1
 0.4341765740703883    5    5    2    2
 -0.03419362577429634    5    5    3    1
 0.007518092030312909    5    5    3    2
 0.4017916081629549    5    5    3    3
 0.001724887853816177    5    5    4    1
 0.002921949995451524    5    5    4    2
 -0.002918554792193634    5    5    4    3
 0.406669605510095    5    5    4    4
 0.04971809722527933    5    5    5    1
 -0.007262916583171064    5    5    5    2
 -0.04850366958817572    5    5    5    3
 -0.02118064802185921    5    5    5    4
 0.4493942694834824    5    5    5    5
 -0.003288257233259979    6    1    1    1
 -0.00373801767556125    6    1    2    1
 0.02268334141320264    6    1    2    2
 -0.00608548309331906    6    1    3    1
 -0.004980840254331689    6    1    3    2
 -0.002747873837031588    6    1    3    3
 -0.01627981508871281    6    1    4    1
 0.008183729138408702    6    1    4    2
 0.001069028364042896    6    1    4    3
 -0.01264791948707252    6    1    4    4
 -0.01616958222956343    6    1    5    1
 -0.01812266983950807    6    1    5    2
 -0.003725793356316117    6    1    5    3
 -0.0136126863918377    6    1    5    4
 0.004002175729013441    6    1    5    5
 0.04690852088908053    6    1    6    1
 -0.03864034177247998    6    2    1    1
 0.05371352833523979    6    2    2    1
 -0.02745228892122806    6    2    2    2
 -0.01171844814929159    6    2    3    1
 -0.001490276848653726    6    2    3    2
 -0.06909407317155636    6    2    3    3
 0.01129912167988097    6    2    4    1
 0.002343195638604822    6    2    4    2
 -0.004779116821918264    6    2    4    3
 -0.05377479124390175    6    2    4    4
 -0.03030143804054188    6    2    5    1
 -0.03640909882621588    6    2    5    2
 0.01448383760232296    6    2    5    3
 -0.00381677101144672    6    2    5    4
 -0.01941374263564757    6    2    5    5
 -0.004038514164058921    6    2    6    1
 0.06563795757277947    6    2    6    2
 -0.01809558958813653    6    3    1    1
 -0.0156934773875786    6    3    2    1
 -0.01337592832363209    6    3    2    2
 0.004564717732833495    6    3    3    1
 -0.008066594891755444    6    3    3    2
 0.001937954253026719    6    3    3    3
 0.003786283031971938    6    3    4    1
 -0.006319650620859307    6    3    4    2
 -0.006323256400991574    6    3    4    3
 -0.009438932935264158    6    3    4    4
 -0.006466763505869736    6    3    5    1
 0.00880699952282952    6    3    5    2
 0.008931593377694029    6    3    5    3
 0.005562796973087636    6    3    5    4
 -0.01516276942883868    6    3    5    5
 6.284347940041083e-05    6    3    6    1
 0.0008842356345678525    6    3    6    2
 0.01856662833452113    6    3    6    3
 -0.06208796048685883    6    4    1    1
 0.01090659088902631    6    4    2    1
 -0.0544279390655443    6    4    2    2
 0.005021698784958901    6    4    3    1
 -0.007857389988927134    6    4    3    2
 -0.06648005538784564    6    4    3    3
 -0.03680500884512722    6    4    4    1
 0.0154770766519729    6    4    4    2
 0.001681129744809504    6    4    4    3
 -0.0177620070995129    6    4    4    4
 -0.02538210982300293    6    4    5    1
 -0.007177929986268539    6    4    5    2
 0.01050380817467889    6    4    5    3
 0.01848557321450604    6    4    5    4
 -0.0448215016215977    6    4    5    5
 -0.003844386537439255    6    4    6    1
 0.03109498576450356    6    4    6    2
 0.004842071391622694    6    4    6    3
 0.07499058389916419    6    4    6    4
 -0.06095516070390268    6    5    1    1
 -0.0472381477707431    6    5    2    1
 -0.06744346583265827    6    5    2    2
 -0.005282275598798539    6    5    3    1
 0.01122731253362039    6    5    3    2
 -0.028718202966273    6    5    3    3
 -0.03060375816796617    6    5    4    1
 5.763513118557229e-05    6    5    4    2
 0.0013295641142612    6    5    4    3
 0.0001599056354953352    6    5    4    4
 0.0006644231718677003    6    5    5    1
 0.02242172210622487    6    5    5    2
 0.0038427149723338    6    5    5    3
 0.007103192154962775    6    5    5    4
 -0.04805780899800077    6    5    5    5
 -0.003279582957795777    6    5    6    1
 -0.005860448892311089    6    5    6    2
 0.003329893548270279    6    5    6    3
 0.02849387024319586    6    5    6    4
 0.0514624928906182    6    5    6    5
 0.4753309105369008    6    6    1    1
 -0.008890527079396882    6    6    2    1
 0.4526963644136446    6    6    2    2
 -0.001371060259964969    6    6    3    1
 0.003790095242606907    6    6    3    2
 0.4319610248415219    6    6    3    3
 -0.02597860482132406    6    6    4    1
 0.02224126753146482    6    6    4    2
 0.001469100182313833    6    6    4    3
 0.4895921761073213    6    6    4    4
 0.03479198757643996    6    6    5    1
 0.01358167866098405    6    6    5    2
 -0.04161693777608235    6    6    5    3
 0.009275320777887746    6    6    5    4
 0.4270940630812856    6    6    5    5
 0.001853765853034933    6    6    6    1
 -0.06127291086293349    6    6    6    2
 -0.0186759026222981    6    6    6    3
 -0.03918671092017297    6    6    6    4
 -0.03302398618010165    6    6    6    5
 0.5173407857678385    6    6    6    6
 -0.01982707529053851    7    1    1    1
 -0.00216340832445916    7    1    2    1
 -0.009252584047396819    7    1    2    2
 -0.01542564079799646    7    1    3    1
 -0.006963866174907324    7    1    3    2
 -0.02599359637672887    7    1    3    3
 0.01561274801356563    7    1    4    1
 0.005831970819482758    7    1    4    2
 0.009822654634198309    7    1    4    3
 -0.01870889301367197    7    1    4    4
 -0.007933104245814313    7    1    5    1
 -0.02097512022829297    7    1    5    2
 -0.003699047304414348    7    1    5    3
 0.0126535031655161    7    1    5    4
 -0.007269014937976855    7    1    5    5
 0.006861327228298222    7    1    6    1
 0.01405743425435683    7    1    6    2
 0.0008540047725564766    7    1    6    3
 0.01436785543808852    7    1    6    4
 0.001077056596114028    7    1    6    5
 -0.00798076891541794    7    1    6    6
 0.04615473922237653    7    1    7    1
 -0.02322790239780377    7    2    1    1
 0.009816575633324227    7    2    2    1
 -0.003152161608564675    7    2    2    2
 -0.02110560441718522    7    2    3    1
 0.01206747284422307    7    2    3    2
 -0.03227923362612031    7    2    3    3
 0.01667151308879446    7    2    4    1
 -0.002910411676775694    7    2    4    2
 -0.01448459833609298    7    2    4    3
 -0.03949101886668452    7    2    4    4
 -0.02680765883003685    7    2    5    1
 -0.01152070261144347    7    2    5    2
 0.01103532946436608    7    2    5    3
 -0.01030987016036944    7    2    5    4
 -0.01086222985134162    7    2    5    5
 0.009005236373141589    7    2    6    1
 0.02853610973680619    7    2    6    2
 0.006726368409581717    7    2    6    3
 -0.001371335950288544    7    2    6    4
 -0.00556882961071235    7    2    6    5
 -0.03424934303302314    7    2    6    6
 0.002579910929312511    7    2    7    1
 0.03772308072276853    7    2    7    2
 -0.05836544546758439    7    3    1    1
 -0.02708802163990398    7    3    2    1
 -0.03590469066478423    7    3    2    2
 -0.01202896227196187    7    3    3    1
 0.004726783235277658    7    3    3    2
 -0.0254634028578012    7    3    3    3
 0.0261994077465443    7    3    4    1
 -0.01970878822821044    7    3    4    2
 0.004053821498138916    7    3    4    3
 -0.0534468327090695    7    3    4    4
 -0.01786522885161171    7    3    5    1
 0.005624411842587198    7    3    5    2
 0.03277400277006704    7    3    5    3
 -0.003349331027954993    7    3    5    4
 -0.04349412129726231    7    3    5    5
 7.146919542958795e-05    7    3    6    1
 0.01612497371412688    7    3    6    2
 0.01602045534512313    7    3    6    3
 0.0090165550545236    7    3    6    4
 0.01760710247168229    7    3    6    5
 -0.0635976265238149    7    3    6    6
 0.01690928609273722    7    3    7    1
 0.02160514635883334    7    3    7    2
 0.06659186619544477    7    3    7    3
 0.06082879024498546    7    4    1    1
 0.01970235676482362    7    4    2    1
 0.04647200290960874    7    4    2    2
 0.02454349407695013    7    4    3    1
 -0.01936849297121554    7    4    3    2
 0.06086958292938555    7    4    3    3
 0.009603814980725503    7    4    4    1
 -0.007591811812859364    7    4    4    2
 0.004631518733075478    7    4    4    3
 0.02497084628202342    7    4    4    4
 0.02357623490771713    7    4    5    1
 -0.008423924081147074    7    4    5    2
 -0.009768344979085361    7    4    5    3
 -0.01090142221866085    7    4    5    4
 0.04312136133447451    7    4    5    5
 0.008260042200897348    7    4    6    1
 -0.01893718182537355    7    4    6    2
 -0.003048836552712145    7    4    6    3
 -0.04305109630395835    7    4    6    4
 -0.03171773752202418    7    4    6    5
 0.03121641712272334    7    4    6    6
 -0.01822439179450186    7    4    7    1
 -0.0172407570473585    7    4    7    2
 -0.02995149767497359    7    4    7    3
 0.06471800592107677    7    4    7    4
 -0.01106326041405084    7    5    1    1
 -0.04831448416291802    7    5    2    1
 -0.007681395236316778    7    5    2    2
 -0.01319106780818854    7    5    3    1
 0.01508155083283405    7    5    3    2
 0.03484833887100072    7    5    3    3
 0.03272060296140367    7    5    4    1
 -0.02298692644721449    7    5    4    2
 -0.007121650487191857    7    5    4    3
 -0.01933290531975236    7    5    4    4
 0.006292710748869906    7    5    5    1
 0.0180538180779492    7    5    5    2
 0.007415239568636797    7    5    5    3
 -0.002045125728048051    7    5    5    4
 -0.01157638234220548    7    5    5    5
 -0.002338652431219546    7    5    6    1
 -0.01481226397091509    7    5    6    2
 0.01088093922814277    7    5    6    3
 -0.02580991144346519    7    5    6    4
 0.008229114312941592    7    5    6    5
 -0.02093595558562833    7    5    6    6
 0.003298693640799533    7    5    7    1
 0.01196806220095564    7    5    7    2
 0.02606239012638715    7    5    7    3
 -0.004789966278718669    7    5    7    4
 0.04640594705139366    7    5    7    5
 0.02432978645739644    7    6    1    1
 0.02055338764740952    7    6    2    1
 0.03896417210333282    7    6    2    2
 -0.002019091814790662    7    6    3    1
 0.006100215603462453    7    6    3    2
 0.02628800683886466    7    6    3    3
 0.03525108682423466    7    6    4    1
 -0.01637732117250832    7    6    4    2
 0.0004380260444273871    7    6    4    3
 -0.03909887082136627    7    6    4    4
 -0.0003481852695199474    7    6    5    1
 -0.01291048817959398    7    6    5    2
 0.009078816747858031    7    6    5    3
 -0.02110932332616046    7    6    5    4
 0.01864658608516163    7    6    5    5
 0.008892973383697966    7    6    6    1
 0.0008793584088978695    7    6    6    2
 -0.007222732053095446    7    6    6    3
 -0.03019438000344401    7    6    6    4
 -0.02682513863862543    7    6    6    5
 -0.01177177217241893    7    6    6    6
 -0.009975240252170248    7    6    7    1
 0.008435819219895004    7    6    7    2
 0.004615044867800993    7    6    7    3
 0.01919421170192444    7    6    7    4
 0.01062354783360328    7    6    7    5
 0.04601675684912346    7    6    7    6
 0.4803378747563322    7    7    1    1
 -0.01310378399520098    7    7    2    1
 0.4462453378673267    7    7    2    2
 0.01579096357644563    7    7    3    1
 0.01234548644917145    7    7    3    2
 0.477622203799334    7    7    3    3
 -0.02458510367311915    7    7    4    1
 -0.008595261394271466    7    7    4    2
 -0.01355805189182207    7    7    4    3
 0.4853023733127616    7    7    4    4
 0.04262018949256377    7    7    5    1
 0.03091186020846111    7    7    5    2
 -0.02197879091852786    7    7    5    3
 -0.006868556204566629    7    7    5    4
 0.4240953466614893    7    7    5    5
 -0.01240794991515992    7    7    6    1
 -0.05426771823238984    7    7    6    2
 -0.009127068266770889    7    7    6    3
 -0.04170857663938723    7    7    6    4
 -0.02700250880666482    7    7    6    5
 0.473570092915194    7    7    6    6
 -0.05565435039617858    7    7    7    1
 -0.03340282538762832    7    7    7    2
 -0.06495563788382247    7    7    7    3
 0.05648344015787462    7    7    7    4
 -0.007073814332992965    7    7    7    5
 0.006444183267229036    7    7    7    6
 0.5411156643735976    7    7    7    7
 0.0502159094259171    8    1    1    1
 -0.01207242573562927    8    1    2    1
 0.04131858380877722    8    1    2    2
 0.0124943416261929    8    1    3    1
 -0.002683930729527333    8    1    3    2
 0.03694505765649137    8    1    3    3
 0.01201753184305878    8    1    4    1
 -3.114879010200059e-06    8    1    4    2
 -0.0003095243933006393    8    1    4    3
 0.04711698305176289    8    1    4    4
 0.008854947238860995    8    1    5    1
 0.009924607455617808    8    1    5    2
 -0.01649551865497927    8    1    5    3
 0.008172011554914099    8    1    5    4
 0.02559659446904563    8    1    5    5
 -0.007949787303705647    8    1    6    1
 -0.02773290432865336    8    1    6    2
 -0.007222604163798335    8    1    6    3
 -0.02586914230103931    8    1    6    4
 -0.01721451176606126    8    1    6    5
 0.06275701311426832    8    1    6    6
 -0.001778319357221193    8    1    7    1
 -0.01687012167793383    8    1    7    2
 -0.03218792419015602    8    1    7    3
 0.02106140464147987    8    1    7    4
 -0.001968488097067069    8    1    7    5
 -0.001447899088398359    8    1    7    6
 0.04508102994729148    8    1    7    7
 0.04621010368507707    8    1    8    1
 -0.04170254124976784    8    2    1    1
 0.003605803996801378    8    2    2    1
 -0.04485671858472425    8    2    2    2
 -0.001606973193427839    8    2    3    1
 0.006783401439688397    8    2    3    2
 -0.01542222730326782    8    2    3    3
 0.007982750985387928    8    2    4    1
 -0.006321601958015303    8    2    4    2
 -0.0004484807159259539    8    2    4    3
 -0.04095864133305643    8    2    4    4
 -0.002589598001010392    8    2    5    1
 0.0005506413640185971    8    2    5    2
 0.02307205288830771    8    2    5    3
 -9.290080702233818e-06    8    2    5    4
 -0.03113560482785403    8    2    5    5
 -0.01532816644008232    8    2    6    1
 0.01996295154398541    8    2    6    2
 0.00611046327764888    8    2    6    3
 0.01120941835600722    8    2    6    4
 0.01494254791602918    8    2    6    5
 -0.05533518338480235    8    2    6    6
 -0.005808788790782612    8    2    7    1
 0.01399496258148321    8    2    7    2
 0.03023215238797557    8    2    7    3
 -0.01899482628738535    8    2    7    4
 0.01391244374384292    8    2    7    5
 0.004078125933661241    8    2    7    6
 -0.02935469588662592    8    2    7    7
 -0.03301259483574717    8    2    8    1
 0.0421722560640737    8    2    8    2
 0.04191151761782257    8    3    1    1
 -0.003175340454500068    8    3    2    1
 0.04062877309051582    8    3    2    2
 -0.03279174138650816    8    3    3    1
 0.03273682814245358    8    3    3    2
 -0.006434098819550716    8    3    3    3
 -0.005009307693159281    8    3    4    1
 -0.0005788736129840076    8    3    4    2
 -0.02449478978909054    8    3    4    3
 0.04091979925982916    8    3    4    4
 -0.001800844182638125    8    3    5    1
 0.02109484365204898    8    3    5    2
 -0.02752806482314046    8    3    5    3
 -0.01652076547640441    8    3    5    4
 0.03574633201466592    8    3    5    5
 -0.005034430382790475    8    3    6    1
 -0.005328852457507857    8    3    6    2
 -0.00981971397993516    8    3    6    3
 -0.01802973894713403    8    3    6    4
 -0.007538590610093092    8    3    6    5
 0.04570909909775775    8    3    6    6
 -0.02458410940297874    8    3    7    1
 0.01587352873259194    8    3    7    2
 -0.0277232566239951    8    3    7    3
 -0.007270440970068299    8    3    7    4
 -0.002027211359881393    8    3    7    5
 0.001631770837879524    8    3    7    6
 0.04849322222610439    8    3    7    7
 0.02701980724419011    8    3    8    1
 -0.02154131815277947    8    3    8    2
 0.08754123752204626    8    3    8    3
 0.04246761361692274    8    4    1    1
 0.00947847729763481    8    4    2    1
 0.02760518791483469    8    4    2    2
 -0.005200113244927132    8    4    3    1
 0.001296772252015684    8    4    3    2
 0.01162026061666548    8    4    3    3
 0.01068719399677465    8    4    4    1
 -0.002002418931618018    8    4    4    2
 0.003740088997642039    8    4    4    3
 0.0365449011258687    8    4    4    4
 0.01700208043278839    8    4    5    1
 0.0009296256219416198    8    4    5    2
 -0.0200737861217739    8    4    5    3
 0.0002850794298279605    8    4    5    4
 0.03256459712336773    8    4    5    5
 -0.01467888491015126    8    4    6    1
 -0.005375588908938146    8    4    6    2
 -0.01135654345722008    8    4    6    3
 -0.01394872051859584    8    4    6    4
 -0.01318108186375423    8    4    6    5
 0.04104168440598054    8    4    6    6
 0.006312314275866649    8    4    7    1
 -0.0140702086507172    8    4    7    2
 -0.0220165945789356    8    4    7    3
 0.01389576617666047    8    4    7    4
 -0.00988856036833205    8    4    7    5
 -0.002691256806377816    8    4    7    6
 0.02447040947850029    8    4    7    7
 0.02927944477776819    8    4    8    1
 -0.02206442333314451    8    4    8    2
 0.02014575220353371    8    4    8    3
 0.03469129527915859    8    4    8    4
 -0.01375559369788786    8    5    1    1
 0.01168401794783371    8    5    2    1
 -0.005418840952558012    8    5    2    2
 -0.03061036791889699    8    5    3    1
 0.02678548818859411    8    5    3    2
 -0.04768757201025588    8    5    3    3
 0.01651926890011669    8    5    4    1
 -0.002881549144108817    8    5    4    2
 -0.01918168252923491    8    5    4    3
 -0.02250956132977831    8    5    4    4
 -0.01380745348888821    8    5    5    1
 -0.002500829369655454    8    5    5    2
 0.0007110936935574509    8    5    5    3
 -0.004859141956181988    8    5    5    4
 -0.00730684692778866    8    5    5    5
 -0.01074636353513577    8    5    6    1
 0.02151808921588776    8    5    6    2
 -0.003458028962240743    8    5    6    3
 -0.0007464241886101774    8    5    6    4
 -0.003252214882184365    8    5    6    5
 -0.01768872252574373    8    5    6    6
 0.0004828523061332843    8    5    7    1
 0.02171228748324852    8    5    7    2
 0.005080784890898403    8    5    7    3
 -0.0183870181480521    8    5    7    4
 0.004498802681839435    8    5    7    5
 0.004649262713923549    8    5    7    6
 -0.01888789680667147    8    5    7    7
 -0.001534707817743285    8    5    8    1
 0.008188953614338284    8    5    8    2
 0.02884684201154772    8    5    8    3
 0.003729273098422676    8    5    8    4
 0.03522060955060008    8    5    8    5
 -0.0226536053100318    8    6    1    1
 -0.03459521200516209    8    6    2    1
 -0.005031119094529112    8    6    2    2
 -0.01393280293777116    8    6    3    1
 0.01074409120084944    8    6    3    2
 -0.01781992168212753    8    6    3    3
 -0.02376258747966401    8    6    4    1
 0.002618150809759156    8    6    4    2
 -0.01235200119012358    8    6    4    3
 0.002143162013352176    8    6    4    4
 -0.01260427298544591    8    6    5    1
 0.01675295608465442    8    6    5    2
 -0.004244202611834513    8    6    5    3
 -0.002727500819013498    8    6    5    4
 -0.01592917670296682    8    6    5    5
 0.02334769350022841    8    6    6    1
 -0.01581771167832058    8    6    6    2
 0.008096211855460066    8    6    6    3
 0.01051335528427905    8    6    6    4
 0.0170490305360384    8    6    6    5
 -0.000163452296277296    8    6    6    6
 -0.003100322644140902    8    6    7    1
 0.00574860704445425    8    6    7    2
 0.004622794019669782    8    6    7    3
 -0.01496629803200415    8    6    7    4
 0.005223817366985961    8    6    7    5
 -0.008887149512630855    8    6    7    6
 -0.005112022858501184    8    6    7    7
 -0.003662750305957535    8    6    8    1
 -0.01150402230887017    8    6    8    2
 0.01461915991627811    8    6    8    3
 -0.01587279290096199    8    6    8    4
 -0.0009690783545053613    8    6    8    5
 0.03887370880346804    8    6    8    6
 0.007655436166860803    8    7    1    1
 -0.02404690778466978    8    7    2    1
 0.0189634805246081    8    7    2    2
 -0.05591858122474194    8    7    3    1
 0.04211679087051722    8    7    3    2
 -0.02538091120674768    8    7    3    3
 0.01795067741246143    8    7    4    1
 -0.01783340374251854    8    7    4    2
 -0.02451234944433565    8    7    4    3
 0.00765287176002829    8    7    4    4
 -0.0004670045409473612    8    7    5    1
 0.01959705723104137    8    7    5    2
 -0.01090723928343755    8    7    5    3
 -0.0158249177369536    8    7    5    4
 0.01403267185487452    8    7    5    5
 -0.00389770933896334    8    7    6    1
 0.002827413657539153    8    7    6    2
 -0.0002281872514095322    8    7    6    3
 -0.01352912595199133    8    7    6    4
 0.00390099213427666    8    7    6    5
 0.003939421903507081    8    7    6    6
 0.003271540665714395    8    7    7    1
 0.01927978591355078    8    7    7    2
 0.01643882125261159    8    7    7    3
 -0.01885892827136382    8    7    7    4
 0.01880218768787729    8    7    7    5
 0.004549279649566523    8    7    7    6
 0.001767931635091841    8    7    7    7
 0.004692136327362465    8    7    8    1
 -0.00473668516804658    8    7    8    2
 0.04405063129146536    8    7    8    3
 0.01189483042476763    8    7    8    4
 0.03285134169027497    8    7    8    5
 0.0149733724931777    8    7    8    6
 0.06496862528554859    8    7    8    7
 0.4536054235536219    8    8    1    1
 -0.06459088916997086    8    8    2    1
 0.4371016239597938    8    8    2    2
 0.05358266744486751    8    8    3    1
 -0.02459391765607606    8    8    3    2
 0.5392423878657464    8    8    3    3
 0.05028224216682868    8    8    4    1
 -0.03749102178513292    8    8    4    2
 0.02260720066326821    8    8    4    3
 0.4246668561765444    8    8    4    4
 0.03963421150327493    8    8    5    1
 0.02667465356120401    8    8    5    2
 0.009909612138834862    8    8    5    3
 0.005130620046497661    8    8    5    4
 0.3880583338162936    8    8    5    5
 -0.006426561599039608    8    8    6    1
 -0.07707025141732893    8    8    6    2
 0.007188715807798909    8    8    6    3
 -0.07763170436301534    8    8    6    4
 -0.03652256887333619    8    8    6    5
 0.4393901281139057    8    8    6    6
 -0.01290707573231623    8    8    7    1
 -0.03702529183280136    8    8    7    2
 -0.006997214331143077    8    8    7    3
 0.06652674777782669    8    8    7    4
 0.03958361798175933    8    8    7    5
 0.0269685795593626    8    8    7    6
 0.4665927316886704    8    8    7    7
 0.05638131699826072    8    8    8    1
 -0.02984883602848072    8    8    8    2
 -0.01390187732718806    8    8    8    3
 0.02526096424394345    8    8    8    4
 -0.05171774911005274    8    8    8    5
 -0.02044408351517667    8    8    8    6
 -0.01741190027917047    8    8    8    7
 0.5883176537348345    8    8    8    8
 -4.256355864416741    1    1  0  0
 0.03101554229224826    2    1  0  0
 -3.685885613651206    2    2  0  0
 -0.02535765247335767    3    1  0  0
 -0.007645645694170367    3    2  0  0
 -3.674786803858323    3    3  0  0
 -0.009469116522949276    4    1  0  0
 0.02740907351429292    4    2  0  0
 -0.008504451435577959    4    3  0  0
 -3.601858560888855    4    4  0  0
 -0.2805264971120441    5    1  0  0
 -0.09626485545852087    5    2  0  0
 0.2007651505605154    5    3  0  0
 0.0428967030759183    5    4  0  0
 -2.743530954749463    5    5  0  0
 0.01018639681282795    6    1  0  0
 0.35414314625477    6    2  0  0
 0.07398833481874811    6    3  0  0
 0.3634940511469215    6    4  0  0
 0.2887523332710979    6    5  0  0
 -2.963249585553786    6    6  0  0
 0.1351286564708635    7    1  0  0
 0.1881200237747533    7    2  0  0
 0.3221707201356393    7    3  0  0
 -0.3445554866283285    7    4  0  0
 0.008877217892387081    7    5  0  0
 -0.09259939315018577    7    6  0  0
 -2.950227158943109    7    7  0  0
 -0.319475925052424    8    1  0  0
 0.259685560814627    8    2  0  0
 -0.2174682758410603    8    3  0  0
 -0.2187298973765028    8    4  0  0
 0.1609057391905268    8    5  0  0
 0.07496769788842104    8    6  0  0
 -0.01939260171257186    8    7  0  0
 -2.864548429468511    8    8  0  0
 0  0  0  0  0
