0 0 1.99996605876457
0 1 -1.728711443791301e-05
0 2 -7.971198907505186e-05
0 3 -1.282934663838425e-06
0 4 2.499940096392384e-05
0 5 -7.477892447221739e-10
0 6 -6.35399076741615e-07
0 7 1.939499334305732e-10
0 8 2.193045157171757e-05
0 9 1.042042778643631e-10
0 10 -8.577551716989823e-05
0 11 -3.361188020981868e-05
0 12 4.560115489013932e-09
0 13 0.0003177148829037165
0 14 -0.0001859138057958545
0 15 1.674256715095166e-05
1 0 -1.728711443791301e-05
1 1 1.987795623969182
1 2 -7.989225306158552e-05
1 3 -0.001961473551467979
1 4 -0.002172365341039061
1 5 -2.780122859290699e-08
1 6 0.001682415436976255
1 7 2.166661731662293e-08
1 8 -0.001246992075053687
1 9 4.486976255280156e-08
1 10 -0.00498755264087939
1 11 -0.002246411898359217
1 12 -5.073075802289294e-08
1 13 -0.0001912314437389023
1 14 0.0007370445747848295
1 15 -0.003176673537235156
2 0 -7.971198907505174e-05
2 1 -7.989225306158555e-05
2 2 1.985070620072027
2 3 0.001300639815550984
2 4 0.0005303060618585176
2 5 -6.631311953078671e-10
2 6 -0.0008010731189282601
2 7 1.497085427398068e-08
2 8 0.002953716906096871
2 9 -2.565432670123587e-08
2 10 0.001585534359617021
2 11 0.002972962606424538
2 12 -7.04310804269464e-08
2 13 -0.003155694628667691
2 14 0.001804536113081822
2 15 0.003891800913200735
3 0 -1.282934663838395e-06
3 1 -0.001961473551467977
3 2 0.001300639815550983
3 3 1.979673497405358
3 4 0.002090317574662503
3 5 2.279377205092416e-08
3 6 -0.001390627523274998
3 7 2.116525000147048e-08
3 8 -0.0003596050855290707
3 9 -1.540708568328566e-08
3 10 0.0005024780175546372
3 11 0.0005270177736660534
3 12 -1.497508277885792e-07
3 13 0.001483009416422982
3 14 0.006693860298079094
3 15 -0.006126234740446587
4 0 2.499940096392378e-05
4 1 -0.002172365341039063
4 2 0.0005303060618585186
4 3 0.002090317574662505
4 4 1.979553161327253
4 5 4.206290045708818e-08
4 6 -0.001442392669678935
4 7 7.753902263506596e-08
4 8 0.008239909204266741
4 9 -5.391229649908764e-08
4 10 0.001038634177744614
4 11 0.008595947803790567
4 12 -6.277746055637024e-08
4 13 0.0009432593827892412
4 14 0.006459810053620398
4 15 0.006723855811645883
5 0 -7.477892447221694e-10
5 1 -2.7801228592907e-08
5 2 -6.631311953079217e-10
5 3 2.279377205092417e-08
5 4 4.206290045708828e-08
5 5 1.97110597237803
5 6 -8.743925767321874e-08
5 7 -0.01913019463004906
5 8 9.029403423843537e-08
5 9 0.005253969841240732
5 10 -2.67054171757865e-08
5 11 1.493999896611319e-07
5 12 -0.003067142501782996
5 13 3.185601485663425e-08
5 14 7.975191859313281e-08
5 15 9.398445224055007e-09
6 0 -6.353990767416692e-07
6 1 0.001682415436976257
6 2 -0.0008010731189282605
6 3 -0.001390627523275003
6 4 -0.001442392669678935
6 5 -8.743925767321871e-08
6 6 1.976050914824201
6 7 -1.754817240276987e-07
6 8 -0.0008752791013396728
6 9 3.420081046255431e-08
6 10 0.0005786250669148508
6 11 -0.004948536104039277
6 12 4.214606513016936e-08
6 13 -0.001707482150684876
6 14 -0.002952894763763814
6 15 0.005700102650898107
7 0 1.939499334305718e-10
7 1 2.166661731662294e-08
7 2 1.497085427398066e-08
7 3 2.116525000147048e-08
7 4 7.753902263506589e-08
7 5 -0.01913019463004904
7 6 -1.754817240276991e-07
7 7 1.896708844719796
7 8 -3.043622304188306e-08
7 9 0.02263036105780471
7 10 3.533544542326398e-08
7 11 1.710238919113963e-08
7 12 -0.002026287068700155
7 13 2.106577875453007e-08
7 14 -6.456526459018442e-08
7 15 1.14881427988631e-08
8 0 2.19304515717176e-05
8 1 -0.001246992075053687
8 2 0.002953716906096873
8 3 -0.0003596050855290713
8 4 0.008239909204266739
8 5 9.029403423843528e-08
8 6 -0.0008752791013396752
8 7 -3.043622304188306e-08
8 8 1.983437659182041
8 9 3.643405548393738e-08
8 10 0.006700743967860154
8 11 0.01884486638866718
8 12 -3.055723338604362e-07
8 13 0.005699996794036164
8 14 0.02367586377685229
8 15 0.0007705657766213197
9 0 1.042042778643632e-10
9 1 4.48697625528016e-08
9 2 -2.565432670123592e-08
9 3 -1.540708568328564e-08
9 4 -5.391229649908751e-08
9 5 0.005253969841240729
9 6 3.420081046255433e-08
9 7 0.02263036105780462
9 8 3.643405548393739e-08
9 9 0.1085975088822388
9 10 9.905919530677618e-08
9 11 3.876733149556858e-08
9 12 -0.007914781025230602
9 13 2.481554792334447e-08
9 14 -1.604534110861522e-07
9 15 -5.836562445107849e-09
10 0 -8.577551716989828e-05
10 1 -0.004987552640879389
10 2 0.001585534359617023
10 3 0.0005024780175546373
10 4 0.001038634177744614
10 5 -2.670541717578648e-08
10 6 0.0005786250669148508
10 7 3.533544542326397e-08
10 8 0.006700743967860141
10 9 9.905919530677595e-08
10 10 0.02404391163986771
10 11 0.002847871213192032
10 12 -1.208387719988037e-07
10 13 0.001300510794173095
10 14 0.004349487845473194
10 15 0.0006917725123285654
11 0 -3.36118802098187e-05
11 1 -0.00224641189835922
11 2 0.002972962606424537
11 3 0.0005270177736660558
11 4 0.008595947803790572
11 5 1.493999896611319e-07
11 6 -0.004948536104039289
11 7 1.710238919113964e-08
11 8 0.01884486638866718
11 9 3.876733149556866e-08
11 10 0.002847871213192026
11 11 0.02607212687727464
11 12 4.597677805632363e-09
11 13 8.20650909728908e-05
11 14 0.001348036982337956
11 15 0.001718184560026033
12 0 4.560115489013934e-09
12 1 -5.073075802289293e-08
12 2 -7.043108042694636e-08
12 3 -1.49750827788579e-07
12 4 -6.277746055637024e-08
12 5 -0.003067142501782987
12 6 4.214606513016937e-08
12 7 -0.00202628706870015
12 8 -3.055723338604359e-07
12 9 -0.007914781025230612
12 10 -1.208387719988036e-07
12 11 4.597677805632204e-09
12 12 0.02303532405873013
12 13 -1.101024957123091e-08
12 14 3.940743203756847e-08
12 15 -2.568602583579902e-08
13 0 0.0003177148829037162
13 1 -0.0001912314437389015
13 2 -0.003155694628667693
13 3 0.001483009416422982
13 4 0.0009432593827892392
13 5 3.185601485663428e-08
13 6 -0.001707482150684875
13 7 2.106577875453004e-08
13 8 0.005699996794036176
13 9 2.481554792334451e-08
13 10 0.001300510794173091
13 11 8.2065090972886e-05
13 12 -1.101024957123094e-08
13 13 0.01983378451108491
13 14 -0.0002867900668266267
13 15 5.345117132592766e-06
14 0 -0.0001859138057958544
14 1 0.0007370445747848296
14 2 0.001804536113081819
14 3 0.00669386029807909
14 4 0.006459810053620412
14 5 7.975191859313281e-08
14 6 -0.002952894763763812
14 7 -6.45652645901845e-08
14 8 0.0236758637768523
14 9 -1.604534110861523e-07
14 10 0.004349487845473194
14 11 0.001348036982337959
14 12 3.940743203756855e-08
14 13 -0.0002867900668266291
14 14 0.01989522711997222
14 15 0.001343244756596195
15 0 1.674256715095165e-05
15 1 -0.003176673537235156
15 2 0.003891800913200735
15 3 -0.006126234740446591
15 4 0.006723855811645882
15 5 9.398445224055022e-09
15 6 0.005700102650898104
15 7 1.148814279886311e-08
15 8 0.0007705657766213213
15 9 -5.836562445107916e-09
15 10 0.0006917725123285628
15 11 0.001718184560026027
15 12 -2.568602583579911e-08
15 13 5.345117132593444e-06
15 14 0.001343244756596192
15 15 0.01915976426822212
