 &FCI NORB=   8,NELEC= 8,MS2=0,
  ORBSYM=1,1,1,1,1,1,1,1
  ISYM=1,
 &END
 0.5078997656504812    1    1    1    1
 0.005801234030593751    2    1    1    1
 0.1155653601395612    2    1    2    1
 0.4910082532988037    2    2    1    1
 0.02982478629621666    2    2    2    1
 0.524056733489307    2    2    2    2
 0.01329570394968091    3    1    1    1
 -0.007746286709688693    3    1    2    1
 0.01050578933225309    3    1    2    2
 0.1021023258048662    3    1    3    1
 -0.007052564855641023    3    2    1    1
 0.009209304945942711    3    2    2    1
 -0.006785905461847445    3    2    2    2
 -0.04961099451877903    3    2    3    1
 0.04915721742084269    3    2    3    2
 0.4795436243233079    3    3    1    1
 -0.04950365794949339    3    3    2    1
 0.4532227277736332    3    3    2    2
 -0.03021558154926971    3    3    3    1
 0.01570935786637423    3    3    3    2
 0.5467782216439224    3    3    3    3
 -0.006868803499591025    4    1    1    1
 -0.002273552368664913    4    1    2    1
 -0.03929285374573962    4    1    2    2
 -0.004024653631090312    4    1    3    1
 0.002585593196523012    4    1    3    2
 -0.02831644459333648    4    1    3    3
 0.1021787647769349    4    1    4    1
 -0.003810553605371932    4    2    1    1
 -0.03748068404848316    4    2    2    1
 -0.02191380720184079    4    2    2    2
 0.00246598189363096    4    2    3    1
 -0.004262022629752364    4    2    3    2
 0.01721209190594135    4    2    3    3
 0.01178060594965473    4    2    4    1
 0.03152298215966095    4    2    4    2
 -0.003836525209604217    4    3    1    1
 0.002515977964965224    4    3    2    1
 -0.004314643113921908    4    3    2    2
 -0.02567122420502405    4    3    3    1
 0.01833050632203538    4    3    3    2
 0.0101311016601004    4    3    3    3
 -0.0008941259827279736    4    3    4    1
 -0.00109771765965473    4    3    4    2
 0.02164409039847999    4    3    4    3
 0.4671544802019343    4    4    1    1
 0.013866842323213    4    4    2    1
 0.4216756795363055    4    4    2    2
 0.0001171985133394451    4    4    3    1
 -0.0006852419370095957    4    4    3    2
 0.4116146571052631    4    4    3    3
 0.06110162341619193    4    4    4    1
 0.002782787807748346    4    4    4    2
 -0.002132067870511113    4    4    4    3
 0.5189952202437433    4    4    4    4
 0.02544441254847894    5    1    1    1
 0.001040380193894905    5    1    2    1
 0.03108648954923145    5    1    2    2
 0.002136154436721911    5    1    3    1
 -0.0002270769433955609    5    1    3    2
 0.02577531751950829    5    1    3    3
 0.02547311727182385    5    1    4    1
 -0.005439473563916388    5    1    4    2
 -0.00195064313047192    5    1    4    3
 0.003544384579898099    5    1    4    4
 0.05140930792245429    5    1    5    1
 6.69091295392407e-05    5    2    1    1
 0.02922536097316252    5    2    2    1
 0.01286562526957043    5    2    2    2
 4.618503457088662e-05    5    2    3    1
 0.001172857349614472    5    2    3    2
 -0.01054939142093171    5    2    3    3
 -0.01336360252588373    5    2    4    1
 -0.001439795938173896    5    2    4    2
 0.0001187182374278082    5    2    4    3
 -0.008387999458608382    5    2    4    4
 -0.0009533330229411371    5    2    5    1
 0.02088244703917599    5    2    5    2
 0.002606239331796515    5    3    1    1
 0.0001796378863701912    5    3    2    1
 0.002660785195897058    5    3    2    2
 0.01769504613104735    5    3    3    1
 -0.00803879195218056    5    3    3    2
 -0.005047071738501679    5    3    3    3
 -0.003841083435919051    5    3    4    1
 -0.0004535486957566361    5    3    4    2
 0.006960480077500878    5    3    4    3
 -0.001587520970363454    5    3    4    4
 -0.0008572149429286177    5    3    5    1
 0.0006956136740464484    5    3    5    2
 0.01512045686892533    5    3    5    3
 0.09014458958155054    5    4    1    1
 -0.01368975825516043    5    4    2    1
 0.08808958967439165    5    4    2    2
 -0.001274367414100694    5    4    3    1
 -0.0002888633192608027    5    4    3    2
 0.0972611989732064    5    4    3    3
 -0.05067601082850023    5    4    4    1
 -0.005203877853325198    5    4    4    2
 0.0006678431373100959    5    4    4    3
 0.01987865324413171    5    4    4    4
 0.03242470130576271    5    4    5    1
 0.003199458688992507    5    4    5    2
 0.001583217310206158    5    4    5    3
 0.1335904888582106    5    4    5    4
 0.4823658635497877    5    5    1    1
 0.005926717899061696    5    5    2    1
 0.4284545273548772    5    5    2    2
 -0.0003877783669585223    5    5    3    1
 0.0001901935376242172    5    5    3    2
 0.4242395115144717    5    5    3    3
 0.07527299746589514    5    5    4    1
 0.006160930641613528    5    5    4    2
 -0.001026605608847638    5    5    4    3
 0.5393813992432629    5    5    4    4
 0.007704624713283509    5    5    5    1
 -0.01507073067183155    5    5    5    2
 -0.001617857501948406    5    5    5    3
 0.01836800580440225    5    5    5    4
 0.5931480229647292    5    5    5    5
 -0.03636150877343779    6    1    1    1
 -0.007899643297820721    6    1    2    1
 -0.01554185858876835    6    1    2    2
 -0.02085462198081589    6    1    3    1
 -0.01283890032207633    6    1    3    2
 -0.03131949249049181    6    1    3    3
 0.0002537414245557953    6    1    4    1
 -0.002746537116435009    6    1    4    2
 -0.007677501837617308    6    1    4    3
 -0.02490694746471249    6    1    4    4
 -0.002690557501952376    6    1    5    1
 -0.0007746867799050125    6    1    5    2
 -0.008451021422484665    6    1    5    3
 -0.02337363729703337    6    1    5    4
 -0.03192715469099575    6    1    5    5
 0.05500498185125662    6    1    6    1
 -0.02288249255008771    6    2    1    1
 0.02975456059271682    6    2    2    1
 -0.005529949642910897    6    2    2    2
 -0.03638838809306762    6    2    3    1
 0.02050858908021653    6    2    3    2
 -0.01749387316997704    6    2    3    3
 -0.008104082216318965    6    2    4    1
 -0.01826238959098355    6    2    4    2
 0.01438987244063217    6    2    4    3
 -0.01548568995385088    6    2    4    4
 -0.003110631271935439    6    2    5    1
 0.009861499961967553    6    2    5    2
 -0.00380091192523188    6    2    5    3
 -0.0131574060927385    6    2    5    4
 -0.02223864488667417    6    2    5    5
 0.007485544761354182    6    2    6    1
 0.05116183342475352    6    2    6    2
 -0.06934277558428975    6    3    1    1
 -0.03720924555564739    6    3    2    1
 -0.04832042603255897    6    3    2    2
 -0.0186761667740631    6    3    3    1
 0.002865248776721905    6    3    3    2
 -0.02106869225187823    6    3    3    3
 -0.02099606800415504    6    3    4    1
 0.01488351188096289    6    3    4    2
 0.006164704168167062    6    3    4    3
 -0.06797187969211786    6    3    4    4
 -0.0155931919953597    6    3    5    1
 -0.003429928928155892    6    3    5    2
 -0.002378889624012955    6    3    5    3
 -0.02724565191067624    6    3    5    4
 -0.08562130488881839    6    3    5    5
 0.03179645688398259    6    3    6    1
 0.006994834939568166    6    3    6    2
 0.08820283027925419    6    3    6    3
 0.006249641860616545    6    4    1    1
 -0.00888075106413156    6    4    2    1
 -0.007745180028227151    6    4    2    2
 -0.02160144463732625    6    4    3    1
 0.01493799597583059    6    4    3    2
 0.01782957598465097    6    4    3    3
 0.004263418692985057    6    4    4    1
 0.003905528712345759    6    4    4    2
 -0.0008037303716792272    6    4    4    3
 0.01868056790166448    6    4    4    4
 -0.01146897299715924    6    4    5    1
 -0.007280787735366438    6    4    5    2
 -0.01055037167388692    6    4    5    3
 -0.002391807535165996    6    4    5    4
 0.02408183206728746    6    4    5    5
 -0.006327072613333272    6    4    6    1
 0.002292999217297932    6    4    6    2
 -0.002679741497123717    6    4    6    3
 0.02404816894637799    6    4    6    4
 0.004645981896974885    6    5    1    1
 0.001914789776057111    6    5    2    1
 0.01678062901309963    6    5    2    2
 -0.01033454865631619    6    5    3    1
 0.0003262233293778222    6    5    3    2
 0.008239440789572398    6    5    3    3
 -0.02698650731127166    6    5    4    1
 -0.008108715520018562    6    5    4    2
 -0.006821184380912989    6    5    4    3
 -0.01153495104773432    6    5    4    4
 -0.004582273909139831    6    5    5    1
 0.001901226874102585    6    5    5    2
 -0.01000345427050136    6    5    5    3
 0.02041238974201323    6    5    5    4
 -0.01776843962317939    6    5    5    5
 0.01304728230176018    6    5    6    1
 0.005876807767384504    6    5    6    2
 0.005129125297715792    6    5    6    3
 0.005563388642918421    6    5    6    4
 0.02281967921848628    6    5    6    5
 0.4800709077401261    6    6    1    1
 0.00108157450823768    6    6    2    1
 0.4668973812098455    6    6    2    2
 0.03672877784550905    6    6    3    1
 -0.008462552623754309    6    6    3    2
 0.4759543358856523    6    6    3    3
 -0.02071015880011866    6    6    4    1
 -0.0005822323802675521    6    6    4    2
 -0.007256472116043547    6    6    4    3
 0.4193328792450479    6    6    4    4
 0.03110959069871529    6    6    5    1
 0.002656678459921264    6    6    5    2
 0.006467676110532189    6    6    5    3
 0.08877486350029788    6    6    5    4
 0.4351509838625652    6    6    5    5
 -0.04993540860259614    6    6    6    1
 -0.03185973095473116    6    6    6    2
 -0.05908265289813442    6    6    6    3
 -0.0009629084002749629    6    6    6    4
 0.001069504930354704    6    6    6    5
 0.5033346754218395    6    6    6    6
 -0.02361388526693894    7    1    1    1
 -0.01508604560536834    7    1    2    1
 -0.007678375457955049    7    1    2    2
 0.006925239845114066    7    1    3    1
 0.01076633868778072    7    1    3    2
 -0.03123778573115441    7    1    3    3
 -0.0002186876075770917    7    1    4    1
 -0.01207180238822722    7    1    4    2
 0.003814965095993621    7    1    4    3
 -0.01547758731993281    7    1    4    4
 -0.0007445032313459138    7    1    5    1
 -0.005469246110636543    7    1    5    2
 0.003208221458124025    7    1    5    3
 -0.01825872838408443    7    1    5    4
 -0.0167937720460595    7    1    5    5
 0.003007003244950006    7    1    6    1
 0.02237760233078366    7    1    6    2
 0.00704036527221153    7    1    6    3
 -0.002994231447407243    7    1    6    4
 0.0003535824869016147    7    1    6    5
 -0.02485439423979987    7    1    6    6
 0.05189047969345004    7    1    7    1
 -0.06768302162163226    7    2    1    1
 0.02764693659596501    7    2    2    1
 -0.03553645273767068    7    2    2    2
 0.0249819167566846    7    2    3    1
 -0.01112970871550395    7    2    3    2
 -0.07284946457312767    7    2    3    3
 -0.02889025045718452    7    2    4    1
 -0.02002524120821234    7    2    4    2
 -0.009118372592649811    7    2    4    3
 -0.06403680845706826    7    2    4    4
 -0.01394085518023643    7    2    5    1
 0.01528274141586798    7    2    5    2
 0.004030168152660905    7    2    5    3
 -0.03960963648902028    7    2    5    4
 -0.08761598223633812    7    2    5    5
 0.03051674622761764    7    2    6    1
 0.02345377434323107    7    2    6    2
 0.03434960534316116    7    2    6    3
 -0.02249222515999611    7    2    6    4
 0.009893323288047899    7    2    6    5
 -0.0443578902783294    7    2    6    6
 0.02816231389194437    7    2    7    1
 0.1038677083358361    7    2    7    2
 0.03228387907020246    7    3    1    1
 0.0282614723042529    7    3    2    1
 0.02541920167647076    7    3    2    2
 -0.02844369772629793    7    3    3    1
 0.006342222494084393    7    3    3    2
 0.02145930285903844    7    3    3    3
 0.009554187696454426    7    3    4    1
 -0.0110730037836113    7    3    4    2
 0.007644109309442457    7    3    4    3
 0.03495334497193559    7    3    4    4
 0.00712236069064451    7    3    5    1
 0.003804869138168287    7    3    5    2
 -0.003453961039915076    7    3    5    3
 0.01461396759324447    7    3    5    4
 0.04331682672409436    7    3    5    5
 -0.003881891403499269    7    3    6    1
 0.01860500667643309    7    3    6    2
 -0.03570051620229783    7    3    6    3
 0.006854408133397102    7    3    6    4
 0.002099652431826957    7    3    6    5
 0.01187854523372815    7    3    6    6
 -0.009287096280178177    7    3    7    1
 -0.02595070183302057    7    3    7    2
 0.04040019697368889    7    3    7    3
 -0.0001523698406840456    7    4    1    1
 -0.0302410699573759    7    4    2    1
 -0.0185961494060335    7    4    2    2
 0.009715176510546021    7    4    3    1
 -0.009432131888505602    7    4    3    2
 0.008889229336417078    7    4    3    3
 0.008404351015973711    7    4    4    1
 0.008555482594478039    7    4    4    2
 0.0001461881320146034    7    4    4    3
 0.01028255473361659    7    4    4    4
 -0.01080021832357795    7    4    5    1
 -0.0174718911400213    7    4    5    2
 0.004329514490369854    7    4    5    3
 -0.008400980235668744    7    4    5    4
 0.01760478410254702    7    4    5    5
 -0.002041445879259661    7    4    6    1
 -0.02026101963452283    7    4    6    2
 0.005840572536033766    7    4    6    3
 0.005460554775775068    7    4    6    4
 -0.006553042921361822    7    4    6    5
 -0.0007248841549420788    7    4    6    6
 -0.006027179887038565    7    4    7    1
 -0.01703811500520576    7    4    7    2
 -0.008381214166111683    7    4    7    3
 0.02693192450123122    7    4    7    4
 0.004285373322903401    7    5    1    1
 -0.005140266774838805    7    5    2    1
 0.01911739726843564    7    5    2    2
 0.005729671290838088    7    5    3    1
 0.0005826390415288836    7    5    3    2
 0.005085946920938327    7    5    3    3
 -0.02767784650168875    7    5    4    1
 -0.01657454542520035    7    5    4    2
 0.0040616907004425    7    5    4    3
 -0.01794788500677338    7    5    4    4
 0.001609104317130802    7    5    5    1
 -0.005575091184283376    7    5    5    2
 0.006263248986471291    7    5    5    3
 0.02209529354627022    7    5    5    4
 -0.02329609613138027    7    5    5    5
 0.0003241767545375879    7    5    6    1
 0.008775089462336159    7    5    6    2
 0.003209449883484068    7    5    6    3
 -0.006188221936581793    7    5    6    4
 0.00845670826331555    7    5    6    5
 0.007059430578350086    7    5    6    6
 0.0196651779112968    7    5    7    1
 0.01542214997997901    7    5    7    2
 -0.003087358725198211    7    5    7    3
 0.00187750037430485    7    5    7    4
 0.02843551340235747    7    5    7    5
 -0.002828568493178592    7    6    1    1
 0.05910773377079148    7    6    2    1
 0.02155122892038207    7    6    2    2
 -0.0056079427269221    7    6    3    1
 0.01962155338437512    7    6    3    2
 -0.04310369700304423    7    6    3    3
 -0.003575036096872561    7    6    4    1
 -0.0286423502464942    7    6    4    2
 0.005400034324381957    7    6    4    3
 0.004507547090198121    7    6    4    4
 0.0002821946887746763    7    6    5    1
 0.01579848062010617    7    6    5    2
 0.001022530326528262    7    6    5    3
 -0.01083887933417984    7    6    5    4
 0.001438906764756941    7    6    5    5
 -0.007441860701209578    7    6    6    1
 0.02796956286805814    7    6    6    2
 -0.02327885300798392    7    6    6    3
 -0.004573680672019542    7    6    6    4
 0.002656540206739192    7    6    6    5
 -0.009688979154359317    7    6    6    6
 0.02140272796246217    7    6    7    1
 0.02462739701902103    7    6    7    2
 0.01087182715688247    7    6    7    3
 -0.02390805724454398    7    6    7    4
 0.009310509958229145    7    6    7    5
 0.06007710588421031    7    6    7    6
 0.4972735156209709    7    7    1    1
 0.05477069370471588    7    7    2    1
 0.5226576727170017    7    7    2    2
 -0.001854536959582764    7    7    3    1
 -0.01441953991844816    7    7    3    2
 0.4517744762024539    7    7    3    3
 -0.02384373858240242    7    7    4    1
 -0.02793673302243268    7    7    4    2
 -0.006050874446113496    7    7    4    3
 0.4397309790068807    7    7    4    4
 0.03933119151671707    7    7    5    1
 0.01795617417656817    7    7    5    2
 -0.0006070764725117589    7    7    5    3
 0.09190698445058065    7    7    5    4
 0.4553445178090445    7    7    5    5
 -0.006759739849444566    7    7    6    1
 0.002717814479156587    7    7    6    2
 -0.06874484172151597    7    7    6    3
 -0.009708951008594568    7    7    6    4
 0.01842694702938688    7    7    6    5
 0.4736292222957575    7    7    6    6
 -0.02618108502613604    7    7    7    1
 -0.04050812219549238    7    7    7    2
 0.05039100617364328    7    7    7    3
 -0.02506905232947364    7    7    7    4
 0.01158689256819505    7    7    7    5
 0.024827654330857    7    7    7    6
 0.5703328261624455    7    7    7    7
 0.0688767232269778    8    1    1    1
 -0.009081170292020916    8    1    2    1
 0.05570723819398939    8    1    2    2
 -0.01023982729164717    8    1    3    1
 0.00110325412667385    8    1    3    2
 0.04833484469882159    8    1    3    3
 -0.006125808453787926    8    1    4    1
 -0.00314019341349262    8    1    4    2
 0.0003745681758988374    8    1    4    3
 0.05829205612440135    8    1    4    4
 0.002560545150285325    8    1    5    1
 -0.005726040740874374    8    1    5    2
 -0.001694169420092237    8    1    5    3
 0.05086752643582459    8    1    5    4
 0.07332612371734074    8    1    5    5
 -0.009849992904140206    8    1    6    1
 -0.007840416559051745    8    1    6    2
 -0.04580576058671731    8    1    6    3
 0.01041772926009103    8    1    6    4
 0.008824020309004333    8    1    6    5
 0.04307851797619476    8    1    6    6
 -0.003301267124066336    8    1    7    1
 -0.04778090853332081    8    1    7    2
 0.02694632659679887    8    1    7    3
 0.003519526608520002    8    1    7    4
 0.006270540571228618    8    1    7    5
 0.0003890470972902582    8    1    7    6
 0.06474178272367763    8    1    7    7
 0.0587519754494233    8    1    8    1
 -0.03543819011709759    8    2    1    1
 -0.004176485280708031    8    2    2    1
 -0.04119418210067475    8    2    2    2
 -0.003708235658607067    8    2    3    1
 -0.003146613496049694    8    2    3    2
 0.0004686728083192181    8    2    3    3
 -0.008313434780016253    8    2    4    1
 0.009680610190472196    8    2    4    2
 0.001983483613784407    8    2    4    3
 -0.03610560445755945    8    2    4    4
 -0.00881470619228442    8    2    5    1
 -0.001360198686297916    8    2    5    2
 -0.000718321266221479    8    2    5    3
 -0.0140093606040272    8    2    5    4
 -0.04741186474152362    8    2    5    5
 0.002293009331572273    8    2    6    1
 -0.004245762278513003    8    2    6    2
 0.03947209655453983    8    2    6    3
 0.0008324872938094885    8    2    6    4
 -0.002667192298631816    8    2    6    5
 -0.01485015908055283    8    2    6    6
 -0.02334077014274315    8    2    7    1
 0.01376890694064844    8    2    7    2
 -0.0159482384060517    8    2    7    3
 0.008522104467142366    8    2    7    4
 -0.008000740957414553    8    2    7    5
 -0.0238560185301085    8    2    7    6
 -0.04284995865730831    8    2    7    7
 -0.03602160691726276    8    2    8    1
 0.04676426709032653    8    2    8    2
 -0.03411585478814929    8    3    1    1
 -0.003098313069783956    8    3    2    1
 -0.0320010507471626    8    3    2    2
 -0.03235185282476132    8    3    3    1
 0.0365381232491491    8    3    3    2
 0.002084313743285161    8    3    3    3
 -0.001893606275083896    8    3    4    1
 0.001806074167222905    8    3    4    2
 0.0195899950453543    8    3    4    3
 -0.02863333801687369    8    3    4    4
 -0.004705451527402191    8    3    5    1
 -0.0005921384683880115    8    3    5    2
 -0.004794336422835511    8    3    5    3
 -0.01437832394092725    8    3    5    4
 -0.03490789866939683    8    3    5    5
 -0.02388227435740864    8    3    6    1
 0.03395146477615629    8    3    6    2
 0.03181326848378115    8    3    6    3
 0.01549275595853876    8    3    6    4
 -0.005741835074072273    8    3    6    5
 -0.02384290947634915    8    3    6    6
 0.0197558208950765    8    3    7    1
 -0.003635425355836939    8    3    7    2
 -0.002320358102624677    8    3    7    3
 -0.007381456807887104    8    3    7    4
 0.002151940167190142    8    3    7    5
 0.01007474230124419    8    3    7    6
 -0.05018005681434167    8    3    7    7
 -0.02496665710363668    8    3    8    1
 0.01842533193042167    8    3    8    2
 0.07868754931986201    8    3    8    3
 -0.01919982532341126    8    4    1    1
 -0.00878273740396268    8    4    2    1
 -0.009791416780215405    8    4    2    2
 -0.002464986760338013    8    4    3    1
 0.001833739758439859    8    4    3    2
 0.0003511391401182156    8    4    3    3
 0.01179013049679461    8    4    4    1
 -0.001989380422140812    8    4    4    2
 -0.002311243091301106    8    4    4    3
 -0.02873058632073311    8    4    4    4
 0.026301299568269    8    4    5    1
 -0.003757822852111318    8    4    5    2
 -0.004246874481061326    8    4    5    3
 -0.0001739452731267211    8    4    5    4
 -0.03507192951777289    8    4    5    5
 0.009682417768391028    8    4    6    1
 0.00271120839761644    8    4    6    2
 0.01995358705653054    8    4    6    3
 -0.006222159088632793    8    4    6    4
 0.0002468565517397657    8    4    6    5
 -0.00585783387936493    8    4    6    6
 0.004858823053194359    8    4    7    1
 0.01252934124038805    8    4    7    2
 -0.009714413966749005    8    4    7    3
 -0.004296168867651963    8    4    7    4
 0.002740091426922233    8    4    7    5
 -0.00629572340004393    8    4    7    6
 -0.01085974156887829    8    4    7    7
 -0.02179033522783307    8    4    8    1
 0.01169742606434192    8    4    8    2
 0.01081040553890102    8    4    8    3
 0.02904913734263911    8    4    8    4
 -0.01173745693449751    8    5    1    1
 -0.008499228362613171    8    5    2    1
 -0.02252700873326513    8    5    2    2
 -0.002802423599015398    8    5    3    1
 0.0001026593448828564    8    5    3    2
 -0.01758345025863527    8    5    3    3
 0.05607701779021387    8    5    4    1
 0.002088618261415051    8    5    4    2
 -0.004736518044111384    8    5    4    3
 0.02028555524664334    8    5    4    4
 0.02065558019036642    8    5    5    1
 -0.0134998123376697    8    5    5    2
 -0.006228935308886455    8    5    5    3
 -0.03454432600360993    8    5    5    4
 0.0316959347810986    8    5    5    5
 0.00902617166528346    8    5    6    1
 -0.00434939383417095    8    5    6    2
 -0.007190176529186043    8    5    6    3
 0.003397584416253696    8    5    6    4
 -0.01207121667043387    8    5    6    5
 -0.01737764540670172    8    5    6    6
 0.006225616513820781    8    5    7    1
 -0.01206845708404159    8    5    7    2
 0.002688140228062237    8    5    7    3
 0.006339993362313017    8    5    7    4
 -0.01189819122660738    8    5    7    5
 -0.00415243695804828    8    5    7    6
 -0.01617963848801723    8    5    7    7
 -0.006802348285397254    8    5    8    1
 -0.005841209600890959    8    5    8    2
 -0.002317574869047483    8    5    8    3
 0.01690370734843164    8    5    8    4
 0.0439266744872347    8    5    8    5
 0.003849975361641326    8    6    1    1
 -0.007797371877685416    8    6    2    1
 -0.003954785802095022    8    6    2    2
 -0.07358568769713848    8    6    3    1
 0.05073827956088001    8    6    3    2
 0.0509175174088425    8    6    3    3
 0.01176031491917387    8    6    4    1
 0.003864064886590789    8    6    4    2
 0.02585053119367402    8    6    4    3
 0.006176188489149405    8    6    4    4
 0.009399734417301292    8    6    5    1
 -0.005035873406530579    8    6    5    2
 -0.011923300074379    8    6    5    3
 0.009509276608211324    8    6    5    4
 0.01031236777850123    8    6    5    5
 -0.009397433522400696    8    6    6    1
 0.02661941381486652    8    6    6    2
 0.01001712782844061    8    6    6    3
 0.02145709449095803    8    6    6    4
 -0.001274413491164193    8    6    6    5
 -0.005260677731107647    8    6    6    6
 0.000715120646801459    8    6    7    1
 -0.03920737053681794    8    6    7    2
 0.01965937466733408    8    6    7    3
 -0.005966269001714721    8    6    7    4
 -0.004149058541851126    8    6    7    5
 0.002032620619914607    8    6    7    6
 -0.006483983188828548    8    6    7    7
 0.006761957605333885    8    6    8    1
 0.00387431647900544    8    6    8    2
 0.05010030767644444    8    6    8    3
 0.008831955747261632    8    6    8    4
 0.007175720529542569    8    6    8    5
 0.08304280056805752    8    6    8    6
 0.01001154021524202    8    7    1    1
 -0.06013215505229796    8    7    2    1
 0.00260633021956665    8    7    2    2
 0.04192109242372603    8    7    3    1
 -0.02457787371361266    8    7    3    2
 0.01360669590746091    8    7    3    3
 0.004065881025356619    8    7    4    1
 0.02038643731202534    8    7    4    2
 -0.01335967441937261    8    7    4    3
 -0.001297366879967504    8    7    4    4
 0.006586199945759423    8    7    5    1
 -0.01497254814674267    8    7    5    2
 0.005584619728608627    8    7    5    3
 0.0103112289370824    8    7    5    4
 0.003271598471601245    8    7    5    5
 0.0007584765707951459    8    7    6    1
 -0.03745689313427675    8    7    6    2
 0.01141796690297906    8    7    6    3
 -0.006006565139799716    8    7    6    4
 -0.00446889267566702    8    7    6    5
 0.01754299049520795    8    7    6    6
 0.008138847670231762    8    7    7    1
 -0.01251275972221813    8    7    7    2
 -0.0283408881474458    8    7    7    3
 0.01888466033791458    8    7    7    4
 0.002545219919414659    8    7    7    5
 -0.03312487125836695    8    7    7    6
 -0.01724727944981498    8    7    7    7
 0.004903455756402894    8    7    8    1
 -0.006220857847480671    8    7    8    2
 -0.01977253454694117    8    7    8    3
 0.005472176101872025    8    7    8    4
 0.007643315707802995    8    7    8    5
 -0.02861200885484931    8    7    8    6
 0.05868079642572087    8    7    8    7
 0.4653752702886451    8    8    1    1
 -0.06297893871758159    8    8    2    1
 0.4527960999798011    8    8    2    2
 -0.04483102906168149    8    8    3    1
 0.02524043671230232    8    8    3    2
 0.5224370590272116    8    8    3    3
 -0.03926192103139809    8    8    4    1
 0.01791288008259912    8    8    4    2
 0.01523552122158869    8    8    4    3
 0.4088394279937975    8    8    4    4
 0.01176008138421921    8    8    5    1
 -0.0128948014428072    8    8    5    2
 -0.006607172779460181    8    8    5    3
 0.1039569836208528    8    8    5    4
 0.4274841773470257    8    8    5    5
 -0.02153928510620188    8    8    6    1
 -0.01152822770189878    8    8    6    2
 -0.0009645088849404831    8    8    6    3
 0.02391354262143448    8    8    6    4
 0.01574583903728689    8    8    6    5
 0.4557193685740273    8    8    6    6
 -0.01403024128868717    8    8    7    1
 -0.07963683823345197    8    8    7    2
 0.01499428739824808    8    8    7    3
 0.009598696127729704    8    8    7    4
 0.01320160043982608    8    8    7    5
 -0.0377956363286382    8    8    7    6
 0.4468414708354012    8    8    7    7
 0.06280710057135197    8    8    8    1
 -0.01317287476787071    8    8    8    2
 0.01135711749760348    8    8    8    3
 -0.008719347149177086    8    8    8    4
 -0.02722593156492109    8    8    8    5
 0.06277324435705937    8    8    8    6
 0.02104930648924902    8    8    8    7
 0.55588996585898    8    8    8    8
 -4.160646257582735    1    1  0  0
 -0.00218277764337375    2    1  0  0
 -3.64780551086568    2    2  0  0
 0.003989080871618316    3    1  0  0
 -0.002291843188569269    3    2  0  0
 -3.645974325980982    3    3  0  0
 0.01783386850804475    4    1  0  0
 0.008384896746324018    4    2  0  0
 1.662659662027472e-05    4    3  0  0
 -3.507625427853462    4    4  0  0
 -0.1500123899791802    5    1  0  0
 0.01267305326744119    5    2  0  0
 0.001664911308030019    5    3  0  0
 -0.5398755607700433    5    4  0  0
 -2.955014987521366    5    5  0  0
 0.1952399166096863    6    1  0  0
 0.1161252074571616    6    2  0  0
 0.3911890942624351    6    3  0  0
 -0.06319259192274519    6    4  0  0
 -0.03386195600298857    6    5  0  0
 -2.842171768220926    6    6  0  0
 0.1400089698084698    7    1  0  0
 0.4444866989846011    7    2  0  0
 -0.2108304258378136    7    3  0  0
 -0.003163808128062167    7    4  0  0
 -0.01839836810206945    7    5  0  0
 0.03596779513294392    7    6  0  0
 -2.917947026099549    7    7  0  0
 -0.4182832054727959    8    1  0  0
 0.2088120007082514    8    2  0  0
 0.1717185046317616    8    3  0  0
 0.1091555955280884    8    4  0  0
 0.05935678612753415    8    5  0  0
 -0.1024824367025814    8    6  0  0
 -0.04600328607829852    8    7  0  0
 -2.800861739796429    8    8  0  0
 0  0  0  0  0
