 &FCI NORB=   8,NELEC= 8,MS2=0,
  ORBSYM=1,1,1,1,1,1,1,1
  ISYM=1,
 &END
 0.5077518579186014    1    1    1    1
 -0.01649137838075083    2    1    1    1
 0.1002930127793391    2    1    2    1
 0.4746656967626633    2    2    1    1
 0.03476064063269574    2    2    2    1
 0.549086293536819    2    2    2    2
 0.003060182188779257    3    1    1    1
 0.01067837444602171    3    1    2    1
 -0.05545384343620002    3    1    2    2
 0.1095354048225479    3    1    3    1
 0.01017436063216271    3    2    1    1
 -0.05571985936198829    3    2    2    1
 -0.02010536661385065    3    2    2    2
 -0.01206543371885799    3    2    3    1
 0.05732230301923382    3    2    3    2
 0.4795671234418175    3    3    1    1
 -0.01425493447498395    3    3    2    1
 0.4523543369088821    3    3    2    2
 -0.006847660071552415    3    3    3    1
 0.01135401168116484    3    3    3    2
 0.4820119128402188    3    3    3    3
 0.0002085929528373111    4    1    1    1
 0.003291703936376892    4    1    2    1
 -0.01134307249390121    4    1    2    2
 -0.001229616881358648    4    1    3    1
 0.00504525252180659    4    1    3    2
 -0.01796475206143803    4    1    3    3
 0.1026598161172634    4    1    4    1
 0.001751224436979766    4    2    1    1
 -0.01139269866107158    4    2    2    1
 -0.01189952339976621    4    2    2    2
 0.005902336097439558    4    2    3    1
 0.008144562053083112    4    2    3    2
 0.001129737025587165    4    2    3    3
 0.003665332146261855    4    2    4    1
 0.01425948442844587    4    2    4    2
 -0.001845801700658049    4    3    1    1
 0.006236809333503155    4    3    2    1
 0.007950889612611015    4    3    2    2
 -0.01768346784667724    4    3    3    1
 0.001521765335446589    4    3    3    2
 -0.01236917185755968    4    3    3    3
 0.04622732947688649    4    3    4    1
 -0.001089260134527828    4    3    4    2
 0.04896887593032095    4    3    4    3
 0.4682818322529113    4    4    1    1
 0.002446338527467542    4    4    2    1
 0.4015484277265741    4    4    2    2
 0.04857202662901659    4    4    3    1
 -0.001343960029798827    4    4    3    2
 0.4328692647009458    4    4    3    3
 0.02242502171770106    4    4    4    1
 0.004893982422295204    4    4    4    2
 0.006097241194504438    4    4    4    3
 0.4970645924421042    4    4    4    4
 0.02664364483639171    5    1    1    1
 -0.004633216697518779    5    1    2    1
 0.0236796290192462    5    1    2    2
 0.005074580623031594    5    1    3    1
 -0.003044175737231435    5    1    3    2
 0.02159920844277734    5    1    3    3
 0.02328390557412771    5    1    4    1
 0.001663693836719941    5    1    4    2
 -0.01489880362584617    5    1    4    3
 0.006442141035919464    5    1    4    4
 0.05256600565245859    5    1    5    1
 -0.01009603538800516    5    2    1    1
 0.01516936066912196    5    2    2    1
 0.008313235545819999    5    2    2    2
 -0.009716857205468613    5    2    3    1
 -0.005759579459541463    5    2    3    2
 -0.005884142374346423    5    2    3    3
 0.003150205827763523    5    2    4    1
 0.00789910747294748    5    2    4    2
 0.003360522722325677    5    2    4    3
 -0.01202394808925033    5    2    4    4
 -2.244019773198321e-05    5    2    5    1
 0.01691564467822673    5    2    5    2
 0.01623613983109919    5    3    1    1
 -0.01093942518023527    5    3    2    1
 0.008609016051804984    5    3    2    2
 0.007042407435515595    5    3    3    1
 0.00351254138425429    5    3    3    2
 0.0235604011444031    5    3    3    3
 -0.03872214746738792    5    3    4    1
 0.0008040726307446061    5    3    4    2
 -0.01690260131588501    5    3    4    3
 -0.002418669664163649    5    3    4    4
 0.005259081726587314    5    3    5    1
 -0.003611057973961048    5    3    5    2
 0.03453574583159377    5    3    5    3
 0.08490049592031843    5    4    1    1
 -0.0002055754025855389    5    4    2    1
 0.09708863237901863    5    4    2    2
 -0.04085398783631151    5    4    3    1
 0.000849053147448808    5    4    3    2
 0.06939878380133066    5    4    3    3
 -0.03256419706876996    5    4    4    1
 -0.006648955082188764    5    4    4    2
 -0.01581895753158844    5    4    4    3
 0.0347093741322375    5    4    4    4
 0.02647650930606606    5    4    5    1
 -0.002220943074064445    5    4    5    2
 0.02893376148041618    5    4    5    3
 0.1187184259412626    5    4    5    4
 0.4819890835796237    5    5    1    1
 0.001527404611170058    5    5    2    1
 0.4240354644137032    5    5    2    2
 0.02389282005082179    5    5    3    1
 7.406263750695629e-05    5    5    3    2
 0.4398644216968736    5    5    3    3
 0.05300919123972889    5    5    4    1
 0.00192100517152534    5    5    4    2
 0.03226567966621872    5    5    4    3
 0.5030466248350288    5    5    4    4
 0.007402012061748294    5    5    5    1
 -0.01355069518498483    5    5    5    2
 -0.01618970807042262    5    5    5    3
 0.03969238636337033    5    5    5    4
 0.5526278472936696    5    5    5    5
 0.07496286480197163    6    1    1    1
 -0.01080289918846452    6    1    2    1
 0.05624330929098818    6    1    2    2
 0.00539735338786991    6    1    3    1
 -0.008067768780179665    6    1    3    2
 0.04941990909070671    6    1    3    3
 -0.005970352823480987    6    1    4    1
 -0.0024931103952314    6    1    4    2
 0.005434741650884407    6    1    4    3
 0.05603073873374621    6    1    4    4
 0.006399805330770039    6    1    5    1
 -0.01026067117586041    6    1    5    2
 0.008605010969770765    6    1    5    3
 0.05077849349934992    6    1    5    4
 0.07090407697835037    6    1    5    5
 0.06620239537286782    6    1    6    1
 -0.03379747042836351    6    2    1    1
 -0.001268173930536563    6    2    2    1
 -0.02003192173439263    6    2    2    2
 -0.0212802493345237    6    2    3    1
 0.01818741553422688    6    2    3    2
 -0.01381385087041333    6    2    3    3
 -0.005923670184217449    6    2    4    1
 -0.002346186782545619    6    2    4    2
 -0.0004972219465298965    6    2    4    3
 -0.03490926248471286    6    2    4    4
 -0.01109350655279523    6    2    5    1
 0.004021484850140226    6    2    5    2
 0.001113855253469399    6    2    5    3
 -0.01109968101830869    6    2    5    4
 -0.04109774886858687    6    2    5    5
 -0.03963584451754595    6    2    6    1
 0.04091873118473636    6    2    6    2
 0.01462030492942907    6    3    1    1
 -0.02242774948984593    6    3    2    1
 0.0269246001212345    6    3    2    2
 -0.0220369140023879    6    3    3    1
 0.02017445543509653    6    3    3    2
 0.01057449193694644    6    3    3    3
 0.01536290103859127    6    3    4    1
 0.0001166931281041192    6    3    4    2
 0.01453600948587997    6    3    4    3
 -0.01437925072855999    6    3    4    4
 0.005809926579532626    6    3    5    1
 0.002188397049069454    6    3    5    2
 -0.003230607255702942    6    3    5    3
 0.01761093440911408    6    3    5    4
 -0.003247141483499927    6    3    5    5
 0.006697662342711247    6    3    6    1
 0.013517119976028    6    3    6    2
 0.05132042362244221    6    3    6    3
 -0.02348911687178923    6    4    1    1
 -0.005676062846512733    6    4    2    1
 -0.02938706701100162    6    4    2    2
 0.0162527289930671    6    4    3    1
 0.0003494664909501819    6    4    3    2
 -0.01106352095240053    6    4    3    3
 -0.001231386491853202    6    4    4    1
 -0.001434587099051861    6    4    4    2
 -0.02192550629580399    6    4    4    3
 -0.02196053960848515    6    4    4    4
 0.02640973022316439    6    4    5    1
 -0.003279977652196747    6    4    5    2
 0.01105066773088314    6    4    5    3
 -0.0124831774007827    6    4    5    4
 -0.03893926886239815    6    4    5    5
 -0.02544937761330888    6    4    6    1
 0.007672673614063839    6    4    6    2
 -0.01402761951403032    6    4    6    3
 0.04125466065515457    6    4    6    4
 -0.005696594048427549    6    5    1    1
 -0.01194959944280749    6    5    2    1
 -0.01271041609726012    6    5    2    2
 0.003809615932360076    6    5    3    1
 0.008414123035696398    6    5    3    2
 -0.01498086569094948    6    5    3    3
 0.05896385408174596    6    5    4    1
 -0.0002330731250814743    6    5    4    2
 0.02696662207359868    6    5    4    3
 -0.0006942303872181605    6    5    4    4
 0.01575603434021551    6    5    5    1
 -0.003852708606641418    6    5    5    2
 -0.02281802464896048    6    5    5    3
 -0.02894395670027673    6    5    5    4
 0.02132103326752611    6    5    5    5
 -0.001949207722390081    6    5    6    1
 -0.00415334491711826    6    5    6    2
 0.01969137493166112    6    5    6    3
 0.001736800117984689    6    5    6    4
 0.0492390410667267    6    5    6    5
 0.4677049979013409    6    6    1    1
 -0.06668504983453999    6    6    2    1
 0.4194423677335267    6    6    2    2
 0.008611439484689032    6    6    3    1
 0.03492196872406916    6    6    3    2
 0.4542198596572269    6    6    3    3
 -0.04382999672576902    6    6    4    1
 0.008660815463467924    6    6    4    2
 -0.02803822884977082    6    6    4    3
 0.4253500396783957    6    6    4    4
 0.01653429776830158    6    6    5    1
 -0.0164041064424611    6    6    5    2
 0.03780947627719865    6    6    5    3
 0.07278162467997486    6    6    5    4
 0.4260564684412493    6    6    5    5
 0.05992185372591043    6    6    6    1
 -0.02060235552501596    6    6    6    2
 0.01516868019965906    6    6    6    3
 -0.007586518160333624    6    6    6    4
 -0.02450427053916839    6    6    6    5
 0.5097905112984118    6    6    6    6
 -0.005401754702615333    7    1    1    1
 -0.005042387422420464    7    1    2    1
 0.009016685355300424    7    1    2    2
 0.02084348773117445    7    1    3    1
 0.01017417735549507    7    1    3    2
 -0.00937294988360466    7    1    3    3
 -0.002658076321548018    7    1    4    1
 -0.001468199135131295    7    1    4    2
 0.005630069118726852    7    1    4    3
 -0.01807448909827391    7    1    4    4
 -0.0007593613234499586    7    1    5    1
 0.001862897583819289    7    1    5    2
 0.004834782968149538    7    1    5    3
 -0.006360656027811181    7    1    5    4
 -0.02318875330587724    7    1    5    5
 -0.001581340789427818    7    1    6    1
 0.008419924440941202    7    1    6    2
 0.03238480351403508    7    1    6    3
 -0.003249411806861864    7    1    6    4
 0.01071209589623448    7    1    6    5
 0.003385892246612681    7    1    6    6
 0.04919502839825482    7    1    7    1
 -0.0080459075736079    7    2    1    1
 0.04684834462398128    7    2    2    1
 0.01521436620225524    7    2    2    2
 0.02008328108938365    7    2    3    1
 -0.03166016640473845    7    2    3    2
 -0.01169937174418178    7    2    3    3
 -0.004459445689939463    7    2    4    1
 -0.008568358640764363    7    2    4    2
 -0.002199471544232315    7    2    4    3
 0.004077894374831048    7    2    4    4
 0.001457198041141583    7    2    5    1
 0.005091667957594082    7    2    5    2
 -0.004858929262148711    7    2    5    3
 -0.004072012496520941    7    2    5    4
 -0.0006696199740246358    7    2    5    5
 0.006492165174255196    7    2    6    1
 -0.01849992003874868    7    2    6    2
 -0.02482731669674073    7    2    6    3
 0.001131998617655473    7    2    6    4
 -0.007574853082384021    7    2    6    5
 -0.03428614501836774    7    2    6    6
 -0.001161563494973755    7    2    7    1
 0.05132635631764633    7    2    7    2
 0.08292655411657635    7    3    1    1
 0.01740519082445203    7    3    2    1
 0.06163884558626077    7    3    2    2
 -0.00762660570759818    7    3    3    1
 -0.01149714001698823    7    3    3    2
 0.07144966542086717    7    3    3    3
 0.01543122875652838    7    3    4    1
 -0.002538798077503074    7    3    4    2
 0.01110312429395256    7    3    4    3
 0.06312981959337101    7    3    4    4
 0.01285300864414958    7    3    5    1
 -0.004702226892903715    7    3    5    2
 2.661754412209943e-06    7    3    5    3
 0.05254797400670948    7    3    5    4
 0.0878057451070359    7    3    5    5
 0.05670720677163655    7    3    6    1
 -0.03099374524574484    7    3    6    2
 0.00135219939104406    7    3    6    3
 -0.02572984440265064    7    3    6    4
 0.003528758750933864    7    3    6    5
 0.03673514603959942    7    3    6    6
 -0.02123786393786652    7    3    7    1
 0.007378294610156261    7    3    7    2
 0.09269552809519975    7    3    7    3
 -0.01054777199677145    7    4    1    1
 -0.005310014756539388    7    4    2    1
 -0.0200665962448143    7    4    2    2
 0.01669891541226093    7    4    3    1
 -0.000868113160531829    7    4    3    2
 -0.0003384264245430804    7    4    3    3
 -0.03241209049735466    7    4    4    1
 0.001626542286478987    7    4    4    2
 -0.01497246353946247    7    4    4    3
 -0.00857539396345524    7    4    4    4
 -0.004511276934711006    7    4    5    1
 -0.003206509725714924    7    4    5    2
 0.02341978578985916    7    4    5    3
 -0.002774071602102112    7    4    5    4
 -0.02531141454154349    7    4    5    5
 -0.007036052218218836    7    4    6    1
 0.00246190562534439    7    4    6    2
 -0.01791738252380688    7    4    6    3
 0.01527395544180014    7    4    6    4
 -0.02102039363547283    7    4    6    5
 0.0140607919877617    7    4    6    6
 -0.001835271334832389    7    4    7    1
 0.001084883000896849    7    4    7    2
 -0.0162459743625079    7    4    7    3
 0.02772749532299407    7    4    7    4
 -0.0006490292605585229    7    5    1    1
 0.00897399564532526    7    5    2    1
 0.004285423735453954    7    5    2    2
 0.006599718630577859    7    5    3    1
 -0.006609441529499304    7    5    3    2
 -0.003658400671572403    7    5    3    3
 0.004120905338346879    7    5    4    1
 -0.002472393680372148    7    5    4    2
 0.02274249240673542    7    5    4    3
 0.003155958121312948    7    5    4    4
 -0.01785293757825176    7    5    5    1
 0.0001794851197652726    7    5    5    2
 0.001405121273540236    7    5    5    3
 -0.01116224240061733    7    5    5    4
 0.01242574543996538    7    5    5    5
 0.01031292343393864    7    5    6    1
 -0.005243948683525391    7    5    6    2
 0.004186610164041257    7    5    6    3
 -0.01594234733262078    7    5    6    4
 0.005476037091043492    7    5    6    5
 -0.009464939838837184    7    5    6    6
 0.0121007535842415    7    5    7    1
 0.006752186883597249    7    5    7    2
 0.006947999342967976    7    5    7    3
 0.002984204075738565    7    5    7    4
 0.02606512430691591    7    5    7    5
 0.002114661836226228    7    6    1    1
 0.02423158293320027    7    6    2    1
 -0.0340445779650734    7    6    2    2
 0.08093697271757171    7    6    3    1
 -0.03133504260498915    7    6    3    2
 -0.002022458916431748    7    6    3    3
 -0.01418888435469834    7    6    4    1
 0.002172467459765867    7    6    4    2
 -0.02691889967169454    7    6    4    3
 0.03613322190408151    7    6    4    4
 0.01085843728154752    7    6    5    1
 -0.007052170900278495    7    6    5    2
 0.008785382768122517    7    6    5    3
 -0.02477035583963183    7    6    5    4
 0.01467576857806901    7    6    5    5
 0.009335794403458478    7    6    6    1
 -0.02919939145028588    7    6    6    2
 -0.03734026510683111    7    6    6    3
 0.02025408322167087    7    6    6    4
 -0.009830973708642924    7    6    6    5
 0.003501055068159085    7    6    6    6
 -0.001625147113088934    7    6    7    1
 0.02959080027012966    7    6    7    2
 0.003692680861857965    7    6    7    3
 0.01855778428701477    7    6    7    4
 -0.001169582430781751    7    6    7    5
 0.08740364824590784    7    6    7    6
 0.4912482245036291    7    7    1    1
 -0.00886774073417575    7    7    2    1
 0.4834081497096213    7    7    2    2
 -0.03528037933091913    7    7    3    1
 0.01045338776055783    7    7    3    2
 0.490208344428913    7    7    3    3
 -0.01375334629235566    7    7    4    1
 -0.0008574614565294654    7    7    4    2
 -0.01203876334071992    7    7    4    3
 0.4299568021354634    7    7    4    4
 0.03193550418825457    7    7    5    1
 -0.002716491285839262    7    7    5    2
 0.02211269358452443    7    7    5    3
 0.09806754866286985    7    7    5    4
 0.4513777493393912    7    7    5    5
 0.0565153672845439    7    7    6    1
 -0.01182984964054765    7    7    6    2
 0.01731118125326197    7    7    6    3
 -0.01453528297360741    7    7    6    4
 -0.01667905060340357    7    7    6    5
 0.4677288524059354    7    7    6    6
 -0.01733231496147159    7    7    7    1
 -0.01541218147950017    7    7    7    2
 0.08859006013950559    7    7    7    3
 -0.009570186947429232    7    7    7    4
 -0.01119930856651459    7    7    7    5
 -0.02253482183658891    7    7    7    6
 0.533546029015548    7    7    7    7
 -0.03707764687799331    8    1    1    1
 -0.02248504123458544    8    1    2    1
 -0.03269934126744851    8    1    2    2
 0.0007829853965189217    8    1    3    1
 -0.01070571892061534    8    1    3    2
 -0.03451388244902345    8    1    3    3
 -0.0003409566621251531    8    1    4    1
 -0.0004511859461166506    8    1    4    2
 0.0002618529262868994    8    1    4    3
 -0.02966223852030365    8    1    4    4
 -0.002660263311929396    8    1    5    1
 -0.002125431645031792    8    1    5    2
 -0.005800458039113976    8    1    5    3
 -0.03304251949962475    8    1    5    4
 -0.03337393509859713    8    1    5    5
 -0.004579548789926003    8    1    6    1
 -0.01085916418018776    8    1    6    2
 -0.008532126286043554    8    1    6    3
 0.009013440704817726    8    1    6    4
 0.007450230552039864    8    1    6    5
 -0.0176853504602931    8    1    6    6
 -0.001787992880687739    8    1    7    1
 0.006768335774445923    8    1    7    2
 -0.03071163368662247    8    1    7    3
 0.004879274105358113    8    1    7    4
 0.00225936643054808    8    1    7    5
 0.006958919787846172    8    1    7    6
 -0.04519643043117511    8    1    7    7
 0.04730795982913899    8    1    8    1
 -0.08042812681478981    8    2    1    1
 0.013415938716318    8    2    2    1
 -0.02321735506616143    8    2    2    2
 -0.03594374509266289    8    2    3    1
 -0.02309589588616912    8    2    3    2
 -0.05548695646787128    8    2    3    3
 -0.003228362304306243    8    2    4    1
 -0.008276647972196145    8    2    4    2
 0.008232308205263134    8    2    4    3
 -0.0805852561891882    8    2    4    4
 -0.01002812744165182    8    2    5    1
 0.01590569657769122    8    2    5    2
 -0.01181928616213666    8    2    5    3
 -0.03223208340680402    8    2    5    4
 -0.08678353458288837    8    2    5    5
 -0.0385531293769247    8    2    6    1
 0.02188892494311376    8    2    6    2
 0.00611717432454541    8    2    6    3
 0.008352208039349447    8    2    6    4
 0.001733210261085073    8    2    6    5
 -0.07296930206718945    8    2    6    6
 0.01032137145687638    8    2    7    1
 0.01870893509845048    8    2    7    2
 -0.05281139449109502    8    2    7    3
 -0.001989546544974683    8    2    7    4
 0.00510497344846596    8    2    7    5
 -0.02485011892878653    8    2    7    6
 -0.05883030098730586    8    2    7    7
 0.04607121220247779    8    2    8    1
 0.1146536391576759    8    2    8    2
 -0.004828858647736824    8    3    1    1
 -0.03611531687245857    8    3    2    1
 -0.03496656758830114    8    3    2    2
 -0.00667775748433802    8    3    3    1
 0.02001098810742678    8    3    3    2
 -0.0006326384908693141    8    3    3    3
 0.001912009008309752    8    3    4    1
 0.007316043554312287    8    3    4    2
 -0.00335463567024773    8    3    4    3
 0.001663246177111764    8    3    4    4
 -0.004995481424345212    8    3    5    1
 -0.00757463935671155    8    3    5    2
 0.002140214371777627    8    3    5    3
 -0.01249381432883504    8    3    5    4
 0.002728386433209838    8    3    5    5
 -0.01012183709433568    8    3    6    1
 0.009653416263756693    8    3    6    2
 -0.0001718957514217717    8    3    6    3
 0.005697847770396541    8    3    6    4
 0.002105292913667663    8    3    6    5
 0.02006292822985994    8    3    6    6
 -0.01598430341038128    8    3    7    1
 -0.03393340561881274    8    3    7    2
 -0.01031883152395797    8    3    7    3
 0.005399070808331731    8    3    7    4
 -0.008779206643772221    8    3    7    5
 -0.00900795699175469    8    3    7    6
 -0.001819816818373825    8    3    7    7
 0.002716826119604286    8    3    8    1
 -0.01821121040792878    8    3    8    2
 0.03708177641070553    8    3    8    3
 -0.001508047813551106    8    4    1    1
 -0.004414046299066018    8    4    2    1
 -0.009948088018011628    8    4    2    2
 0.002542507025237888    8    4    3    1
 0.006440551252580638    8    4    3    2
 -0.00441100785168983    8    4    3    3
 0.001648313827341641    8    4    4    1
 -0.007878865397023373    8    4    4    2
 0.01015473655959556    8    4    4    3
 0.008162466471466918    8    4    4    4
 -0.0207012465538079    8    4    5    1
 -0.01002091062719889    8    4    5    2
 -0.008214553708049433    8    4    5    3
 -0.012355311289032    8    4    5    4
 0.01605378144340911    8    4    5    5
 0.004625411708248223    8    4    6    1
 0.002853062543950323    8    4    6    2
 0.003492917105164056    8    4    6    3
 -0.01212257053974486    8    4    6    4
 0.005556700439874798    8    4    6    5
 -0.002692417174726956    8    4    6    6
 0.002916240022979855    8    4    7    1
 -0.003882900035632116    8    4    7    2
 0.003210563430943382    8    4    7    3
 -0.00473274372522892    8    4    7    4
 0.008806220259438753    8    4    7    5
 -0.005192604682383168    8    4    7    6
 -0.009369702051007973    8    4    7    7
 -0.001222735892167683    8    4    8    1
 -0.00707670836857572    8    4    8    2
 0.004312012899549159    8    4    8    3
 0.02103984790159958    8    4    8    4
 8.77457995389422e-05    8    5    1    1
 -0.001457004328903884    8    5    2    1
 0.02083305890211798    8    5    2    2
 -0.0134005628956826    8    5    3    1
 -0.007716375100590523    8    5    3    2
 0.007208421507383616    8    5    3    3
 -0.04556652279619473    8    5    4    1
 -0.01159302752546756    8    5    4    2
 -0.01960408849150968    8    5    4    3
 -0.02085482639310593    8    5    4    4
 -0.004874276645195145    8    5    5    1
 -0.007778736099544136    8    5    5    2
 0.01847839020844217    8    5    5    3
 0.0269434021919545    8    5    5    4
 -0.03374388250301846    8    5    5    5
 0.006608870709305176    8    5    6    1
 0.002897613053213821    8    5    6    2
 -0.001950301750864914    8    5    6    3
 0.004591379488460817    8    5    6    4
 -0.02477383360727247    8    5    6    5
 0.01787245585546051    8    5    6    6
 0.002782886185806543    8    5    7    1
 0.005767714983887055    8    5    7    2
 -0.008443291503641957    8    5    7    3
 0.01305677974422143    8    5    7    4
 -0.002636499492097778    8    5    7    5
 -0.002251263847063865    8    5    7    6
 0.01007811688094464    8    5    7    7
 0.007372736553706421    8    5    8    1
 0.01639990493021259    8    5    8    2
 -0.00576977422998837    8    5    8    3
 0.002802896080481658    8    5    8    4
 0.03758347835897084    8    5    8    5
 0.0159771373475647    8    6    1    1
 -0.03487781362023368    8    6    2    1
 0.01843830576781438    8    6    2    2
 -0.02519942974574601    8    6    3    1
 0.02034165634700939    8    6    3    2
 0.009209183293824233    8    6    3    3
 0.009681999539130227    8    6    4    1
 0.004258257576205889    8    6    4    2
 0.007626146661700441    8    6    4    3
 -0.008457843740851912    8    6    4    4
 0.007986311503232705    8    6    5    1
 -0.000836269474372132    8    6    5    2
 0.0001283103113391269    8    6    5    3
 0.014280084372932    8    6    5    4
 0.0001662963146515822    8    6    5    5
 0.01048627320271649    8    6    6    1
 -0.001407159211171557    8    6    6    2
 0.02489022430262745    8    6    6    3
 -0.00569589554918088    8    6    6    4
 0.01275775809842617    8    6    6    5
 0.02686913876764844    8    6    6    6
 0.00752180248084881    8    6    7    1
 -0.02211090765625042    8    6    7    2
 0.0004156559704006919    8    6    7    3
 -0.008319380976376191    8    6    7    4
 -0.002073740344724429    8    6    7    5
 -0.03064707884752491    8    6    7    6
 0.01551488577599728    8    6    7    7
 0.004836084299626044    8    6    8    1
 -0.003687795259913626    8    6    8    2
 0.009803078473316284    8    6    8    3
 -0.001904146185695789    8    6    8    4
 -0.001553170427843013    8    6    8    5
 0.02767111986808139    8    6    8    6
 -0.01180160719291329    8    7    1    1
 0.03349162013985704    8    7    2    1
 0.03669379144383628    8    7    2    2
 -0.03748247106862541    8    7    3    1
 -0.0398047932538767    8    7    3    2
 -0.01225422093285792    8    7    3    3
 0.005612416234382472    8    7    4    1
 -0.007791754047787215    8    7    4    2
 0.01098993810681276    8    7    4    3
 -0.02008299576161026    8    7    4    4
 0.002285868409657355    8    7    5    1
 0.01039437443287127    8    7    5    2
 -0.01118660193320337    8    7    5    3
 0.01336188189588748    8    7    5    4
 -0.009726187272405493    8    7    5    5
 0.005907750023117726    8    7    6    1
 -0.009935046097828826    8    7    6    2
 -0.003959992269874243    8    7    6    3
 -0.008991773689816643    8    7    6    4
 -0.00187398508793517    8    7    6    5
 -0.03818638325521335    8    7    6    6
 -0.01523951195947119    8    7    7    1
 0.01899979343003334    8    7    7    2
 0.009240306238167337    8    7    7    3
 -0.01118455530052748    8    7    7    4
 0.004173712796411324    8    7    7    5
 -0.01230803538657258    8    7    7    6
 0.0001805747709697575    8    7    7    7
 0.01706881565950503    8    7    8    1
 0.04636632495964836    8    7    8    2
 -0.01463305528506672    8    7    8    3
 -0.007821545367812268    8    7    8    4
 0.00980694880864858    8    7    8    5
 -0.00199799738649092    8    7    8    6
 0.05950073907116785    8    7    8    7
 0.4705715818317452    8    8    1    1
 0.08681607037225125    8    8    2    1
 0.5404412223896521    8    8    2    2
 -0.01103853391277675    8    8    3    1
 -0.04946242925557347    8    8    3    2
 0.4468957229190243    8    8    3    3
 -0.005080135936208689    8    8    4    1
 -0.01507990640811816    8    8    4    2
 0.007036148964000646    8    8    4    3
 0.4254692903789927    8    8    4    4
 0.02598483051083164    8    8    5    1
 0.0135780776897547    8    8    5    2
 0.00448384846753362    8    8    5    3
 0.09112686779891425    8    8    5    4
 0.4488482129397317    8    8    5    5
 0.06137520674454425    8    8    6    1
 -0.03217532040648188    8    8    6    2
 0.007620871917621813    8    8    6    3
 -0.03026944131276756    8    8    6    4
 -0.0167754405358015    8    8    6    5
 0.3922361524119137    8    8    6    6
 0.01044198181244053    8    8    7    1
 0.05267713529465928    8    8    7    2
 0.08097775699051425    8    8    7    3
 -0.02039334018810178    8    8    7    4
 0.01238096474000265    8    8    7    5
 0.007045950462465768    8    8    7    6
 0.4804842410543345    8    8    7    7
 -0.04784608933254993    8    8    8    1
 -0.03099010460241777    8    8    8    2
 -0.06356803971703776    8    8    8    3
 -0.01228452135789459    8    8    8    4
 0.01334632789588739    8    8    8    5
 -0.009946116182234364    8    8    8    6
 0.0434009448319674    8    8    8    7
 0.6072937348168432    8    8    8    8
 -4.125875793789513    1    1  0  0
 -0.003052171929508141    2    1  0  0
 -3.600884068330549    2    2  0  0
 0.00805858161203791    3    1  0  0
 0.0006796680394517405    3    2  0  0
 -3.544176875660591    3    3  0  0
 0.00690586793239135    4    1  0  0
 0.006057087324160717    4    2  0  0
 0.0009767000108736287    4    3  0  0
 -3.432810146457368    4    4  0  0
 -0.1404380396042271    5    1  0  0
 0.03992540860731744    5    2  0  0
 -0.08491732848956278    5    3  0  0
 -0.5232046557280982    5    4  0  0
 -2.915763510663099    5    5  0  0
 -0.4228872265103406    6    1  0  0
 0.1930100756943834    6    2  0  0
 -0.0632464561438508    6    3  0  0
 0.1560593808556688    6    4  0  0
 0.06287171797213476    6    5  0  0
 -2.675734903384313    6    6  0  0
 0.04907296518002382    7    1  0  0
 0.001207430659563349    7    2  0  0
 -0.5126292112795863    7    3  0  0
 0.07035762450902965    7    4  0  0
 -0.004707007062817807    7    5  0  0
 -0.00781679971293733    7    6  0  0
 -2.891849033013584    7    7  0  0
 0.2392150624153876    8    1  0  0
 0.4458652069724687    8    2  0  0
 0.06473876999843375    8    3  0  0
 0.01159956245649104    8    4  0  0
 -0.0115184632833617    8    5  0  0
 -0.06531865547468149    8    6  0  0
 0.01675943185566594    8    7  0  0
 -2.841835433029438    8    8  0  0
 0  0  0  0  0
