0 0 1.999997249891387
0 1 6.217159014547289e-07
0 2 -5.264851754807011e-06
0 3 -1.585294321738215e-05
0 4 -3.032836019540201e-05
0 5 -6.000382598010167e-05
0 6 -1.724472531216402e-06
0 7 2.592004058873858e-05
0 8 -2.138396085802134e-05
0 9 -1.245510905569809e-06
0 10 7.868894820137199e-06
0 11 6.34237751212399e-05
0 12 4.863732088579078e-05
0 13 0.0001273143693336485
0 14 0.0001486437454759259
1 0 6.21715901454716e-07
1 1 1.993856633500372
1 2 0.0001412642437309199
1 3 0.003571139243923315
1 4 0.004478277833230724
1 5 -0.002881782088995002
1 6 -0.0001700803247598214
1 7 -0.001952382963292881
1 8 -0.003440445151275959
1 9 0.0001658980771538221
1 10 -0.001929666728369411
1 11 -0.002045073708197196
1 12 -0.008453206422772738
1 13 -0.009983867819350147
1 14 0.00839863900634584
2 0 -5.264851754807021e-06
2 1 0.0001412642437309209
2 2 1.993101871182875
2 3 0.001373099930060881
2 4 0.001649762017622627
2 5 0.009019790505571102
2 6 0.0001307702165505095
2 7 -0.004205527223578495
2 8 0.004531540910282642
2 9 -0.0002470539485624361
2 10 -0.001248431911276242
2 11 -0.004664703778485581
2 12 -0.002557283372521165
2 13 -0.003773848526152769
2 14 -0.01709765511939099
3 0 -1.585294321738215e-05
3 1 0.003571139243923317
3 2 0.001373099930060878
3 3 1.986608017548181
3 4 0.003949272792198893
3 5 -0.00155680367620792
3 6 0.000561708854039885
3 7 -0.003323975146817934
3 8 -0.0005386323283991532
3 9 -6.548374558377423e-05
3 10 0.0002324357990808402
3 11 0.0005224907705264548
3 12 -0.004539150416474582
3 13 -0.00109203527961945
3 14 0.0009774002089671849
4 0 -3.032836019540209e-05
4 1 0.004478277833230737
4 2 0.001649762017622629
4 3 0.003949272792198938
4 4 1.986561857200775
4 5 0.0009931924736148142
4 6 0.0005204783068295485
4 7 0.006343736403061455
4 8 0.002061450670393453
4 9 -0.0002949264785369308
4 10 0.002224676075073301
4 11 0.00822045190807431
4 12 0.01361065040242671
4 13 0.004208191941507221
4 14 -0.001625881294511777
5 0 -6.000382598010186e-05
5 1 -0.002881782088994997
5 2 0.009019790505571081
5 3 -0.001556803676207918
5 4 0.0009931924736148214
5 5 1.980704497291653
5 6 0.0004649224203713368
5 7 0.003879601086828459
5 8 -0.005617622130305255
5 9 0.001266764491253789
5 10 -0.0003032150885771652
5 11 0.0001515966835559913
5 12 0.002237992696489113
5 13 -0.003533760172353361
5 14 0.02722714052179599
6 0 -1.724472531216389e-06
6 1 -0.0001700803247598189
6 2 0.0001307702165505114
6 3 0.0005617088540398766
6 4 0.0005204783068295521
6 5 0.000464922420371334
6 6 1.960497513117706
6 7 -0.0002885396667860374
6 8 -0.0002207702384708154
6 9 0.0006445747451850243
6 10 0.1062172299264949
6 11 0.0002759519133595002
6 12 -0.005513178409451161
6 13 -0.001642366984928083
6 14 -2.954046856738055e-05
7 0 2.59200405887386e-05
7 1 -0.001952382963292872
7 2 -0.004205527223578497
7 3 -0.003323975146817969
7 4 0.006343736403061495
7 5 0.003879601086828465
7 6 -0.0002885396667860334
7 7 1.978719639322582
7 8 -0.001036930465426294
7 9 -0.0007291894515655988
7 10 -0.001973963858956828
7 11 0.02276574192080413
7 12 0.01809323073297163
7 13 -0.04220227466205931
7 14 -0.009666989054262467
8 0 -2.138396085802128e-05
8 1 -0.003440445151275943
8 2 0.004531540910282645
8 3 -0.0005386323283991507
8 4 0.00206145067039345
8 5 -0.005617622130305271
8 6 -0.0002207702384708142
8 7 -0.001036930465426297
8 8 1.983014153726239
8 9 0.002220765597195976
8 10 -0.0008901005812719973
8 11 0.02197308305361149
8 12 -0.003870119869904072
8 13 -0.009422401607945143
8 14 0.03303181709096398
9 0 -1.245510905569814e-06
9 1 0.0001658980771538166
9 2 -0.0002470539485624352
9 3 -6.548374558377294e-05
9 4 -0.0002949264785369325
9 5 0.001266764491253818
9 6 0.0006445747451850318
9 7 -0.0007291894515656022
9 8 0.00222076559719599
9 9 1.904827817044104
9 10 -0.007346705332575879
9 11 0.0001012678423798887
9 12 -0.0001005944030360852
9 13 0.0002177838179692146
9 14 -0.001694024735445514
10 0 7.868894820137183e-06
10 1 -0.001929666728369439
10 2 -0.001248431911276234
10 3 0.0002324357990808396
10 4 0.002224676075073306
10 5 -0.0003032150885771643
10 6 0.1062172299264951
10 7 -0.001973963858956846
10 8 -0.0008901005812719939
10 9 -0.007346705332575861
10 10 0.1342888776506801
10 11 0.002972720293035571
10 12 -0.005614670463173011
10 13 0.0001437496540928416
10 14 -0.0003551082701277666
11 0 6.342377512124004e-05
11 1 -0.00204507370819718
11 2 -0.004664703778485602
11 3 0.00052249077052642
11 4 0.008220451908074262
11 5 0.000151596683555993
11 6 0.0002759519133595032
11 7 0.02276574192080387
11 8 0.02197308305361137
11 9 0.0001012678423798876
11 10 0.002972720293035549
11 11 0.01126037486516791
11 12 0.01288422607544109
11 13 -0.002541437030065118
11 14 0.008061578255718503
12 0 4.863732088579021e-05
12 1 -0.008453206422772776
12 2 -0.00255728337252115
12 3 -0.004539150416474574
12 4 0.0136106504024266
12 5 0.002237992696489129
12 6 -0.005513178409451059
12 7 0.01809323073297184
12 8 -0.003870119869904068
12 9 -0.0001005944030360839
12 10 -0.005614670463173039
12 11 0.01288422607544122
12 12 0.02899316125966343
12 13 0.00156174399282679
12 14 -0.0004165452003063466
13 0 0.000127314369333649
13 1 -0.009983867819350208
13 2 -0.003773848526152769
13 3 -0.001092035279619465
13 4 0.004208191941507155
13 5 -0.003533760172353358
13 6 -0.001642366984928093
13 7 -0.04220227466205945
13 8 -0.00942240160794524
13 9 0.0002177838179692161
13 10 0.0001437496540928516
13 11 -0.002541437030065118
13 12 0.001561743992826786
13 13 0.03284359743532033
13 14 0.002502438708977502
14 0 0.0001486437454759273
14 1 0.00839863900634575
14 2 -0.01709765511939092
14 3 0.0009774002089672025
14 4 -0.00162588129451178
14 5 0.02722714052179594
14 6 -2.954046856738114e-05
14 7 -0.009666989054262342
14 8 0.03303181709096434
14 9 -0.001694024735445508
14 10 -0.0003551082701277614
14 11 0.008061578255718529
14 12 -0.000416545200306344
14 13 0.002502438708977494
14 14 0.02472473895713885
