0 0 1.999968697426829
0 1 -1.267652688703091e-05
0 2 -1.097437305288454e-05
0 3 -4.213368488577494e-05
0 4 -8.607582699614463e-05
0 5 3.065888419942299e-05
0 6 -2.144945359779437e-05
0 7 -5.154148568990466e-05
0 8 -7.46434492722151e-07
0 9 -3.634044674543514e-06
0 10 5.464324289637305e-05
0 11 -6.921231972917272e-05
0 12 -4.590656840311684e-05
0 13 -1.653696337755099e-06
0 14 -7.702449497390926e-06
0 15 0.0002243615653081144
0 16 9.185443561305696e-05
0 17 0.0001222222925817578
0 18 -1.336868036631551e-05
0 19 -1.508444251046462e-05
0 20 0.0002947605445729498
0 21 -6.869717419978174e-05
0 22 -0.0002254963286348062
0 23 -0.0001577118105798046
0 24 0.0004483222779536476
1 0 -1.267652688703106e-05
1 1 1.993135444872808
1 2 -0.0003470036141938777
1 3 -0.0004094485133483429
1 4 -0.002047295544445858
1 5 -0.0006938942317712205
1 6 0.0005204985071786542
1 7 -0.002691507324046779
1 8 0.0005504505615852604
1 9 0.00585904540395793
1 10 -0.002574614022193065
1 11 0.002668561315180675
1 12 0.0006116601212400423
1 13 -0.0002357914410988344
1 14 0.0001866573989398504
1 15 -0.0007159593779609768
1 16 -0.003800444316785936
1 17 -0.00247183321430372
1 18 0.0002986258286523213
1 19 0.0005694080539715952
1 20 -0.004604241383016947
1 21 0.0007854083745458461
1 22 0.002215221567295185
1 23 -0.0009654530573220651
1 24 -0.008776544898436118
2 0 -1.097437305288469e-05
2 1 -0.0003470036141938755
2 2 1.992329624961233
2 3 0.0001494530929618972
2 4 -0.0007640844835815703
2 5 -0.0001212936992131984
2 6 -0.000462579967152785
2 7 0.001006565865710666
2 8 -0.0005262046309471983
2 9 -0.002627797810205957
2 10 0.0009138518107558461
2 11 -0.0002305587504329515
2 12 0.001498065011918291
2 13 0.0002604613406665756
2 14 0.0003242926165590539
2 15 0.00204614845948817
2 16 -0.003282942192859926
2 17 0.002060121526915126
2 18 -0.0005462645985104957
2 19 0.001407067828512942
2 20 0.002445492618839468
2 21 0.0007673647973966515
2 22 -0.000316650182666013
2 23 0.0009859188102908677
2 24 0.003466334749003976
3 0 -4.213368488577531e-05
3 1 -0.0004094485133483372
3 2 0.0001494530929618958
3 3 1.989605506526062
3 4 -0.001348353874019317
3 5 0.001010628862701632
3 6 -0.0004367565983855077
3 7 -0.001129869289075783
3 8 -0.0003503208644787259
3 9 -0.0008269164424536278
3 10 0.0008000675213531685
3 11 -0.00053512474706766
3 12 -0.001930021368943556
3 13 1.048859259227999e-05
3 14 0.000259072117191486
3 15 -0.001428693497518178
3 16 0.0003936765719457745
3 17 0.001709803880930978
3 18 -0.0002037560717582844
3 19 0.0009002674237361646
3 20 0.0004568422443912405
3 21 -0.001699948008713148
3 22 0.001712062243449833
3 23 -0.0005601094590077934
3 24 0.001203955679904431
4 0 -8.607582699614392e-05
4 1 -0.002047295544445866
4 2 -0.0007640844835815736
4 3 -0.001348353874019359
4 4 1.984948642045902
4 5 0.0008512233592139485
4 6 0.001063606639319177
4 7 0.0006044939839559596
4 8 0.00191184573062359
4 9 0.0004321377992367804
4 10 0.003975421520537956
4 11 -0.006444853709186347
4 12 -0.000649938255164812
4 13 -0.0001204118766798076
4 14 0.00107141132288187
4 15 -0.006468108044817367
4 16 0.0009349543646924805
4 17 -0.0004703194769674937
4 18 6.904608873026659e-05
4 19 -0.0002654435111455219
4 20 0.001772714038979145
4 21 0.0001182814182864176
4 22 -0.0007830266346103095
4 23 0.00203801167693687
4 24 0.005587068391250385
5 0 3.065888419942222e-05
5 1 -0.0006938942317712305
5 2 -0.0001212936992131853
5 3 0.001010628862701625
5 4 0.0008512233592139343
5 5 1.983144019021275
5 6 0.0008786867342293642
5 7 0.0008351076009397159
5 8 0.000290844444008828
5 9 -0.001377371031746946
5 10 5.478568012049715e-05
5 11 -0.0008815736919789632
5 12 0.003682358091750819
5 13 0.0007396999975213348
5 14 0.0007243155848905405
5 15 -0.0001616198037987446
5 16 -0.001005507495498452
5 17 0.0002433630819861891
5 18 0.0002333159394717161
5 19 0.002632902950680334
5 20 0.002644746435364314
5 21 0.002547420569075952
5 22 -0.0002647051257071645
5 23 0.0005423706762918309
5 24 0.001577480262531235
6 0 -2.14494535977944e-05
6 1 0.0005204985071786468
6 2 -0.0004625799671528194
6 3 -0.0004367565983854964
6 4 0.00106360663931917
6 5 0.0008786867342293724
6 6 1.984337174547972
6 7 -0.0004891167610697747
6 8 0.001363373934114854
6 9 0.002944824675270513
6 10 0.002960330776395582
6 11 -0.002809588963333829
6 12 -0.003183323652942708
6 13 -0.001622192265712696
6 14 -0.002585157811180922
6 15 -0.0005401184090622471
6 16 0.003929008026798398
6 17 0.001519823750897365
6 18 -0.000812058634061003
6 19 -0.002629801320432885
6 20 -0.0009748908589495707
6 21 -7.976717176368252e-06
6 22 0.0003554086070648704
6 23 0.001713419326174103
6 24 0.002029903242611457
7 0 -5.154148568990676e-05
7 1 -0.002691507324046788
7 2 0.001006565865710687
7 3 -0.001129869289075795
7 4 0.0006044939839559679
7 5 0.0008351076009396863
7 6 -0.0004891167610697611
7 7 1.979389128261482
7 8 0.000688738740569773
7 9 -0.001943838697768161
7 10 -0.002530364039656878
7 11 -0.001825776785558576
7 12 -0.004763117594497436
7 13 0.00638399081356756
7 14 0.008717899941708466
7 15 0.003777426049681733
7 16 4.66399284812434e-05
7 17 0.004719946071519504
7 18 -0.0003396724252832564
7 19 0.0001114814946362027
7 20 -0.002624467392861959
7 21 -0.0006883287249107794
7 22 -0.001229950957143398
7 23 0.0004531577753782317
7 24 -0.001411656388849676
8 0 -7.464344927217393e-07
8 1 0.000550450561585257
8 2 -0.0005262046309472077
8 3 -0.0003503208644787292
8 4 0.001911845730623573
8 5 0.0002908444440088214
8 6 0.001363373934114844
8 7 0.000688738740569809
8 8 1.980357947262967
8 9 0.004664983459605818
8 10 0.006687902932110418
8 11 -0.000926185422814915
8 12 -0.002084904009694606
8 13 -0.0095719221296823
8 14 -0.01515496606426963
8 15 0.0001623041745506806
8 16 -0.00413100636720759
8 17 0.0005020368880693377
8 18 -0.002640491802164237
8 19 -0.003010856346915274
8 20 0.001986319709319436
8 21 0.001045573506628895
8 22 0.001179671350765321
8 23 -0.0002822029830629291
8 24 0.0008370073270308489
9 0 -3.634044674542953e-06
9 1 0.005859045403957954
9 2 -0.002627797810205972
9 3 -0.0008269164424536397
9 4 0.0004321377992367646
9 5 -0.001377371031746966
9 6 0.002944824675270505
9 7 -0.001943838697768169
9 8 0.004664983459605698
9 9 1.982924488932399
9 10 -0.00274302238605518
9 11 -0.007559352061185206
9 12 -0.000698925544584249
9 13 0.01042238642029375
9 14 0.01641325388846743
9 15 0.0006849133653025007
9 16 0.001149550723040307
9 17 0.001995353094388365
9 18 0.003115082366678065
9 19 0.002899424076198296
9 20 0.0004451214626571089
9 21 0.0009424196756242719
9 22 -0.0001149294110332906
9 23 0.001556109060905177
9 24 0.009630265961562891
10 0 5.46432428963741e-05
10 1 -0.002574614022193128
10 2 0.0009138518107558295
10 3 0.0008000675213531766
10 4 0.003975421520537783
10 5 5.47856801205007e-05
10 6 0.002960330776395477
10 7 -0.002530364039656805
10 8 0.006687902932110169
10 9 -0.002743022386055089
10 10 1.965840707169347
10 11 -0.006741157628402479
10 12 0.002943145420433823
10 13 0.0264358040382416
10 14 0.05024731820191262
10 15 0.002470681074759906
10 16 0.0005101834038715196
10 17 0.0009113358457768117
10 18 0.01069753165196681
10 19 0.004347938781544259
10 20 -0.001379322686705741
10 21 0.0003893073569036616
10 22 -0.001091185062713361
10 23 -0.002544492028520045
10 24 -0.00821372415531757
11 0 -6.921231972917161e-05
11 1 0.002668561315180672
11 2 -0.0002305587504329334
11 3 -0.0005351247470676224
11 4 -0.006444853709186403
11 5 -0.0008815736919789395
11 6 -0.002809588963333892
11 7 -0.001825776785558553
11 8 -0.0009261854228149257
11 9 -0.007559352061185107
11 10 -0.006741157628402375
11 11 1.982567320336034
11 12 -0.001223796983115642
11 13 0.01083220462184397
11 14 0.0257504873848505
11 15 0.001609896601715955
11 16 0.00179192341032946
11 17 0.005025876122233134
11 18 0.005669733530226474
11 19 -0.001575029734956772
11 20 -0.001225748629517192
11 21 -0.001742259124957278
11 22 -0.0009719246850218043
11 23 0.004881495561708768
11 24 0.008136972253236507
12 0 -4.590656840311683e-05
12 1 0.0006116601212400525
12 2 0.001498065011918307
12 3 -0.001930021368943511
12 4 -0.0006499382551648456
12 5 0.003682358091750716
12 6 -0.003183323652942696
12 7 -0.0047631175944976
12 8 -0.002084904009694614
12 9 -0.0006989255445842887
12 10 0.002943145420433853
12 11 -0.001223796983115655
12 12 1.980365566658116
12 13 -0.001839514863915795
12 14 0.003787661029800288
12 15 -0.006307428206086539
12 16 -0.03599859665123352
12 17 -0.003258385256233586
12 18 0.001543405318222882
12 19 0.01296586639862577
12 20 0.003848632798419196
12 21 0.008107549091036415
12 22 -0.007428667157415542
12 23 -0.02804611207698336
12 24 0.005234441792799695
13 0 -1.653696337754104e-06
13 1 -0.0002357914410988731
13 2 0.000260461340666558
13 3 1.048859259226446e-05
13 4 -0.0001204118766797579
13 5 0.0007396999975214033
13 6 -0.001622192265712632
13 7 0.006383990813567043
13 8 -0.00957192212968158
13 9 0.01042238642029315
13 10 0.02643580403824096
13 11 0.01083220462184422
13 12 -0.001839514863915859
13 13 1.935944727219769
13 14 0.009166241512353989
13 15 0.002641281390748108
13 16 0.002692258832499139
13 17 0.003597107501964493
13 18 0.01357004172291688
13 19 0.001799763110809641
13 20 -0.001895106763306101
13 21 -0.0007538178274278288
13 22 -0.00101742203364415
13 23 0.001567565920355935
13 24 -0.001525126252455977
14 0 -7.702449497391552e-06
14 1 0.0001866573989398546
14 2 0.0003242926165590666
14 3 0.0002590721171914654
14 4 0.00107141132288181
14 5 0.0007243155848905313
14 6 -0.002585157811180789
14 7 0.008717899941710036
14 8 -0.01515496606426966
14 9 0.0164132538884676
14 10 0.05024731820191411
14 11 0.025750487384849
14 12 0.003787661029800208
14 13 0.009166241512354217
14 14 0.1009633044307829
14 15 0.004609832043439961
14 16 0.004587703503665971
14 17 0.003971158203339946
14 18 0.007200428454351027
14 19 0.008793125446504721
14 20 -0.003999202006078125
14 21 -3.266051108231363e-05
14 22 -0.0007375431976395271
14 23 -0.0003812298781325264
14 24 -0.0002459036521973699
15 0 0.0002243615653081172
15 1 -0.0007159593779609793
15 2 0.002046148459488212
15 3 -0.001428693497518189
15 4 -0.006468108044817568
15 5 -0.0001616198037987469
15 6 -0.0005401184090622627
15 7 0.003777426049681753
15 8 0.0001623041745506484
15 9 0.0006849133653025121
15 10 0.002470681074759914
15 11 0.00160989660171583
15 12 -0.00630742820608711
15 13 0.002641281390748056
15 14 0.004609832043440025
15 15 0.02381761173865726
15 16 0.001826116739930248
15 17 0.00207744614953646
15 18 7.383655628975635e-05
15 19 -0.003078470531509393
15 20 0.0003540292484902524
15 21 -0.005050763465468303
15 22 -0.006158297964077155
15 23 -0.0005908491646730862
15 24 -0.0003717729542802227
16 0 9.185443561305791e-05
16 1 -0.003800444316786029
16 2 -0.003282942192859902
16 3 0.0003936765719457524
16 4 0.0009349543646924786
16 5 -0.001005507495498491
16 6 0.003929008026798048
16 7 4.663992848142197e-05
16 8 -0.004131006367207658
16 9 0.001149550723040291
16 10 0.0005101834038714846
16 11 0.001791923410329686
16 12 -0.03599859665123006
16 13 0.002692258832499264
16 14 0.004587703503666003
16 15 0.00182611673993035
16 16 0.02002240565489095
16 17 0.004045258846644895
16 18 -1.057852629027561e-05
16 19 -0.002717236438407812
16 20 -5.807839263051042e-05
16 21 -0.003738953869716465
16 22 -0.004639399623361122
16 23 0.006906398715804417
16 24 0.0007220496518233548
17 0 0.000122222292581758
17 1 -0.002471833214303672
17 2 0.002060121526915048
17 3 0.001709803880930971
17 4 -0.0004703194769675071
17 5 0.0002433630819861626
17 6 0.001519823750897266
17 7 0.004719946071519373
17 8 0.0005020368880693328
17 9 0.001995353094388395
17 10 0.0009113358457768443
17 11 0.00502587612223296
17 12 -0.003258385256233542
17 13 0.003597107501964556
17 14 0.003971158203339988
17 15 0.002077446149536445
17 16 0.004045258846645011
17 17 0.01536087007636372
17 18 -0.002908535401157648
17 19 4.247445346462932e-05
17 20 0.002082314855483183
17 21 -0.001066820943998056
17 22 0.002228178184768744
17 23 0.0001195518086216058
17 24 0.002732120819513866
18 0 -1.336868036631579e-05
18 1 0.0002986258286523102
18 2 -0.0005462645985104849
18 3 -0.0002037560717582882
18 4 6.904608873026753e-05
18 5 0.0002333159394717143
18 6 -0.0008120586340610537
18 7 -0.0003396724252832711
18 8 -0.002640491802164287
18 9 0.003115082366678021
18 10 0.01069753165196738
18 11 0.005669733530226097
18 12 0.001543405318222875
18 13 0.01357004172291672
18 14 0.007200428454351219
18 15 7.383655628974521e-05
18 16 -1.057852629027498e-05
18 17 -0.002908535401157646
18 18 0.003602836753486619
18 19 -0.001531318536236301
18 20 3.683721927172873e-05
18 21 -0.0007196562533964555
18 22 -0.0001535454471399368
18 23 -0.000126990984940796
18 24 -0.0001932865615922562
19 0 -1.508444251046445e-05
19 1 0.0005694080539715586
19 2 0.001407067828512939
19 3 0.0009002674237361555
19 4 -0.0002654435111455141
19 5 0.00263290295068035
19 6 -0.002629801320432817
19 7 0.0001114814946362038
19 8 -0.003010856346915383
19 9 0.002899424076198235
19 10 0.004347938781544157
19 11 -0.001575029734956771
19 12 0.01296586639862618
19 13 0.001799763110809698
19 14 0.00879312544650422
19 15 -0.003078470531509344
19 16 -0.002717236438407843
19 17 4.247445346462403e-05
19 18 -0.001531318536236292
19 19 0.01672213588501513
19 20 -0.001505035153636883
19 21 -0.0005323530232901332
19 22 -0.002962099317400982
19 23 -0.001429983273130552
19 24 0.0002333368575517018
20 0 0.0002947605445729456
20 1 -0.004604241383016898
20 2 0.002445492618839412
20 3 0.0004568422443912502
20 4 0.001772714038979154
20 5 0.002644746435364337
20 6 -0.0009748908589495169
20 7 -0.002624467392861984
20 8 0.001986319709319426
20 9 0.0004451214626569568
20 10 -0.001379322686705741
20 11 -0.001225748629517251
20 12 0.003848632798419237
20 13 -0.001895106763306113
20 14 -0.003999202006078621
20 15 0.0003540292484902606
20 16 -5.807839263050949e-05
20 17 0.00208231485548312
20 18 3.683721927172265e-05
20 19 -0.001505035153636918
20 20 0.01972483168251231
20 21 -0.0009409419738084663
20 22 -0.004193050111024691
20 23 -0.0005691229399752275
20 24 0.00347798261725871
21 0 -6.869717419978036e-05
21 1 0.0007854083745458473
21 2 0.0007673647973966723
21 3 -0.001699948008713133
21 4 0.0001182814182863727
21 5 0.002547420569076086
21 6 -7.976717176367033e-06
21 7 -0.0006883287249108141
21 8 0.001045573506628911
21 9 0.0009424196756242162
21 10 0.0003893073569036562
21 11 -0.001742259124957249
21 12 0.008107549091036262
21 13 -0.0007538178274278458
21 14 -3.266051108228918e-05
21 15 -0.005050763465468249
21 16 -0.003738953869716515
21 17 -0.001066820943998084
21 18 -0.0007196562533964609
21 19 -0.000532353023290135
21 20 -0.0009409419738084451
21 21 0.01309546234332111
21 22 -0.001013902898908448
21 23 -0.0003848854142964958
21 24 0.0002844192086514953
22 0 -0.0002254963286348079
22 1 0.002215221567295159
22 2 -0.0003166501826660185
22 3 0.001712062243449933
22 4 -0.0007830266346102589
22 5 -0.0002647051257071567
22 6 0.0003554086070648683
22 7 -0.001229950957143349
22 8 0.00117967135076541
22 9 -0.0001149294110332753
22 10 -0.001091185062713424
22 11 -0.0009719246850218085
22 12 -0.007428667157415312
22 13 -0.001017422033644133
22 14 -0.0007375431976395204
22 15 -0.006158297964077245
22 16 -0.00463939962336101
22 17 0.002228178184768676
22 18 -0.0001535454471399371
22 19 -0.002962099317400996
22 20 -0.004193050111024651
22 21 -0.001013902898908471
22 22 0.01209079818195464
22 23 0.003066306958496275
22 24 -0.001979097660613289
23 0 -0.0001577118105798069
23 1 -0.0009654530573221518
23 2 0.0009859188102908571
23 3 -0.0005601094590077936
23 4 0.002038011676936878
23 5 0.0005423706762918786
23 6 0.001713419326174151
23 7 0.0004531577753783024
23 8 -0.0002822029830629162
23 9 0.001556109060905175
23 10 -0.002544492028520209
23 11 0.004881495561708721
23 12 -0.02804611207698426
23 13 0.001567565920355822
23 14 -0.0003812298781325746
23 15 -0.0005908491646731167
23 16 0.006906398715804465
23 17 0.0001195518086215981
23 18 -0.0001269909849408095
23 19 -0.001429983273130532
23 20 -0.0005691229399752127
23 21 -0.0003848854142964702
23 22 0.003066306958496249
23 23 0.01957306436009356
23 24 -0.0002999992727091477
24 0 0.0004483222779536558
24 1 -0.008776544898436208
24 2 0.003466334749003964
24 3 0.001203955679904458
24 4 0.005587068391250478
24 5 0.001577480262531165
24 6 0.002029903242611463
24 7 -0.001411656388849734
24 8 0.0008370073270308404
24 9 0.009630265961562742
24 10 -0.00821372415531762
24 11 0.008136972253236629
24 12 0.00523444179279965
24 13 -0.001525126252455953
24 14 -0.0002459036521972185
24 15 -0.00037177295428024
24 16 0.0007220496518233976
24 17 0.00273212081951392
24 18 -0.0001932865615922814
24 19 0.000233336857551694
24 20 0.003477982617258978
24 21 0.0002844192086514888
24 22 -0.001979097660613232
24 23 -0.0002999992727091368
24 24 0.02016768345208033
