0 0 1.999986279864411
0 1 -6.912647096581045e-06
0 2 -1.770782567987797e-05
0 3 1.329621500254762e-05
0 4 3.489710127522078e-05
0 5 2.197358143607649e-05
0 6 5.317940127196172e-06
0 7 -5.334670055158533e-06
0 8 5.268893048885313e-06
0 9 -1.442873662352304e-05
0 10 2.396524702657181e-07
0 11 -1.576938495470755e-05
0 12 3.118804208948422e-06
0 13 1.76364863726257e-05
0 14 4.122611553941767e-05
0 15 8.131003365629863e-06
0 16 1.628326987341601e-05
0 17 8.639849010824651e-06
0 18 3.598169080123607e-05
0 19 -2.424087176463854e-05
0 20 -5.086443973147909e-05
0 21 1.94032344771274e-05
1 0 -6.912647096581013e-06
1 1 1.990475172622688
1 2 -4.614594155021395e-05
1 3 0.0001584013472892248
1 4 -0.00111118618086304
1 5 0.0006960497567293238
1 6 -0.0004716915811525604
1 7 -0.00103999781341545
1 8 0.001235525936836714
1 9 0.0006320890708649291
1 10 -0.0003630089004068035
1 11 -6.590668266968757e-05
1 12 -0.0002261987212799029
1 13 -0.002498748250938989
1 14 -0.001664567021452093
1 15 0.002719530318163564
1 16 -0.0002575463871182545
1 17 -0.003017991459577016
1 18 -0.003944479383141635
1 19 0.002247321146285388
1 20 0.0008401301973749569
1 21 0.002688652643941531
2 0 -1.770782567987807e-05
2 1 -4.614594155021137e-05
2 2 1.989822411259597
2 3 0.00208034228586006
2 4 0.0005473658318504394
2 5 0.001872475163122223
2 6 -4.378856144380011e-05
2 7 0.0001367577263475373
2 8 -0.003899468105256043
2 9 -0.0002979307454955485
2 10 0.000214148959077668
2 11 0.001433971224466298
2 12 -0.0006421245636839264
2 13 0.0007965094392887993
2 14 -0.003053851511942651
2 15 -0.000650718045941123
2 16 -0.004677678142546233
2 17 0.001258904701275509
2 18 0.00350553610515785
2 19 0.0008231984285534642
2 20 -0.0001285910303208233
2 21 -0.005469282241510196
3 0 1.329621500254879e-05
3 1 0.0001584013472892194
3 2 0.002080342285860062
3 3 1.988404777641214
3 4 -5.289348795434194e-05
3 5 0.002275853930864748
3 6 -0.0044982210305433
3 7 -0.0006444609246735403
3 8 -0.0004263584791673198
3 9 0.0001236395100773859
3 10 0.0001090544597903661
3 11 -0.002544149049439431
3 12 0.0005590197252036427
3 13 0.0002469210950443857
3 14 0.003095962982136788
3 15 -0.0003891123216120116
3 16 0.0002296485283765864
3 17 0.002350190163067007
3 18 -0.004245827869824611
3 19 0.005870685067139288
3 20 -0.00154909441533273
3 21 0.006341188341853347
4 0 3.489710127522143e-05
4 1 -0.001111186180863055
4 2 0.0005473658318504095
4 3 -5.289348795436215e-05
4 4 1.98412337356134
4 5 -0.004471062567089761
4 6 -0.004965384117003853
4 7 0.00187224418586843
4 8 -0.0008968104145330072
4 9 0.0007345819884592338
4 10 2.413191962690003e-05
4 11 0.00532012846198192
4 12 -0.0008011776474038293
4 13 -0.0003962677639372264
4 14 -9.762712011365834e-05
4 15 0.003669924873259006
4 16 0.001138371484315844
4 17 -0.0006985210545647344
4 18 0.00167687810332068
4 19 -0.002255089466658497
4 20 -0.0001105837201994316
4 21 -0.005450760328836289
5 0 2.197358143607679e-05
5 1 0.0006960497567293152
5 2 0.001872475163122216
5 3 0.002275853930864712
5 4 -0.004471062567089716
5 5 1.981996158691852
5 6 0.005704822026413143
5 7 -0.0003682134095736613
5 8 -0.0002730584177962743
5 9 0.0003564574393127627
5 10 -0.001064952643794402
5 11 0.003353787991327153
5 12 0.001784123854457959
5 13 0.01074324090085253
5 14 0.002156785824674191
5 15 0.004510617506848987
5 16 -0.003563944369260392
5 17 -0.0009511425458567353
5 18 0.001094382614194602
5 19 -0.001058934142254656
5 20 -0.0005127109561535947
5 21 -0.01209200439933659
6 0 5.317940127195869e-06
6 1 -0.0004716915811525611
6 2 -4.37885614437988e-05
6 3 -0.004498221030543328
6 4 -0.004965384117003903
6 5 0.00570482202641313
6 6 1.993360640860739
6 7 5.683399385956849e-05
6 8 -0.003092666553874341
6 9 0.001098221867264312
6 10 0.001867903856877904
6 11 -0.001127853233459018
6 12 -0.0005773230670765212
6 13 -0.002355307972746971
6 14 -0.002907496359018603
6 15 -0.0009094970902814258
6 16 -0.0004662509280378669
6 17 -0.0008024677874625217
6 18 -0.0008466038787956864
6 19 0.0006549207922821066
6 20 -0.001348526917301132
6 21 0.003239855083782279
7 0 -5.334670055158488e-06
7 1 -0.001039997813415458
7 2 0.0001367577263475449
7 3 -0.0006444609246735371
7 4 0.001872244185868452
7 5 -0.0003682134095736798
7 6 5.683399385956784e-05
7 7 1.979682756422652
7 8 0.0001795084818549324
7 9 0.002082960028384983
7 10 -0.008003549431393971
7 11 -3.000009139501276e-05
7 12 0.0096276556081159
7 13 0.04070792527697283
7 14 0.005173354039586022
7 15 0.001689306384436997
7 16 -0.007892227863371008
7 17 0.001222973297682431
7 18 -0.005239287541975331
7 19 -0.002763155215994593
7 20 0.0007446770868990767
7 21 0.008000942452024871
8 0 5.268893048884517e-06
8 1 0.001235525936836721
8 2 -0.003899468105255928
8 3 -0.0004263584791673155
8 4 -0.0008968104145329777
8 5 -0.0002730584177962649
8 6 -0.003092666553874279
8 7 0.0001795084818549274
8 8 1.978819351917822
8 9 0.001936042856725032
8 10 -0.002987615247753235
8 11 -0.000356183409122872
8 12 0.003509619610664139
8 13 0.01488724077999554
8 14 0.001039363600006312
8 15 -0.002173840773201146
8 16 -0.0003853116458313073
8 17 0.0008399231809322689
8 18 -0.003209352608133314
8 19 -0.003489205964032899
8 20 -0.00143155368980563
8 21 -0.01195377490193707
9 0 -1.442873662352362e-05
9 1 0.0006320890708649278
9 2 -0.0002979307454955773
9 3 0.0001236395100773968
9 4 0.0007345819884592619
9 5 0.0003564574393128389
9 6 0.001098221867264314
9 7 0.002082960028384997
9 8 0.001936042856725068
9 9 1.978829652301895
9 10 0.007164329810076587
9 11 -0.001675358831702949
9 12 -0.008025170157247963
9 13 -0.02266294322707508
9 14 -0.004575455538391266
9 15 0.001657063117803277
9 16 0.003427618008759269
9 17 0.001492241747383699
9 18 0.001020206970745341
9 19 -0.0007627391224677464
9 20 0.001622491484826741
9 21 0.00107318546180142
10 0 2.396524702658419e-07
10 1 -0.0003630089004068189
10 2 0.0002141489590777002
10 3 0.0001090544597903367
10 4 2.413191962688609e-05
10 5 -0.001064952643794409
10 6 0.001867903856877889
10 7 -0.0080035494313936
10 8 -0.002987615247753329
10 9 0.007164329810076695
10 10 1.958580630169304
10 11 0.002253201362036442
10 12 0.02654592165926247
10 13 0.05211103808203477
10 14 0.002670920430460634
10 15 0.002973909722357619
10 16 -0.004909932300109906
10 17 0.0008695271716903292
10 18 -0.001836194741366401
10 19 0.002243057569529037
10 20 1.20102965434797e-05
10 21 0.0003637708470581462
11 0 -1.576938495470742e-05
11 1 -6.590668266967729e-05
11 2 0.001433971224466266
11 3 -0.002544149049439481
11 4 0.005320128461981806
11 5 0.003353787991327132
11 6 -0.001127853233459015
11 7 -3.000009139498458e-05
11 8 -0.0003561834091228827
11 9 -0.00167535883170295
11 10 0.002253201362036444
11 11 1.984859502784931
11 12 -0.002883590233098387
11 13 -0.002723045690741854
11 14 -0.01240358434330989
11 15 -0.004977614646744996
11 16 -0.01909273658031539
11 17 -0.01894914118349105
11 18 0.009560558740370723
11 19 0.003608415351815128
11 20 -0.02612550432640764
11 21 0.007197599617850892
12 0 3.118804208948099e-06
12 1 -0.0002261987212798781
12 2 -0.0006421245636839415
12 3 0.000559019725203638
12 4 -0.0008011776474038494
12 5 0.001784123854457937
12 6 -0.0005773230670764556
12 7 0.009627655608116131
12 8 0.003509619610664058
12 9 -0.00802517015724763
12 10 0.02654592165926253
12 11 -0.002883590233098312
12 12 1.940439368423194
12 13 0.01245812470067166
12 14 0.006451236258547346
12 15 0.002113120206716097
12 16 -0.00962773279148842
12 17 0.002758808910838821
12 18 -0.003803422553290406
12 19 -4.798078794799087e-05
12 20 0.001547435259093353
12 21 -0.002551247651768475
13 0 1.763648637262492e-05
13 1 -0.002498748250938825
13 2 0.0007965094392887904
13 3 0.0002469210950443931
13 4 -0.0003962677639372301
13 5 0.0107432409008528
13 6 -0.002355307972746941
13 7 0.04070792527696999
13 8 0.014887240779997
13 9 -0.02266294322707589
13 10 0.05211103808203272
13 11 -0.002723045690741892
13 12 0.01245812470067184
13 13 0.1001950057697277
13 14 0.004030445599814374
13 15 0.002551730526416406
13 16 -0.005496413354430484
13 17 0.0001986815012430022
13 18 -0.002669763201703218
13 19 -0.0006699041363335811
13 20 -1.65520195672728e-05
13 21 -0.0006160585746961798
14 0 4.122611553941856e-05
14 1 -0.001664567021452022
14 2 -0.003053851511942673
14 3 0.003095962982136847
14 4 -9.762712011365904e-05
14 5 0.002156785824674207
14 6 -0.002907496359018602
14 7 0.005173354039586053
14 8 0.001039363600006322
14 9 -0.004575455538391053
14 10 0.00267092043046064
14 11 -0.01240358434330992
14 12 0.006451236258547263
14 13 0.004030445599814397
14 14 0.02252324318429129
14 15 0.0009524793340746048
14 16 0.002019633725695909
14 17 -3.853554046912931e-05
14 18 -0.000688361308298006
14 19 -0.003366956828448883
14 20 0.001532976452662061
14 21 0.000753863758308586
15 0 8.131003365629506e-06
15 1 0.002719530318163647
15 2 -0.0006507180459411361
15 3 -0.000389112321612018
15 4 0.003669924873258948
15 5 0.004510617506848833
15 6 -0.0009094970902814144
15 7 0.001689306384437036
15 8 -0.002173840773201184
15 9 0.001657063117803184
15 10 0.002973909722357688
15 11 -0.004977614646745065
15 12 0.002113120206716131
15 13 0.002551730526416391
15 14 0.0009524793340746399
15 15 0.01907569726778302
15 16 0.001128292520690198
15 17 1.452576596779986e-05
15 18 -0.0002157264208710396
15 19 -0.003729444641926356
15 20 0.002104479580578606
15 21 -8.922041085432216e-05
16 0 1.62832698734171e-05
16 1 -0.0002575463871182892
16 2 -0.004677678142546462
16 3 0.0002296485283765772
16 4 0.001138371484315896
16 5 -0.003563944369260361
16 6 -0.0004662509280378828
16 7 -0.00789222786337122
16 8 -0.000385311645831264
16 9 0.003427618008759317
16 10 -0.004909932300109785
16 11 -0.01909273658031575
16 12 -0.009627732791488892
16 13 -0.005496413354430305
16 14 0.002019633725695886
16 15 0.001128292520690189
16 16 0.0221956600056981
16 17 0.002102248173870489
16 18 -0.001248072982353198
16 19 0.001944225782523996
16 20 0.002992426558606646
16 21 0.0001881058466999481
17 0 8.639849010824551e-06
17 1 -0.003017991459576948
17 2 0.001258904701275529
17 3 0.00235019016306697
17 4 -0.0006985210545647481
17 5 -0.0009511425458567408
17 6 -0.000802467787462542
17 7 0.001222973297682437
17 8 0.0008399231809323135
17 9 0.001492241747383721
17 10 0.0008695271716903073
17 11 -0.01894914118349147
17 12 0.002758808910838882
17 13 0.0001986815012429858
17 14 -3.85355404691536e-05
17 15 1.452576596773177e-05
17 16 0.002102248173870492
17 17 0.01611111764047773
17 18 -0.004515744081969326
17 19 -0.002152990018123597
17 20 0.0003497451378705274
17 21 0.00115128700089985
18 0 3.598169080123583e-05
18 1 -0.003944479383141788
18 2 0.003505536105157952
18 3 -0.004245827869824567
18 4 0.001676878103320686
18 5 0.001094382614194583
18 6 -0.000846603878795678
18 7 -0.005239287541975527
18 8 -0.003209352608133502
18 9 0.001020206970745332
18 10 -0.001836194741366419
18 11 0.009560558740371186
18 12 -0.003803422553290262
18 13 -0.002669763201703142
18 14 -0.0006883613082980427
18 15 -0.0002157264208710428
18 16 -0.001248072982353322
18 17 -0.004515744081969291
18 18 0.02080407688548863
18 19 -0.003363061127816944
18 20 -0.003977792704909966
18 21 0.0003151988089927071
19 0 -2.424087176463849e-05
19 1 0.002247321146285342
19 2 0.0008231984285535243
19 3 0.005870685067139379
19 4 -0.002255089466658527
19 5 -0.001058934142254644
19 6 0.0006549207922821002
19 7 -0.002763155215994641
19 8 -0.003489205964032925
19 9 -0.000762739122467756
19 10 0.002243057569529049
19 11 0.00360841535181506
19 12 -4.798078794799064e-05
19 13 -0.0006699041363336382
19 14 -0.003366956828448931
19 15 -0.003729444641926389
19 16 0.001944225782524029
19 17 -0.002152990018123585
19 18 -0.003363061127817009
19 19 0.01134349801188817
19 20 0.000298071425364683
19 21 0.0008970241093899257
20 0 -5.086443973147961e-05
20 1 0.0008401301973749367
20 2 -0.0001285910303207976
20 3 -0.00154909441533274
20 4 -0.0001105837201995019
20 5 -0.0005127109561535196
20 6 -0.001348526917301126
20 7 0.0007446770868990736
20 8 -0.001431553689805611
20 9 0.001622491484826691
20 10 1.201029654346989e-05
20 11 -0.02612550432640802
20 12 0.001547435259093345
20 13 -1.655201956730549e-05
20 14 0.001532976452662048
20 15 0.002104479580578543
20 16 0.002992426558606607
20 17 0.0003497451378705217
20 18 -0.003977792704909973
20 19 0.0002980714253646785
20 20 0.02137613773157034
20 21 0.0005586924922207263
21 0 1.940323447712754e-05
21 1 0.002688652643941494
21 2 -0.00546928224151028
21 3 0.006341188341853391
21 4 -0.005450760328836209
21 5 -0.01209200439933648
21 6 0.003239855083782314
21 7 0.008000942452025085
21 8 -0.01195377490193713
21 9 0.001073185461801428
21 10 0.000363770847058157
21 11 0.007197599617851061
21 12 -0.002551247651768555
21 13 -0.0006160585746961703
21 14 0.0007538637583085395
21 15 -8.922041085434007e-05
21 16 0.0001881058466999133
21 17 0.001151287000899831
21 18 0.0003151988089926653
21 19 0.000897024109389919
21 20 0.0005586924922207177
21 21 0.01699548685004651
