00000111111111
00001011111111
00001101111111
00001110111111
00001111011111
00001111101111
00001111110111
00001111111011
00001111111101
00001111111110
00010011111111
00010101111111
00010110111111
00010111011111
00010111101111
00010111110111
00010111111011
00010111111101
00010111111110
00011001111111
00011010111111
00011011011111
00011011101111
00011011110111
00011011111011
00011011111101
00011011111110
00011100111111
00011101011111
00011101101111
00011101110111
00011101111011
00011101111101
00011101111110
00011110011111
00011110101111
00011110110111
00011110111011
00011110111101
00011110111110
00011111001111
00011111010111
00011111011011
00011111011101
00011111011110
00011111100111
00011111101011
00011111101101
00011111101110
00011111110011
00011111110101
00011111110110
00011111111001
00011111111010
00011111111100
00100011111111
00100101111111
00100110111111
00100111011111
00100111101111
00100111110111
00100111111011
00100111111101
00100111111110
00101001111111
00101010111111
00101011011111
00101011101111
00101011110111
00101011111011
00101011111101
00101011111110
00101100111111
00101101011111
00101101101111
00101101110111
00101101111011
00101101111101
00101101111110
00101110011111
00101110101111
00101110110111
00101110111011
00101110111101
00101110111110
00101111001111
00101111010111
00101111011011
00101111011101
00101111011110
00101111100111
00101111101011
00101111101101
00101111101110
00101111110011
00101111110101
00101111110110
00101111111001
00101111111010
00101111111100
00110001111111
00110010111111
00110011011111
00110011101111
00110011110111
00110011111011
00110011111101
00110011111110
00110100111111
00110101011111
00110101101111
00110101110111
00110101111011
00110101111101
00110101111110
00110110011111
00110110101111
00110110110111
00110110111011
00110110111101
00110110111110
00110111001111
00110111010111
00110111011011
00110111011101
00110111011110
00110111100111
00110111101011
00110111101101
00110111101110
00110111110011
00110111110101
00110111110110
00110111111001
00110111111010
00110111111100
00111000111111
00111001011111
00111001101111
00111001110111
00111001111011
00111001111101
00111001111110
00111010011111
00111010101111
00111010110111
00111010111011
00111010111101
00111010111110
00111011001111
00111011010111
00111011011011
00111011011101
00111011011110
00111011100111
00111011110011
00111011110101
00111011110110
00111100011111
00111100101111
00111100110111
00111100111011
00111100111101
00111100111110
00111101001111
00111101010111
00111101011011
00111101011101
00111101011110
00111101110101
00111110001111
00111110010111
00111110011011
00111110011101
00111110011110
00111110100111
00111110101011
00111110101101
00111110101110
00111110110011
00111110110101
00111110111001
00111110111010
00111111000111
00111111001011
00111111001101
00111111001110
00111111010101
00111111100101
00111111110001
00111111110100
01000011111111
01000101111111
01000110111111
01000111011111
01000111101111
01000111110111
01000111111011
01000111111101
01000111111110
01001001111111
01001010111111
01001011011111
01001011101111
01001011110111
01001011111011
01001011111101
01001011111110
01001100111111
01001101011111
01001101101111
01001101110111
01001101111011
01001101111101
01001101111110
01001110011111
01001110101111
01001110110111
01001110111011
01001110111101
01001110111110
01001111001111
01001111010111
01001111011011
01001111011101
01001111011110
01001111100111
01001111101011
01001111101101
01001111101110
01001111110011
01001111110101
01001111110110
01001111111001
01001111111010
01001111111100
01010001111111
01010010111111
01010011011111
01010011101111
01010011110111
01010011111011
01010011111101
01010011111110
01010100111111
01010101011111
01010101101111
01010101110111
01010101111011
01010101111101
01010101111110
01010110011111
01010110101111
01010110110111
01010110111011
01010110111101
01010110111110
01010111001111
01010111010111
01010111011011
01010111011101
01010111011110
01010111100111
01010111101011
01010111101101
01010111101110
01010111110011
01010111110101
01010111110110
01010111111001
01010111111010
01010111111100
01011000111111
01011001011111
01011001101111
01011001110111
01011001111011
01011001111101
01011001111110
01011010011111
01011010101111
01011010110111
01011010111011
01011010111101
01011010111110
01011011001111
01011011010111
01011011011101
01011011100111
01011011101011
01011011101101
01011011101110
01011011110011
01011011110101
01011011110110
01011100011111
01011100101111
01011100110111
01011100111011
01011100111101
01011100111110
01011101001111
01011101010111
01011101011011
01011101011101
01011101011110
01011101110101
01011110001111
01011110010111
01011110011011
01011110011101
01011110011110
01011110100111
01011110101011
01011110101101
01011110101110
01011110110011
01011110110101
01011110110110
01011110111001
01011110111010
01011111000111
01011111001011
01011111001101
01011111001110
01011111010011
01011111010101
01011111010110
01011111011001
01011111011100
01011111100101
01011111110001
01011111110100
01100001111111
01100010111111
01100011011111
01100011101111
01100011110111
01100011111011
01100011111101
01100011111110
01100100111111
01100101011111
01100101101111
01100101110111
01100101111011
01100101111101
01100101111110
01100110011111
01100110101111
01100110110111
01100110111011
01100110111101
01100110111110
01100111001111
01100111010111
01100111011011
01100111011101
01100111011110
01100111100111
01100111101011
01100111101101
01100111101110
01100111110011
01100111110101
01100111110110
01100111111001
01100111111010
01100111111100
01101000111111
01101001011111
01101001101111
01101001110111
01101001111011
01101001111101
01101001111110
01101010011111
01101010101111
01101010110111
01101010111011
01101010111101
01101010111110
01101011001111
01101011010111
01101011011011
01101011011101
01101011011110
01101011100111
01101011110011
01101011110101
01101011110110
01101100011111
01101100110111
01101101001111
01101101010111
01101101011011
01101101011101
01101101011110
01101101100111
01101101110011
01101101110101
01101101110110
01101110001111
01101110010111
01101110011101
01101110100111
01101110110011
01101110110101
01101110110110
01101111000111
01101111001011
01101111001101
01101111001110
01101111010011
01101111010101
01101111010110
01101111011001
01101111011100
01101111100101
01101111110001
01101111110100
01110000111111
01110001011111
01110001101111
01110001110111
01110001111011
01110001111101
01110001111110
01110010101111
01110010110111
01110011001111
01110011010111
01110011100111
01110011101011
01110011101101
01110011101110
01110011110011
01110011110101
01110011110110
01110100011111
01110100101111
01110100110111
01110101001111
01110101010111
01110101011011
01110101011101
01110101011110
01110101100111
01110101110011
01110101110101
01110101110110
01110110001111
01110110010111
01110110100111
01110110101011
01110110101101
01110110101110
01110110110011
01110110110101
01110110110110
01110111000111
01110111001011
01110111001101
01110111001110
01110111010011
01110111010101
01110111010110
10000011111111
10000101111111
10000110111111
10000111011111
10000111101111
10000111110111
10000111111011
10000111111101
10000111111110
10001001111111
10001010111111
10001011011111
10001011101111
10001011110111
10001011111011
10001011111101
10001011111110
10001100111111
10001101011111
10001101101111
10001101110111
10001101111011
10001101111101
10001101111110
10001110011111
10001110101111
10001110110111
10001110111011
10001110111101
10001110111110
10001111001111
10001111010111
10001111011011
10001111011101
10001111011110
10001111100111
10001111101011
10001111101101
10001111101110
10001111110011
10001111110101
10001111110110
10001111111001
10001111111010
10001111111100
10010001111111
10010010111111
10010011011111
10010011101111
10010011110111
10010011111011
10010011111101
10010011111110
10010100111111
10010101011111
10010101101111
10010101110111
10010101111011
10010101111101
10010101111110
10010110011111
10010110101111
10010110110111
10010110111011
10010110111101
10010110111110
10010111001111
10010111010111
10010111011011
10010111011101
10010111011110
10010111100111
10010111101011
10010111101101
10010111101110
10010111110011
10010111110101
10010111110110
10010111111001
10010111111010
10010111111100
10011000111111
10011001011111
10011001101111
10011001110111
10011001111011
10011001111101
10011001111110
10011010011111
10011010101111
10011010110111
10011010111011
10011010111101
10011010111110
10011011001111
10011011010111
10011011011011
10011011011101
10011011011110
10011011100111
10011011101011
10011011110011
10011011110101
10011011110110
10011100011111
10011100101111
10011100110111
10011100111011
10011100111101
10011100111110
10011101001111
10011101010111
10011101011011
10011101011101
10011101011110
10011101101011
10011110001111
10011110010111
10011110011011
10011110011101
10011110011110
10011110101011
10011110110011
10011110111001
10011110111010
10011111000111
10011111001011
10011111001101
10011111001110
10011111010011
10011111010101
10011111010110
10011111011001
10011111011010
10011111100011
10011111101001
10011111101010
10100001111111
10100010111111
10100011011111
10100011101111
10100011110111
10100011111011
10100011111101
10100011111110
10100100111111
10100101011111
10100101101111
10100101110111
10100101111011
10100101111101
10100101111110
10100110011111
10100110101111
10100110110111
10100110111011
10100110111101
10100110111110
10100111001111
10100111010111
10100111011011
10100111011101
10100111011110
10100111100111
10100111101011
10100111101101
10100111101110
10100111110011
10100111110101
10100111110110
10100111111001
10100111111010
10100111111100
10101000111111
10101001011111
10101001101111
10101001110111
10101001111011
10101001111101
10101001111110
10101010011111
10101011001111
10101011010111
10101011011011
10101011011101
10101011011110
10101011110101
10101101001111
10101101010111
10101101011011
10101101110101
10101110001111
10101110010111
10101110011011
10101110110101
10101111000111
10101111001011
10101111001101
10101111001110
10101111010011
10101111010101
10101111010110
10101111011001
10101111011010
10101111100101
10101111110001
10101111110100
10110001011111
10110001110111
10110010101111
10110010110111
10110011001111
10110011010111
10110011011011
10110011100111
10110011101011
10110011110011
10110011110101
10110011110110
10110100011111
10110100101111
10110101001111
10110101010111
10110101011011
10110101011101
10110101011110
10110101101011
10110110001111
10110110011011
10110110100111
10110110101011
10110110101101
10110110101110
10110111000111
10110111001011
10110111001101
10110111001110
10110111010011
10110111011001
10110111011010
10110111100011
10110111101001
10110111101010
11000001111111
11000010111111
11000011011111
11000011101111
11000011110111
11000011111011
11000011111101
11000011111110
11000100111111
11000101011111
11000101101111
11000101110111
11000101111011
11000101111101
11000101111110
11000110011111
11000110101111
11000110110111
11000110111011
11000110111101
11000110111110
11000111001111
11000111010111
11000111011011
11000111011101
11000111011110
11000111100111
11000111101011
11000111101101
11000111101110
11000111110011
11000111110101
11000111110110
11000111111001
11000111111010
11000111111100
11001000111111
11001001011111
11001001110111
11001010011111
11001010101111
11001010110111
11001010111011
11001010111101
11001010111110
11001011001111
11001011010111
11001011011011
11001011011101
11001011011110
11001011100111
11001011110011
11001011110101
11001011110110
11001100011111
11001100110111
11001101001111
11001101010111
11001101011011
11001101011101
11001101011110
11001101100111
11001101110011
11001101110101
11001101110110
11001110001111
11001110010111
11001110011011
11001110011101
11001110110101
11001111000111
11001111001011
11001111001101
11001111001110
11001111010011
11001111010101
11001111010110
11001111011001
11001111011010
11001111011100
11001111100101
11001111110001
11001111110100
11010000111111
11010001011111
11010001101111
11010001110111
11010001111011
11010001111101
11010001111110
11010010101111
11010010110111
11010011001111
11010011010111
11010011011011
11010011100111
11010011101011
11010011101101
11010011101110
11010011110011
11010011110101
11010011110110
11010100101111
11010100110111
11010101001111
11010101010111
11010101011011
11010101100111
11010101101011
11010101110011
11010101110101
11010101110110
11010110001111
11010110010111
11010110011011
11010110100111
11010110101011
11010110101101
11010110101110
11010110110011
11010110110101
11010110110110
11010111000111
11010111001011
11010111001101
11010111001110
11010111010011
11010111010101
11010111010110
11010111011001
11010111011010
11010111100011
11010111101001
11010111101010
11100001110111
11100010110111
11100011010111
11100100110111
11100101010111
11100101100111
11100101110011
11100101110101
11100101110110
11100110010111
11100110100111
11100110110011
11100110110101
11100110110110
11100111000111
11100111010011
11100111010101
11100111010110
