0 0 1.999966380290101
0 1 -2.176136387052775e-05
0 2 -2.911658800303765e-05
0 3 -8.953236265482057e-05
0 4 -8.298996789425315e-06
0 5 -4.852847365122121e-06
0 6 1.150293750946191e-05
0 7 -1.857017790566046e-05
0 8 -2.194754012590775e-05
0 9 -1.308398204412891e-05
0 10 2.477575159741967e-06
0 11 6.360018199923717e-06
0 12 -6.592585718283608e-05
0 13 -3.301737900717779e-05
0 14 6.939523008067696e-05
0 15 -0.0001548123934666449
0 16 3.533670881494108e-06
0 17 4.0212722221253e-05
0 18 -0.0002814155378169603
0 19 0.0001648654108787514
0 20 0.0001837242157281279
1 0 -2.176136387052784e-05
1 1 1.992309124561341
1 2 -0.0004149077220702391
1 3 -0.0007420998701093908
1 4 -0.002077666661239773
1 5 0.000614300425867342
1 6 -0.002500481800217152
1 7 -0.001525565324954384
1 8 0.0003851512763602492
1 9 -0.004599556899114419
1 10 -0.006536665269031993
1 11 0.0005345961064586319
1 12 0.0002117158405453045
1 13 0.0006401307048956458
1 14 -0.001333080310850932
1 15 0.001155501691741668
1 16 -0.0005217152007154584
1 17 0.0005852579928958246
1 18 0.001606801290006382
1 19 -0.0001320046002160418
1 20 -0.0002476004658183102
2 0 -2.911658800303765e-05
2 1 -0.000414907722070238
2 2 1.988066759161988
2 3 -0.0007691620191292671
2 4 -2.192275032853717e-05
2 5 0.002116174728993463
2 6 -0.0003458466848694302
2 7 0.0003800965130750357
2 8 0.0002576445175210461
2 9 0.001131854116251086
2 10 0.001691087513766678
2 11 -0.002068335202302783
2 12 2.639929380654923e-05
2 13 -0.002656626568892267
2 14 -0.001188458285497213
2 15 -0.001473908619249433
2 16 -0.001882164009062038
2 17 -0.002315860868082349
2 18 1.04836992006046e-05
2 19 0.0005124231024830909
2 20 -0.001002944330112968
3 0 -8.953236265482023e-05
3 1 -0.0007420998701093957
3 2 -0.0007691620191292697
3 3 1.984023726624458
3 4 0.001851443336107587
3 5 -0.00050281792079848
3 6 -0.001006096314840529
3 7 0.001394996636350396
3 8 -0.0004424628828250728
3 9 -0.0006655272166257258
3 10 0.003091136417463958
3 11 -0.0009157361963623535
3 12 0.002409972577808812
3 13 0.0001489547881544342
3 14 0.003606897843221052
3 15 -0.002043265570875148
3 16 -0.0001388777787043076
3 17 -0.001631167211439727
3 18 0.0002899445092725897
3 19 -0.002145826085746786
3 20 0.0005951937051082703
4 0 -8.298996789425336e-06
4 1 -0.002077666661239768
4 2 -2.192275032853796e-05
4 3 0.001851443336107599
4 4 1.97868952355428
4 5 0.0005017362146011282
4 6 0.002351040747805883
4 7 -0.0006674114909053407
4 8 -0.002433613017736207
4 9 -0.0008730347422297042
4 10 0.003939234645367759
4 11 -0.0006642395014609495
4 12 0.002906616671726098
4 13 0.001947014498143996
4 14 0.003944907013602885
4 15 -0.004193554756036443
4 16 0.003624048683557219
4 17 -0.0009213796963536348
4 18 -0.000545715834481312
4 19 0.0005890562865809869
4 20 -0.0001643071261810604
5 0 -4.852847365121769e-06
5 1 0.000614300425867325
5 2 0.002116174728993441
5 3 -0.0005028179207984711
5 4 0.0005017362146011244
5 5 1.983193321382046
5 6 0.000497554929435905
5 7 -2.676315363250978e-05
5 8 0.004170941509624593
5 9 0.004552567386004249
5 10 -0.002986598356515806
5 11 0.01107234543298856
5 12 0.0005730481415568473
5 13 0.002039697079300148
5 14 -0.0008671345924445028
5 15 0.005497272140781852
5 16 0.00605416804204444
5 17 -0.001074181399095525
5 18 -0.00195830487874107
5 19 0.001385717942767079
5 20 -0.0002590658387858835
6 0 1.15029375094618e-05
6 1 -0.002500481800217159
6 2 -0.0003458466848694291
6 3 -0.001006096314840559
6 4 0.002351040747805886
6 5 0.0004975549294359073
6 6 1.976217613729322
6 7 0.001765014924958149
6 8 0.003555358104938115
6 9 0.001538363734478194
6 10 7.771073456795762e-05
6 11 -0.0008737103792820902
6 12 0.00079566185730887
6 13 -0.001873934606584907
6 14 0.003388433534910484
6 15 -0.003220130596588304
6 16 -0.001040243973620204
6 17 -0.001140890053603113
6 18 -2.446481207288547e-05
6 19 -0.0006165648863276424
6 20 1.899260727605714e-06
7 0 -1.857017790566074e-05
7 1 -0.001525565324954372
7 2 0.0003800965130750193
7 3 0.001394996636350368
7 4 -0.0006674114909053272
7 5 -2.676315363253287e-05
7 6 0.00176501492495807
7 7 1.978690143265447
7 8 -0.002304332608759499
7 9 -4.987245442669301e-05
7 10 0.00237725881060703
7 11 0.00163346486468577
7 12 0.001668811342993623
7 13 -0.008152176370136393
7 14 0.001285458369622608
7 15 -0.0005365420043675941
7 16 -0.00040741710551907
7 17 0.0003829506498328353
7 18 -0.004460582318364231
7 19 -0.00221916740958607
7 20 -0.001019184112482257
8 0 -2.194754012590776e-05
8 1 0.0003851512763602477
8 2 0.0002576445175210426
8 3 -0.0004424628828250883
8 4 -0.002433613017736245
8 5 0.004170941509624606
8 6 0.00355535810493809
8 7 -0.00230433260875948
8 8 1.980777068590212
8 9 0.006651462977574644
8 10 -0.002432955477506513
8 11 -0.00206142237027054
8 12 -0.002368072383761959
8 13 0.0007913040014145001
8 14 0.002072896129022074
8 15 -0.006568036096782881
8 16 -0.002001169342522189
8 17 -0.001000512949222029
8 18 0.001356797931184958
8 19 -0.0003307480354669744
8 20 0.0009096224253291247
9 0 -1.308398204412919e-05
9 1 -0.00459955689911444
9 2 0.001131854116251069
9 3 -0.0006655272166257391
9 4 -0.0008730347422296954
9 5 0.004552567386004288
9 6 0.001538363734478211
9 7 -4.987245442669594e-05
9 8 0.006651462977574594
9 9 1.983965499735807
9 10 -0.002377744417868837
9 11 -0.002966518673396679
9 12 -0.0005442468185677903
9 13 -0.004009524450552032
9 14 0.005747567169548839
9 15 -0.0116289571618018
9 16 -0.005463213397095634
9 17 -0.0005450058848053374
9 18 0.0003654632457610998
9 19 -0.001212706918320961
9 20 -0.001327593527400949
10 0 2.477575159742135e-06
10 1 -0.006536665269031961
10 2 0.00169108751376665
10 3 0.003091136417463956
10 4 0.00393923464536782
10 5 -0.002986598356515776
10 6 7.771073456793981e-05
10 7 0.002377258810607044
10 8 -0.002432955477506524
10 9 -0.002377744417868837
10 10 1.978234740962569
10 11 0.005064955043932685
10 12 0.006526090350732375
10 13 -0.0105974206387523
10 14 0.01163072570672097
10 15 -0.003814179939257237
10 16 0.008471611601929996
10 17 -0.005894575528180821
10 18 -0.007740978558272884
10 19 -0.002302326255251406
10 20 -0.00517885617207867
11 0 6.360018199923633e-06
11 1 0.0005345961064586545
11 2 -0.002068335202302773
11 3 -0.0009157361963623465
11 4 -0.0006642395014609481
11 5 0.01107234543298846
11 6 -0.0008737103792820918
11 7 0.001633464864685797
11 8 -0.002061422370270535
11 9 -0.002966518673396645
11 10 0.005064955043932685
11 11 1.985353416036121
11 12 0.01492714054538623
11 13 0.006316553102518028
11 14 -0.003762262145505392
11 15 0.01224033927322644
11 16 0.009985026592386641
11 17 -0.0006755838406527703
11 18 -0.00756933151204347
11 19 0.0002850222344844723
11 20 -0.001616162772107454
12 0 -6.592585718283631e-05
12 1 0.0002117158405452938
12 2 2.639929380655107e-05
12 3 0.002409972577808874
12 4 0.002906616671726056
12 5 0.000573048141556838
12 6 0.0007956618573088656
12 7 0.001668811342993634
12 8 -0.002368072383761974
12 9 -0.0005442468185678054
12 10 0.006526090350732486
12 11 0.01492714054538604
12 12 0.01219748158455748
12 13 -0.005350710021899299
12 14 0.001014940612288939
12 15 0.006209697637302367
12 16 0.007205990501512398
12 17 -0.003428538015575948
12 18 0.00081971745872938
12 19 0.001386894051933467
12 20 -0.001976898356226959
13 0 -3.301737900717787e-05
13 1 0.0006401307048956401
13 2 -0.002656626568892245
13 3 0.0001489547881544311
13 4 0.001947014498143925
13 5 0.002039697079300286
13 6 -0.001873934606584753
13 7 -0.008152176370136564
13 8 0.0007913040014145178
13 9 -0.004009524450552068
13 10 -0.01059742063875237
13 11 0.006316553102518073
13 12 -0.005350710021899255
13 13 0.02367952981067861
13 14 -0.002035204714590331
13 15 0.001824194331384344
13 16 -0.0007207753663019479
13 17 0.001152330797732862
13 18 0.0004723534366713325
13 19 4.545341894324526e-05
13 20 -0.001503670932034639
14 0 6.939523008067807e-05
14 1 -0.001333080310850938
14 2 -0.001188458285497205
14 3 0.003606897843221021
14 4 0.003944907013602885
14 5 -0.0008671345924445033
14 6 0.003388433534910602
14 7 0.001285458369622621
14 8 0.002072896129022057
14 9 0.005747567169548679
14 10 0.01163072570672091
14 11 -0.003762262145505422
14 12 0.001014940612288925
14 13 -0.002035204714590344
14 14 0.02432244200923496
14 15 -0.002659123005198836
14 16 -0.0007878291355847911
14 17 -0.002303150013980841
14 18 -0.002188142801995704
14 19 -8.727246333728515e-05
14 20 0.001175792020513675
15 0 -0.0001548123934666471
15 1 0.001155501691741669
15 2 -0.001473908619249453
15 3 -0.00204326557087507
15 4 -0.004193554756036354
15 5 0.005497272140781979
15 6 -0.003220130596588259
15 7 -0.000536542004367615
15 8 -0.006568036096782804
15 9 -0.01162895716180181
15 10 -0.003814179939257329
15 11 0.0122403392732264
15 12 0.006209697637302393
15 13 0.001824194331384326
15 14 -0.002659123005198816
15 15 0.02657279697413036
15 16 0.001475424754193218
15 17 -0.0006303097395979946
15 18 0.0008494046518511346
15 19 0.0005304645645067264
15 20 0.0008632083270896099
16 0 3.53367088149411e-06
16 1 -0.0005217152007154604
16 2 -0.001882164009062036
16 3 -0.0001388777787043001
16 4 0.003624048683557186
16 5 0.006054168042044552
16 6 -0.001040243973620189
16 7 -0.0004074171055190856
16 8 -0.002001169342522175
16 9 -0.005463213397095616
16 10 0.008471611601929682
16 11 0.009985026592386689
16 12 0.007205990501512322
16 13 -0.0007207753663019537
16 14 -0.0007878291355848002
16 15 0.001475424754193202
16 16 0.02213980411129123
16 17 0.001881073999881287
16 18 -0.0008085734894561867
16 19 -0.001076238986627433
16 20 -0.001454308769832897
17 0 4.021272222125325e-05
17 1 0.0005852579928958249
17 2 -0.002315860868082376
17 3 -0.001631167211439699
17 4 -0.0009213796963536117
17 5 -0.00107418139909552
17 6 -0.001140890053603128
17 7 0.0003829506498328472
17 8 -0.001000512949222033
17 9 -0.0005450058848053536
17 10 -0.005894575528180846
17 11 -0.0006755838406527779
17 12 -0.003428538015575973
17 13 0.001152330797732887
17 14 -0.002303150013980843
17 15 -0.0006303097395980374
17 16 0.001881073999881296
17 17 0.01957222844537039
17 18 0.002807480359161431
17 19 0.002085434594428547
17 20 -0.002670994957869931
18 0 -0.0002814155378169632
18 1 0.001606801290006375
18 2 1.048369920060497e-05
18 3 0.0002899445092725874
18 4 -0.0005457158344813109
18 5 -0.001958304878741003
18 6 -2.446481207287935e-05
18 7 -0.00446058231836439
18 8 0.001356797931184943
18 9 0.0003654632457611037
18 10 -0.007740978558272976
18 11 -0.007569331512043222
18 12 0.0008197174587293743
18 13 0.0004723534366713508
18 14 -0.002188142801995704
18 15 0.0008494046518511245
18 16 -0.0008085734894561783
18 17 0.002807480359161348
18 18 0.02104650183250195
18 19 -0.0004206254617320988
18 20 -0.001042627387806109
19 0 0.0001648654108787484
19 1 -0.0001320046002160414
19 2 0.0005124231024830816
19 3 -0.002145826085746781
19 4 0.0005890562865809908
19 5 0.001385717942767088
19 6 -0.0006165648863276284
19 7 -0.002219167409586095
19 8 -0.0003307480354669743
19 9 -0.001212706918320934
19 10 -0.002302326255251437
19 11 0.0002850222344844713
19 12 0.001386894051933464
19 13 4.545341894326342e-05
19 14 -8.727246333728809e-05
19 15 0.0005304645645067174
19 16 -0.00107623898662743
19 17 0.002085434594428605
19 18 -0.0004206254617320892
19 19 0.01750812283486443
19 20 0.0003263928011459535
20 0 0.0001837242157281291
20 1 -0.0002476004658183119
20 2 -0.001002944330112945
20 3 0.0005951937051082867
20 4 -0.0001643071261810281
20 5 -0.0002590658387858834
20 6 1.899260727621001e-06
20 7 -0.001019184112482264
20 8 0.0009096224253291221
20 9 -0.001327593527400881
20 10 -0.005178856172078685
20 11 -0.001616162772107474
20 12 -0.001976898356226974
20 13 -0.001503670932034641
20 14 0.001175792020513676
20 15 0.0008632083270896107
20 16 -0.001454308769832893
20 17 -0.002670994957869931
20 18 -0.00104262738780612
20 19 0.0003263928011459481
20 20 0.02347377448901578
