0 0 1.999996883152837
0 1 -3.112062290250324e-06
0 2 -1.712848992578308e-05
0 3 1.169058325598153e-06
0 4 2.275920925134086e-05
0 5 2.024103848293497e-05
0 6 1.930369236811483e-05
0 7 2.569240664382507e-05
0 8 -6.514110210463964e-05
0 9 3.751014472085721e-06
0 10 -4.479051221393231e-07
0 11 -5.820532552921424e-07
0 12 -3.656752671590836e-05
0 13 3.356878209243252e-06
0 14 9.184085670533608e-05
0 15 -1.759678997974623e-05
0 16 0.0001429472733584634
1 0 -3.112062290250335e-06
1 1 1.996901563996675
1 2 -0.0005024764450603295
1 3 0.001276453764159285
1 4 -0.003104699806533344
1 5 -6.817414152567573e-05
1 6 0.000199965426385666
1 7 -0.000152189666297364
1 8 -0.001207469799033104
1 9 -0.0006488390751352276
1 10 -0.0001591408027579149
1 11 -0.0008654378175608659
1 12 -0.001334590863003958
1 13 -0.001599688376336571
1 14 -0.001640157513338811
1 15 0.001114248165137075
1 16 0.002212338804218658
2 0 -1.71284899257831e-05
2 1 -0.0005024764450603292
2 2 1.992265815987526
2 3 0.0002638345808144582
2 4 -0.001671263391417434
2 5 -0.002737781347121332
2 6 -0.002488322980168305
2 7 -0.003298207736950807
2 8 0.008762005293363745
2 9 -9.818302893676838e-05
2 10 0.0005454675859065002
2 11 -0.0007448854869671392
2 12 0.00259530432535942
2 13 -0.001367656122147278
2 14 -0.008996548243725686
2 15 0.0008222731163798169
2 16 -0.01374933404169501
3 0 1.169058325598174e-06
3 1 0.001276453764159285
3 2 0.0002638345808144581
3 3 1.995217452653883
3 4 0.0004169982071073419
3 5 0.004395138438253513
3 6 0.0001831646928967788
3 7 -0.0001908198844016562
3 8 0.001892662666660837
3 9 -0.002429789494857009
3 10 -0.0002990057828842501
3 11 0.001082553214537594
3 12 0.005660411470058952
3 13 -0.002212458199060663
3 14 0.0006229655913125957
3 15 -0.000211067759825139
3 16 -0.0007182277074642934
4 0 2.275920925134095e-05
4 1 -0.003104699806533343
4 2 -0.001671263391417439
4 3 0.0004169982071073431
4 4 1.989867599137754
4 5 -0.0002634345974782828
4 6 -0.0005339443614088045
4 7 0.0003809610628082173
4 8 -0.0009160982652575551
4 9 -0.0002089813278375099
4 10 0.0003810739990521414
4 11 -0.00206519424221977
4 12 -0.001414336822420857
4 13 -0.001841876756918627
4 14 0.001149589229377309
4 15 -0.004816213847777988
4 16 0.004651425139663165
5 0 2.024103848293499e-05
5 1 -6.817414152566848e-05
5 2 -0.00273778134712133
5 3 0.004395138438253528
5 4 -0.0002634345974783068
5 5 1.985129354260696
5 6 -0.002913899304812771
5 7 -0.001205506301440195
5 8 -0.0009742506101540208
5 9 0.003957560678819943
5 10 0.001608359770099421
5 11 -0.004217716097953614
5 12 0.0008501261469428602
5 13 0.001116448338441212
5 14 -0.002480782727028455
5 15 0.004320413875880788
5 16 -0.0002023799958233821
6 0 1.930369236811498e-05
6 1 0.0001999654263856648
6 2 -0.002488322980168299
6 3 0.0001831646928967809
6 4 -0.0005339443614088006
6 5 -0.002913899304812774
6 6 1.99580952051392
6 7 0.004722325941194404
6 8 0.00559500986553594
6 9 0.0005686630868814737
6 10 -0.01071554306228606
6 11 0.001284294715697301
6 12 0.002171490525158372
6 13 0.0006986916857619685
6 14 -0.00181437504593948
6 15 0.0001458873476400219
6 16 -0.00359198734498166
7 0 2.5692406643825e-05
7 1 -0.0001521896662973625
7 2 -0.003298207736950801
7 3 -0.0001908198844016585
7 4 0.0003809610628082231
7 5 -0.001205506301440179
7 6 0.004722325941194427
7 7 1.966798058022277
7 8 -0.004136263579331258
7 9 -0.0009205481250880015
7 10 0.03411356678936794
7 11 0.0518608315252812
7 12 0.0003371793493630486
7 13 -0.01118606431991001
7 14 0.0002176509594561741
7 15 0.002584536431142242
7 16 -0.007491610255668486
8 0 -6.514110210463999e-05
8 1 -0.001207469799033099
8 2 0.008762005293363826
8 3 0.001892662666660843
8 4 -0.0009160982652575485
8 5 -0.0009742506101540427
8 6 0.005595009865535865
8 7 -0.00413626357933125
8 8 1.976632814562907
8 9 0.00130938429664782
8 10 0.01126012774321547
8 11 0.02283315503763387
8 12 0.001524759649241969
8 13 -0.001150313210940497
8 14 0.006044456966254105
8 15 0.001630121008140348
8 16 0.02223557358642509
9 0 3.75101447208573e-06
9 1 -0.0006488390751352247
9 2 -9.818302893676624e-05
9 3 -0.00242978949485702
9 4 -0.0002089813278374873
9 5 0.00395756067881997
9 6 0.0005686630868814793
9 7 -0.0009205481250880098
9 8 0.001309384296647818
9 9 1.984936565619966
9 10 0.001043426892136766
9 11 0.004314360222093187
9 12 0.008081645142522444
9 13 0.02799376275220825
9 14 0.0006987744841331188
9 15 0.02661303024436853
9 16 -0.0003152069322528474
10 0 -4.47905122139142e-07
10 1 -0.0001591408027579124
10 2 0.0005454675859065037
10 3 -0.0002990057828842503
10 4 0.0003810739990521393
10 5 0.001608359770099427
10 6 -0.01071554306228613
10 7 0.03411356678936753
10 8 0.01126012774321548
10 9 0.001043426892136755
10 10 1.928021545279183
10 11 -0.02383873295892142
10 12 0.0007130349210504338
10 13 -0.004015568302407123
10 14 0.001270326226402226
10 15 0.00166819785115173
10 16 0.002202749131531461
11 0 -5.820532552922339e-07
11 1 -0.0008654378175608439
11 2 -0.0007448854869671439
11 3 0.001082553214537611
11 4 -0.002065194242219761
11 5 -0.004217716097953468
11 6 0.001284294715697289
11 7 0.05186083152528209
11 8 0.02283315503763399
11 9 0.004314360222093098
11 10 -0.02383873295892196
11 11 0.1065989073619391
11 12 -0.002477769484727038
11 13 -0.01225972723998446
11 14 0.004525507608286209
11 15 0.005160648133431587
11 16 -0.0007632773300071362
12 0 -3.65675267159087e-05
12 1 -0.001334590863003949
12 2 0.002595304325359407
12 3 0.005660411470059001
12 4 -0.001414336822420829
12 5 0.0008501261469428683
12 6 0.002171490525158376
12 7 0.0003371793493630511
12 8 0.001524759649241717
12 9 0.008081645142522374
12 10 0.0007130349210504334
12 11 -0.002477769484727059
12 12 0.009586878663909405
12 13 0.007017537086343389
12 14 0.002460596278699306
12 15 -7.955147942991422e-05
12 16 -0.004840491268128059
13 0 3.356878209243283e-06
13 1 -0.001599688376336577
13 2 -0.00136765612214728
13 3 -0.002212458199060709
13 4 -0.001841876756918639
13 5 0.001116448338441308
13 6 0.0006986916857619676
13 7 -0.01118606431990961
13 8 -0.001150313210940498
13 9 0.02799376275220762
13 10 -0.004015568302407216
13 11 -0.01225972723998454
13 12 0.007017537086343386
13 13 0.014299158519433
13 14 0.005760837678465689
13 15 0.006561643879949555
13 16 1.86866537924052e-05
14 0 9.184085670533535e-05
14 1 -0.001640157513338794
14 2 -0.008996548243725744
14 3 0.0006229655913125944
14 4 0.001149589229377289
14 5 -0.002480782727028414
14 6 -0.001814375045939492
14 7 0.0002176509594561741
14 8 0.006044456966254128
14 9 0.0006987744841330911
14 10 0.001270326226402246
14 11 0.004525507608286215
14 12 0.002460596278699298
14 13 0.005760837678465637
14 14 0.01893530783185815
14 15 -0.002225066469041674
14 16 0.008807196520021019
15 0 -1.759678997974636e-05
15 1 0.001114248165137097
15 2 0.000822273116379834
15 3 -0.0002110677598251427
15 4 -0.004816213847778056
15 5 0.004320413875880664
15 6 0.0001458873476400414
15 7 0.002584536431142196
15 8 0.001630121008140329
15 9 0.02661303024436886
15 10 0.001668197851151704
15 11 0.00516064813343154
15 12 -7.955147942992883e-05
15 13 0.006561643879949496
15 14 -0.002225066469041647
15 15 0.01853523199752401
15 16 -0.001418100254086773
16 0 0.0001429472733584629
16 1 0.002212338804218673
16 2 -0.01374933404169497
16 3 -0.0007182277074642846
16 4 0.004651425139663139
16 5 -0.0002023799958234076
16 6 -0.003591987344981703
16 7 -0.007491610255668623
16 8 0.02223557358642528
16 9 -0.0003152069322528548
16 10 0.002202749131531471
16 11 -0.0007632773300070803
16 12 -0.004840491268128071
16 13 1.868665379241092e-05
16 14 0.008807196520020922
16 15 -0.001418100254086813
16 16 0.02046734241371831
