0000000111111111
0000001011111111
0000001101111111
0000001110111111
0000001111011111
0000001111101111
0000001111110111
0000001111111011
0000001111111101
0000001111111110
0000010011111111
0000010101111111
0000010110111111
0000010111011111
0000010111101111
0000010111110111
0000010111111011
0000010111111101
0000010111111110
0000011001111111
0000011010111111
0000011011011111
0000011011101111
0000011011110111
0000011011111011
0000011011111101
0000011011111110
0000011100111111
0000011101011111
0000011101101111
0000011101110111
0000011101111011
0000011101111101
0000011101111110
0000011110011111
0000011110101111
0000011110110111
0000011110111011
0000011110111101
0000011110111110
0000011111001111
0000011111010111
0000011111011011
0000011111011101
0000011111011110
0000011111100111
0000011111101011
0000011111101101
0000011111101110
0000011111110011
0000011111110101
0000011111110110
0000011111111001
0000011111111010
0000011111111100
0000100011111111
0000100101111111
0000100110111111
0000100111011111
0000100111101111
0000100111110111
0000100111111011
0000100111111101
0000100111111110
0000101001111111
0000101010111111
0000101011011111
0000101011101111
0000101011110111
0000101011111011
0000101011111101
0000101011111110
0000101100111111
0000101101011111
0000101101101111
0000101101110111
0000101101111011
0000101101111101
0000101101111110
0000101110011111
0000101110101111
0000101110110111
0000101110111011
0000101110111101
0000101110111110
0000101111001111
0000101111010111
0000101111011011
0000101111011101
0000101111011110
0000101111100111
0000101111101011
0000101111101101
0000101111101110
0000101111110011
0000101111110101
0000101111110110
0000101111111001
0000101111111010
0000101111111100
0000110001111111
0000110010111111
0000110011011111
0000110011101111
0000110011110111
0000110011111011
0000110011111101
0000110011111110
0000110100111111
0000110101011111
0000110101101111
0000110101110111
0000110101111011
0000110101111101
0000110101111110
0000110110011111
0000110110101111
0000110110110111
0000110110111011
0000110110111101
0000110110111110
0000110111001111
0000110111010111
0000110111011011
0000110111011101
0000110111011110
0000110111100111
0000110111101011
0000110111101101
0000110111101110
0000110111110011
0000110111110101
0000110111110110
0000110111111001
0000110111111010
0000110111111100
0000111001011111
0000111010011111
0000111011010111
0000111011011101
0000111011110101
0000111100011111
0000111101001111
0000111101010111
0000111101011011
0000111101011101
0000111101011110
0000111101110101
0000111110001111
0000111110010111
0000111110011011
0000111110011101
0000111110011110
0000111110110101
0000111111000111
0000111111001101
0000111111010011
0000111111010101
0000111111010110
0000111111011001
0000111111011100
0000111111100101
0000111111110001
0000111111110100
0001000011111111
0001000101111111
0001000110111111
0001000111011111
0001000111101111
0001000111110111
0001000111111011
0001000111111101
0001000111111110
0001001001111111
0001001010111111
0001001011011111
0001001011101111
0001001011110111
0001001011111011
0001001011111101
0001001011111110
0001001100111111
0001001101011111
0001001101101111
0001001101110111
0001001101111011
0001001101111101
0001001101111110
0001001110011111
0001001110101111
0001001110110111
0001001110111011
0001001110111101
0001001110111110
0001001111001111
0001001111010111
0001001111011011
0001001111011101
0001001111011110
0001001111100111
0001001111101011
0001001111101101
0001001111101110
0001001111110011
0001001111110101
0001001111110110
0001001111111001
0001001111111010
0001001111111100
0001010001111111
0001010010111111
0001010011011111
0001010011101111
0001010011110111
0001010011111011
0001010011111101
0001010011111110
0001010100111111
0001010101011111
0001010101101111
0001010101110111
0001010101111011
0001010101111101
0001010101111110
0001010110011111
0001010110101111
0001010110110111
0001010110111011
0001010110111101
0001010110111110
0001010111001111
0001010111010111
0001010111011011
0001010111011101
0001010111011110
0001010111100111
0001010111101011
0001010111101101
0001010111101110
0001010111110011
0001010111110101
0001010111110110
0001010111111001
0001010111111010
0001010111111100
0001011000111111
0001011001011111
0001011001101111
0001011001110111
0001011001111011
0001011001111101
0001011001111110
0001011011001111
0001011011100111
0001011101001111
0001011101100111
0001011110001111
0001011110100111
0001011111000111
0001011111001011
0001011111001101
0001011111001110
0001011111100011
0001011111100101
0001011111100110
0001100001111111
0001100010111111
0001100011011111
0001100011101111
0001100011110111
0001100011111011
0001100011111101
0001100011111110
0001100100111111
0001100101011111
0001100101101111
0001100101110111
0001100101111011
0001100101111101
0001100101111110
0001100110011111
0001100110101111
0001100110110111
0001100110111011
0001100110111101
0001100110111110
0001100111001111
0001100111010111
0001100111011011
0001100111011101
0001100111011110
0001100111100111
0001100111101011
0001100111101101
0001100111101110
0001100111110011
0001100111110101
0001100111110110
0001100111111001
0001100111111010
0001100111111100
0001101000111111
0001101001011111
0001101001101111
0001101001110111
0001101001111011
0001101001111101
0001101001111110
0001101010011111
0001101010110111
0001101011001111
0001101011010111
0001101011011011
0001101011011101
0001101011011110
0001101011100111
0001101011110011
0001101011110101
0001101011110110
0001101100011111
0001101100101111
0001101101001111
0001101101010111
0001101101011011
0001101101011101
0001101101011110
0001101101100111
0001101101101011
0001101101101101
0001101101101110
0001101101110101
0001101110001111
0001101110010111
0001101110011011
0001101110011101
0001101110011110
0001101110110101
0001101111000111
0001101111001011
0001101111001101
0001101111001110
0001101111010011
0001101111010101
0001101111010110
0001101111011001
0001101111011100
0001101111100101
0001101111110001
0001101111110100
0001110000111111
0001110001011111
0001110001101111
0001110001110111
0001110001111011
0001110001111101
0001110001111110
0001110010011111
0001110010110111
0001110011001111
0001110011010111
0001110011011011
0001110011011101
0001110011011110
0001110011100111
0001110011110011
0001110011110101
0001110011110110
0001110100011111
0001110100101111
0001110101001111
0001110101100111
0001110101101011
0001110101101101
0001110101101110
0001110110001111
0001110110010111
0001110110011011
0001110110011101
0001110110011110
0001110110100111
0001110111000111
0001110111001011
0001110111001101
0001110111001110
0001110111100011
0001110111100101
0001110111100110
0010000011111111
0010000101111111
0010000110111111
0010000111011111
0010000111101111
0010000111110111
0010000111111011
0010000111111101
0010000111111110
0010001001111111
0010001010111111
0010001011011111
0010001011101111
0010001011110111
0010001011111011
0010001011111101
0010001011111110
0010001100111111
0010001101011111
0010001101101111
0010001101110111
0010001101111011
0010001101111101
0010001101111110
0010001110011111
0010001110101111
0010001110110111
0010001110111011
0010001110111101
0010001110111110
0010001111001111
0010001111010111
0010001111011011
0010001111011101
0010001111011110
0010001111100111
0010001111101011
0010001111101101
0010001111101110
0010001111110011
0010001111110101
0010001111110110
0010001111111001
0010001111111010
0010001111111100
0010010001111111
0010010010111111
0010010011011111
0010010011101111
0010010011110111
0010010011111011
0010010011111101
0010010011111110
0010010100111111
0010010101011111
0010010101101111
0010010101110111
0010010101111011
0010010101111101
0010010101111110
0010010110011111
0010010110101111
0010010110110111
0010010110111011
0010010110111101
0010010110111110
0010010111001111
0010010111010111
0010010111011011
0010010111011101
0010010111011110
0010010111100111
0010010111101011
0010010111101101
0010010111101110
0010010111110011
0010010111110101
0010010111110110
0010010111111001
0010010111111010
0010010111111100
0010011011001111
0010011101001111
0010011110001111
0010011111000111
0010011111001011
0010011111001101
0010011111001110
0010100001111111
0010100010111111
0010100011011111
0010100011101111
0010100011110111
0010100011111011
0010100011111101
0010100011111110
0010100100111111
0010100101011111
0010100101101111
0010100101110111
0010100101111011
0010100101111101
0010100101111110
0010100110011111
0010100110101111
0010100110110111
0010100110111011
0010100110111101
0010100110111110
0010100111001111
0010100111010111
0010100111011011
0010100111011101
0010100111011110
0010100111100111
0010100111101011
0010100111101101
0010100111101110
0010100111110011
0010100111110101
0010100111110110
0010100111111001
0010100111111010
0010100111111100
0010101001011111
0010101001110111
0010101010011111
0010101011010111
0010101011011101
0010101011110101
0010101100011111
0010101100110111
0010101101001111
0010101101010111
0010101101011011
0010101101011101
0010101101011110
0010101101100111
0010101101110011
0010101101110101
0010101101110110
0010101110001111
0010101110010111
0010101110011011
0010101110011101
0010101110011110
0010101110110101
0010101111000111
0010101111001101
0010101111010011
0010101111010101
0010101111010110
0010101111011001
0010101111011100
0010101111100101
0010101111110001
0010101111110100
0010110001110111
0010110010011111
0010110011001111
0010110100011111
0010110100110111
0010110101001111
0010110101010111
0010110101100111
0010110101110011
0010110101110101
0010110101110110
0010110110001111
0010110110010111
0010110110011011
0010110110011101
0010110110011110
0010110111000111
0010110111001011
0010110111001101
0010110111001110
0011000001111111
0011000010111111
0011000011011111
0011000011101111
0011000011110111
0011000011111011
0011000011111101
0011000011111110
0011000100111111
0011000101011111
0011000101101111
0011000101110111
0011000101111011
0011000101111101
0011000101111110
0011000110011111
0011000110101111
0011000110110111
0011000110111011
0011000110111101
0011000110111110
0011000111001111
0011000111010111
0011000111011011
0011000111011101
0011000111011110
0011000111100111
0011000111101011
0011000111101101
0011000111101110
0011000111110011
0011000111110101
0011000111110110
0011000111111001
0011000111111010
0011000111111100
0011001000111111
0011001001011111
0011001001101111
0011001001110111
0011001001111011
0011001001111101
0011001001111110
0011001011001111
0011001011100111
0011001101001111
0011001101100111
0011001110001111
0011001110100111
0011001111000111
0011001111001011
0011001111001101
0011001111001110
0011001111100011
0011001111100101
0011001111100110
0011010000111111
0011010001011111
0011010001101111
0011010001110111
0011010001111011
0011010001111101
0011010001111110
0011010011001111
0011010011100111
0011010101001111
0011010101100111
0011010110001111
0011010110100111
0011010111000111
0011010111001011
0011010111001101
0011010111001110
0011010111100011
0011010111100101
0011010111100110
0011100000111111
0011100001011111
0011100001101111
0011100001110111
0011100001111011
0011100001111101
0011100001111110
0011100010011111
0011100010110111
0011100011001111
0011100011010111
0011100011011011
0011100011011101
0011100011011110
0011100011100111
0011100011110011
0011100011110101
0011100011110110
0011100100101111
0011100100110111
0011100101001111
0011100101010111
0011100101100111
0011100101101011
0011100101101101
0011100101101110
0011100101110011
0011100101110101
0011100101110110
0011100110001111
0011100110100111
0011100111000111
0011100111001011
0011100111001101
0011100111001110
0011100111100011
0011100111100101
0011100111100110
0100000011111111
0100000101111111
0100000110111111
0100000111011111
0100000111101111
0100000111110111
0100000111111011
0100000111111101
0100000111111110
0100001001111111
0100001010111111
0100001011011111
0100001011101111
0100001011110111
0100001011111011
0100001011111101
0100001011111110
0100001100111111
0100001101011111
0100001101101111
0100001101110111
0100001101111011
0100001101111101
0100001101111110
0100001110011111
0100001110101111
0100001110110111
0100001110111011
0100001110111101
0100001110111110
0100001111001111
0100001111010111
0100001111011011
0100001111011101
0100001111011110
0100001111100111
0100001111101011
0100001111101101
0100001111101110
0100001111110011
0100001111110101
0100001111110110
0100001111111001
0100001111111010
0100001111111100
0100010001111111
0100010010111111
0100010011011111
0100010011101111
0100010011110111
0100010011111011
0100010011111101
0100010011111110
0100010100111111
0100010101011111
0100010101101111
0100010101110111
0100010101111011
0100010101111101
0100010101111110
0100010110011111
0100010110101111
0100010110110111
0100010110111011
0100010110111101
0100010110111110
0100010111001111
0100010111010111
0100010111011011
0100010111011101
0100010111011110
0100010111100111
0100010111101011
0100010111101101
0100010111101110
0100010111110011
0100010111110101
0100010111110110
0100010111111001
0100010111111010
0100010111111100
0100011011011011
0100011011101011
0100011101011011
0100011101101011
0100011110011011
0100011110101011
0100011111001011
0100011111010011
0100011111011001
0100011111011010
0100011111100011
0100011111101001
0100011111101010
0100100001111111
0100100010111111
0100100011011111
0100100011101111
0100100011110111
0100100011111011
0100100011111101
0100100011111110
0100100100111111
0100100101011111
0100100101101111
0100100101110111
0100100101111011
0100100101111101
0100100101111110
0100100110011111
0100100110101111
0100100110110111
0100100110111011
0100100110111101
0100100110111110
0100100111001111
0100100111010111
0100100111011011
0100100111011101
0100100111011110
0100100111100111
0100100111101011
0100100111101101
0100100111101110
0100100111110011
0100100111110101
0100100111110110
0100100111111001
0100100111111010
0100100111111100
0100101001011111
0100101010011111
0100101011010111
0100101011011011
0100101011011101
0100101011110101
0100101100011111
0100101101001111
0100101101010111
0100101101011011
0100101101011101
0100101101011110
0100101101110101
0100101110001111
0100101110010111
0100101110011011
0100101110011101
0100101110011110
0100101110110101
0100101111000111
0100101111001011
0100101111001101
0100101111010011
0100101111010101
0100101111010110
0100101111011001
0100101111011010
0100101111011100
0100101111100101
0100101111110001
0100101111110100
0100110010011111
0100110011101011
0100110100011111
0100110101101011
0100110110001111
0100110110010111
0100110110011011
0100110110011101
0100110110011110
0100110110101011
0100110111001011
0100110111100011
0100110111101001
0100110111101010
0101000001111111
0101000010111111
0101000011011111
0101000011101111
0101000011110111
0101000011111011
0101000011111101
0101000011111110
0101000100111111
0101000101011111
0101000101101111
0101000101110111
0101000101111011
0101000101111101
0101000101111110
0101000110011111
0101000110101111
0101000110110111
0101000110111011
0101000110111101
0101000110111110
0101000111001111
0101000111010111
0101000111011011
0101000111011101
0101000111011110
0101000111100111
0101000111101011
0101000111101101
0101000111101110
0101000111110011
0101000111110101
0101000111110110
0101000111111001
0101000111111010
0101000111111100
0101001000111111
0101001001011111
0101001001101111
0101001001110111
0101001001111011
0101001001111101
0101001001111110
0101001011001111
0101001011011011
0101001011101011
0101001101001111
0101001101011011
0101001101101011
0101001110001111
0101001110011011
0101001110101011
0101001111000111
0101001111001011
0101001111001101
0101001111001110
0101001111010011
0101001111011001
0101001111011010
0101001111100011
0101001111101001
0101001111101010
0101010000111111
0101010001011111
0101010001101111
0101010001110111
0101010001111011
0101010001111101
0101010001111110
0101010011001111
0101010011100111
0101010011101011
0101010101001111
0101010101100111
0101010101101011
0101010110001111
0101010110100111
0101010110101011
0101010111000111
0101010111001011
0101010111001101
0101010111001110
0101010111100011
0101010111100101
0101010111100110
0101010111101001
0101010111101010
0101100000111111
0101100001011111
0101100001101111
0101100001110111
0101100001111011
0101100001111101
0101100001111110
0101100010011111
0101100010110111
0101100011001111
0101100011010111
0101100011011011
0101100011011101
0101100011011110
0101100011100111
0101100011101011
0101100011110011
0101100011110101
0101100011110110
0101100100101111
0101100101001111
0101100101100111
0101100101101011
0101100101101101
0101100101101110
0101100110101011
0101100111001011
0101100111100011
0101100111101001
0101100111101010
0110000001111111
0110000010111111
0110000011011111
0110000011101111
0110000011110111
0110000011111011
0110000011111101
0110000011111110
0110000100111111
0110000101011111
0110000101101111
0110000101110111
0110000101111011
0110000101111101
0110000101111110
0110000110011111
0110000110101111
0110000110110111
0110000110111011
0110000110111101
0110000110111110
0110000111001111
0110000111010111
0110000111011011
0110000111011101
0110000111011110
0110000111100111
0110000111101011
0110000111101101
0110000111101110
0110000111110011
0110000111110101
0110000111110110
0110000111111001
0110000111111010
0110000111111100
0110001011011011
0110001011110011
0110001101011011
0110001101110011
0110001110011011
0110001110110011
0110001111001011
0110001111010011
0110001111011001
0110001111011010
0110001111100011
0110001111110001
0110001111110010
0110010011001111
0110010011011011
0110010011101011
0110010011110011
0110010101001111
0110010101011011
0110010101101011
0110010101110011
0110010110001111
0110010110011011
0110010110101011
0110010110110011
0110010111000111
0110010111001011
0110010111001101
0110010111001110
0110010111010011
0110010111011001
0110010111011010
0110010111100011
0110010111101001
0110010111101010
0110010111110001
0110010111110010
0110100001110111
0110100011011011
0110100011110011
0110100100110111
0110100101010111
0110100101011011
0110100101100111
0110100101110011
0110100101110101
0110100101110110
0110100110011011
0110100110110011
0110100111001011
0110100111010011
0110100111011001
0110100111011010
0110100111100011
0110100111110001
0110100111110010
0111000011001111
0111000011011011
0111000011100111
0111000011101011
0111000011110011
0111000101001111
0111000101011011
0111000101100111
0111000101101011
0111000101110011
0111000110001111
0111000110011011
0111000110100111
0111000110101011
0111000110110011
0111000111000111
0111000111001011
0111000111001101
0111000111001110
0111000111010011
0111000111011001
0111000111011010
0111000111100011
0111000111100101
0111000111100110
0111000111101001
0111000111101010
0111000111110001
0111000111110010
1000000011111111
1000000101111111
1000000110111111
1000000111011111
1000000111101111
1000000111110111
1000000111111011
1000000111111101
1000000111111110
1000001001111111
1000001010111111
1000001011011111
1000001011101111
1000001011110111
1000001011111011
1000001011111101
1000001011111110
1000001100111111
1000001101011111
1000001101101111
1000001101110111
1000001101111011
1000001101111101
1000001101111110
1000001110011111
1000001110101111
1000001110110111
1000001110111011
1000001110111101
1000001110111110
1000001111001111
1000001111010111
1000001111011011
1000001111011101
1000001111011110
1000001111100111
1000001111101011
1000001111101101
1000001111101110
1000001111110011
1000001111110101
1000001111110110
1000001111111001
1000001111111010
1000001111111100
1000010001111111
1000010010111111
1000010011011111
1000010011101111
1000010011110111
1000010011111011
1000010011111101
1000010011111110
1000010100111111
1000010101011111
1000010101101111
1000010101110111
1000010101111011
1000010101111101
1000010101111110
1000010110011111
1000010110101111
1000010110110111
1000010110111011
1000010110111101
1000010110111110
1000010111001111
1000010111010111
1000010111011011
1000010111011101
1000010111011110
1000010111100111
1000010111101011
1000010111101101
1000010111101110
1000010111110011
1000010111110101
1000010111110110
1000010111111001
1000010111111010
1000010111111100
1000011001011111
1000011011010111
1000011011011101
1000011011110101
1000011100011111
1000011101001111
1000011101010111
1000011101011011
1000011101011101
1000011101011110
1000011101110101
1000011110010111
1000011110011101
1000011110110101
1000011111000111
1000011111001101
1000011111010011
1000011111010101
1000011111010110
1000011111011001
1000011111011100
1000011111100101
1000011111110001
1000011111110100
1000100001111111
1000100010111111
1000100011011111
1000100011101111
1000100011110111
1000100011111011
1000100011111101
1000100011111110
1000100100111111
1000100101011111
1000100101101111
1000100101110111
1000100101111011
1000100101111101
1000100101111110
1000100110011111
1000100110101111
1000100110110111
1000100110111011
1000100110111101
1000100110111110
1000100111001111
1000100111010111
1000100111011011
1000100111011101
1000100111011110
1000100111100111
1000100111101011
1000100111101101
1000100111101110
1000100111110011
1000100111110101
1000100111110110
1000100111111001
1000100111111010
1000100111111100
1000101001011111
1000101001110111
1000101010011111
1000101011010111
1000101011011101
1000101011110101
1000101100011111
1000101100110111
1000101101001111
1000101101010111
1000101101011011
1000101101011101
1000101101011110
1000101101100111
1000101101110011
1000101101110101
1000101101110110
1000101110001111
1000101110010111
1000101110011011
1000101110011101
1000101110011110
1000101110110101
1000101111000111
1000101111001101
1000101111010011
1000101111010101
1000101111010110
1000101111011001
1000101111011100
1000101111100101
1000101111110001
1000101111110100
1000110001011111
1000110001110111
1000110010011111
1000110011010111
1000110011011101
1000110011110101
1000110100011111
1000110100110111
1000110101001111
1000110101010111
1000110101011011
1000110101011101
1000110101011110
1000110101100111
1000110101110011
1000110101110101
1000110101110110
1000110110001111
1000110110010111
1000110110011011
1000110110011101
1000110110011110
1000110110110101
1000110111000111
1000110111001101
1000110111010011
1000110111010101
1000110111010110
1000110111011001
1000110111011100
1000110111100101
1000110111110001
1000110111110100
1001000001111111
1001000010111111
1001000011011111
1001000011101111
1001000011110111
1001000011111011
1001000011111101
1001000011111110
1001000100111111
1001000101011111
1001000101101111
1001000101110111
1001000101111011
1001000101111101
1001000101111110
1001000110011111
1001000110101111
1001000110110111
1001000110111011
1001000110111101
1001000110111110
1001000111001111
1001000111010111
1001000111011011
1001000111011101
1001000111011110
1001000111100111
1001000111101011
1001000111101101
1001000111101110
1001000111110011
1001000111110101
1001000111110110
1001000111111001
1001000111111010
1001000111111100
1001001000111111
1001001001011111
1001001001101111
1001001001110111
1001001001111011
1001001001111101
1001001001111110
1001001010011111
1001001010110111
1001001011001111
1001001011010111
1001001011011011
1001001011011101
1001001011011110
1001001011100111
1001001011110011
1001001011110101
1001001011110110
1001001100011111
1001001100110111
1001001101001111
1001001101010111
1001001101011011
1001001101011101
1001001101011110
1001001101100111
1001001101110011
1001001101110101
1001001101110110
1001001110001111
1001001110010111
1001001110011101
1001001110110101
1001001111000111
1001001111001011
1001001111001101
1001001111001110
1001001111010011
1001001111010101
1001001111010110
1001001111011001
1001001111011100
1001001111100101
1001001111110001
1001001111110100
1001010000111111
1001010001011111
1001010001101111
1001010001110111
1001010001111011
1001010001111101
1001010001111110
1001010010011111
1001010010110111
1001010011001111
1001010011010111
1001010011011011
1001010011011101
1001010011011110
1001010011100111
1001010011110011
1001010011110101
1001010011110110
1001010100110111
1001010101001111
1001010101010111
1001010101011101
1001010101100111
1001010101110011
1001010101110101
1001010101110110
1001010110001111
1001010110010111
1001010110011101
1001010110100111
1001010110110101
1001010111000111
1001010111001011
1001010111001101
1001010111001110
1001010111010011
1001010111010101
1001010111010110
1001010111011001
1001010111011100
1001010111100011
1001010111100101
1001010111100110
1001010111110001
1001010111110100
1001100000111111
1001100001011111
1001100001101111
1001100001110111
1001100001111011
1001100001111101
1001100001111110
1001100010011111
1001100010110111
1001100011001111
1001100011010111
1001100011011011
1001100011011101
1001100011011110
1001100011100111
1001100011110011
1001100011110101
1001100011110110
1001100100011111
1001100100101111
1001100100110111
1001100101001111
1001100101010111
1001100101011011
1001100101011101
1001100101011110
1001100101100111
1001100101101011
1001100101101101
1001100101101110
1001100101110011
1001100101110101
1001100101110110
1001100110010111
1001100111000111
1001100111010011
1001100111010101
1001100111010110
1010000001111111
1010000010111111
1010000011011111
1010000011101111
1010000011110111
1010000011111011
1010000011111101
1010000011111110
1010000100111111
1010000101011111
1010000101101111
1010000101110111
1010000101111011
1010000101111101
1010000101111110
1010000110011111
1010000110101111
1010000110110111
1010000110111011
1010000110111101
1010000110111110
1010000111001111
1010000111010111
1010000111011011
1010000111011101
1010000111011110
1010000111100111
1010000111101011
1010000111101101
1010000111101110
1010000111110011
1010000111110101
1010000111110110
1010000111111001
1010000111111010
1010000111111100
1010001001011111
1010001001110111
1010001011010111
1010001011011101
1010001011110101
1010001100011111
1010001100110111
1010001101001111
1010001101010111
1010001101011011
1010001101011101
1010001101011110
1010001101100111
1010001101110011
1010001101110101
1010001101110110
1010001110010111
1010001110011101
1010001110110101
1010001111000111
1010001111001101
1010001111010011
1010001111010101
1010001111010110
1010001111011001
1010001111011100
1010001111100101
1010001111110001
1010001111110100
1010010001110111
1010010011001111
1010010011010111
1010010011011101
1010010011110101
1010010100110111
1010010101001111
1010010101010111
1010010101011101
1010010101100111
1010010101110011
1010010101110101
1010010101110110
1010010110001111
1010010110010111
1010010110011101
1010010110110101
1010010111000111
1010010111001011
1010010111001101
1010010111001110
1010010111010011
1010010111010101
1010010111010110
1010010111011001
1010010111011100
1010010111100101
1010010111110001
1010010111110100
1010100001011111
1010100001110111
1010100011010111
1010100100011111
1010100100110111
1010100101001111
1010100101010111
1010100101011011
1010100101011101
1010100101011110
1010100101100111
1010100101110011
1010100101110101
1010100101110110
1010100110010111
1010100111000111
1010100111010011
1010100111010101
1010100111010110
1011000001011111
1011000001110111
1011000010011111
1011000010110111
1011000011001111
1011000011010111
1011000011011011
1011000011011101
1011000011011110
1011000011100111
1011000011110011
1011000011110101
1011000011110110
1011000100110111
1011000101001111
1011000101010111
1011000101100111
1011000101110011
1011000101110101
1011000101110110
1011000110001111
1011000110100111
1011000111000111
1011000111001011
1011000111001101
1011000111001110
1011000111100011
1011000111100101
1011000111100110
1100000001111111
1100000010111111
1100000011011111
1100000011101111
1100000011110111
1100000011111011
1100000011111101
1100000011111110
1100000100111111
1100000101011111
1100000101101111
1100000101110111
1100000101111011
1100000101111101
1100000101111110
1100000110011111
1100000110101111
1100000110110111
1100000110111011
1100000110111101
1100000110111110
1100000111001111
1100000111010111
1100000111011011
1100000111011101
1100000111011110
1100000111100111
1100000111101011
1100000111101101
1100000111101110
1100000111110011
1100000111110101
1100000111110110
1100000111111001
1100000111111010
1100000111111100
1100001001011111
1100001011010111
1100001011011011
1100001011011101
1100001011110101
1100001100011111
1100001101001111
1100001101010111
1100001101011011
1100001101011101
1100001101011110
1100001101110101
1100001110010111
1100001110011011
1100001110011101
1100001110110101
1100001111000111
1100001111001011
1100001111001101
1100001111010011
1100001111010101
1100001111010110
1100001111011001
1100001111011010
1100001111011100
1100001111100101
1100001111110001
1100001111110100
1100010011010111
1100010011011101
1100010011101011
1100010011110101
1100010101010111
1100010101011101
1100010101101011
1100010101110101
1100010110010111
1100010110011101
1100010110101011
1100010110110101
1100010111000111
1100010111001011
1100010111001101
1100010111010011
1100010111010101
1100010111010110
1100010111011001
1100010111011100
1100010111100011
1100010111100101
1100010111101001
1100010111101010
1100010111110001
1100010111110100
1100100001011111
1100100001110111
1100100011010111
1100100100011111
1100100100110111
1100100101001111
1100100101010111
1100100101011011
1100100101011101
1100100101011110
1100100101100111
1100100101110011
1100100101110101
1100100101110110
1100100110010111
1100100111000111
1100100111010011
1100100111010101
1100100111010110
1101000001011111
1101000001110111
1101000010011111
1101000010110111
1101000011001111
1101000011010111
1101000011011011
1101000011011101
1101000011011110
1101000011100111
1101000011101011
1101000011110011
1101000011110101
1101000011110110
1101000100110111
1101000101010111
1101000101100111
1101000101101011
1101000101110011
1101000101110101
1101000101110110
1101000110101011
1101000111001011
1101000111100011
1101000111101001
1101000111101010
1110000001110111
1110000011011011
1110000011110011
1110000100110111
1110000101010111
1110000101011011
1110000101100111
1110000101110011
1110000101110101
1110000101110110
1110000110011011
1110000110110011
1110000111001011
1110000111010011
1110000111011001
1110000111011010
1110000111100011
1110000111110001
1110000111110010
