 &FCI NORB=   8,NELEC= 8,MS2=0,
  ORBSYM=1,1,1,1,1,1,1,1
  ISYM=1,
 &END
 0.5036996992445236    1    1    1    1
 0.003226781812076041    2    1    1    1
 0.1138110625348254    2    1    2    1
 0.4869439934728298    2    2    1    1
 0.0327315319090058    2    2    2    1
 0.5243118733379215    2    2    2    2
 -0.0114986974455381    3    1    1    1
 0.009083939738767165    3    1    2    1
 0.01307343162209167    3    1    2    2
 0.1004736985688275    3    1    3    1
 0.008739454987001776    3    2    1    1
 0.01373585635754144    3    2    2    1
 0.01114700155122557    3    2    2    2
 -0.0424492835457435    3    2    3    1
 0.04926712837328757    3    2    3    2
 0.4760735227727358    3    3    1    1
 -0.04389214806995693    3    3    2    1
 0.4528192172681885    3    3    2    2
 0.03878092336417327    3    3    3    1
 -0.02892779703927934    3    3    3    2
 0.5345256634740387    3    3    3    3
 0.009341809402887672    4    1    1    1
 -0.0007667533802278644    4    1    2    1
 0.03594936886508923    4    1    2    2
 -0.002199803465289071    4    1    3    1
 0.01967697876274478    4    1    3    2
 0.00973286669254682    4    1    3    3
 0.1028241911375286    4    1    4    1
 0.0005905637145157986    4    2    1    1
 0.03472798403401194    4    2    2    1
 0.02027360276458895    4    2    2    2
 0.0205316648319057    4    2    3    1
 -0.005245656876577147    4    2    3    2
 -0.007170711684531709    4    2    3    3
 0.002502180899518813    4    2    4    1
 0.03230595435309266    4    2    4    2
 -0.006884470228066558    4    3    1    1
 0.02114709458329873    4    3    2    1
 -0.009677466940384136    4    3    2    2
 0.006394657366256207    4    3    3    1
 -0.00767913535452838    4    3    3    2
 -0.01764990116480237    4    3    3    3
 -0.02843360302866512    4    3    4    1
 0.009094748472766841    4    3    4    2
 0.03068991236024645    4    3    4    3
 0.4685675630579886    4    4    1    1
 0.002326207615935625    4    4    2    1
 0.4228715961627986    4    4    2    2
 -0.02993381130192245    4    4    3    1
 0.009561975910990558    4    4    3    2
 0.4210739783092705    4    4    3    3
 -0.04760305444770994    4    4    4    1
 -0.008140243304118959    4    4    4    2
 0.01456539418303686    4    4    4    3
 0.5093221968276859    4    4    4    4
 -0.01660029057541401    5    1    1    1
 0.001658935691801785    5    1    2    1
 -0.02609590122409434    5    1    2    2
 0.003102542819082493    5    1    3    1
 -0.007394123186186226    5    1    3    2
 -0.01485519674748716    5    1    3    3
 0.0236345975081123    5    1    4    1
 -0.002129554749889349    5    1    4    2
 0.01071152429434666    5    1    4    3
 -0.003028652859407323    5    1    4    4
 0.04990338385793257    5    1    5    1
 0.005747937164300019    5    2    1    1
 -0.03270788457225133    5    2    2    1
 -0.01175976684888598    5    2    2    2
 -0.01825615493035271    5    2    3    1
 0.004411192582081505    5    2    3    2
 0.008196603906244295    5    2    3    3
 -0.006119759670633903    5    2    4    1
 -0.005458658896477749    5    2    4    2
 -0.005842721253129041    5    2    4    3
 0.01446478135729029    5    2    4    4
 -0.001558861518405691    5    2    5    1
 0.02576628841301402    5    2    5    2
 0.007138567132354692    5    3    1    1
 -0.01873157349476507    5    3    2    1
 0.01035102069757608    5    3    2    2
 -0.003044770827447656    5    3    3    1
 0.002296617145829715    5    3    3    2
 0.02088420043628953    5    3    3    3
 0.0280369613925413    5    3    4    1
 -0.005788901274424205    5    3    4    2
 -0.004869840666048936    5    3    4    3
 -0.01751661831274748    5    3    4    4
 -0.0006559080074669607    5    3    5    1
 0.002576253389160423    5    3    5    2
 0.02717436368199174    5    3    5    3
 0.08771152264845736    5    4    1    1
 -0.005464407464782407    5    4    2    1
 0.08496882768336403    5    4    2    2
 0.02672870301006618    5    4    3    1
 -0.006291065165673291    5    4    3    2
 0.08723187121015545    5    4    3    3
 0.03548643659778838    5    4    4    1
 0.00847340576951614    5    4    4    2
 -0.02062570097975863    5    4    4    3
 0.03656248558919858    5    4    4    4
 -0.02386893545453914    5    4    5    1
 -0.001937592048391173    5    4    5    2
 0.0193597421046369    5    4    5    3
 0.1196809083533591    5    4    5    4
 0.4816565893559215    5    5    1    1
 0.002133032592175751    5    5    2    1
 0.4357243860767432    5    5    2    2
 -0.01345990323011522    5    5    3    1
 0.0004965331228354987    5    5    3    2
 0.440718410153604    5    5    3    3
 -0.05654058917163758    5    5    4    1
 -0.003869593667406106    5    5    4    2
 0.02063857804640663    5    5    4    3
 0.5191767583131919    5    5    4    4
 -0.003237484328386346    5    5    5    1
 0.01547101632761308    5    5    5    2
 -0.02207157215483804    5    5    5    3
 0.04540812573877739    5    5    5    4
 0.5601413235519669    5    5    5    5
 -0.04135603524298317    6    1    1    1
 -0.01078943602120915    6    1    2    1
 -0.02466339703841057    6    1    2    2
 0.0202687421423406    6    1    3    1
 0.01299625666182832    6    1    3    2
 -0.03823446673924679    6    1    3    3
 0.001781794182748499    6    1    4    1
 -0.001759108301323811    6    1    4    2
 -0.002003649056358539    6    1    4    3
 -0.02233368843330387    6    1    4    4
 0.00133727243384492    6    1    5    1
 0.00103952554125673    6    1    5    2
 -0.006148152836650583    6    1    5    3
 -0.02953559738553888    6    1    5    4
 -0.02601502369679441    6    1    5    5
 0.05472766984109077    6    1    6    1
 -0.03166355927989325    6    2    1    1
 0.015746260497426    6    2    2    1
 -0.01116017075433638    6    2    2    2
 0.03695916194149143    6    2    3    1
 -0.0119268124142928    6    2    3    2
 -0.01212423161353403    6    2    3    3
 -0.003395756691001394    6    2    4    1
 0.02018873075419661    6    2    4    2
 0.01147727416766534    6    2    4    3
 -0.03176728284108732    6    2    4    4
 0.003968895620872717    6    2    5    1
 -0.01617778750979011    6    2    5    2
 -0.004247632474632155    6    2    5    3
 -0.0121185755508567    6    2    5    4
 -0.02954032589635439    6    2    5    5
 0.01321976729054584    6    2    6    1
 0.0466888246965335    6    2    6    2
 0.06516863433324994    6    3    1    1
 0.03848103695013763    6    3    2    1
 0.05168626898992852    6    3    2    2
 -0.02629964768826159    6    3    3    1
 0.01644044432579257    6    3    3    2
 0.02149479624707881    6    3    3    3
 -0.003533361549767274    6    3    4    1
 0.01217811956152771    6    3    4    2
 0.007977864399885412    6    3    4    3
 0.05206155522718942    6    3    4    4
 -0.01050119474101196    6    3    5    1
 -0.003397109839123735    6    3    5    2
 -0.008620167644259217    6    3    5    3
 0.03633300132172256    6    3    5    4
 0.06045557051053117    6    3    5    5
 -0.03229728921926402    6    3    6    1
 -0.01699671107439849    6    3    6    2
 0.07864619008966514    6    3    6    3
 0.002699650003461054    6    4    1    1
 -0.003452996016475693    6    4    2    1
 0.0187613737423962    6    4    2    2
 -0.003663908694141422    6    4    3    1
 0.01143585777532452    6    4    3    2
 0.006518544239776297    6    4    3    3
 0.02533432983124368    6    4    4    1
 -0.004116443727913319    6    4    4    2
 -0.009050612263579587    6    4    4    3
 -0.02455787350448298    6    4    4    4
 -0.01691455065975489    6    4    5    1
 -0.005040706330456063    6    4    5    2
 0.02049221174438615    6    4    5    3
 0.01921743925274817    6    4    5    4
 -0.03261789903856531    6    4    5    5
 0.003416983597558708    6    4    6    1
 -0.002404621733723545    6    4    6    2
 -0.004843074023568103    6    4    6    3
 0.03279283789930345    6    4    6    4
 -0.002363005503313901    6    5    1    1
 0.00492053817448949    6    5    2    1
 -0.02296407126179521    6    5    2    2
 -0.01469034165826794    6    5    3    1
 -0.003353844040038366    6    5    3    2
 -0.01549816686303801    6    5    3    3
 -0.04663627131719208    6    5    4    1
 -0.006173934262346607    6    5    4    2
 0.02542592440171337    6    5    4    3
 0.03438444269825555    6    5    4    4
 0.005302380109829398    6    5    5    1
 0.002230945645741005    6    5    5    2
 -0.01116515854385375    6    5    5    3
 -0.03373315041014168    6    5    5    4
 0.04218535451384829    6    5    5    5
 -0.005189706319207025    6    5    6    1
 -0.003359302774895866    6    5    6    2
 0.01039702009776803    6    5    6    3
 -0.01629719951099698    6    5    6    4
 0.04238810651614745    6    5    6    5
 0.4707115959164389    6    6    1    1
 0.007664937027242072    6    6    2    1
 0.4505936382511883    6    6    2    2
 -0.03127125986502179    6    6    3    1
 0.0004663723636577299    6    6    3    2
 0.4575357106827084    6    6    3    3
 0.005919702088741108    6    6    4    1
 -0.002583224604700631    6    6    4    2
 -0.008440448187253527    6    6    4    3
 0.4359305699217202    6    6    4    4
 -0.01595792532268482    6    6    5    1
 0.004785723194653738    6    6    5    2
 0.01027503902609245    6    6    5    3
 0.06466753451188813    6    6    5    4
 0.4501936750940332    6    6    5    5
 -0.06223895686574978    6    6    6    1
 -0.03640513126009356    6    6    6    2
 0.06362898889143954    6    6    6    3
 0.0032821153177808    6    6    6    4
 0.001456508774105736    6    6    6    5
 0.4884085813386825    6    6    6    6
 0.05394626339777906    7    1    1    1
 0.005349557616611014    7    1    2    1
 0.03325891988199237    7    1    2    2
 0.01297904599502702    7    1    3    1
 0.004830080361825618    7    1    3    2
 0.0483184042415446    7    1    3    3
 0.002126042656011323    7    1    4    1
 -0.009470176958017775    7    1    4    2
 -0.005083569944662823    7    1    4    3
 0.04746899252453305    7    1    4    4
 0.000330315750665029    7    1    5    1
 0.003187208374746051    7    1    5    2
 -0.001595414935864052    7    1    5    3
 0.04276236033309958    7    1    5    4
 0.05818888736015088    7    1    5    5
 -0.007245077783820431    7    1    6    1
 -0.02566810198254782    7    1    6    2
 0.02539417881494596    7    1    6    3
 -0.004067613614017702    7    1    6    4
 -2.887815200711559e-05    7    1    6    5
 0.03686282981880479    7    1    6    6
 0.05437481457660154    7    1    7    1
 0.02964343670586696    7    2    1    1
 -0.03075526118097132    7    2    2    1
 0.0006581974270921032    7    2    2    2
 0.0140888193238785    7    2    3    1
 -0.019435103059261    7    2    3    2
 0.05876267045605869    7    2    3    3
 -0.02286028101174847    7    2    4    1
 -0.01771940911157398    7    2    4    2
 -0.00271541081153755    7    2    4    3
 0.02671949277393416    7    2    4    4
 -0.000774678746454864    7    2    5    1
 0.01397371444172552    7    2    5    2
 0.004745776204025126    7    2    5    3
 0.02403596165162023    7    2    5    4
 0.03765173972957704    7    2    5    5
 -0.02504723713385974    7    2    6    1
 -0.01943071992526116    7    2    6    2
 -0.007779621146845176    7    2    6    3
 -0.01104617147126007    7    2    6    4
 0.009775492181113616    7    2    6    5
 0.02972941428946979    7    2    6    6
 0.03468687733624257    7    2    7    1
 0.07269470051893492    7    2    7    2
 0.05203647382912907    7    3    1    1
 0.01650598468916933    7    3    2    1
 0.03507745650132312    7    3    2    2
 0.0001015408031632047    7    3    3    1
 0.02049831087943477    7    3    3    2
 0.02834532611100479    7    3    3    3
 -0.009484286712539345    7    3    4    1
 0.0004434153627967998    7    3    4    2
 0.005003387642956887    7    3    4    3
 0.05325935766125008    7    3    4    4
 -0.006507608231529977    7    3    5    1
 0.00390719781173418    7    3    5    2
 -0.009348445579561993    7    3    5    3
 0.02481808852318247    7    3    5    4
 0.06612847232833328    7    3    5    5
 0.003882070574878219    7    3    6    1
 -0.01721000457849285    7    3    6    2
 0.0465471871560711    7    3    6    3
 -0.006635920745763774    7    3    6    4
 0.01057595588292867    7    3    6    5
 0.02875080502875058    7    3    6    6
 0.04319384279781589    7    3    7    1
 0.007672552651223447    7    3    7    2
 0.0615372915907972    7    3    7    3
 0.004314299383985074    7    4    1    1
 -0.0250376094241867    7    4    2    1
 -0.01365324812795428    7    4    2    2
 -0.009933315092840561    7    4    3    1
 -0.001362068559896944    7    4    3    2
 0.009909483995073916    7    4    3    3
 0.01191673049822717    7    4    4    1
 -0.009210734838614881    7    4    4    2
 0.002444427780146416    7    4    4    3
 0.01014899617303445    7    4    4    4
 0.02424894299157725    7    4    5    1
 0.01393613251759234    7    4    5    2
 0.00877350139868812    7    4    5    3
 -0.004738816443396906    7    4    5    4
 0.01166845533885945    7    4    5    5
 -0.003730281579624284    7    4    6    1
 -0.01214257786582599    7    4    6    2
 -0.006871408310526848    7    4    6    3
 -0.006794011569271165    7    4    6    4
 0.005823026447655166    7    4    6    5
 0.004344699391556326    7    4    6    6
 0.00766764860723127    7    4    7    1
 0.01679141333513113    7    4    7    2
 0.0002428671821572687    7    4    7    3
 0.02701696932863391    7    4    7    4
 0.008964619429957734    7    5    1    1
 0.01253052511278893    7    5    2    1
 0.02612898768972458    7    5    2    2
 -0.004206160646524982    7    5    3    1
 0.01186824220805255    7    5    3    2
 -0.006080746852258793    7    5    3    3
 0.0488243782863754    7    5    4    1
 0.01430260737046215    7    5    4    2
 0.000357111369555845    7    5    4    3
 -0.01602448384348989    7    5    4    4
 0.01648042423162399    7    5    5    1
 -0.003623292424626016    7    5    5    2
 0.01608642790061626    7    5    5    3
 0.01753757056689649    7    5    5    4
 -0.02020673302190992    7    5    5    5
 -0.0007031384059735602    7    5    6    1
 0.00625781284398678    7    5    6    2
 0.01183109524351687    7    5    6    3
 0.01295531482763848    7    5    6    4
 -0.01766305781230345    7    5    6    5
 0.003014811460435926    7    5    6    6
 -0.006809397344636908    7    5    7    1
 -0.02751655212511731    7    5    7    2
 -0.0009714173771727314    7    5    7    3
 0.009140221273991578    7    5    7    4
 0.04367677733532887    7    5    7    5
 0.009791755820427607    7    6    1    1
 -0.05500302556809804    7    6    2    1
 -0.01058865162765481    7    6    2    2
 0.02907617602962042    7    6    3    1
 -0.02642642730737879    7    6    3    2
 0.06630983584564612    7    6    3    3
 -0.005198882340643668    7    6    4    1
 -0.01599369422841987    7    6    4    2
 -0.01057403936136501    7    6    4    3
 -0.001797041173475126    7    6    4    4
 -0.0008318251896388942    7    6    5    1
 0.0123289756878839    7    6    5    2
 0.0130395009428564    7    6    5    3
 0.02037050863044262    7    6    5    4
 0.004219612478613311    7    6    5    5
 -0.004233762492220545    7    6    6    1
 -0.0005757870511792671    7    6    6    2
 -0.02747404491133951    7    6    6    3
 0.0004844832744187704    7    6    6    4
 -0.006158153307971404    7    6    6    5
 0.009332172759772097    7    6    6    6
 0.01283731434509593    7    6    7    1
 0.04505452356690746    7    6    7    2
 -0.006582745798216075    7    6    7    3
 0.01335091661526944    7    6    7    4
 -0.01786734084593539    7    6    7    5
 0.06022175395617346    7    6    7    6
 0.4709011826843423    7    7    1    1
 0.06352292209194793    7    7    2    1
 0.5022866837580732    7    7    2    2
 0.07117817488235229    7    7    3    1
 -0.008128440797486756    7    7    3    2
 0.4696925896084243    7    7    3    3
 0.02002750814607513    7    7    4    1
 0.03546129853650161    7    7    4    2
 0.00248482894528404    7    7    4    3
 0.4143227563086035    7    7    4    4
 -0.01885820960797783    7    7    5    1
 -0.03004087094194683    7    7    5    2
 0.0004615409964734764    7    7    5    3
 0.09858008508481755    7    7    5    4
 0.4437991068992228    7    7    5    5
 -0.0192177094684225    7    7    6    1
 0.02110678937236136    7    7    6    2
 0.05174196385548597    7    7    6    3
 0.008704486564557867    7    7    6    4
 -0.02228532408991486    7    7    6    5
 0.43791952878299    7    7    6    6
 0.05296699598742145    7    7    7    1
 0.01034193418797676    7    7    7    2
 0.05312242804249008    7    7    7    3
 -0.02354113371550717    7    7    7    4
 0.01941451124679421    7    7    7    5
 0.003651562700968879    7    7    7    6
 0.5737080141022651    7    7    7    7
 -0.04563697341001437    8    1    1    1
 0.01622032027827268    8    1    2    1
 -0.04346746443836966    8    1    2    2
 -0.00317521254516097    8    1    3    1
 0.003204882722009604    8    1    3    2
 -0.02751253384036946    8    1    3    3
 -0.002648694968569005    8    1    4    1
 -0.01093052644406118    8    1    4    2
 -0.007188371702274864    8    1    4    3
 -0.03682349129355699    8    1    4    4
 8.958274095461115e-05    8    1    5    1
 -0.005987089284910133    8    1    5    2
 0.0005937518903471273    8    1    5    3
 -0.03457706788380405    8    1    5    4
 -0.04928889536801714    8    1    5    5
 0.006789354810104469    8    1    6    1
 -0.003406596162067183    8    1    6    2
 -0.03224261824904934    8    1    6    3
 0.006746057073085465    8    1    6    4
 -0.002357868080900436    8    1    6    5
 -0.02431091857337162    8    1    6    6
 -0.004488099215295052    8    1    7    1
 0.006726855005362564    8    1    7    2
 -0.02012781217386369    8    1    7    3
 -0.004305735410812588    8    1    7    4
 -0.01680080262560589    8    1    7    5
 0.002120860315524328    8    1    7    6
 -0.03487237363361793    8    1    7    7
 0.05433531997200577    8    1    8    1
 0.06853161416990372    8    2    1    1
 -0.01327503998561766    8    2    2    1
 0.05506152635211497    8    2    2    2
 0.001264354238981869    8    2    3    1
 -0.006585844705178151    8    2    3    2
 0.04522231045576171    8    2    3    3
 -0.02510093567820461    8    2    4    1
 -0.001337786449716904    8    2    4    2
 0.009065517989377752    8    2    4    3
 0.06369938964634837    8    2    4    4
 -0.01043413849808293    8    2    5    1
 0.007834213727945516    8    2    5    2
 -0.008092369643451872    8    2    5    3
 0.03906999408747033    8    2    5    4
 0.08348249604395627    8    2    5    5
 -0.01973787367010072    8    2    6    1
 -0.01774430756851701    8    2    6    2
 0.04338094694620506    8    2    6    3
 -0.01429717831550447    8    2    6    4
 0.01756370059360704    8    2    6    5
 0.04541988008502221    8    2    6    6
 0.02976213246696661    8    2    7    1
 0.02757729503877285    8    2    7    2
 0.03722984595546504    8    2    7    3
 0.004053155198223414    8    2    7    4
 -0.006485529716942359    8    2    7    5
 0.004759148442734743    8    2    7    6
 0.0435638389349582    8    2    7    7
 -0.04823072723480672    8    2    8    1
 0.07655716410629197    8    2    8    2
 -0.004252282684629789    8    3    1    1
 0.003589774814934655    8    3    2    1
 -0.0035872445040028    8    3    2    2
 0.03239041316626352    8    3    3    1
 -0.02790320780796983    8    3    3    2
 0.02490910752378925    8    3    3    3
 -0.01928508855269899    8    3    4    1
 0.01182096075278349    8    3    4    2
 0.01042071561768318    8    3    4    3
 -0.01080326084248367    8    3    4    4
 0.001436186103260411    8    3    5    1
 -0.009445816691358317    8    3    5    2
 -0.002373281796432828    8    3    5    3
 0.008439475048052906    8    3    5    4
 -0.002978645511011517    8    3    5    5
 -0.02223844546020729    8    3    6    1
 0.02939034462096429    8    3    6    2
 -0.008754900076489939    8    3    6    3
 -0.01145567363293178    8    3    6    4
 0.004659250022540285    8    3    6    5
 0.001503467072354496    8    3    6    6
 -0.01023546238317351    8    3    7    1
 0.02326796532817283    8    3    7    2
 -0.01816091597016866    8    3    7    3
 -0.004284430035370154    8    3    7    4
 -0.009286380692201703    8    3    7    5
 0.02082854711722997    8    3    7    6
 0.02517237348406483    8    3    7    7
 -0.004805834368408062    8    3    8    1
 0.006358612021114041    8    3    8    2
 0.05403302370562663    8    3    8    3
 -0.009927450326388615    8    4    1    1
 -0.02733948602675974    8    4    2    1
 -0.01447004186513135    8    4    2    2
 -0.01999312629279968    8    4    3    1
 0.01035814815348059    8    4    3    2
 -0.001392601820381961    8    4    3    3
 -0.003150672607832103    8    4    4    1
 -0.007670324767545868    8    4    4    2
 -0.01329370748611667    8    4    4    3
 -0.009704377948034163    8    4    4    4
 -0.01894821465632571    8    4    5    1
 0.01806270469005168    8    4    5    2
 0.008133036632861808    8    4    5    3
 -0.006026271394521143    8    4    5    4
 -0.01681312942804487    8    4    5    5
 0.008181126704475197    8    4    6    1
 -0.01406284453376289    8    4    6    2
 -0.01463154491374009    8    4    6    3
 0.01109994834304952    8    4    6    4
 -0.006845242631238611    8    4    6    5
 -0.003535421464382409    8    4    6    6
 -0.006138890614562318    8    4    7    1
 0.003490252999381903    8    4    7    2
 -0.006566831882958324    8    4    7    3
 0.002101699955964144    8    4    7    4
 -0.007469446709721354    8    4    7    5
 0.009902961325709668    8    4    7    6
 -0.03578146827086574    8    4    7    7
 0.01283087996901626    8    4    8    1
 -0.01297122074886204    8    4    8    2
 -0.01620267892167657    8    4    8    3
 0.03176895160217229    8    4    8    4
 -0.00752560776421393    8    5    1    1
 -0.003117975783465495    8    5    2    1
 -0.006139041279800606    8    5    2    2
 0.009391719659391914    8    5    3    1
 -0.01468046665917634    8    5    3    2
 -0.00256921361530111    8    5    3    3
 -0.03898332421842895    8    5    4    1
 0.01538077494678368    8    5    4    2
 0.0132005634332433    8    5    4    3
 0.005446032319501833    8    5    4    4
 -0.01422739326134174    8    5    5    1
 0.007231946656813617    8    5    5    2
 -0.01072305307030647    8    5    5    3
 -0.01229278345092901    8    5    5    4
 0.01349595960581697    8    5    5    5
 -0.002017489441216419    8    5    6    1
 0.01578757491495588    8    5    6    2
 0.0009975081070059436    8    5    6    3
 -0.01238013770421048    8    5    6    4
 0.01416449508923496    8    5    6    5
 -0.006461156447951831    8    5    6    6
 -0.01721195647060466    8    5    7    1
 0.000963308788508742    8    5    7    2
 -0.005386278164193236    8    5    7    3
 -0.007335799189580856    8    5    7    4
 -0.0120009754623918    8    5    7    5
 0.002103623938053427    8    5    7    6
 -0.002230738640161604    8    5    7    7
 -0.01322068917048128    8    5    8    1
 0.01437463923905609    8    5    8    2
 0.0206518992008809    8    5    8    3
 0.004720524790068711    8    5    8    4
 0.03729998642666142    8    5    8    5
 -0.004741141970521214    8    6    1    1
 -0.02248033149344903    8    6    2    1
 -0.02402755736129264    8    6    2    2
 -0.05942489349178218    8    6    3    1
 0.0415518521427375    8    6    3    2
 -0.02759456291851122    8    6    3    3
 0.01403149954220288    8    6    4    1
 -0.02250756453616557    8    6    4    2
 -0.01541509686367806    8    6    4    3
 0.008977493602635328    8    6    4    4
 -0.002052754533005587    8    6    5    1
 0.0197544324458267    8    6    5    2
 0.005829707163566745    8    6    5    3
 -0.01884355548342635    8    6    5    4
 -0.003471284120903896    8    6    5    5
 0.01103437804138984    8    6    6    1
 -0.02913689342397718    8    6    6    2
 0.003390357902944062    8    6    6    3
 0.008207320960669409    8    6    6    4
 0.0005276136609442657    8    6    6    5
 -0.001146505357721153    8    6    6    6
 0.002840867842093909    8    6    7    1
 -0.008348052195541349    8    6    7    2
 0.01223627961201838    8    6    7    3
 0.01185304823960484    8    6    7    4
 0.002062929275322155    8    6    7    5
 -0.01043211739883989    8    6    7    6
 -0.06097412610901947    8    6    7    7
 0.01104541171409904    8    6    8    1
 -0.01365311014690464    8    6    8    2
 -0.03914712593336502    8    6    8    3
 0.02549879319654312    8    6    8    4
 -0.01925725710695779    8    6    8    5
 0.06589120912625211    8    6    8    6
 0.01840729643341398    8    7    1    1
 0.03742671404653518    8    7    2    1
 0.03084686947996233    8    7    2    2
 -0.03056698325361468    8    7    3    1
 0.03415473192896654    8    7    3    2
 -0.02647588464877196    8    7    3    3
 -0.0004413014988180816    8    7    4    1
 0.006599703778713017    8    7    4    2
 0.0005456930447354198    8    7    4    3
 0.01806283233134151    8    7    4    4
 -0.01807523655327722    8    7    5    1
 -0.004694353087078981    8    7    5    2
 -0.007936250203407493    8    7    5    3
 -0.003671425005045037    8    7    5    4
 0.01365989417608032    8    7    5    5
 0.002622836218663056    8    7    6    1
 -0.008672503757425403    8    7    6    2
 0.03167176197416913    8    7    6    3
 0.00751875766395333    8    7    6    4
 0.002911453454551237    8    7    6    5
 0.01331176970121834    8    7    6    6
 0.002405298301450011    8    7    7    1
 -0.02378634077275119    8    7    7    2
 0.02243581378629998    8    7    7    3
 -0.01575404741418476    8    7    7    4
 0.005870805767925315    8    7    7    5
 -0.03998938580963526    8    7    7    6
 0.01760530096288332    8    7    7    7
 -0.000893652225054142    8    7    8    1
 0.006206932041005535    8    7    8    2
 -0.02094405410606569    8    7    8    3
 0.002961182025700807    8    7    8    4
 -0.002395742526862752    8    7    8    5
 0.02212045172407651    8    7    8    6
 0.04517660184497779    8    7    8    7
 0.4860773896836448    8    8    1    1
 -0.08068086329254465    8    8    2    1
 0.4745504039375868    8    8    2    2
 -0.01107235402134456    8    8    3    1
 0.004858640201288766    8    8    3    2
 0.4969648341456627    8    8    3    3
 0.0320009056246542    8    8    4    1
 -0.02427793972245231    8    8    4    2
 -0.03309040754638143    8    8    4    3
 0.4345308597508867    8    8    4    4
 -0.02656061403290925    8    8    5    1
 0.02715859671761054    8    8    5    2
 0.03097942459441791    8    8    5    3
 0.0961328004101295    8    8    5    4
 0.4526193920129392    8    8    5    5
 -0.02084743415403506    8    8    6    1
 -0.04303110296948686    8    8    6    2
 0.01840212741035316    8    8    6    3
 0.0222469295747488    8    8    6    4
 -0.02379032078827356    8    8    6    5
 0.4597337183965803    8    8    6    6
 0.04444909318028566    8    8    7    1
 0.04441549437973282    8    8    7    2
 0.0284960245328947    8    8    7    3
 0.01797074601405503    8    8    7    4
 0.006910020279762365    8    8    7    5
 0.05033585173467494    8    8    7    6
 0.4327175536978454    8    8    7    7
 -0.05202936594211088    8    8    8    1
 0.07043097470287621    8    8    8    2
 -0.01591440021057554    8    8    8    3
 0.01869027971640528    8    8    8    4
 -0.01319579321671751    8    8    8    5
 0.01459806001570861    8    8    8    6
 -0.005790488178791155    8    8    8    7
 0.5789458714102748    8    8    8    8
 -4.107365033977198    1    1  0  0
 0.007226464540736647    2    1  0  0
 -3.607021328780124    2    2  0  0
 -0.008259213230097217    3    1  0  0
 -0.0006433780963971727    3    2  0  0
 -3.592780170218276    3    3  0  0
 -0.01198058467018163    4    1  0  0
 -0.007418952255194117    4    2  0  0
 0.02876292097680082    4    3  0  0
 -3.467586247430686    4    4  0  0
 0.104293584400658    5    1  0  0
 -0.03262992268900314    5    2  0  0
 -0.03394211477320337    5    3  0  0
 -0.5430808110788231    5    4  0  0
 -2.917610628480398    5    5  0  0
 0.2266000730190272    6    1  0  0
 0.1638049018295052    6    2  0  0
 -0.3600363789079191    6    3  0  0
 -0.001452877898492189    6    4  0  0
 0.008638358392327005    6    5  0  0
 -2.747352476252329    6    6  0  0
 -0.3307758875331991    7    1  0  0
 -0.2142722764189907    7    2  0  0
 -0.3131035337943136    7    3  0  0
 -0.02188005623980048    7    4  0  0
 -0.0257599846784357    7    5  0  0
 -0.114354419852169    7    6  0  0
 -2.786607793320715    7    7  0  0
 0.2772086490579076    8    1  0  0
 -0.4293213667432332    8    2  0  0
 -0.01067828052968332    8    3  0  0
 0.06771878429815964    8    4  0  0
 0.02109990395757343    8    5  0  0
 0.08616163280352697    8    6  0  0
 -0.07465224738261839    8    7  0  0
 -2.822626741408151    8    8  0  0
 0  0  0  0  0
