 &FCI NORB=   8,NELEC= 8,MS2=0,
  ORBSYM=1,1,1,1,1,1,1,1
  ISYM=1,
 &END
 0.5106295390316952    1    1    1    1
 0.01049692460141774    2    1    1    1
 0.1121366751494141    2    1    2    1
 0.4847669356272749    2    2    1    1
 -0.06324773556480252    2    2    2    1
 0.5505037916699306    2    2    2    2
 -0.01853010738650521    3    1    1    1
 -0.00416243510242645    3    1    2    1
 -0.01412220991574191    3    1    2    2
 0.09087282988758562    3    1    3    1
 -0.00317496446923807    3    2    1    1
 -0.01185485757452104    3    2    2    1
 0.005283226808204657    3    2    2    2
 0.01790548366212985    3    2    3    1
 0.02165527172914956    3    2    3    2
 0.4687872333827011    3    3    1    1
 0.02202324394642329    3    3    2    1
 0.422119678295222    3    3    2    2
 0.07595728799186068    3    3    3    1
 0.0195004528259463    3    3    3    2
 0.5769120557299166    3    3    3    3
 -0.008420637987647068    4    1    1    1
 -0.003946525390371119    4    1    2    1
 -0.02064840154588278    4    1    2    2
 0.001970506316504796    4    1    3    1
 0.005058917853520009    4    1    3    2
 -0.004762007268996598    4    1    3    3
 0.1108624139853078    4    1    4    1
 -0.003796173335168687    4    2    1    1
 -0.01951013932654343    4    2    2    1
 0.005687915710566702    4    2    2    2
 0.005021602557341903    4    2    3    1
 0.00624677939270985    4    2    3    2
 -0.002895838887609763    4    2    3    3
 0.03237478428575135    4    2    4    1
 0.03159422193746102    4    2    4    2
 0.002198381502396109    4    3    1    1
 0.005302588676640041    4    3    2    1
 0.005738773957905867    4    3    2    2
 -0.002226772822477958    4    3    3    1
 -0.003019785419615884    4    3    3    2
 0.0003929663740615662    4    3    3    3
 -0.02838606779622615    4    3    4    1
 -0.01438381010476219    4    3    4    2
 0.02498599683951184    4    3    4    3
 0.4834558785673608    4    4    1    1
 0.03730937136657141    4    4    2    1
 0.4259527018559398    4    4    2    2
 -0.03129623262778893    4    4    3    1
 -0.01348839031256229    4    4    3    2
 0.4219728763874919    4    4    3    3
 0.0293802627072001    4    4    4    1
 0.002715585082061777    4    4    4    2
 -0.008680273757155212    4    4    4    3
 0.5173398366021293    4    4    4    4
 -0.03943226457081091    5    1    1    1
 0.01208239291396362    5    1    2    1
 -0.01537586794574453    5    1    2    2
 0.02013684188420781    5    1    3    1
 -0.003126327850285323    5    1    3    2
 -0.0399310009895822    5    1    3    3
 0.0001611197680169525    5    1    4    1
 -0.0006486857204350026    5    1    4    2
 0.003753659286878868    5    1    4    3
 -0.02374106625771896    5    1    4    4
 0.05137535077854453    5    1    5    1
 0.03823381810828878    5    2    1    1
 0.04273200857005292    5    2    2    1
 -0.01080597860663238    5    2    2    2
 -0.008543960318271461    5    2    3    1
 -0.004760528347116364    5    2    3    2
 0.02984352688913453    5    2    3    3
 0.0004536257425362021    5    2    4    1
 -0.012305596713363    5    2    4    2
 0.002536328352805574    5    2    4    3
 0.05221012342545038    5    2    4    4
 -0.01833878116534474    5    2    5    1
 0.06114649675835689    5    2    5    2
 0.05884668461593303    5    3    1    1
 -0.00960441460583724    5    3    2    1
 0.04865117126935419    5    3    2    2
 -0.04185279066057968    5    3    3    1
 -0.004785769296052117    5    3    3    2
 0.0007346322402736505    5    3    3    3
 0.007456854284347523    5    3    4    1
 0.003083700491127466    5    3    4    2
 -0.0007744165050129084    5    3    4    3
 0.05018065129676051    5    3    4    4
 -0.02710665687602824    5    3    5    1
 0.01783536785480704    5    3    5    2
 0.06403197705318163    5    3    5    3
 0.004099002475584251    5    4    1    1
 0.0006799936955149726    5    4    2    1
 -0.005796894937001801    5    4    2    2
 0.007266919413446635    5    4    3    1
 0.002804548703620252    5    4    3    2
 0.008900073365829871    5    4    3    3
 0.01427757040521468    5    4    4    1
 0.0164762573682431    5    4    4    2
 -0.002887260496953224    5    4    4    3
 0.0135606498243421    5    4    4    4
 -0.003767173039396382    5    4    5    1
 0.003312726392160112    5    4    5    2
 0.002800626356093558    5    4    5    3
 0.02370801812477379    5    4    5    4
 0.4582666887403435    5    5    1    1
 -0.03032341558241071    5    5    2    1
 0.4664565121803451    5    5    2    2
 -0.02632074919899157    5    5    3    1
 0.0104134718729409    5    5    3    2
 0.4288249012587156    5    5    3    3
 -0.009147488552798226    5    5    4    1
 0.00340559934695245    5    5    4    2
 0.002607188387681718    5    5    4    3
 0.4171759940658034    5    5    4    4
 -0.04671093299297193    5    5    5    1
 0.01033410243931023    5    5    5    2
 0.05474119737296062    5    5    5    3
 -0.0002688355853063902    5    5    5    4
 0.4665863024882662    5    5    5    5
 0.01067471030205157    6    1    1    1
 -0.003354015657204233    6    1    2    1
 0.01096800927522887    6    1    2    2
 0.002230912063237006    6    1    3    1
 -0.005588846013855114    6    1    3    2
 0.01111336703638979    6    1    3    3
 0.01656019501206336    6    1    4    1
 -0.01455454637826766    6    1    4    2
 0.01345541061082781    6    1    4    3
 0.009681155675032933    6    1    4    4
 0.0008558494748156004    6    1    5    1
 0.01153781121236121    6    1    5    2
 0.00591438789949687    6    1    5    3
 -0.01414503447573573    6    1    5    4
 0.00554462607952787    6    1    5    5
 0.0473604919283352    6    1    6    1
 -0.01979414427169091    6    2    1    1
 0.002248767582276142    6    2    2    1
 -0.00685058315625885    6    2    2    2
 -0.0128366448177517    6    2    3    1
 -0.001852024495223825    6    2    3    2
 -0.02989734046495727    6    2    3    3
 -0.03535181100637846    6    2    4    1
 -0.003161507121826979    6    2    4    2
 0.0133106295784988    6    2    4    3
 -0.02560622620098163    6    2    4    4
 0.01289526148459607    6    2    5    1
 -0.01323689323826649    6    2    5    2
 -0.007867549267007249    6    2    5    3
 -0.008380102091480541    6    2    5    4
 -0.007947743636345345    6    2    5    5
 -0.0052030096786139    6    2    6    1
 0.03585323141982139    6    2    6    2
 0.01257836269899782    6    3    1    1
 -0.01414872653562323    6    3    2    1
 0.01482892722485219    6    3    2    2
 0.0002923944599634259    6    3    3    1
 -0.002470579679075319    6    3    3    2
 0.001872961283814577    6    3    3    3
 0.03376210142581314    6    3    4    1
 0.01535951495480144    6    3    4    2
 -0.001925298397198717    6    3    4    3
 0.02134099738238766    6    3    4    4
 0.0003817649022443444    6    3    5    1
 -0.003054828530152228    6    3    5    2
 0.01688583525052339    6    3    5    3
 0.01474584696416015    6    3    5    4
 0.008655471566511311    6    3    5    5
 0.003440422984776307    6    3    6    1
 -0.01524397420700749    6    3    6    2
 0.0310620328621405    6    3    6    3
 0.07095205985197038    6    4    1    1
 -0.03723687500877053    6    4    2    1
 0.07892834459662283    6    4    2    2
 0.03139836746446319    6    4    3    1
 0.01399514637790313    6    4    3    2
 0.08068601356562612    6    4    3    3
 -0.004162622728515059    6    4    4    1
 0.001287341151411971    6    4    4    2
 0.004566368901143485    6    4    4    3
 0.03669178921458104    6    4    4    4
 -0.02563555976588769    6    4    5    1
 -0.001530803480920773    6    4    5    2
 0.02572693362448285    6    4    5    3
 0.002351544166327614    6    4    5    4
 0.06347596962010324    6    4    5    5
 0.01767593730226069    6    4    6    1
 -0.01826560150971822    6    4    6    2
 0.01087389690599138    6    4    6    3
 0.1010939775311493    6    4    6    4
 0.0109385101048847    6    5    1    1
 0.02593236554018373    6    5    2    1
 -0.009469655988197514    6    5    2    2
 0.008695701815573843    6    5    3    1
 -0.004148375652656944    6    5    3    2
 0.02899778900365307    6    5    3    3
 -0.03466315566076988    6    5    4    1
 -0.01433442203702061    6    5    4    2
 0.01687678173470776    6    5    4    3
 0.003298323294394955    6    5    4    4
 -0.002705112427323577    6    5    5    1
 0.01533745891793953    6    5    5    2
 -0.00738505395843286    6    5    5    3
 -0.001526311386923578    6    5    5    4
 1.920852860527356e-05    6    5    5    5
 0.002610700896904581    6    5    6    1
 0.01270831986930566    6    5    6    2
 -0.009883832397667528    6    5    6    3
 0.00256541156175621    6    5    6    4
 0.03163378756767802    6    5    6    5
 0.4883598691643722    6    6    1    1
 0.006298821870342067    6    6    2    1
 0.453101615679904    6    6    2    2
 -0.008652841136254056    6    6    3    1
 -0.01027062666645356    6    6    3    2
 0.4478193999778658    6    6    3    3
 0.02843845798839953    6    6    4    1
 -0.004367537451910325    6    6    4    2
 5.264837884444961e-05    6    6    4    3
 0.501286493297929    6    6    4    4
 -0.02720324038543477    6    6    5    1
 0.04713184649563441    6    6    5    2
 0.05207562289827633    6    6    5    3
 0.009019303844073193    6    6    5    4
 0.4344147057388225    6    6    5    5
 0.0327418722337108    6    6    6    1
 -0.0377207193111654    6    6    6    2
 0.03016190923389651    6    6    6    3
 0.06921173298197904    6    6    6    4
 0.002406591910782533    6    6    6    5
 0.5355444422823055    6    6    6    6
 -0.0242208277248686    7    1    1    1
 0.009718051506412317    7    1    2    1
 -0.01221095104112153    7    1    2    2
 -0.0162536764682083    7    1    3    1
 0.008627222487785351    7    1    3    2
 -0.0203204913636238    7    1    3    3
 0.009789274378687133    7    1    4    1
 -0.0005771716617739743    7    1    4    2
 0.003692310638145915    7    1    4    3
 -0.03463773551313558    7    1    4    4
 0.002868751559172776    7    1    5    1
 -0.02082729883764904    7    1    5    2
 -0.01014889988996347    7    1    5    3
 -0.009414715491503935    7    1    5    4
 -0.001987127837679886    7    1    5    5
 0.002076446181347621    7    1    6    1
 0.01253645236727855    7    1    6    2
 -0.009194383753565185    7    1    6    3
 -0.01619940139102027    7    1    6    4
 -0.004754575742463592    7    1    6    5
 -0.04319725249793045    7    1    6    6
 0.04527265179898843    7    1    7    1
 0.04373847978503589    7    2    1    1
 0.02718537190575181    7    2    2    1
 0.004017406971464108    7    2    2    2
 0.02183917833892254    7    2    3    1
 -0.008906194988130306    7    2    3    2
 0.06862480248053895    7    2    3    3
 -0.001666330970948966    7    2    4    1
 -0.00485906373633851    7    2    4    2
 0.001340942660347262    7    2    4    3
 0.0400390437583059    7    2    4    4
 -0.02276347485299752    7    2    5    1
 0.04350312627238682    7    2    5    2
 0.004958283324432931    7    2    5    3
 0.007248557023416737    7    2    5    4
 0.01107806677988203    7    2    5    5
 0.0121652289774196    7    2    6    1
 -0.02012167099481071    7    2    6    2
 0.0009489249275404455    7    2    6    3
 0.02316720181997239    7    2    6    4
 0.01962638510181558    7    2    6    5
 0.04840186256621205    7    2    6    6
 -0.02780626718420642    7    2    7    1
 0.06506959984577777    7    2    7    2
 -0.05806542923537024    7    3    1    1
 0.02432849614024475    7    3    2    1
 -0.06881494963837076    7    3    2    2
 0.01962327878604717    7    3    3    1
 0.015767556700231    7    3    3    2
 -0.005099550014461672    7    3    3    3
 0.009514966145800632    7    3    4    1
 0.0003788775380290343    7    3    4    2
 0.0006100782222261401    7    3    4    3
 -0.04546982925975244    7    3    4    4
 0.004225245493731409    7    3    5    1
 -0.004010166219380054    7    3    5    2
 -0.05088975466603193    7    3    5    3
 0.003675539409558039    7    3    5    4
 -0.04218301732313288    7    3    5    5
 -0.01045877072751433    7    3    6    1
 0.003277102980106329    7    3    6    2
 -0.01592615828085096    7    3    6    3
 -0.03214623646321543    7    3    6    4
 0.00651479321824725    7    3    6    5
 -0.05893933251408296    7    3    6    6
 0.02857067141974975    7    3    7    1
 -0.006101685825085208    7    3    7    2
 0.07663999794600983    7    3    7    3
 0.0356158145060787    7    4    1    1
 -0.001480944702595947    7    4    2    1
 0.0303409479046746    7    4    2    2
 0.008835424591717935    7    4    3    1
 0.001293292992408015    7    4    3    2
 0.03641308096258118    7    4    3    3
 -0.03685582395442358    7    4    4    1
 -0.004673202940757986    7    4    4    2
 0.003501221775560414    7    4    4    3
 0.01562534471248145    7    4    4    4
 -0.01313748327227694    7    4    5    1
 0.008704306882753339    7    4    5    2
 0.009345919009623732    7    4    5    3
 -0.002683064758026287    7    4    5    4
 0.02615933737054024    7    4    5    5
 -0.00546023615775267    7    4    6    1
 0.007058770869481486    7    4    6    2
 -0.01261178517495778    7    4    6    3
 0.03291699419260944    7    4    6    4
 0.01417081688247205    7    4    6    5
 0.01581592856487967    7    4    6    6
 -0.0142837221281762    7    4    7    1
 0.01873364118673701    7    4    7    2
 -0.01767527008225746    7    4    7    3
 0.03411443958030581    7    4    7    4
 -0.005068169490863833    7    5    1    1
 -0.05075868949492535    7    5    2    1
 0.05267546785370397    7    5    2    2
 -0.02335336233533254    7    5    3    1
 -0.001206140331679445    7    5    3    2
 -0.06287178604934981    7    5    3    3
 -0.01876887249961956    7    5    4    1
 0.006309445188804465    7    5    4    2
 0.005680691806831204    7    5    4    3
 -0.0163130281505459    7    5    4    4
 0.01615971936979127    7    5    5    1
 -0.03214944639969552    7    5    5    2
 0.01526669900400278    7    5    5    3
 -0.005211500863691671    7    5    5    4
 0.01327850924032318    7    5    5    5
 -0.004366554363238777    7    5    6    1
 0.01871468630695735    7    5    6    2
 0.00618750444135201    7    5    6    3
 0.007772204819817596    7    5    6    4
 -0.01449869360350392    7    5    6    5
 -0.01096453124768938    7    5    6    6
 -0.0002774721330127321    7    5    7    1
 -0.03817086233412446    7    5    7    2
 -0.03061975662228957    7    5    7    3
 0.002404870449264494    7    5    7    4
 0.0657490834407984    7    5    7    5
 0.009848554932558923    7    6    1    1
 0.02572590442221882    7    6    2    1
 -0.01850789303277136    7    6    2    2
 -0.02097566999935382    7    6    3    1
 -0.005176768443446919    7    6    3    2
 -0.01652760464534033    7    6    3    3
 -0.003660836481307117    7    6    4    1
 0.004595096093136382    7    6    4    2
 -0.0109981227268899    7    6    4    3
 0.03333487644817959    7    6    4    4
 -0.004501528578696887    7    6    5    1
 0.01986912449563355    7    6    5    2
 0.01091660161230999    7    6    5    3
 0.007503340338283935    7    6    5    4
 -0.004587794380428986    7    6    5    5
 -0.02219272997681756    7    6    6    1
 0.00340490953386157    7    6    6    2
 -0.005247479018310721    7    6    6    3
 -0.01989758579187929    7    6    6    4
 0.001034348559399579    7    6    6    5
 0.008288129455317272    7    6    6    6
 -0.01164026868254558    7    6    7    1
 0.003863373404966256    7    6    7    2
 -0.003182853002417676    7    6    7    3
 0.008043723511227535    7    6    7    4
 -0.005602354842539407    7    6    7    5
 0.03775337697493284    7    6    7    6
 0.4738708440066178    7    7    1    1
 -0.04782659424511105    7    7    2    1
 0.4923766041371131    7    7    2    2
 0.04911191865382182    7    7    3    1
 0.01010545792780998    7    7    3    2
 0.504912439342125    7    7    3    3
 -0.01675120335475933    7    7    4    1
 0.01486415176954308    7    7    4    2
 -0.008406831754935352    7    7    4    3
 0.4234698283050981    7    7    4    4
 -0.0300190988916248    7    7    5    1
 -0.004031368798953282    7    7    5    2
 0.01984479341992072    7    7    5    3
 0.009438918516643769    7    7    5    4
 0.45184862068539    7    7    5    5
 -0.00305770711759277    7    7    6    1
 -0.02277541993744059    7    7    6    2
 0.01312328034624882    7    7    6    3
 0.09950047992242284    7    7    6    4
 0.005286022560403188    7    7    6    5
 0.4599274800872596    7    7    6    6
 -0.04055335008343473    7    7    7    1
 0.04516373362605791    7    7    7    2
 -0.05342208088366961    7    7    7    3
 0.0488881702070588    7    7    7    4
 0.003924323926330228    7    7    7    5
 -0.01421201241449997    7    7    7    6
 0.5580198965675849    7    7    7    7
 0.06691799301319727    8    1    1    1
 0.01471598246877199    8    1    2    1
 0.05903328980737566    8    1    2    2
 0.00527706017690639    8    1    3    1
 0.005896604411949091    8    1    3    2
 0.05173107556884699    8    1    3    3
 0.002748369953473677    8    1    4    1
 0.005333308751276676    8    1    4    2
 -0.00138869616714652    8    1    4    3
 0.04495548952501639    8    1    4    4
 -0.00852044252092999    8    1    5    1
 0.007113350118980076    8    1    5    2
 0.0332345512672756    8    1    5    3
 0.006019811482826656    8    1    5    4
 0.04741684695362855    8    1    5    5
 -0.002329114448574335    8    1    6    1
 -0.01066461349911636    8    1    6    2
 0.01035734893061181    8    1    6    3
 0.04895535574385414    8    1    6    4
 0.0008696717524066727    8    1    6    5
 0.04844953423168754    8    1    6    6
 -0.001186277981350228    8    1    7    1
 0.0146859068372272    8    1    7    2
 -0.03045547860241581    8    1    7    3
 0.02025100991683322    8    1    7    4
 0.001066390585062114    8    1    7    5
 0.001878430563700402    8    1    7    6
 0.05687291309241188    8    1    7    7
 0.06043572207457738    8    1    8    1
 0.05926950105908209    8    2    1    1
 0.0190934656116762    8    2    2    1
 0.04613475523400461    8    2    2    2
 0.01021401795110237    8    2    3    1
 0.005470425901678469    8    2    3    2
 0.05355152508500607    8    2    3    3
 0.01097043325258822    8    2    4    1
 0.005117884162384236    8    2    4    2
 -0.004201381216028521    8    2    4    3
 0.04292318483936299    8    2    4    4
 -0.01079852316866208    8    2    5    1
 0.0181325504762971    8    2    5    2
 0.02523151295995099    8    2    5    3
 0.008374352078984321    8    2    5    4
 0.03602240054733977    8    2    5    5
 -0.0007287183605419585    8    2    6    1
 -0.0188274036939046    8    2    6    2
 0.009971855271012731    8    2    6    3
 0.03902210972393003    8    2    6    4
 0.0002059701094839956    8    2    6    5
 0.0461356469915604    8    2    6    6
 -0.004920594847279524    8    2    7    1
 0.02621059015875483    8    2    7    2
 -0.01910464983539742    8    2    7    3
 0.014870230373492    8    2    7    4
 -0.009810227325367703    8    2    7    5
 0.002434856736050768    8    2    7    6
 0.04862806446945619    8    2    7    7
 0.05111605557158597    8    2    8    1
 0.05117449169279612    8    2    8    2
 0.02013476485798986    8    3    1    1
 0.01272067874647786    8    3    2    1
 0.01700192736760207    8    3    2    2
 -0.01528463686886346    8    3    3    1
 -0.006785164083291906    8    3    3    2
 -0.02384529875744952    8    3    3    3
 -0.00168619459414856    8    3    4    1
 -0.004667157774089834    8    3    4    2
 0.003541081091309366    8    3    4    3
 0.0364250208290511    8    3    4    4
 0.01913159980763051    8    3    5    1
 0.01836998562728052    8    3    5    2
 0.02578984108432117    8    3    5    3
 -0.001070207627923783    8    3    5    4
 0.001820322032676687    8    3    5    5
 0.007162879323514904    8    3    6    1
 0.00411895533353288    8    3    6    2
 0.007820218778564801    8    3    6    3
 -0.009276793164157984    8    3    6    4
 -0.001421920051774127    8    3    6    5
 0.0350289609407192    8    3    6    6
 -0.01864297197042447    8    3    7    1
 -0.004240840398800551    8    3    7    2
 -0.03361412358928913    8    3    7    3
 -0.000727239023983551    8    3    7    4
 0.01786165881479277    8    3    7    5
 0.01471520347178177    8    3    7    6
 -0.01035388061198479    8    3    7    7
 0.009338033054542814    8    3    8    1
 0.005747478098772805    8    3    8    2
 0.04710290369580786    8    3    8    3
 0.008449588326661697    8    4    1    1
 0.01157227849500484    8    4    2    1
 0.008922722290494869    8    4    2    2
 -0.001989790638395607    8    4    3    1
 -0.004126976840949335    8    4    3    2
 0.009464873436291179    8    4    3    3
 -0.02024228022148793    8    4    4    1
 -0.0147986654012522    8    4    4    2
 0.01980050496550198    8    4    4    3
 -0.0047495944098699    8    4    4    4
 0.003343626813144976    8    4    5    1
 0.00757812564330779    8    4    5    2
 -0.001045364172702911    8    4    5    3
 -0.0167989119288571    8    4    5    4
 0.006690419617472949    8    4    5    5
 0.02990962126458793    8    4    6    1
 0.01959588012112049    8    4    6    2
 -0.01335062541078158    8    4    6    3
 0.008998645449684208    8    4    6    4
 0.01983297671368987    8    4    6    5
 0.002268007818274543    8    4    6    6
 0.01110127649884705    8    4    7    1
 0.008251438311639997    8    4    7    2
 -0.003129045571942136    8    4    7    3
 0.01052827358813973    8    4    7    4
 0.0007183720943236465    8    4    7    5
 -0.01335619368177606    8    4    7    6
 -0.005239702118410814    8    4    7    7
 0.001758917539352518    8    4    8    1
 -0.002039616353996406    8    4    8    2
 0.003211155141272039    8    4    8    3
 0.043240776082177    8    4    8    4
 0.008908243093291213    8    5    1    1
 -0.01504153567188609    8    5    2    1
 0.02340179259370997    8    5    2    2
 0.05037903656623085    8    5    3    1
 0.02133482106466128    8    5    3    2
 0.06219694092828346    8    5    3    3
 0.006327776566081949    8    5    4    1
 0.00928390569681058    8    5    4    2
 -0.002871311637463629    8    5    4    3
 -0.01502334143913533    8    5    4    4
 0.001477026288909863    8    5    5    1
 -0.01309482349444204    8    5    5    2
 -0.01822793084854561    8    5    5    3
 0.005352673504848501    8    5    5    4
 0.01258283020775404    8    5    5    5
 -0.001040294170925678    8    5    6    1
 -0.009614345169510629    8    5    6    2
 0.0009828617577296625    8    5    6    3
 0.03719818267439006    8    5    6    4
 -0.0004817707334644849    8    5    6    5
 -0.0005078443858378256    8    5    6    6
 0.002380726186046732    8    5    7    1
 0.006596994923045732    8    5    7    2
 0.01636194526111163    8    5    7    3
 0.008037920095037357    8    5    7    4
 -0.008339323274982687    8    5    7    5
 -0.01992274872519316    8    5    7    6
 0.05317504862647906    8    5    7    7
 0.01798095007341278    8    5    8    1
 0.01991722738231897    8    5    8    2
 -0.01888373099362783    8    5    8    3
 -0.00182717002693419    8    5    8    4
 0.05046213014603213    8    5    8    5
 -0.01824964092873912    8    6    1    1
 -0.008133145388959291    8    6    2    1
 -0.02775030845684776    8    6    2    2
 0.01675891422535695    8    6    3    1
 0.009208331027627512    8    6    3    2
 0.004863657752823432    8    6    3    3
 0.0729239900472687    8    6    4    1
 0.03299272290726779    8    6    4    2
 -0.02229216180357221    8    6    4    3
 0.008721769734369575    8    6    4    4
 -2.632168273918663e-05    8    6    5    1
 -0.005748356144830842    8    6    5    2
 -0.005436732328001196    8    6    5    3
 0.02266197543026982    8    6    5    4
 -0.01454832523536425    8    6    5    5
 -0.003737563456937497    8    6    6    1
 -0.02343045366128    8    6    6    2
 0.02703833660142289    8    6    6    3
 -0.004368002707128097    8    6    6    4
 -0.02377796216355878    8    6    6    5
 0.005311741726423573    8    6    6    6
 0.002075884119993111    8    6    7    1
 -0.0005038376818184465    8    6    7    2
 0.01833705037166674    8    6    7    3
 -0.02501542813132641    8    6    7    4
 -0.0181033610288066    8    6    7    5
 0.001289479236234915    8    6    7    6
 -0.003725908773831866    8    6    7    7
 -0.002371551642844855    8    6    8    1
 0.004405215820831803    8    6    8    2
 -0.009878863573054926    8    6    8    3
 -0.02528365528109345    8    6    8    4
 0.014879418270352    8    6    8    5
 0.06939499186345519    8    6    8    6
 0.01930423046561307    8    7    1    1
 -0.0006650063091093776    8    7    2    1
 0.02691146730146576    8    7    2    2
 -0.04656085842407405    8    7    3    1
 -0.01283337164114036    8    7    3    2
 -0.04759326054468753    8    7    3    3
 0.02679868514080597    8    7    4    1
 0.01063843991725611    8    7    4    2
 -0.005829824607073955    8    7    4    3
 0.03310649435225727    8    7    4    4
 0.001625992295650251    8    7    5    1
 0.001808224101445745    8    7    5    2
 0.03324453130139396    8    7    5    3
 0.002691158669368813    8    7    5    4
 0.01455761629280517    8    7    5    5
 0.001872777867079077    8    7    6    1
 -0.00163352734898402    8    7    6    2
 0.01694488226050447    8    7    6    3
 -0.01603860460817807    8    7    6    4
 -0.01820429715134342    8    7    6    5
 0.02355088632019115    8    7    6    6
 0.005099852226221096    8    7    7    1
 -0.01165962999096715    8    7    7    2
 -0.02792353530003062    8    7    7    3
 -0.01309837065007629    8    7    7    4
 0.02413715639811996    8    7    7    5
 0.01128024663514107    8    7    7    6
 -0.01929432874519408    8    7    7    7
 0.01091951687609552    8    7    8    1
 0.008866112735716703    8    7    8    2
 0.021670417074557    8    7    8    3
 -0.004743913641486823    8    7    8    4
 -0.02869966494674782    8    7    8    5
 0.009297771662471768    8    7    8    6
 0.04991054537569906    8    7    8    7
 0.4861370190746929    8    8    1    1
 0.08350775536817763    8    8    2    1
 0.4303221194858103    8    8    2    2
 0.009345302654422993    8    8    3    1
 -0.001165116553776517    8    8    3    2
 0.483768054545307    8    8    3    3
 -0.001121928028992648    8    8    4    1
 -0.01049270718654562    8    8    4    2
 0.003996488828046013    8    8    4    3
 0.4756859202428738    8    8    4    4
 -0.01248161794936581    8    8    5    1
 0.06056597611401118    8    8    5    2
 0.02916465618908446    8    8    5    3
 0.006293020593664417    8    8    5    4
 0.4231027065105202    8    8    5    5
 0.008598883785956465    8    8    6    1
 -0.01991002619384731    8    8    6    2
 0.002457488896474013    8    8    6    3
 0.04198140967759681    8    8    6    4
 0.02689866428428912    8    8    6    5
 0.4784585687207586    8    8    6    6
 -0.01228835714293106    8    8    7    1
 0.06092580052752562    8    8    7    2
 -0.02453331535679633    8    8    7    3
 0.02872880499129958    8    8    7    4
 -0.044639714859655    8    8    7    5
 0.01808576083244358    8    8    7    6
 0.4451327962733112    8    8    7    7
 0.07822775079263204    8    8    8    1
 0.0785270192906123    8    8    8    2
 0.02546977440250377    8    8    8    3
 0.01693084644862324    8    8    8    4
 0.01828592785504288    8    8    8    5
 -0.0135180020572991    8    8    8    6
 0.009185888064949979    8    8    8    7
 0.5602001011441878    8    8    8    8
 -4.136312007043327    1    1  0  0
 -0.01563415171472335    2    1  0  0
 -3.583473293555558    2    2  0  0
 -0.006831220889041411    3    1  0  0
 -0.01000321527773898    3    2  0  0
 -3.574294219538622    3    3  0  0
 0.00812428076118436    4    1  0  0
 -0.001985787157058135    4    2  0  0
 0.0006302821717044471    4    3  0  0
 -3.502650078271803    4    4  0  0
 0.2126849112723829    5    1  0  0
 -0.205996117925051    5    2  0  0
 -0.3036026359885886    5    3  0  0
 -0.04088392211564131    5    4  0  0
 -2.669540730129641    5    5  0  0
 -0.0758212242331173    6    1  0  0
 0.1529087559478756    6    2  0  0
 -0.09442430852660777    6    3  0  0
 -0.4863511654139039    6    4  0  0
 -0.06067359717607071    6    5  0  0
 -2.875423292651619    6    6  0  0
 0.1685120407039188    7    1  0  0
 -0.2880096412753728    7    2  0  0
 0.3281413733074729    7    3  0  0
 -0.2148247032297337    7    4  0  0
 0.05595409008161265    7    5  0  0
 -0.0173502563069582    7    6  0  0
 -2.839585053365093    7    7  0  0
 -0.3947911448276328    8    1  0  0
 -0.364491022709892    8    2  0  0
 -0.09273021557156076    8    3  0  0
 -0.03751739907377051    8    4  0  0
 -0.1403642332414677    8    5  0  0
 0.06049138988255801    8    6  0  0
 -0.06151940097304201    8    7  0  0
 -2.72767577975384    8    8  0  0
 0  0  0  0  0
