0 0 1.999996685091597
0 1 -2.661381018538101e-06
0 2 -1.562262779160672e-05
0 3 1.686884295850338e-05
0 4 -7.345471021051074e-06
0 5 -3.215949119136447e-06
0 6 -5.8589226420606e-05
0 7 1.292020970190935e-05
0 8 5.096002183323123e-05
0 9 -2.961612315348155e-06
0 10 -9.351440017255145e-06
0 11 2.553912049560401e-06
0 12 3.489706449006599e-05
0 13 5.47240661736842e-05
0 14 5.562626617348124e-06
0 15 -0.0001309464587195279
1 0 -2.6613810185381e-06
1 1 1.997755226852925
1 2 -8.143970372030234e-05
1 3 -0.001388763700203977
1 4 0.001155391251371401
1 5 -0.0004985311296624431
1 6 -0.001333261088566683
1 7 -0.0004649484416422174
1 8 -2.7617133185553e-05
1 9 0.0002601302959856325
1 10 0.0008157973353254697
1 11 -0.0001899472921724903
1 12 0.0002206666561375393
1 13 -0.002296758154749293
1 14 -0.001500602546507702
1 15 -0.002282479574956189
2 0 -1.562262779160666e-05
2 1 -8.143970372030201e-05
2 2 1.992137384551841
2 3 -0.001634291348338858
2 4 0.001217684879126029
2 5 0.000101315438564583
2 6 0.006048992435756967
2 7 -0.00170521178077641
2 8 -0.006492926450820892
2 9 1.615260233788391e-05
2 10 0.0005229531651304581
2 11 -0.000632639515617711
2 12 -0.001320258581834938
2 13 -0.005298610949213753
2 14 0.0003519087469113753
2 15 0.0118161802865452
3 0 1.686884295850339e-05
3 1 -0.001388763700203978
3 2 -0.001634291348338852
3 3 1.98608834782337
3 4 0.0003410127866174798
3 5 -0.000497821745833978
3 6 -0.002551941966296533
3 7 -0.0001415472455985663
3 8 0.001535498489822906
3 9 0.0003672681308351701
3 10 0.0007576151756605481
3 11 -0.0008407158957952951
3 12 0.001267756719336145
3 13 -0.0001604060406485736
3 14 0.003719886981851431
3 15 -0.005799939485958066
4 0 -7.345471021051106e-06
4 1 0.001155391251371407
4 2 0.001217684879126033
4 3 0.0003410127866175029
4 4 1.987659359882029
4 5 -7.202492847428904e-05
4 6 -0.003497270345519435
4 7 0.001712551305381226
4 8 -0.004701431925296868
4 9 -0.0004576818268821742
4 10 0.005498537267086922
4 11 0.001892593029170561
4 12 -4.688581472405383e-05
4 13 -0.00386837300909152
4 14 0.002021695502575502
4 15 -0.0009662708677093951
5 0 -3.215949119136376e-06
5 1 -0.0004985311296624468
5 2 0.0001013154385645778
5 3 -0.0004978217458339784
5 4 -7.202492847427777e-05
5 5 1.977918171730209
5 6 0.002156870570637227
5 7 0.006386482456390992
5 8 0.0004576922609637317
5 9 -0.02658198269961084
5 10 0.006309571583996179
5 11 0.05102831759089077
5 12 -0.0004268700566744127
5 13 -0.0003889829483281691
5 14 0.0001702570812809712
5 15 0.000603724872223941
6 0 -5.858922642060594e-05
6 1 -0.001333261088566674
6 2 0.006048992435756991
6 3 -0.002551941966296548
6 4 -0.003497270345519442
6 5 0.002156870570637231
6 6 1.987064870498239
6 7 0.000936837367547896
6 8 0.004798569274288314
6 9 0.004096796031479088
6 10 0.0007856903584619882
6 11 -0.006358157050600815
6 12 0.000284711835420264
6 13 0.003438115908591843
6 14 0.0008099018417545502
6 15 -0.004191519889560872
7 0 1.292020970190941e-05
7 1 -0.0004649484416422193
7 2 -0.00170521178077642
7 3 -0.0001415472455985645
7 4 0.001712551305381229
7 5 0.006386482456390978
7 6 0.0009368373675478984
7 7 1.996055613437049
7 8 -0.002123372622068603
7 9 0.003032414463879224
7 10 -0.0003887000251064154
7 11 -0.03017918476128275
7 12 -0.001195073277998432
7 13 0.00204098845122249
7 14 -0.0003525081810125247
7 15 0.003585818079660753
8 0 5.096002183323118e-05
8 1 -2.761713318555161e-05
8 2 -0.006492926450820814
8 3 0.001535498489822916
8 4 -0.004701431925296841
8 5 0.0004576922609637338
8 6 0.004798569274288391
8 7 -0.002123372622068611
8 8 1.98274439092028
8 9 0.00138719688084383
8 10 0.001129641784096922
8 11 0.00210830117044163
8 12 0.01394055898972495
8 13 0.006081469485264333
8 14 0.009800652656330198
8 15 0.0192758717484779
9 0 -2.961612315348052e-06
9 1 0.0002601302959856299
9 2 1.615260233788828e-05
9 3 0.0003672681308351745
9 4 -0.0004576818268821448
9 5 -0.02658198269961102
9 6 0.004096796031479038
9 7 0.003032414463879207
9 8 0.001387196880843813
9 9 1.921795255856003
9 10 0.01409639399698722
9 11 0.002098549822548043
9 12 0.00788768943338149
9 13 -0.0008905140408971069
9 14 0.008629219019910192
9 15 0.0002254471518371251
10 0 -9.351440017254948e-06
10 1 0.0008157973353254743
10 2 0.0005229531651304575
10 3 0.0007576151756605561
10 4 0.005498537267087036
10 5 0.006309571583996202
10 6 0.0007856903584620157
10 7 -0.0003887000251064183
10 8 0.00112964178409684
10 9 0.01409639399698762
10 10 1.977772065688102
10 11 -0.0004561680527765278
10 12 0.03365542560517645
10 13 -0.004652925708699516
10 14 0.03372165037566268
10 15 -0.002365550349055754
11 0 2.553912049560341e-06
11 1 -0.0001899472921724906
11 2 -0.0006326395156177134
11 3 -0.0008407158957953007
11 4 0.001892593029170591
11 5 0.05102831759089149
11 6 -0.006358157050600961
11 7 -0.03017918476128327
11 8 0.002108301170441669
11 9 0.002098549822548367
11 10 -0.0004561680527764955
11 11 0.107606238648808
11 12 -0.001007068472231158
11 13 -0.001670901617312024
11 14 0.0004212693648133784
11 15 -0.0005308651008896798
12 0 3.489706449006609e-05
12 1 0.0002206666561375467
12 2 -0.001320258581834923
12 3 0.001267756719336151
12 4 -4.68858147240612e-05
12 5 -0.0004268700566744362
12 6 0.0002847118354202619
12 7 -0.001195073277998427
12 8 0.01394055898972521
12 9 0.007887689433381365
12 10 0.03365542560517661
12 11 -0.00100706847223116
12 12 0.01699216790949575
12 13 -0.005454401594940553
12 14 0.00589841931267825
12 15 -0.003788359257678437
13 0 5.472406617368404e-05
13 1 -0.002296758154749288
13 2 -0.005298610949213841
13 3 -0.0001604060406486247
13 4 -0.003868373009091449
13 5 -0.000388982948328174
13 6 0.003438115908591821
13 7 0.002040988451222514
13 8 0.006081469485264323
13 9 -0.0008905140408971084
13 10 -0.004652925708699442
13 11 -0.001670901617312022
13 12 -0.005454401594940619
13 13 0.02390186427771142
13 14 0.00165087101200773
13 15 -0.005124700039402463
14 0 5.562626617348042e-06
14 1 -0.001500602546507719
14 2 0.000351908746911372
14 3 0.00371988698185143
14 4 0.002021695502575528
14 5 0.0001702570812809739
14 6 0.0008099018417544766
14 7 -0.0003525081810125278
14 8 0.009800652656329806
14 9 0.008629219019910424
14 10 0.03372165037566235
14 11 0.0004212693648133969
14 12 0.005898419312678243
14 13 0.001650871012007705
14 14 0.02217069503827749
14 15 -0.0002906482218164816
15 0 -0.0001309464587195274
15 1 -0.002282479574956192
15 2 0.01181618028654488
15 3 -0.005799939485958045
15 4 -0.0009662708677093742
15 5 0.0006037248722239724
15 6 -0.004191519889560926
15 7 0.003585818079660789
15 8 0.01927587174847797
15 9 0.000225447151837151
15 10 -0.00236555034905579
15 11 -0.0005308651008896883
15 12 -0.003788359257678417
15 13 -0.005124700039402473
15 14 -0.0002906482218164948
15 15 0.02234166178410794
