0000011111111111
0000101111111111
0000110111111111
0000111011111111
0000111101111111
0000111110111111
0000111111011111
0000111111101111
0000111111110111
0000111111111011
0000111111111101
0000111111111110
0001001111111111
0001010111111111
0001011011111111
0001011101111111
0001011110111111
0001011111011111
0001011111101111
0001011111110111
0001011111111011
0001011111111101
0001011111111110
0001100111111111
0001101011111111
0001101101111111
0001101110111111
0001101111011111
0001101111101111
0001101111110111
0001101111111011
0001101111111101
0001101111111110
0001110011111111
0001110101111111
0001110110111111
0001110111011111
0001110111101111
0001110111110111
0001110111111011
0001110111111101
0001110111111110
0001111001111111
0001111010111111
0001111011011111
0001111011101111
0001111011110111
0001111011111011
0001111011111101
0001111011111110
0001111100111111
0001111101011111
0001111101101111
0001111101110111
0001111101111011
0001111101111101
0001111101111110
0001111110011111
0001111110101111
0001111110110111
0001111110111011
0001111110111101
0001111110111110
0001111111001111
0001111111010111
0001111111011011
0001111111011101
0001111111011110
0001111111100111
0001111111101011
0001111111101101
0001111111101110
0001111111110011
0001111111110101
0001111111110110
0001111111111001
0001111111111010
0001111111111100
0010001111111111
0010010111111111
0010011011111111
0010011101111111
0010011110111111
0010011111011111
0010011111101111
0010011111110111
0010011111111011
0010011111111101
0010011111111110
0010100111111111
0010101011111111
0010101101111111
0010101110111111
0010101111011111
0010101111101111
0010101111110111
0010101111111011
0010101111111101
0010101111111110
0010110011111111
0010110101111111
0010110110111111
0010110111011111
0010110111101111
0010110111110111
0010110111111011
0010110111111101
0010110111111110
0010111001111111
0010111010111111
0010111011011111
0010111011101111
0010111011110111
0010111011111011
0010111011111101
0010111011111110
0010111100111111
0010111101011111
0010111101101111
0010111101110111
0010111101111011
0010111101111101
0010111101111110
0010111110011111
0010111110101111
0010111110110111
0010111110111011
0010111110111101
0010111110111110
0010111111001111
0010111111010111
0010111111011011
0010111111011101
0010111111011110
0010111111100111
0010111111101011
0010111111101101
0010111111101110
0010111111110011
0010111111110101
0010111111110110
0010111111111001
0010111111111010
0010111111111100
0011000111111111
0011001011111111
0011001101111111
0011001110111111
0011001111011111
0011001111101111
0011001111110111
0011001111111011
0011001111111101
0011001111111110
0011010011111111
0011010101111111
0011010110111111
0011010111011111
0011010111101111
0011010111110111
0011010111111011
0011010111111101
0011010111111110
0011011001111111
0011011010111111
0011011011011111
0011011011101111
0011011011110111
0011011011111011
0011011011111101
0011011011111110
0011011100111111
0011011101011111
0011011101101111
0011011101110111
0011011101111011
0011011101111101
0011011101111110
0011011110011111
0011011110101111
0011011110110111
0011011110111011
0011011110111101
0011011110111110
0011011111001111
0011011111010111
0011011111011011
0011011111011101
0011011111011110
0011011111100111
0011011111101011
0011011111101101
0011011111101110
0011011111110011
0011011111110101
0011011111110110
0011011111111001
0011011111111010
0011011111111100
0011100011111111
0011100101111111
0011100110111111
0011100111011111
0011100111101111
0011100111110111
0011100111111011
0011100111111101
0011100111111110
0011101001111111
0011101010111111
0011101011011111
0011101011101111
0011101011110111
0011101011111011
0011101011111101
0011101011111110
0011101100111111
0011101101011111
0011101101101111
0011101101110111
0011101101111011
0011101101111101
0011101101111110
0011101110011111
0011101110110111
0011101111001111
0011101111010111
0011101111011011
0011101111011101
0011101111011110
0011101111100111
0011101111110011
0011101111110101
0011101111110110
0011110001111111
0011110010111111
0011110011011111
0011110011101111
0011110011110111
0011110011111011
0011110011111101
0011110011111110
0011110100111111
0011110101101111
0011110101110111
0011110101111011
0011110110011111
0011110110101111
0011110110110111
0011110110111011
0011110110111101
0011110110111110
0011110111001111
0011110111010111
0011110111011011
0011110111100111
0011110111101011
0011110111101101
0011110111101110
0011110111110011
0011110111110101
0011110111110110
0011110111111001
0011110111111010
0011111000111111
0011111001011111
0011111001101111
0011111001110111
0011111001111011
0011111001111101
0011111001111110
0011111010011111
0011111011001111
0011111011010111
0011111011011011
0011111011011101
0011111011011110
0011111011100111
0011111100011111
0011111100101111
0011111100110111
0011111100111011
0011111100111101
0011111100111110
0011111101001111
0011111101010111
0011111101100111
0011111110001111
0011111110010111
0011111110011011
0011111110011101
0011111110011110
0011111110100111
0011111111000111
0011111111001011
0011111111001101
0011111111001110
0011111111010011
0011111111010101
0011111111010110
0011111111100011
0011111111100101
0011111111100110
0100001111111111
0100010111111111
0100011011111111
0100011101111111
0100011110111111
0100011111011111
0100011111101111
0100011111110111
0100011111111011
0100011111111101
0100011111111110
0100100111111111
0100101011111111
0100101101111111
0100101110111111
0100101111011111
0100101111101111
0100101111110111
0100101111111011
0100101111111101
0100101111111110
0100110011111111
0100110101111111
0100110110111111
0100110111011111
0100110111101111
0100110111110111
0100110111111011
0100110111111101
0100110111111110
0100111001111111
0100111010111111
0100111011011111
0100111011101111
0100111011110111
0100111011111011
0100111011111101
0100111011111110
0100111100111111
0100111101011111
0100111101101111
0100111101110111
0100111101111011
0100111101111101
0100111101111110
0100111110011111
0100111110101111
0100111110110111
0100111110111011
0100111110111101
0100111110111110
0100111111001111
0100111111010111
0100111111011011
0100111111011101
0100111111011110
0100111111100111
0100111111101011
0100111111101101
0100111111101110
0100111111110011
0100111111110101
0100111111110110
0100111111111001
0100111111111010
0100111111111100
0101000111111111
0101001011111111
0101001101111111
0101001110111111
0101001111011111
0101001111101111
0101001111110111
0101001111111011
0101001111111101
0101001111111110
0101010011111111
0101010101111111
0101010110111111
0101010111011111
0101010111101111
0101010111110111
0101010111111011
0101010111111101
0101010111111110
0101011001111111
0101011010111111
0101011011011111
0101011011101111
0101011011110111
0101011011111011
0101011011111101
0101011011111110
0101011100111111
0101011101011111
0101011101101111
0101011101110111
0101011101111011
0101011101111101
0101011101111110
0101011110011111
0101011110101111
0101011110110111
0101011110111011
0101011110111101
0101011110111110
0101011111001111
0101011111010111
0101011111011011
0101011111011101
0101011111011110
0101011111100111
0101011111101011
0101011111101101
0101011111101110
0101011111110011
0101011111110101
0101011111110110
0101011111111001
0101011111111010
0101011111111100
0101100011111111
0101100101111111
0101100110111111
0101100111011111
0101100111101111
0101100111110111
0101100111111011
0101100111111101
0101100111111110
0101101001111111
0101101010111111
0101101011011111
0101101011101111
0101101011110111
0101101011111011
0101101011111101
0101101011111110
0101101100111111
0101101101011111
0101101101101111
0101101101110111
0101101101111011
0101101101111101
0101101101111110
0101101110011111
0101101111001111
0101101111010111
0101101111011011
0101101111011101
0101101111011110
0101101111100111
0101101111110101
0101110001111111
0101110010111111
0101110011011111
0101110011101111
0101110011110111
0101110011111011
0101110011111101
0101110011111110
0101110100111111
0101110101101111
0101110101110111
0101110101111011
0101110110011111
0101110110101111
0101110110110111
0101110110111011
0101110110111101
0101110110111110
0101110111001111
0101110111010111
0101110111011011
0101110111100111
0101110111101011
0101110111101101
0101110111101110
0101110111110011
0101110111110101
0101110111110110
0101110111111001
0101110111111010
0101111000111111
0101111001011111
0101111001101111
0101111001110111
0101111010011111
0101111010101111
0101111010110111
0101111011001111
0101111011010111
0101111011011011
0101111011011101
0101111011011110
0101111011100111
0101111011101011
0101111011101101
0101111011101110
0101111011110011
0101111011110101
0101111011110110
0101111100011111
0101111100101111
0101111100110111
0101111100111011
0101111100111101
0101111100111110
0101111101001111
0101111101010111
0101111101100111
0101111101110011
0101111101110101
0101111101110110
0101111110001111
0101111110010111
0101111110011011
0101111110011101
0101111110011110
0101111110100111
0101111110110101
0101111111000111
0101111111001011
0101111111001101
0101111111001110
0101111111010011
0101111111010101
0101111111010110
0101111111100011
0101111111100101
0101111111100110
0101111111110001
0101111111110100
0110000111111111
0110001011111111
0110001101111111
0110001110111111
0110001111011111
0110001111101111
0110001111110111
0110001111111011
0110001111111101
0110001111111110
0110010011111111
0110010101111111
0110010110111111
0110010111011111
0110010111101111
0110010111110111
0110010111111011
0110010111111101
0110010111111110
0110011001111111
0110011010111111
0110011011011111
0110011011101111
0110011011110111
0110011011111011
0110011011111101
0110011011111110
0110011100111111
0110011101011111
0110011101101111
0110011101110111
0110011101111011
0110011101111101
0110011101111110
0110011110011111
0110011110101111
0110011110110111
0110011110111011
0110011110111101
0110011110111110
0110011111001111
0110011111010111
0110011111011011
0110011111011101
0110011111011110
0110011111100111
0110011111101011
0110011111101101
0110011111101110
0110011111110011
0110011111110101
0110011111110110
0110011111111001
0110011111111010
0110011111111100
0110100011111111
0110100101111111
0110100110111111
0110100111011111
0110100111101111
0110100111110111
0110100111111011
0110100111111101
0110100111111110
0110101001111111
0110101010111111
0110101011011111
0110101100111111
0110101101011111
0110101101101111
0110101101110111
0110101101111011
0110101101111101
0110101101111110
0110101110011111
0110101110101111
0110101110110111
0110101110111011
0110101110111101
0110101110111110
0110101111001111
0110101111010111
0110101111011011
0110101111011101
0110101111011110
0110101111100111
0110110001111111
0110110010111111
0110110011011111
0110110011101111
0110110011110111
0110110011111011
0110110011111101
0110110011111110
0110110100111111
0110110101101111
0110110101110111
0110110101111011
0110110110011111
0110110110101111
0110110110110111
0110110110111011
0110110110111101
0110110110111110
0110110111001111
0110110111010111
0110110111011011
0110110111100111
0110110111101011
0110110111101101
0110110111101110
0110110111110011
0110110111110101
0110110111110110
0110110111111001
0110110111111010
0110111000111111
0110111001011111
0110111001101111
0110111001110111
0110111001111011
0110111001111101
0110111001111110
0110111010011111
0110111010101111
0110111010110111
0110111010111011
0110111010111101
0110111010111110
0110111011001111
0110111011010111
0110111011011011
0110111011011101
0110111011011110
0110111011100111
0110111100011111
0110111100101111
0110111100110111
0110111100111011
0110111100111101
0110111100111110
0110111101001111
0110111101010111
0110111101100111
0110111101110011
0110111101110101
0110111101110110
0110111110001111
0110111110010111
0110111110011011
0110111110011101
0110111110011110
0110111110100111
0110111110101011
0110111110101101
0110111110101110
0110111111000111
0110111111001011
0110111111001101
0110111111001110
0110111111010011
0110111111010101
0110111111010110
0110111111100011
0110111111100101
0110111111100110
0111000011111111
0111000110111111
0111000111110111
0111001001111111
0111001010111111
0111001011011111
0111001011101111
0111001011110111
0111001011111011
0111001011111101
0111001011111110
0111001100111111
0111001101110111
0111001110011111
0111001110101111
0111001110110111
0111001110111011
0111001110111101
0111001110111110
0111001111010111
0111001111100111
0111001111110011
0111001111110101
0111001111110110
0111010010111111
0111010011101111
0111010011110111
0111010110101111
0111010111100111
0111010111110101
0111011000111111
0111011001101111
0111011001110111
0111011010011111
0111011010101111
0111011010110111
0111011010111011
0111011010111101
0111011010111110
0111011011001111
0111011011010111
0111011011100111
0111011011101011
0111011011101101
0111011011101110
0111011011110011
0111011011110101
0111011011110110
0111011100101111
0111011101100111
0111011101110101
0111011110001111
0111011110100111
0111011110101011
0111011110101101
0111011110101110
0111011110110101
0111011111000111
0111011111010101
0111011111100011
0111011111100101
0111011111100110
0111011111110001
0111011111110100
1000001111111111
1000010111111111
1000011011111111
1000011101111111
1000011110111111
1000011111011111
1000011111101111
1000011111110111
1000011111111011
1000011111111101
1000011111111110
1000100111111111
1000101011111111
1000101101111111
1000101110111111
1000101111011111
1000101111101111
1000101111110111
1000101111111011
1000101111111101
1000101111111110
1000110011111111
1000110101111111
1000110110111111
1000110111011111
1000110111101111
1000110111110111
1000110111111011
1000110111111101
1000110111111110
1000111001111111
1000111010111111
1000111011011111
1000111011101111
1000111011110111
1000111011111011
1000111011111101
1000111011111110
1000111100111111
1000111101011111
1000111101101111
1000111101110111
1000111101111011
1000111101111101
1000111101111110
1000111110011111
1000111110101111
1000111110110111
1000111110111011
1000111110111101
1000111110111110
1000111111001111
1000111111010111
1000111111011011
1000111111011101
1000111111011110
1000111111100111
1000111111101011
1000111111101101
1000111111101110
1000111111110011
1000111111110101
1000111111110110
1000111111111001
1000111111111010
1000111111111100
1001000111111111
1001001011111111
1001001101111111
1001001110111111
1001001111011111
1001001111101111
1001001111110111
1001001111111011
1001001111111101
1001001111111110
1001010011111111
1001010101111111
1001010110111111
1001010111011111
1001010111101111
1001010111110111
1001010111111011
1001010111111101
1001010111111110
1001011001111111
1001011010111111
1001011011011111
1001011011101111
1001011011110111
1001011011111011
1001011011111101
1001011011111110
1001011100111111
1001011101011111
1001011101101111
1001011101110111
1001011101111011
1001011101111101
1001011101111110
1001011110011111
1001011110101111
1001011110110111
1001011110111011
1001011110111101
1001011110111110
1001011111001111
1001011111010111
1001011111011011
1001011111011101
1001011111011110
1001011111100111
1001011111101011
1001011111101101
1001011111101110
1001011111110011
1001011111110101
1001011111110110
1001011111111001
1001011111111010
1001011111111100
1001100011111111
1001100101111111
1001100110111111
1001100111011111
1001100111101111
1001100111110111
1001100111111011
1001100111111101
1001100111111110
1001101001111111
1001101010111111
1001101011011111
1001101011101111
1001101011110111
1001101011111011
1001101011111101
1001101011111110
1001101100111111
1001101101111011
1001101110011111
1001101110101111
1001101110110111
1001101110111011
1001101110111101
1001101110111110
1001101111001111
1001101111011011
1001101111101011
1001101111110011
1001101111111001
1001101111111010
1001110001111111
1001110010111111
1001110011011111
1001110011101111
1001110011110111
1001110011111011
1001110011111101
1001110011111110
1001110100111111
1001110101011111
1001110101101111
1001110101110111
1001110101111011
1001110101111101
1001110101111110
1001110110011111
1001110110101111
1001110110110111
1001110110111011
1001110110111101
1001110110111110
1001110111001111
1001110111010111
1001110111011011
1001110111100111
1001110111101011
1001110111101101
1001110111101110
1001110111110011
1001110111110101
1001110111110110
1001110111111001
1001110111111010
1001111000111111
1001111001011111
1001111001101111
1001111001110111
1001111010011111
1001111010101111
1001111010110111
1001111010111011
1001111010111101
1001111010111110
1001111011001111
1001111011010111
1001111011011011
1001111011011101
1001111011011110
1001111011100111
1001111011101011
1001111011101101
1001111011101110
1001111011110011
1001111011110101
1001111011110110
1001111100011111
1001111100101111
1001111100110111
1001111100111011
1001111100111101
1001111100111110
1001111101001111
1001111101011011
1001111110001111
1001111110010111
1001111110011011
1001111110011101
1001111110011110
1001111111000111
1001111111001011
1001111111001101
1001111111001110
1001111111010011
1001111111011001
1001111111011010
1010000111111111
1010001011111111
1010001101111111
1010001110111111
1010001111011111
1010001111101111
1010001111110111
1010001111111011
1010001111111101
1010001111111110
1010010011111111
1010010101111111
1010010110111111
1010010111011111
1010010111101111
1010010111110111
1010010111111011
1010010111111101
1010010111111110
1010011001111111
1010011010111111
1010011011011111
1010011011101111
1010011011110111
1010011011111011
1010011011111101
1010011011111110
1010011100111111
1010011101011111
1010011101101111
1010011101110111
1010011101111011
1010011101111101
1010011101111110
1010011110011111
1010011110101111
1010011110110111
1010011110111011
1010011110111101
1010011110111110
1010011111001111
1010011111010111
1010011111011011
1010011111011101
1010011111011110
1010011111100111
1010011111101011
1010011111101101
1010011111101110
1010011111110011
1010011111110101
1010011111110110
1010011111111001
1010011111111010
1010011111111100
1010100011111111
1010100101111111
1010100110111111
1010100111011111
1010100111101111
1010100111110111
1010100111111011
1010100111111101
1010100111111110
1010101001111111
1010101010111111
1010101011011111
1010101011101111
1010101011110111
1010101011111011
1010101011111101
1010101011111110
1010101100111111
1010101101011111
1010101101101111
1010101101110111
1010101101111011
1010101101111101
1010101101111110
1010101110011111
1010101110101111
1010101110110111
1010101110111011
1010101110111101
1010101110111110
1010101111001111
1010101111010111
1010101111011011
1010101111011101
1010101111011110
1010110001111111
1010110010111111
1010110011011111
1010110011101111
1010110011110111
1010110011111011
1010110011111101
1010110011111110
1010110100111111
1010110101011111
1010110101101111
1010110101110111
1010110101111011
1010110101111101
1010110101111110
1010110110011111
1010110110101111
1010110110110111
1010110110111011
1010110110111101
1010110110111110
1010110111001111
1010110111010111
1010110111011011
1010110111100111
1010110111101011
1010110111101101
1010110111101110
1010110111110011
1010110111110101
1010110111110110
1010110111111001
1010110111111010
1010111000111111
1010111001011111
1010111001101111
1010111001110111
1010111001111011
1010111001111101
1010111001111110
1010111010011111
1010111010101111
1010111010110111
1010111010111011
1010111010111101
1010111010111110
1010111011001111
1010111011010111
1010111011011011
1010111011011101
1010111011011110
1010111100011111
1010111100101111
1010111100110111
1010111100111011
1010111100111101
1010111100111110
1010111101001111
1010111101010111
1010111101011011
1010111110001111
1010111110010111
1010111110011011
1010111110011101
1010111110011110
1010111110100111
1010111110101011
1010111110101101
1010111110101110
1010111110110011
1010111110110101
1010111110110110
1010111111000111
1010111111001011
1010111111001101
1010111111001110
1010111111010011
1010111111010101
1010111111010110
1010111111011001
1010111111011010
1011000011111111
1011000110111111
1011000111110111
1011000111111011
1011001001111111
1011001010111111
1011001011011111
1011001011101111
1011001011110111
1011001011111011
1011001011111101
1011001011111110
1011001100111111
1011001101110111
1011001101111011
1011001110011111
1011001110101111
1011001110110111
1011001110111011
1011001110111101
1011001110111110
1011001111010111
1011001111011011
1011001111100111
1011001111101011
1011001111110011
1011001111110101
1011001111110110
1011001111111001
1011001111111010
1011010010111111
1011010011101111
1011010011110111
1011010110101111
1011010110110111
1011010111100111
1011011000111111
1011011001101111
1011011001110111
1011011010011111
1011011010101111
1011011010110111
1011011010111011
1011011010111101
1011011010111110
1011011011001111
1011011011010111
1011011011100111
1011011011101011
1011011011101101
1011011011101110
1011011011110011
1011011011110101
1011011011110110
1011011100101111
1011011100110111
1011011101100111
1011011110001111
1011011110010111
1011011110100111
1011011110101011
1011011110101101
1011011110101110
1011011110110011
1011011110110101
1011011110110110
1011011111000111
1011011111100011
1011011111100101
1011011111100110
1100000111111111
1100001011111111
1100001101111111
1100001110111111
1100001111011111
1100001111101111
1100001111110111
1100001111111011
1100001111111101
1100001111111110
1100010011111111
1100010101111111
1100010110111111
1100010111011111
1100010111101111
1100010111110111
1100010111111011
1100010111111101
1100010111111110
1100011001111111
1100011010111111
1100011011011111
1100011011101111
1100011011110111
1100011011111011
1100011011111101
1100011011111110
1100011100111111
1100011101011111
1100011101101111
1100011101110111
1100011101111011
1100011101111101
1100011101111110
1100011110011111
1100011110101111
1100011110110111
1100011110111011
1100011110111101
1100011110111110
1100011111001111
1100011111010111
1100011111011011
1100011111011101
1100011111011110
1100011111100111
1100011111101011
1100011111101101
1100011111101110
1100011111110011
1100011111110101
1100011111110110
1100011111111001
1100011111111010
1100011111111100
1100100011111111
1100100101111111
1100100110111111
1100100111011111
1100100111101111
1100100111110111
1100100111111011
1100100111111101
1100100111111110
1100101001111111
1100101010111111
1100101011011111
1100101011101111
1100101011110111
1100101011111011
1100101011111101
1100101011111110
1100101100111111
1100101101011111
1100101101101111
1100101101110111
1100101101111011
1100101101111101
1100101101111110
1100101110011111
1100101110101111
1100101110110111
1100101110111011
1100101110111101
1100101110111110
1100101111001111
1100101111010111
1100101111011011
1100101111011101
1100101111011110
1100101111101011
1100101111110011
1100101111111001
1100101111111010
1100110001111111
1100110010111111
1100110011011111
1100110011101111
1100110011110111
1100110011111011
1100110011111101
1100110011111110
1100110100111111
1100110101011111
1100110101101111
1100110101110111
1100110101111011
1100110101111101
1100110101111110
1100110110011111
1100110110101111
1100110110110111
1100110110111011
1100110110111101
1100110110111110
1100110111001111
1100110111010111
1100110111011011
1100110111100111
1100110111101011
1100110111110011
1100110111110101
1100110111110110
1100110111111001
1100110111111010
1100111000111111
1100111001011111
1100111001110111
1100111010011111
1100111010101111
1100111010110111
1100111010111011
1100111010111101
1100111010111110
1100111011001111
1100111011010111
1100111011011011
1100111011011101
1100111011011110
1100111100011111
1100111100101111
1100111100110111
1100111100111011
1100111100111101
1100111100111110
1100111101001111
1100111101010111
1100111101011011
1100111101100111
1100111101110011
1100111101110101
1100111101110110
1100111110001111
1100111110010111
1100111110011011
1100111110011101
1100111110011110
1100111110100111
1100111110101011
1100111110101101
1100111110101110
1100111110110011
1100111110110101
1100111110110110
1100111111000111
1100111111001011
1100111111001101
1100111111001110
1100111111010011
1100111111010101
1100111111010110
1100111111011001
1100111111011010
1101000011111111
1101000110111111
1101000111111011
1101001001111111
1101001010111111
1101001011011111
1101001011101111
1101001011110111
1101001011111011
1101001011111101
1101001011111110
1101001100111111
1101001101111011
1101001110011111
1101001110101111
1101001110110111
1101001110111011
1101001110111101
1101001110111110
1101001111011011
1101001111100111
1101001111101011
1101001111110011
1101001111110101
1101001111111001
1101001111111010
1101010010111111
1101010011101111
1101010011110111
1101010110101111
1101010110110111
1101010111100111
1101010111110101
1101011000111111
1101011001101111
1101011001110111
1101011010011111
1101011010101111
1101011010110111
1101011010111011
1101011010111101
1101011010111110
1101011011001111
1101011011010111
1101011011100111
1101011011101011
1101011011101101
1101011011101110
1101011011110011
1101011011110101
1101011011110110
1101011100101111
1101011100110111
1101011101100111
1101011101110101
1101011110001111
1101011110010111
1101011110100111
1101011110101011
1101011110101101
1101011110101110
1101011110110011
1101011110110101
1101011110110110
1101011111000111
1101011111010101
1101011111100011
1101011111100101
1101011111100110
1101011111110001
1101011111110100
1101100001111111
1101100010111111
1101100011011111
1101100011101111
1101100011110111
1101100011111011
1101100011111101
1101100011111110
1110000011111111
1110000110111111
1110000111111011
1110001001111111
1110001010111111
1110001011011111
1110001011101111
1110001011110111
1110001011111011
1110001011111101
1110001011111110
1110001100111111
1110001101111011
1110001110011111
1110001110101111
1110001110110111
1110001110111011
1110001110111101
1110001110111110
1110001111011011
1110001111100111
1110001111101011
1110001111110011
1110001111111001
1110001111111010
1110010010111111
1110010110101111
1110010110110111
1110010111100111
1110011000111111
1110011010011111
1110011010101111
1110011010110111
1110011010111011
1110011010111101
1110011010111110
1110011011100111
1110011100101111
1110011100110111
1110011101100111
1110011110001111
1110011110010111
1110011110100111
1110011110101011
1110011110101101
1110011110101110
1110011110110011
1110011110110101
1110011110110110
1110011111000111
1110011111100011
1110011111100101
1110011111100110
1110100001111111
1110100010111111
1110100011011111
1110100011101111
1110100011110111
1110100011111011
1110100011111101
1110100011111110
