 &FCI NORB=   8,NELEC= 8,MS2=0,
  ORBSYM=1,1,1,1,1,1,1,1
  ISYM=1,
 &END
 0.5050428222197813    1    1    1    1
 -0.04804454019252924    2    1    1    1
 0.1162540311408404    2    1    2    1
 0.4639907611091856    2    2    1    1
 -0.006884861610584166    2    2    2    1
 0.4792632581904243    2    2    2    2
 -0.005938311057913502    3    1    1    1
 0.007743335736530224    3    1    2    1
 -0.01138168298186132    3    1    2    2
 0.07255711561453566    3    1    3    1
 -0.001050794973737993    3    2    1    1
 -0.007200500542712677    3    2    2    1
 -0.009127821925183587    3    2    2    2
 0.05442802036753192    3    2    3    1
 0.06293675742665822    3    2    3    2
 0.4393578225146536    3    3    1    1
 0.06063790581802676    3    3    2    1
 0.4423887304362054    3    3    2    2
 -0.01234849319902484    3    3    3    1
 -0.02322388205732536    3    3    3    2
 0.5227906932129509    3    3    3    3
 -0.0051966339762021    4    1    1    1
 0.005604016791060024    4    1    2    1
 -0.01403004762183177    4    1    2    2
 -0.0002940554628921619    4    1    3    1
 -0.001567669948430345    4    1    3    2
 -0.02287309859759623    4    1    3    3
 0.07429693273856612    4    1    4    1
 0.000390312973184484    4    2    1    1
 -0.01538104014032925    4    2    2    1
 -0.009861936869089843    4    2    2    2
 -0.001800484496600333    4    2    3    1
 0.0002057215205661069    4    2    3    2
 -0.03336860073485225    4    2    3    3
 0.04212220628196291    4    2    4    1
 0.04214163309940194    4    2    4    2
 0.002612138229936895    4    3    1    1
 -0.002373240938954771    4    3    2    1
 0.002782005028794715    4    3    2    2
 -0.02377021745641721    4    3    3    1
 -0.02724381942683596    4    3    3    2
 0.002704924014643467    4    3    3    3
 0.01089342313035924    4    3    4    1
 0.008680438774553221    4    3    4    2
 0.03240289146534855    4    3    4    3
 0.4322560918159704    4    4    1    1
 0.04733989353347173    4    4    2    1
 0.4126848006843481    4    4    2    2
 0.008976602261678499    4    4    3    1
 0.002129304687439014    4    4    3    2
 0.4270110153066362    4    4    3    3
 0.04765778837284641    4    4    4    1
 0.02158400127139807    4    4    4    2
 0.004832840845934242    4    4    4    3
 0.509356562211837    4    4    4    4
 0.02987509955205399    5    1    1    1
 0.0137714259131622    5    1    2    1
 0.003310696304490472    5    1    2    2
 0.0155324185412329    5    1    3    1
 -0.003554519689124345    5    1    3    2
 0.04246802131616516    5    1    3    3
 0.002498131499432436    5    1    4    1
 -0.004870366631675926    5    1    4    2
 0.00727960502661446    5    1    4    3
 0.03412509533722873    5    1    4    4
 0.04781760146085001    5    1    5    1
 0.01363812125213668    5    2    1    1
 -0.04548875658016167    5    2    2    1
 0.008227758244500522    5    2    2    2
 -0.01754087324624901    5    2    3    1
 -0.01144876550746295    5    2    3    2
 -0.01438543129534233    5    2    3    3
 -0.008204023893958294    5    2    4    1
 0.004304126003956706    5    2    4    2
 0.01440288729156192    5    2    4    3
 -0.02822899789689411    5    2    4    4
 -0.01440904790143695    5    2    5    1
 0.04363073354002771    5    2    5    2
 0.04064934277875518    5    3    1    1
 -0.01814603148733132    5    3    2    1
 0.01577805987415226    5    3    2    2
 0.0233955241887221    5    3    3    1
 0.0122154897358538    5    3    3    2
 0.003255830594839213    5    3    3    3
 0.02087232138157474    5    3    4    1
 0.02030045189835732    5    3    4    2
 0.0002361256743968779    5    3    4    3
 0.03243839950415804    5    3    4    4
 0.02177176047553859    5    3    5    1
 0.0003333621145021613    5    3    5    2
 0.04980424606189215    5    3    5    3
 -0.001926695537703262    5    4    1    1
 -0.008486291966020609    5    4    2    1
 -0.003322001608527377    5    4    2    2
 0.01988307595629491    5    4    3    1
 0.02114752960484859    5    4    3    2
 -0.007348678136752468    5    4    3    3
 -0.0004093044927539079    5    4    4    1
 -0.00922755185911219    5    4    4    2
 -0.00648690162649164    5    4    4    3
 -0.01422658671967698    5    4    4    4
 -0.001115566136715507    5    4    5    1
 -0.002290454427010126    5    4    5    2
 0.0005553651082845171    5    4    5    3
 0.02677800837787666    5    4    5    4
 0.413628262586621    5    5    1    1
 -0.01184611593713984    5    5    2    1
 0.3937654813356216    5    5    2    2
 0.02324245344419355    5    5    3    1
 0.01100461861079152    5    5    3    2
 0.3950885725015837    5    5    3    3
 -0.002504997867212237    5    5    4    1
 -0.004444497192622267    5    5    4    2
 -0.00580453842354549    5    5    4    3
 0.3863305865457557    5    5    4    4
 0.02984685022284885    5    5    5    1
 -0.003856779292426456    5    5    5    2
 0.03138216102005247    5    5    5    3
 0.005619186770581657    5    5    5    4
 0.390336039385635    5    5    5    5
 0.01423979417948952    6    1    1    1
 0.005852683383750795    6    1    2    1
 -0.0175424663027109    6    1    2    2
 -0.01169666958641413    6    1    3    1
 -0.003422751626453996    6    1    3    2
 0.01936415990836905    6    1    3    3
 -0.004277928723915796    6    1    4    1
 -0.006605755358567072    6    1    4    2
 -0.004408770986509507    6    1    4    3
 0.02553069960919136    6    1    4    4
 0.02204291614297073    6    1    5    1
 -0.0195593782625071    6    1    5    2
 -0.004265422435882182    6    1    5    3
 -0.006225004345821499    6    1    5    4
 0.006802918192781538    6    1    5    5
 0.05233889926995429    6    1    6    1
 -0.0239816278084776    6    2    1    1
 -0.06445801798917437    6    2    2    1
 -0.04131016830579243    6    2    2    2
 0.001534702860653889    6    2    3    1
 0.01155017556604484    6    2    3    2
 -0.07147522506092213    6    2    3    3
 -0.0104568765635267    6    2    4    1
 0.003243070316396548    6    2    4    2
 -0.0081689912743919    6    2    4    3
 -0.05807623516188051    6    2    4    4
 -0.02970723809168214    6    2    5    1
 0.0317229894752074    6    2    5    2
 -0.007240427748543244    6    2    5    3
 0.009290002335529008    6    2    5    4
 -0.02048534722133433    6    2    5    5
 -0.007048409458130442    6    2    6    1
 0.0790373099664841    6    2    6    2
 -0.04467728791393775    6    3    1    1
 0.005931640612709675    6    3    2    1
 -0.02669380851595089    6    3    2    2
 0.005176831717545776    6    3    3    1
 -0.005317509694845452    6    3    3    2
 -0.02774439482538281    6    3    3    3
 -0.01314728171441092    6    3    4    1
 -0.01177015494688006    6    3    4    2
 -0.008367692258139643    6    3    4    3
 -0.03613122363080921    6    3    4    4
 -0.01291912800201302    6    3    5    1
 -0.002731273524791557    6    3    5    2
 -0.02382199925928125    6    3    5    3
 0.002914640120146621    6    3    5    4
 -0.01915167580824008    6    3    5    5
 -0.006117491193594458    6    3    6    1
 0.01789681825443751    6    3    6    2
 0.03778572754838697    6    3    6    3
 -0.02233034910033796    6    4    1    1
 -0.009853859451039023    6    4    2    1
 -0.02175646793241635    6    4    2    2
 -0.01328151950538334    6    4    3    1
 -0.01215125800293431    6    4    3    2
 -0.03440020080378611    6    4    3    3
 0.0278733814782747    6    4    4    1
 0.01396793886215322    6    4    4    2
 0.007003246091618851    6    4    4    3
 -0.004093004026760879    6    4    4    4
 -0.009566016017541484    6    4    5    1
 0.008285431531870252    6    4    5    2
 0.0005789983330719494    6    4    5    3
 -0.007799999544635865    6    4    5    4
 -0.01936513281704624    6    4    5    5
 -0.002783004146909615    6    4    6    1
 0.01311107794819428    6    4    6    2
 0.003199349573345944    6    4    6    3
 0.03682147672253811    6    4    6    4
 0.069447519802292    6    5    1    1
 -0.04684268140912009    6    5    2    1
 0.05474102403137264    6    5    2    2
 -0.01430495504293842    6    5    3    1
 -0.008062382410309576    6    5    3    2
 0.01345607973686816    6    5    3    3
 -0.00776888972943114    6    5    4    1
 0.006656210027218214    6    5    4    2
 0.005555748704101555    6    5    4    3
 0.01693224731497869    6    5    4    4
 0.0003926619934833677    6    5    5    1
 0.01972093789078026    6    5    5    2
 0.01838331017826965    6    5    5    3
 -0.003642378616489577    6    5    5    4
 0.03206699124484216    6    5    5    5
 -0.002572569090239186    6    5    6    1
 0.005918663062825374    6    5    6    2
 -0.01457513994441979    6    5    6    3
 -0.004082810422297151    6    5    6    4
 0.04720330876791129    6    5    6    5
 0.4877931289619944    6    6    1    1
 -0.0006559412024148109    6    6    2    1
 0.4766416395322607    6    6    2    2
 -0.002066005290798066    6    6    3    1
 0.006422454888236746    6    6    3    2
 0.458664936225088    6    6    3    3
 0.002136303077969528    6    6    4    1
 0.003822720338949904    6    6    4    2
 0.002083370955593995    6    6    4    3
 0.4542912017666455    6    6    4    4
 0.02592567417473114    6    6    5    1
 -0.007085381236255298    6    6    5    2
 0.0340471278666953    6    6    5    3
 -0.005704921027420693    6    6    5    4
 0.4157567472614676    6    6    5    5
 0.007594438125413258    6    6    6    1
 -0.0607902082559969    6    6    6    2
 -0.05485278911792586    6    6    6    3
 -0.0310347432812828    6    6    6    4
 0.05805146736681639    6    6    6    5
 0.5307786789500313    6    6    6    6
 0.004345329884550302    7    1    1    1
 -0.00122504495546794    7    1    2    1
 -0.001765517518190518    7    1    2    2
 -0.006081322981844481    7    1    3    1
 -0.001291218145595926    7    1    3    2
 0.01246687044957519    7    1    3    3
 0.02506544420831363    7    1    4    1
 0.003941773699889343    7    1    4    2
 -0.004218210794181193    7    1    4    3
 0.0009596756335960867    7    1    4    4
 0.00185068239280821    7    1    5    1
 -0.006716214630169252    7    1    5    2
 -0.002388537096852494    7    1    5    3
 0.01308077923263055    7    1    5    4
 0.002802974341337746    7    1    5    5
 0.004118745203577603    7    1    6    1
 -0.004813365437979328    7    1    6    2
 -0.002339326292403293    7    1    6    3
 0.001783069468220895    7    1    6    4
 -0.004969330949835072    7    1    6    5
 0.002685907696792184    7    1    6    6
 0.03764121581321608    7    1    7    1
 -0.01181602071618875    7    2    1    1
 -0.007069624728162353    7    2    2    1
 -0.009413487479679752    7    2    2    2
 0.0007934871191589275    7    2    3    1
 0.002752070177767446    7    2    3    2
 -0.001731951041413659    7    2    3    3
 -0.004750652314397824    7    2    4    1
 -0.0001247787167058835    7    2    4    2
 -0.007844857587757112    7    2    4    3
 -0.02614898430619693    7    2    4    4
 -0.009533087485013438    7    2    5    1
 0.00359325407477486    7    2    5    2
 -0.01081344508010678    7    2    5    3
 0.006558124402326368    7    2    5    4
 -0.004610907720940243    7    2    5    5
 -0.004666693708566765    7    2    6    1
 0.01354854477172058    7    2    6    2
 0.01118473328495418    7    2    6    3
 -0.009486032297693752    7    2    6    4
 -0.004706467117789132    7    2    6    5
 -0.01562777446022784    7    2    6    6
 0.01275935679523024    7    2    7    1
 0.02134431850261232    7    2    7    2
 -0.02708080893069287    7    3    1    1
 0.002929974994722806    7    3    2    1
 -0.01968388757691644    7    3    2    2
 0.02632429252666324    7    3    3    1
 0.02512409564596967    7    3    3    2
 -0.02120025760288528    7    3    3    3
 -0.01490080029934295    7    3    4    1
 -0.0128955849233964    7    3    4    2
 -0.009360598807558244    7    3    4    3
 -0.02566991043623949    7    3    4    4
 -0.007481247586440117    7    3    5    1
 -0.009100886270517312    7    3    5    2
 -0.0118270039775921    7    3    5    3
 0.01806666717197296    7    3    5    4
 -0.006228500788563102    7    3    5    5
 -0.003345891652858276    7    3    6    1
 0.01494497003099089    7    3    6    2
 0.01663755301621231    7    3    6    3
 -0.01413261693588048    7    3    6    4
 -0.01449898130955258    7    3    6    5
 -0.02532873616734899    7    3    6    6
 0.000136157873205733    7    3    7    1
 0.01011804437022069    7    3    7    2
 0.03639622736995057    7    3    7    3
 0.09598175951368385    7    4    1    1
 -0.007327944209830703    7    4    2    1
 0.07665770964750772    7    4    2    2
 -0.01351568996702835    7    4    3    1
 -0.01412460022681493    7    4    3    2
 0.07902004605867906    7    4    3    3
 -0.02023655219250563    7    4    4    1
 -0.01821926438017437    7    4    4    2
 0.001229824538671184    7    4    4    3
 0.05275236189824357    7    4    4    4
 0.02746640305583201    7    4    5    1
 0.003461090715668372    7    4    5    2
 0.02170059775696552    7    4    5    3
 0.000251984717629049    7    4    5    4
 0.05197205319452552    7    4    5    5
 0.008229728258517605    7    4    6    1
 -0.03114889674521886    7    4    6    2
 -0.02809446286604817    7    4    6    3
 -0.02915875449613101    7    4    6    4
 0.03732237037002427    7    4    6    5
 0.08963565030264785    7    4    6    6
 0.006521802330199378    7    4    7    1
 -0.007796739644455532    7    4    7    2
 -0.01998907913892917    7    4    7    3
 0.1017879585939289    7    4    7    4
 -0.001225673757500571    7    5    1    1
 -0.0147894140014294    7    5    2    1
 -0.005729210889460316    7    5    2    2
 -0.01594270594901813    7    5    3    1
 -0.01603483623670263    7    5    3    2
 -0.0225724824077191    7    5    3    3
 0.03145873305552082    7    5    4    1
 0.01915371812433505    7    5    4    2
 0.01881836129914983    7    5    4    3
 0.00547032853077564    7    5    4    4
 -0.0007875601853221773    7    5    5    1
 0.01105887486859334    7    5    5    2
 0.00960967325849553    7    5    5    3
 -0.006498454831526169    7    5    5    4
 -0.009181301520511298    7    5    5    5
 -0.006379291372608672    7    5    6    1
 0.0007723113688868561    7    5    6    2
 -0.00916034174973279    7    5    6    3
 0.02378772699568027    7    5    6    4
 0.006277052031772912    7    5    6    5
 -0.005842392872026691    7    5    6    6
 0.006566242244427451    7    5    7    1
 -0.009443973886179248    7    5    7    2
 -0.0134190199844507    7    5    7    3
 -0.007850631298948333    7    5    7    4
 0.03331067173632071    7    5    7    5
 0.01357524168360464    7    6    1    1
 -0.006116258811288156    7    6    2    1
 0.01790439754692071    7    6    2    2
 0.004838102901440714    7    6    3    1
 0.01333965792765674    7    6    3    2
 0.02110587242486073    7    6    3    3
 -0.0132477045914206    7    6    4    1
 -0.02066586178601608    7    6    4    2
 -0.01667113582437713    7    6    4    3
 -0.01930175990014305    7    6    4    4
 -0.005225775608960405    7    6    5    1
 -0.002899027365085867    7    6    5    2
 -0.008248533825106106    7    6    5    3
 0.01869364528752801    7    6    5    4
 0.0103788228806477    7    6    5    5
 -0.001623558607133292    7    6    6    1
 0.001435947519004921    7    6    6    2
 0.001333745754062958    7    6    6    3
 -0.008080006571186227    7    6    6    4
 0.001751592380652327    7    6    6    5
 0.01240532043201467    7    6    6    6
 0.01954712438313303    7    6    7    1
 0.008807295273974294    7    6    7    2
 0.009013060633922031    7    6    7    3
 0.01574718273194831    7    6    7    4
 -0.01209470720786809    7    6    7    5
 0.03778487813575433    7    6    7    6
 0.4452407984969845    7    7    1    1
 0.04042093009985478    7    7    2    1
 0.4222659918414359    7    7    2    2
 0.01283853354089052    7    7    3    1
 0.01171462917326955    7    7    3    2
 0.4467331464889707    7    7    3    3
 0.02216354070410201    7    7    4    1
 0.0001096126445876675    7    7    4    2
 -0.01177500971812675    7    7    4    3
 0.4915501408205008    7    7    4    4
 0.03631163633731996    7    7    5    1
 -0.03283110592921371    7    7    5    2
 0.02875195238284564    7    7    5    3
 -0.007675339863131161    7    7    5    4
 0.4014368869303266    7    7    5    5
 0.03675962143905061    7    7    6    1
 -0.05459224931991488    7    7    6    2
 -0.03492739623641491    7    7    6    3
 -0.01319676504523068    7    7    6    4
 0.02120227779678607    7    7    6    5
 0.4724035827425994    7    7    6    6
 0.004861805166303793    7    7    7    1
 -0.0229046656225572    7    7    7    2
 -0.01976764191122328    7    7    7    3
 0.06786463878705427    7    7    7    4
 -0.009521220653612814    7    7    7    5
 0.001269166529848046    7    7    7    6
 0.5175159779874693    7    7    7    7
 0.04244543599155484    8    1    1    1
 0.01542381223098864    8    1    2    1
 0.03838844161449314    8    1    2    2
 -0.01292160538789051    8    1    3    1
 -0.003181443618953827    8    1    3    2
 0.03991954627627851    8    1    3    3
 -0.001728649009660837    8    1    4    1
 -0.001283475458431075    8    1    4    2
 -0.003369293539171952    8    1    4    3
 0.04332258795750351    8    1    4    4
 0.007014702467543754    8    1    5    1
 -0.01542514263722772    8    1    5    2
 0.01115268514801318    8    1    5    3
 -0.004849222529900764    8    1    5    4
 0.01832550374124095    8    1    5    5
 0.01507521616829927    8    1    6    1
 -0.02801757513796166    8    1    6    2
 -0.02222114285934328    8    1    6    3
 -0.01268288028271154    8    1    6    4
 0.01414525789134407    8    1    6    5
 0.0580970437609451    8    1    6    6
 0.001539611048070922    8    1    7    1
 -0.009025638715164571    8    1    7    2
 -0.01169624967821733    8    1    7    3
 0.03910259924749153    8    1    7    4
 -0.005710347240023126    8    1    7    5
 0.004413155311979291    8    1    7    6
 0.05231379227030234    8    1    7    7
 0.03708467367331793    8    1    8    1
 0.05059515802607697    8    2    1    1
 0.002821668982265372    8    2    2    1
 0.05718874909960623    8    2    2    2
 0.006604664235175975    8    2    3    1
 0.009641036945871644    8    2    3    2
 0.02446791082696071    8    2    3    3
 0.003875749241890211    8    2    4    1
 0.006337995199860345    8    2    4    2
 -0.007364158161727379    8    2    4    3
 0.04403380230106794    8    2    4    4
 -0.004284852570051422    8    2    5    1
 -0.009593209755040195    8    2    5    2
 0.02726812323630746    8    2    5    3
 0.002255486850971273    8    2    5    4
 0.03091867301677824    8    2    5    5
 -0.0119128671889915    8    2    6    1
 -0.01912917018954174    8    2    6    2
 -0.02015636324825254    8    2    6    3
 -0.01082832798713664    8    2    6    4
 0.02380647510480964    8    2    6    5
 0.06605238294744183    8    2    6    6
 -0.004445429657728294    8    2    7    1
 -0.0101787668984141    8    2    7    2
 -0.005628283531205778    8    2    7    3
 0.03460979529407841    8    2    7    4
 -0.002440641470468113    8    2    7    5
 0.004921769562170705    8    2    7    6
 0.04936510342110504    8    2    7    7
 0.03163925285195663    8    2    8    1
 0.05323004296688337    8    2    8    2
 -0.04899634561577501    8    3    1    1
 0.006320780616080785    8    3    2    1
 -0.02764819680540396    8    3    2    2
 -0.01578965137095454    8    3    3    1
 -0.02769212560203548    8    3    3    2
 -0.01740642635089861    8    3    3    3
 -0.01152930890544054    8    3    4    1
 -0.01011066114864364    8    3    4    2
 0.01959569236457925    8    3    4    3
 -0.04771627012637598    8    3    4    4
 -0.001530944543548143    8    3    5    1
 0.02295917594749699    8    3    5    2
 -0.03157485663254481    8    3    5    3
 -0.01122430690974521    8    3    5    4
 -0.033630051036617    8    3    5    5
 -0.01801980897444567    8    3    6    1
 0.000580592141960124    8    3    6    2
 0.02402726753443041    8    3    6    3
 0.01217427448843907    8    3    6    4
 -0.01333236183015261    8    3    6    5
 -0.0567869091499606    8    3    6    6
 -0.008080089856095407    8    3    7    1
 0.003224209442205882    8    3    7    2
 -0.004910167040375616    8    3    7    3
 -0.02039487431630987    8    3    7    4
 0.009845349535065358    8    3    7    5
 -0.01023984631883909    8    3    7    6
 -0.06274269454751299    8    3    7    7
 -0.03479966843524392    8    3    8    1
 -0.04419805528985094    8    3    8    2
 0.07747230950086449    8    3    8    3
 -0.006492481415976726    8    4    1    1
 0.003221724860390622    8    4    2    1
 0.002746427672255511    8    4    2    2
 -0.01110899575990494    8    4    3    1
 -0.01142450883301262    8    4    3    2
 0.01513517460864616    8    4    3    3
 0.001927561741447536    8    4    4    1
 -0.003518045665654446    8    4    4    2
 -0.002614118959303688    8    4    4    3
 -0.01977589393247212    8    4    4    4
 -0.004280945554827558    8    4    5    1
 0.003815763651806745    8    4    5    2
 -0.0141919728268491    8    4    5    3
 0.003712125857511072    8    4    5    4
 -0.004485644299855358    8    4    5    5
 -0.008427779212268048    8    4    6    1
 -0.00481940406586747    8    4    6    2
 0.008745595098384917    8    4    6    3
 -0.004760776334653128    8    4    6    4
 -0.003600322908370404    8    4    6    5
 -0.007817856421413675    8    4    6    6
 0.02214975966972187    8    4    7    1
 0.01707474210024884    8    4    7    2
 -0.002760287582964631    8    4    7    3
 0.006965718100317662    8    4    7    4
 -0.003774192986619217    8    4    7    5
 0.01516626503406048    8    4    7    6
 -0.01922151298956595    8    4    7    7
 -0.005825811567430217    8    4    8    1
 -0.01122121527388664    8    4    8    2
 0.01683303226432111    8    4    8    3
 0.02996021193955234    8    4    8    4
 -0.01711414925706367    8    5    1    1
 -0.02694100109656572    8    5    2    1
 -0.02977060434449675    8    5    2    2
 0.02256894518751059    8    5    3    1
 0.03508942972336572    8    5    3    2
 -0.05672536844474153    8    5    3    3
 -0.0002283374598703116    8    5    4    1
 0.007343572944036623    8    5    4    2
 -0.01734708594063308    8    5    4    3
 -0.01782393801594407    8    5    4    4
 -0.01528950099767386    8    5    5    1
 -0.001632668114296447    8    5    5    2
 0.005157680513906351    8    5    5    3
 0.009526450627097144    8    5    5    4
 -0.009248598690800823    8    5    5    5
 0.005074166134517182    8    5    6    1
 0.03363295387582639    8    5    6    2
 0.0009487337676861511    8    5    6    3
 0.001367441421578939    8    5    6    4
 -0.001032553770826282    8    5    6    5
 -0.02071976409220693    8    5    6    6
 -0.00608166189662273    8    5    7    1
 0.001608272954915752    8    5    7    2
 0.01744008913723024    8    5    7    3
 -0.02218266907237755    8    5    7    4
 -0.005411606235451834    8    5    7    5
 0.001392143515601098    8    5    7    6
 -0.01116187037062324    8    5    7    7
 -0.004574904956490828    8    5    8    1
 0.003667033610385454    8    5    8    2
 -0.02604201153056836    8    5    8    3
 -0.01665824854920738    8    5    8    4
 0.04257331510501509    8    5    8    5
 0.03510173981405636    8    6    1    1
 -0.03555310516553654    8    6    2    1
 0.009336915272276116    8    6    2    2
 -0.03407513947665274    8    6    3    1
 -0.02492896918248481    8    6    3    2
 0.02510840957452682    8    6    3    3
 -0.01945804865575704    8    6    4    1
 -0.009937443511187806    8    6    4    2
 0.01366147183666211    8    6    4    3
 -0.01254192506811478    8    6    4    4
 0.008832744307243748    8    6    5    1
 0.02704722555305831    8    6    5    2
 -0.006594771883295167    8    6    5    3
 -0.005574821129846644    8    6    5    4
 0.006995433237786285    8    6    5    5
 0.01970059677495014    8    6    6    1
 0.0171091286663841    8    6    6    2
 -0.009693874790574181    8    6    6    3
 -0.002359296574755444    8    6    6    4
 0.01999675258851943    8    6    6    5
 0.0108126150938847    8    6    6    6
 0.00307466448945212    8    6    7    1
 0.003538350539325993    8    6    7    2
 -0.01423741952148535    8    6    7    3
 0.02844028193621428    8    6    7    4
 0.003138702104955103    8    6    7    5
 0.00351769028109653    8    6    7    6
 -0.005968112105197007    8    6    7    7
 0.001741994447036675    8    6    8    1
 -0.01938505084528692    8    6    8    2
 0.01245566246728359    8    6    8    3
 0.00654019173615683    8    6    8    4
 -0.01127331254195399    8    6    8    5
 0.05467575044707464    8    6    8    6
 -0.002109201685372646    8    7    1    1
 -0.01359826735897831    8    7    2    1
 -0.01602901206406801    8    7    2    2
 -0.01052404913989734    8    7    3    1
 -0.003671021335529775    8    7    3    2
 -0.02859184188863825    8    7    3    3
 0.04981051093034317    8    7    4    1
 0.03691913256795411    8    7    4    2
 0.002944661060223808    8    7    4    3
 0.02159935463792042    8    7    4    4
 -0.006625030601693963    8    7    5    1
 0.0006757150477230226    8    7    5    2
 0.01693329587723671    8    7    5    3
 -0.008395590884114044    8    7    5    4
 -0.007832837087492866    8    7    5    5
 0.002689233212664927    8    7    6    1
 0.006407807476732561    8    7    6    2
 -0.01215050762595204    8    7    6    3
 0.02598994691860344    8    7    6    4
 0.001770588781766207    8    7    6    5
 -0.002736818988316722    8    7    6    6
 0.0167475881983843    8    7    7    1
 -0.0003322439581607267    8    7    7    2
 -0.01923998154103222    8    7    7    3
 -0.02069501848372339    8    7    7    4
 0.02405493646211963    8    7    7    5
 -0.01261425044326833    8    7    7    6
 0.00810111099866955    8    7    7    7
 0.0005391615054157522    8    7    8    1
 0.002343797919048778    8    7    8    2
 -0.01637376007928611    8    7    8    3
 0.002016636410938901    8    7    8    4
 0.007761105322295659    8    7    8    5
 -0.006478655874717169    8    7    8    6
 0.05202371714513739    8    7    8    7
 0.4228755376694618    8    8    1    1
 0.06529608988650697    8    8    2    1
 0.4462833299146637    8    8    2    2
 -0.06669506911766448    8    8    3    1
 -0.07433655163609802    8    8    3    2
 0.5011967405275332    8    8    3    3
 -0.01147430246495496    8    8    4    1
 -0.02372088124739057    8    8    4    2
 0.02929890103647884    8    8    4    3
 0.4278051410800748    8    8    4    4
 0.02872997183287652    8    8    5    1
 -0.004909939974859814    8    8    5    2
 -0.01686766148567239    8    8    5    3
 -0.03191683992467624    8    8    5    4
 0.3700613299832626    8    8    5    5
 0.01665109949958359    8    8    6    1
 -0.08676448665223699    8    8    6    2
 -0.02260775997443888    8    8    6    3
 -0.01532513000897818    8    8    6    4
 0.02433404462210286    8    8    6    5
 0.4568522588391995    8    8    6    6
 0.005734830806543441    8    8    7    1
 -0.01311952222667318    8    8    7    2
 -0.04642247233884337    8    8    7    3
 0.08547847097168106    8    8    7    4
 0.0001326537235334946    8    8    7    5
 0.001117332916838404    8    8    7    6
 0.4377515951895247    8    8    7    7
 0.04791961637739018    8    8    8    1
 0.02337084214756215    8    8    8    2
 0.01347031422426119    8    8    8    3
 0.02012515530953041    8    8    8    4
 -0.08541291851306587    8    8    8    5
 0.03731343211971877    8    8    8    6
 -0.02034450149001125    8    8    8    7
 0.5760128667100244    8    8    8    8
 -4.241171544827303    1    1  0  0
 -0.06447597025038826    2    1  0  0
 -3.697454458842857    2    2  0  0
 0.02678988828495223    3    1  0  0
 0.04661845906619071    3    2  0  0
 -3.653346969584637    3    3  0  0
 -0.007806119554533844    4    1  0  0
 0.03259470848525146    4    2  0  0
 -0.01841438532036587    4    3  0  0
 -3.558096814654297    4    4  0  0
 -0.2121852882736801    5    1  0  0
 0.06648433821513024    5    2  0  0
 -0.1833906567555591    5    3  0  0
 0.04645982926836736    5    4  0  0
 -2.655055240974957    5    5  0  0
 -0.1003524453909628    6    1  0  0
 0.3628795636076831    6    2  0  0
 0.2496057813263267    6    3  0  0
 0.151664405527655    6    4  0  0
 -0.2870098349567621    6    5  0  0
 -3.088033296538333    6    6  0  0
 -0.0286492579137676    7    1  0  0
 0.0944872182138326    7    2  0  0
 0.1639700526861881    7    3  0  0
 -0.5404912111473537    7    4  0  0
 0.04198299425542892    7    5  0  0
 -0.06142141501510605    7    6  0  0
 -2.903189800891438    7    7  0  0
 -0.2967470296161543    8    1  0  0
 -0.3111688411422297    8    2  0  0
 0.2602333815758908    8    3  0  0
 0.02120273856749982    8    4  0  0
 0.2124268820619618    8    5  0  0
 -0.09879774200695406    8    6  0  0
 0.04367779720991558    8    7  0  0
 -2.805791731400183    8    8  0  0
 0  0  0  0  0
