0000000001111111111111
0000000010111111111111
0000000011011111111111
0000000011101111111111
0000000011110111111111
0000000011111011111111
0000000011111101111111
0000000011111110111111
0000000011111111011111
0000000011111111101111
0000000011111111110111
0000000011111111111011
0000000011111111111101
0000000011111111111110
0000000100111111111111
0000000101011111111111
0000000101101111111111
0000000101110111111111
0000000101111011111111
0000000101111101111111
0000000101111110111111
0000000101111111011111
0000000101111111101111
0000000101111111110111
0000000101111111111011
0000000101111111111101
0000000101111111111110
0000000110111011111111
0000000111010111111111
0000000111011111101111
0000000111011111111011
0000000111011111111101
0000000111111101011111
0000000111111101101111
0000000111111101111011
0000000111111101111101
0000001000111111111111
0000001001011111111111
0000001001101111111111
0000001001110111111111
0000001001111011111111
0000001001111101111111
0000001001111110111111
0000001001111111011111
0000001001111111101111
0000001001111111110111
0000001001111111111011
0000001001111111111101
0000001001111111111110
0000001011010111111111
0000001011011111011111
0000001011011111101111
0000001011011111111011
0000001011011111111101
0000001011101011111111
0000001011111010111111
0000001011111011110111
0000001011111101011111
0000001011111101101111
0000001011111101111101
0000001100101111111111
0000001100111110111111
0000001100111111110111
0000001101011101111111
0000001101101110111111
0000001101101111110111
0000001101110111011111
0000001101110111101111
0000001101110111111011
0000001101110111111101
0000001101111111011011
0000001101111111011101
0000001101111111101011
0000001101111111101101
0000001101111111101110
0000001101111111111001
0000001101111111111010
0000010000111111111111
0000010001011111111111
0000010001101111111111
0000010001110111111111
0000010001111011111111
0000010001111101111111
0000010001111110111111
0000010001111111011111
0000010001111111101111
0000010001111111110111
0000010001111111111011
0000010001111111111101
0000010001111111111110
0000010011001111111111
0000010011011110111111
0000010011011111110111
0000010011111011101111
0000010011111011111011
0000010011111100111111
0000010100110111111111
0000010100111111011111
0000010100111111101111
0000010100111111111011
0000010101100111111111
0000010101101111101111
0000010101101111111011
0000010101101111111101
0000010101110110111111
0000010101110111110111
0000010101111110011111
0000010101111110101111
0000010101111110111011
0000010101111111010111
0000010101111111100111
0000010101111111110011
0000011000110111111111
0000011000111111011111
0000011000111111101111
0000011000111111111011
0000011001011011111111
0000011001101111011111
0000011001101111101111
0000011001101111111011
0000011001110110111111
0000011001111001111111
0000011001111110011111
0000011001111110101111
0000011001111110111011
0000011001111110111101
0000011001111110111110
0000011001111111010111
0000011001111111110011
0000100000111111111111
0000100001011111111111
0000100001101111111111
0000100001110111111111
0000100001111011111111
0000100001111101111111
0000100001111110111111
0000100001111111011111
0000100001111111101111
0000100001111111110111
0000100001111111111011
0000100001111111111101
0000100010110111111111
0000100010111111011111
0000100010111111101111
0000100011101111011111
0000100011101111111011
0000100011110110111111
0000100011111001111111
0000100011111110011111
0000100011111110101111
0000100011111111100111
0000100011111111110011
0000100100011111111111
0000100100111101111111
0000100101011110111111
0000100101011111110111
0000100101101101111111
0000100101110011111111
0000100101111011011111
0000100101111011101111
0000100101111011111011
0000100101111100111111
0000100101111101110111
0000101001001111111111
0000101001011110111111
0000101001011111110111
0000101001101101111111
0000101001110011111111
0000101001111011011111
0000101001111011101111
0000101001111011111011
0000101001111100111111
0000101001111101110111
0000110000111011111111
0000110001011111011111
0000110001011111111011
0000110001101011111111
0000110001110101111111
0000110001111010111111
0000110001111011110111
0000110001111101011111
0000110001111101101111
0000110001111101111011
0001000000111111111111
0001000001011111111111
0001000001101111111111
0001000001110111111111
0001000001111011111111
0001000001111101111111
0001000001111110111111
0001000001111111011111
0001000001111111101111
0001000001111111110111
0001000001111111111011
0001000001111111111101
0001000001111111111110
0001000011010111111111
0001000011011111011111
0001000011011111101111
0001000011011111111101
0001000011101011111111
0001000011110101111111
0001000011111010111111
0001000011111011110111
0001000011111101011111
0001000011111101101111
0001000011111101111011
0001000011111101111101
0001000100111110111111
0001000100111111110111
0001000101011101111111
0001000101101110111111
0001000101101111110111
0001000101110111011111
0001000101110111101111
0001000101110111111011
0001000101111110110111
0001000101111111001111
0001000101111111011011
0001000101111111101011
0001001000101111111111
0001001000111111110111
0001001001011101111111
0001001001101111110111
0001001001111110110111
0001001001111111001111
0001001001111111011011
0001001001111111101011
0001010000110111111111
0001010000111111011111
0001010000111111101111
0001010000111111111011
0001010001011011111111
0001010001101111011111
0001010001101111101111
0001010001101111111011
0001010001110111110111
0001010001111001111111
0001010001111110101111
0001010001111110111011
0001010001111111010111
0001010001111111100111
0001010001111111110011
0001100000111101111111
0001100001001111111111
0001100001011110111111
0001100001011111110111
0001100001101101111111
0001100001110011111111
0001100001111011011111
0001100001111011101111
0001100001111011111011
0001100001111100111111
0001100001111101110111
0010000000111111111111
0010000001011111111111
0010000001101111111111
0010000001110111111111
0010000001111011111111
0010000001111101111111
0010000001111110111111
0010000001111111011111
0010000001111111101111
0010000001111111110111
0010000001111111111011
0010000001111111111101
0010000001111111111110
0010000010111110111111
0010000011011101111111
0010000011101110111111
0010000011110111011111
0010000011110111101111
0010000011111111101011
0010000011111111101110
0010000011111111111010
0010000100111011111111
0010000101010111111111
0010000101011111011111
0010000101011111101111
0010000101011111111101
0010000101011111111110
0010000101101011111111
0010000101110101111111
0010000101111010111111
0010000101111011110111
0010000101111101011111
0010000101111101101111
0010000101111101111011
0010000101111101111101
0010001001011111011111
0010001001011111101111
0010001001011111111011
0010001001011111111101
0010001001101011111111
0010001001110101111111
0010001001111010111111
0010001001111011110111
0010001001111101011111
0010001001111101101111
0010001001111101111011
0010010000011111111111
0010010000111101111111
0010010001001111111111
0010010001011110111111
0010010001011111110111
0010010001101101111111
0010010001110011111111
0010010001111011011111
0010010001111011101111
0010010001111011111011
0010010001111100111111
0010010001111101110111
0010100000110111111111
0010100000111111011111
0010100000111111101111
0010100000111111111011
0010100001011011111111
0010100001100111111111
0010100001101111011111
0010100001101111111011
0010100001110110111111
0010100001111001111111
0010100001111110011111
0010100001111110101111
0010100001111110111011
0010100001111111010111
0010100001111111100111
0010100001111111110011
0011000000111011111111
0011000001010111111111
0011000001011111011111
0011000001011111101111
0011000001011111111011
0011000001101011111111
0011000001110101111111
0011000001111010111111
0011000001111011110111
0011000001111101011111
0011000001111101101111
0011000001111101111011
0100000000111111111111
0100000001011111111111
0100000001101111111111
0100000001110111111111
0100000001111011111111
0100000001111101111111
0100000001111110111111
0100000001111111011111
0100000001111111101111
0100000001111111110111
0100000001111111111011
0100000001111111111101
0100000001111111111110
0100000011001111111111
0100000011011110111111
0100000011011111110111
0100000011101101111111
0100000011110011111111
0100000011111100111111
0100000011111101110111
0100000100110111111111
0100000100111111011111
0100000100111111101111
0100000100111111111011
0100000100111111111101
0100000101011011111111
0100000101100111111111
0100000101101111011111
0100000101101111101111
0100000101101111111101
0100000101101111111110
0100000101110110111111
0100000101110111110111
0100000101111001111111
0100000101111110011111
0100000101111110101111
0100000101111110111011
0100000101111110111101
0100000101111110111110
0100000101111111010111
0100000101111111100111
0100000101111111110011
0100001000111111011111
0100001000111111101111
0100001001011011111111
0100001001100111111111
0100001001101111011111
0100001001101111101111
0100001001101111111011
0100001001101111111101
0100001001110110111111
0100001001111001111111
0100001001111110011111
0100001001111110101111
0100001001111110111011
0100001001111110111101
0100001001111110111110
0100001001111111010111
0100001001111111100111
0100001001111111110011
0100001001111111110101
0100010000111110111111
0100010000111111110111
0100010001011101111111
0100010001101110111111
0100010001101111110111
0100010001111110110111
0100010001111111001111
0100010001111111101011
0100010001111111101101
0100010001111111101110
0100010001111111111001
0100010001111111111010
0100010001111111111100
0100100000111011111111
0100100001010111111111
0100100001011111011111
0100100001011111101111
0100100001101011111111
0100100001110101111111
0100100001111010111111
0100100001111011110111
0100100001111101011111
0100100001111101101111
0100100001111101111011
0100100001111101111110
0101000000111111111011
0101000001011011111111
0101000001101111011111
0101000001101111101111
0101000001101111111011
0101000001110110111111
0101000001110111110111
0101000001111001111111
0101000001111110101111
0101000001111110111011
0101000001111111010111
0101000001111111100111
0101000001111111110101
0110000000011111111111
0110000000111101111111
0110000001001111111111
0110000001011110111111
0110000001101101111111
0110000001110011111111
0110000001111011011111
0110000001111011101111
0110000001111011111011
0110000001111100111111
0110000001111101110111
1000000000111111111111
1000000001011111111111
1000000001101111111111
1000000001110111111111
1000000001111011111111
1000000001111101111111
1000000001111110111111
1000000001111111011111
1000000001111111101111
1000000001111111110111
1000000001111111111011
1000000001111111111101
1000000001111111111110
1000000011010111111111
1000000011011111011111
1000000011011111101111
1000000011011111111011
1000000011011111111101
1000000011011111111110
1000000011110101111111
1000000011111101011111
1000000011111101101111
1000000011111101111101
1000000011111101111110
1000000100101111111111
1000000100111111110111
1000000101101111110111
1000000101110111011111
1000000101110111101111
1000000101110111111011
1000000101110111111101
1000000101110111111110
1000000101111111011011
1000000101111111101011
1000000101111111101101
1000000101111111101110
1000000101111111111001
1000000101111111111010
1000001000101111111111
1000001001011101111111
1000001001101110111111
1000001001101111110111
1000001001110111011111
1000001001110111101111
1000001001110111111101
1000001001111110110111
1000001001111111001111
1000001001111111011011
1000001001111111101011
1000001001111111101101
1000010000110111111111
1000010000111111011111
1000010000111111111011
1000010000111111111101
1000010000111111111110
1000010001011011111111
1000010001100111111111
1000010001101111011111
1000010001101111101111
1000010001101111111011
1000010001101111111101
1000010001110110111111
1000010001110111110111
1000010001111001111111
1000010001111110011111
1000010001111110101111
1000010001111110111011
1000010001111110111101
1000010001111111010111
1000010001111111100111
1000010001111111110011
1000010001111111110101
1000100001001111111111
1000100001011110111111
1000100001101101111111
1000100001110011111111
1000100001111011011111
1000100001111011111011
1000100001111100111111
1000100001111101110111
1001000001011101111111
1001000001101111110111
1001000001110111101111
1001000001110111111101
1001000001111110110111
1001000001111111001111
1001000001111111011011
1010000001010111111111
1010000001011111101111
1010000001011111111101
1010000001101011111111
1010000001111010111111
1010000001111011110111
1010000001111101011111
1010000001111101111011
1010000001111101111101
1100000000110111111111
1100000000111111011111
1100000000111111101111
1100000000111111111011
1100000000111111111101
1100000001100111111111
1100000001101111011111
1100000001101111101111
1100000001101111111101
1100000001110110111111
1100000001110111110111
1100000001111001111111
1100000001111110011111
1100000001111110101111
1100000001111110111011
1100000001111110111101
1100000001111111110011
1100000001111111110101
