 &FCI NORB=   8,NELEC= 8,MS2=0,
  ORBSYM=1,1,1,1,1,1,1,1
  ISYM=1,
 &END
 0.5890593789182627    1    1    1    1
 -0.007875678715342059    2    1    1    1
 0.1186756364211534    2    1    2    1
 0.5624176015861192    2    2    1    1
 0.03786323577604371    2    2    2    1
 0.6099304118126513    2    2    2    2
 0.004418250067723151    3    1    1    1
 0.0006401995278732606    3    1    2    1
 -0.01658882138652988    3    1    2    2
 0.1237603678635093    3    1    3    1
 0.001011105445312153    3    2    1    1
 -0.01743247779823389    3    2    2    1
 0.0004629922870960588    3    2    2    2
 -0.02663829302518925    3    2    3    1
 0.03768756907230485    3    2    3    2
 0.5703787092078419    3    3    1    1
 -0.02877351337067932    3    3    2    1
 0.5241223845928705    3    3    2    2
 0.01269718200249672    3    3    3    1
 0.0005084799851778531    3    3    3    2
 0.6071726945762024    3    3    3    3
 -0.001636630189095295    4    1    1    1
 0.002496865545506365    4    1    2    1
 -0.02415058045716503    4    1    2    2
 -0.0004216464956871227    4    1    3    1
 -0.002793299387650902    4    1    3    2
 -0.01748012036863444    4    1    3    3
 0.1151341690643399    4    1    4    1
 0.0004202467386111196    4    2    1    1
 -0.02527690955941589    4    2    2    1
 -0.01868658687984944    4    2    2    2
 -0.003041807006207057    4    2    3    1
 0.007709901874168965    4    2    3    2
 0.008268258610717316    4    2    3    3
 0.009706357887318861    4    2    4    1
 0.03320269144351713    4    2    4    2
 0.001969086283850889    4    3    1    1
 -0.003160969148404625    4    3    2    1
 0.009504843976172059    4    3    2    2
 -0.01610954436468556    4    3    3    1
 0.009283037765659669    4    3    3    2
 0.00172396987585591    4    3    3    3
 -0.01282441335086333    4    3    4    1
 0.0006250533340112195    4    3    4    2
 0.02773657325752196    4    3    4    3
 0.555993197949901    4    4    1    1
 0.0104528178751973    4    4    2    1
 0.514229661873169    4    4    2    2
 -0.01387845714694452    4    4    3    1
 0.001493036660937074    4    4    3    2
 0.5095968250695714    4    4    3    3
 0.04263517850551606    4    4    4    1
 0.002974721048243804    4    4    4    2
 -0.003397540564819711    4    4    4    3
 0.5931962746407864    4    4    4    4
 0.04496417262731491    5    1    1    1
 -0.005676250322532864    5    1    2    1
 0.04747592142917711    5    1    2    2
 0.002519481189106688    5    1    3    1
 0.002744078877507613    5    1    3    2
 0.03900986479954715    5    1    3    3
 0.03444941361800207    5    1    4    1
 -0.004050222004072771    5    1    4    2
 0.002737605655255494    5    1    4    3
 0.02947782807735503    5    1    4    4
 0.0454730505290426    5    1    5    1
 -0.01018899046349235    5    2    1    1
 0.03293811981106838    5    2    2    1
 0.008756051311863168    5    2    2    2
 0.005774457362474402    5    2    3    1
 -0.005443598341706207    5    2    3    2
 -0.008788512087505206    5    2    3    3
 -0.01182119094270011    5    2    4    1
 0.00131099220617589    5    2    4    2
 0.0002739689040059925    5    2    4    3
 -0.01245400636893403    5    2    4    4
 -0.004732425047337945    5    2    5    1
 0.02156118887827784    5    2    5    2
 0.006227922816784455    5    3    1    1
 0.005895434695843668    5    3    2    1
 0.002514994918245952    5    3    2    2
 0.007693525562500201    5    3    3    1
 -7.578780629918651e-05    5    3    3    2
 -0.002458518277484396    5    3    3    3
 0.009184574208327165    5    3    4    1
 0.0001556157841479817    5    3    4    2
 0.01169851565841891    5    3    4    3
 0.01317679590865429    5    3    4    4
 0.002714998971267595    5    3    5    1
 -0.001393303873137006    5    3    5    2
 0.01566792460062699    5    3    5    3
 0.1112950469289003    5    4    1    1
 -0.01513801631358844    5    4    2    1
 0.09703990910260533    5    4    2    2
 0.009670959518055305    5    4    3    1
 0.001588322971275388    5    4    3    2
 0.1108929990652581    5    4    3    3
 -0.02942321107870942    5    4    4    1
 -0.005255185162990972    5    4    4    2
 0.008782584674354679    5    4    4    3
 0.07200514358883715    5    4    4    4
 0.04053541740761325    5    4    5    1
 -0.00210905910545565    5    4    5    2
 -0.00406271525405149    5    4    5    3
 0.1170952612429475    5    4    5    4
 0.4673673034202871    5    5    1    1
 0.008007070042742207    5    5    2    1
 0.4264472659053359    5    5    2    2
 -0.004079520913792377    5    5    3    1
 -0.003486848909156566    5    5    3    2
 0.42431140531302    5    5    3    3
 0.08856881124400673    5    5    4    1
 0.007665370062093488    5    5    4    2
 -0.01238576656909485    5    5    4    3
 0.5285506201581672    5    5    4    4
 0.01548969662563179    5    5    5    1
 -0.02157371479655605    5    5    5    2
 0.02112209164302154    5    5    5    3
 -0.01549280171481773    5    5    5    4
 0.5761555592552028    5    5    5    5
 0.09004812283708466    6    1    1    1
 0.008577818961012252    6    1    2    1
 0.06843579576883954    6    1    2    2
 -0.003773424249373209    6    1    3    1
 -0.001692202925834042    6    1    3    2
 0.07687105828698507    6    1    3    3
 -0.01682577515923889    6    1    4    1
 7.876915095511754e-05    6    1    4    2
 -0.0004703381958128171    6    1    4    3
 0.08418433138132224    6    1    4    4
 0.00299969223444202    6    1    5    1
 -0.005328492429842149    6    1    5    2
 0.005022019065936903    6    1    5    3
 0.04396856397316558    6    1    5    4
 0.05213593016679936    6    1    5    5
 0.0596608199603226    6    1    6    1
 0.02984823849219689    6    2    1    1
 -0.02213441070711101    6    2    2    1
 0.001214992754295011    6    2    2    2
 -0.004479760326351478    6    2    3    1
 0.01135203739797143    6    2    3    2
 0.04575840667413673    6    2    3    3
 0.003672333699304517    6    2    4    1
 0.01739593165006717    6    2    4    2
 0.002600480346032464    6    2    4    3
 0.02365739396497363    6    2    4    4
 0.0002909405992490519    6    2    5    1
 -0.0135303712155178    6    2    5    2
 -0.0004630620965838335    6    2    5    3
 0.01966201512079019    6    2    5    4
 0.01311564899067314    6    2    5    5
 0.01924515588289073    6    2    6    1
 0.06336980344684591    6    2    6    2
 -0.01402509325433523    6    3    1    1
 -0.004128527851354001    6    3    2    1
 -0.003898859038618834    6    3    2    2
 0.003932498946190013    6    3    3    1
 0.01812455867876523    6    3    3    2
 -0.02287901393938528    6    3    3    3
 -0.004359327446827968    6    3    4    1
 0.002275887993501875    6    3    4    2
 0.003544020189822061    6    3    4    3
 -0.01273381143351937    6    3    4    4
 0.001458584992474396    6    3    5    1
 -0.0001585986357862339    6    3    5    2
 0.004364891557355142    6    3    5    3
 -0.007697485946574712    6    3    5    4
 -0.01130987005835899    6    3    5    5
 -0.01154993701411818    6    3    6    1
 0.0001979146173027927    6    3    6    2
 0.03592053020376606    6    3    6    3
 -0.05339159047273186    6    4    1    1
 0.00426916963849009    6    4    2    1
 -0.03104858073987797    6    4    2    2
 -0.004102893976911901    6    4    3    1
 0.001789616756878527    6    4    3    2
 -0.04385565109354025    6    4    3    3
 0.02599917112536729    6    4    4    1
 1.731806883250317e-05    6    4    4    2
 -0.000535932614852598    6    4    4    3
 -0.05380209070563534    6    4    4    4
 0.01316498936459734    6    4    5    1
 0.008302100063257859    6    4    5    2
 -0.004240232389222185    6    4    5    3
 -0.02349448282562231    6    4    5    4
 -0.03640530330312929    6    4    5    5
 -0.0424718769913552    6    4    6    1
 -0.01488027671151284    6    4    6    2
 0.008571091633233944    6    4    6    3
 0.04180086417079523    6    4    6    4
 -0.03303961876047202    6    5    1    1
 -0.0108375183365405    6    5    2    1
 -0.04777658785576978    6    5    2    2
 0.008186965313922498    6    5    3    1
 -0.001312041016474359    6    5    3    2
 -0.02515808062249454    6    5    3    3
 0.0372194548521493    6    5    4    1
 0.01328471589770953    6    5    4    2
 -0.007782951763142954    6    5    4    3
 -0.02299193377590428    6    5    4    4
 0.002855513724727951    6    5    5    1
 -0.005818359310880453    6    5    5    2
 0.0007418288918985098    6    5    5    3
 -0.02755705173226422    6    5    5    4
 0.01463578432790018    6    5    5    5
 -0.01436140456444165    6    5    6    1
 0.01112617457678863    6    5    6    2
 -0.002730973456471888    6    5    6    3
 0.01258245594365853    6    5    6    4
 0.02822446587391586    6    5    6    5
 0.4772303421978699    6    6    1    1
 0.03413614186697286    6    6    2    1
 0.5083939490960272    6    6    2    2
 -0.02042812101549259    6    6    3    1
 0.002235914096968783    6    6    3    2
 0.4644707635717767    6    6    3    3
 -0.05903232417479328    6    6    4    1
 -0.01984116283370355    6    6    4    2
 0.01357857172553334    6    6    4    3
 0.4465733074010459    6    6    4    4
 0.01313801372447236    6    6    5    1
 0.01452422517420433    6    6    5    2
 -0.0008734659656825638    6    6    5    3
 0.07716231232949121    6    6    5    4
 0.364897038429299    6    6    5    5
 0.05446615427906001    6    6    6    1
 -0.006905423693921406    6    6    6    2
 -7.578536996260578e-05    6    6    6    3
 -0.03335503303383994    6    6    6    4
 -0.05694195130691173    6    6    6    5
 0.4909038201899521    6    6    6    6
 -0.01347790738715573    7    1    1    1
 0.01206854483992259    7    1    2    1
 -0.0147840992214297    7    1    2    2
 -0.02885443517841839    7    1    3    1
 -0.01227384287397323    7    1    3    2
 0.009651840505912964    7    1    3    3
 0.008484201653978169    7    1    4    1
 0.002705574963209112    7    1    4    2
 -0.007643679148559639    7    1    4    3
 -0.01488708104587069    7    1    4    4
 -0.002012715752563544    7    1    5    1
 0.005428266530511057    7    1    5    2
 -0.01460674107023152    7    1    5    3
 -0.0006090287408822877    7    1    5    4
 -0.01574169673641374    7    1    5    5
 -0.004023852326428053    7    1    6    1
 0.009469532323988715    7    1    6    2
 -0.03011447889298021    7    1    6    3
 0.007991016519504957    7    1    6    4
 0.008419622194209657    7    1    6    5
 -0.01072871847256762    7    1    6    6
 0.04906418033391107    7    1    7    1
 0.0384681436859924    7    2    1    1
 -0.01874025338862547    7    2    2    1
 0.03143888050327873    7    2    2    2
 -0.03036087460701893    7    2    3    1
 0.003615163895786565    7    2    3    2
 0.02830210292958715    7    2    3    3
 0.007311323394251956    7    2    4    1
 0.01295587211051952    7    2    4    2
 0.00729800402766762    7    2    4    3
 0.03664121282943194    7    2    4    4
 0.01013686926191999    7    2    5    1
 -0.01070434685513725    7    2    5    2
 0.004542881508961896    7    2    5    3
 0.01586878228539128    7    2    5    4
 0.02693593748767967    7    2    5    5
 0.0199072049949302    7    2    6    1
 0.02083339687761354    7    2    6    2
 0.003762301320895704    7    2    6    3
 -0.01020979820517639    7    2    6    4
 0.0001339294507303474    7    2    6    5
 0.0130508511014513    7    2    6    6
 -0.002970667173999443    7    2    7    1
 0.03688210446982212    7    2    7    2
 -0.09923926745247558    7    3    1    1
 -0.03046619679310727    7    3    2    1
 -0.09422197358757137    7    3    2    2
 0.04731745362518192    7    3    3    1
 -0.007389423345449476    7    3    3    2
 -0.07339231725698289    7    3    3    3
 -0.0191729645320311    7    3    4    1
 0.007635607627381425    7    3    4    2
 -0.005370654936894475    7    3    4    3
 -0.101145921850832    7    3    4    4
 -0.02810638253399756    7    3    5    1
 0.005910052517563867    7    3    5    2
 -0.01312175343342075    7    3    5    3
 -0.03458164562135485    7    3    5    4
 -0.07889148079680841    7    3    5    5
 -0.05629432625556299    7    3    6    1
 -0.001310620353778578    7    3    6    2
 -0.002174314947586927    7    3    6    3
 0.02424044534833466    7    3    6    4
 0.01396269099845524    7    3    6    5
 -0.06343188283287324    7    3    6    6
 0.009184408177932861    7    3    7    1
 -0.03675276690095738    7    3    7    2
 0.1218927514728985    7    3    7    3
 0.03143113469259046    7    4    1    1
 0.007154895568379982    7    4    2    1
 0.04206888373698279    7    4    2    2
 -0.0178906442430121    7    4    3    1
 0.006746439188417581    7    4    3    2
 0.02424321418375713    7    4    3    3
 -0.02058733762036928    7    4    4    1
 -0.0001072219203079674    7    4    4    2
 -0.004029226689757782    7    4    4    3
 0.02126934652208094    7    4    4    4
 0.006215372151543304    7    4    5    1
 0.005510105798858275    7    4    5    2
 -0.007551775144395079    7    4    5    3
 0.02796077122866344    7    4    5    4
 -0.01042475319778185    7    4    5    5
 0.01443569543108792    7    4    6    1
 -0.00239078245341302    7    4    6    2
 0.00801673804184729    7    4    6    3
 -0.005615478002302431    7    4    6    4
 -0.01435408429804588    7    4    6    5
 0.03950326197891839    7    4    6    6
 -0.001851167281710068    7    4    7    1
 0.009072121906324301    7    4    7    2
 -0.02505527486165099    7    4    7    3
 0.02739354079758577    7    4    7    4
 0.0009761066267279246    7    5    1    1
 0.009623569178298881    7    5    2    1
 -0.003683078436105248    7    5    2    2
 -0.03296610594066532    7    5    3    1
 0.007761031802667733    7    5    3    2
 -0.01429657152228973    7    5    3    3
 0.02042152727459416    7    5    4    1
 0.005939208759193232    7    5    4    2
 -0.007219995597849325    7    5    4    3
 0.0309773120915996    7    5    4    4
 -0.009346771142331019    7    5    5    1
 -0.002892551088895315    7    5    5    2
 -0.0005166323555256735    7    5    5    3
 -0.0265383057394645    7    5    5    4
 0.04925607471824321    7    5    5    5
 0.008464463507851475    7    5    6    1
 0.002913590486850648    7    5    6    2
 0.003336587654420205    7    5    6    3
 -0.005357413494338561    7    5    6    4
 0.005484731325469321    7    5    6    5
 -0.00534253234369508    7    5    6    6
 0.002414652314615453    7    5    7    1
 0.01141042182628636    7    5    7    2
 -0.02699350174797925    7    5    7    3
 0.005309043571278428    7    5    7    4
 0.03260610688631454    7    5    7    5
 0.000343517289714299    7    6    1    1
 0.02770944651891382    7    6    2    1
 0.03247894915959268    7    6    2    2
 -0.06932812306304333    7    6    3    1
 0.01318775154163478    7    6    3    2
 -0.01469219135217733    7    6    3    3
 0.007759376950529481    7    6    4    1
 -0.007744414425408984    7    6    4    2
 0.01560550679353566    7    6    4    3
 0.01143909952527478    7    6    4    4
 0.008707403645663019    7    6    5    1
 0.004489316757744864    7    6    5    2
 0.003754801255952092    7    6    5    3
 -0.009295820650402215    7    6    5    4
 0.008059718366280349    7    6    5    5
 -0.003041694254904973    7    6    6    1
 -0.01197998986085278    7    6    6    2
 0.007395030548208086    7    6    6    3
 0.01364503429904386    7    6    6    4
 -0.01056079186927874    7    6    6    5
 0.03074135028920593    7    6    6    6
 0.006980116047002237    7    6    7    1
 0.01844760551405153    7    6    7    2
 -0.04839641326753825    7    6    7    3
 0.01319268286361786    7    6    7    4
 0.01980577627354678    7    6    7    5
 0.06587724541955045    7    6    7    6
 0.5227660568154209    7    7    1    1
 -0.01566243834559195    7    7    2    1
 0.4862380006514877    7    7    2    2
 0.04117137103139862    7    7    3    1
 -0.02734899017700008    7    7    3    2
 0.5559550832129071    7    7    3    3
 -0.008606697199736632    7    7    4    1
 0.005777385781909284    7    7    4    2
 -0.01662342798561357    7    7    4    3
 0.4759245048236972    7    7    4    4
 0.02836521607828895    7    7    5    1
 -0.0006023445889565612    7    7    5    2
 -0.0122704448920662    7    7    5    3
 0.09284971700913944    7    7    5    4
 0.4126102617253605    7    7    5    5
 0.06210879930821833    7    7    6    1
 0.03640327027930195    7    7    6    2
 -0.04285931176208216    7    7    6    3
 -0.03592357664479862    7    7    6    4
 -0.01476643178117349    7    7    6    5
 0.4360592207760486    7    7    6    6
 0.02660721231989394    7    7    7    1
 0.0108326927328324    7    7    7    2
 -0.02747834302178383    7    7    7    3
 0.0133811369525905    7    7    7    4
 -0.02178660018258528    7    7    7    5
 -0.0440048087450321    7    7    7    6
 0.5754395352692289    7    7    7    7
 -0.004436246756169012    8    1    1    1
 0.03304234109362306    8    1    2    1
 -0.003299073720347281    8    1    2    2
 0.0134867510634987    8    1    3    1
 0.008853332812946016    8    1    3    2
 0.003750123395194525    8    1    3    3
 0.006158082631848936    8    1    4    1
 0.0102365278291364    8    1    4    2
 0.004971686231063967    8    1    4    3
 -0.003591294829844843    8    1    4    4
 0.0008416625135765984    8    1    5    1
 0.01230967948990913    8    1    5    2
 0.006185503080002234    8    1    5    3
 0.001248454356129625    8    1    5    4
 -0.007099951718877723    8    1    5    5
 0.0003119234307164031    8    1    6    1
 0.02767290493975635    8    1    6    2
 0.01413039922992708    8    1    6    3
 0.00522302108361418    8    1    6    4
 0.006612426509049288    8    1    6    5
 -0.002164767163573239    8    1    6    6
 -0.0009967131308599576    8    1    7    1
 -0.0004599807021545509    8    1    7    2
 -0.0006539297553974818    8    1    7    3
 0.0007105349822635796    8    1    7    4
 -0.0002743036146945624    8    1    7    5
 0.0007706726497776548    8    1    7    6
 -0.003993357186543949    8    1    7    7
 0.04652301277581428    8    1    8    1
 0.1047794195922862    8    2    1    1
 -0.01128288073379013    8    2    2    1
 0.0735128502458485    8    2    2    2
 0.026623308304381    8    2    3    1
 -0.004420927192650077    8    2    3    2
 0.08719288151365806    8    2    3    3
 0.02908989119444613    8    2    4    1
 0.01152595990241895    8    2    4    2
 -0.01143466361388721    8    2    4    3
 0.09285768593542286    8    2    4    4
 0.02507866380111853    8    2    5    1
 -0.0142738406149838    8    2    5    2
 0.00561300144985798    8    2    5    3
 0.04361451253009492    8    2    5    4
 0.08343807052972214    8    2    5    5
 0.05468397089872715    8    2    6    1
 0.03097624036322921    8    2    6    2
 -0.0194684124324358    8    2    6    3
 -0.03418099929126769    8    2    6    4
 0.009764373098453667    8    2    6    5
 0.01594336793277202    8    2    6    6
 -0.002379815858785075    8    2    7    1
 0.02072432167588651    8    2    7    2
 -0.04268598393475095    8    2    7    3
 0.0006510224555426871    8    2    7    4
 0.003362057329221533    8    2    7    5
 -0.02852430946981682    8    2    7    6
 0.08678498674681238    8    2    7    7
 0.0003550167304620959    8    2    8    1
 0.1024878032542457    8    2    8    2
 0.04582951481440722    8    3    1    1
 0.028041824136321    8    3    2    1
 0.0389244286681996    8    3    2    2
 0.02080519851486669    8    3    3    1
 -0.005551492694573187    8    3    3    2
 0.03583507528119648    8    3    3    3
 0.01416004531711643    8    3    4    1
 -0.01189731559478921    8    3    4    2
 -0.007220191784577188    8    3    4    3
 0.0450418484169488    8    3    4    4
 0.01223672392569486    8    3    5    1
 0.003326551247637    8    3    5    2
 0.005211386669101399    8    3    5    3
 0.01494492799600396    8    3    5    4
 0.04330588840827653    8    3    5    5
 0.02615292789800507    8    3    6    1
 -0.01432426934700242    8    3    6    2
 -0.0145400367713412    8    3    6    3
 -0.01391371173111822    8    3    6    4
 -0.002796126217578141    8    3    6    5
 0.02032583893337877    8    3    6    6
 -0.001547038070955258    8    3    7    1
 -0.01096915866913156    8    3    7    2
 -0.03209200258966188    8    3    7    3
 -0.0007178761390395636    8    3    7    4
 0.0004724344328421024    8    3    7    5
 -0.008434393699098222    8    3    7    6
 0.03545082704287674    8    3    7    7
 -0.003769913210218763    8    3    8    1
 0.03818503608382574    8    3    8    2
 0.04605843859822956    8    3    8    3
 0.02397414976018917    8    4    1    1
 0.03083448396546302    8    4    2    1
 0.03633870501786766    8    4    2    2
 0.0139102398243589    8    4    3    1
 -0.01268516456472962    8    4    3    2
 0.01355314673446546    8    4    3    3
 -0.007392335596835468    8    4    4    1
 -0.001670765513483704    8    4    4    2
 0.002185603893612785    8    4    4    3
 0.01959297321818574    8    4    4    4
 0.005483650208892304    8    4    5    1
 0.01643519519638305    8    4    5    2
 0.003937521035862863    8    4    5    3
 0.01655532506568055    8    4    5    4
 0.004423471361444998    8    4    5    5
 0.01135267359009652    8    4    6    1
 -0.02129888800640574    8    4    6    2
 -0.00877877404845208    8    4    6    3
 -0.003949215764637886    8    4    6    4
 -0.009307567265481639    8    4    6    5
 0.02926823806903874    8    4    6    6
 0.0003231248110524594    8    4    7    1
 -0.006063208867138898    8    4    7    2
 -0.01242656304041023    8    4    7    3
 0.006560197075548658    8    4    7    4
 -0.006795859455504131    8    4    7    5
 0.0006717072472669593    8    4    7    6
 0.02029814191670846    8    4    7    7
 0.0007882930801923528    8    4    8    1
 0.009527003808016021    8    4    8    2
 0.01970593748120577    8    4    8    3
 0.03098455470341886    8    4    8    4
 0.01152131673024007    8    5    1    1
 0.01071432228849457    8    5    2    1
 -0.001927286262162396    8    5    2    2
 0.009509499421159208    8    5    3    1
 0.0005241594285258721    8    5    3    2
 0.01145591599960927    8    5    3    3
 0.01285303929990012    8    5    4    1
 0.013384354964418    8    5    4    2
 0.001112227825340677    8    5    4    3
 0.02428876530982381    8    5    4    4
 -0.004964820435600041    8    5    5    1
 0.00567442208270532    8    5    5    2
 0.007112680623155562    8    5    5    3
 -0.006728693542826034    8    5    5    4
 0.03013466044805505    8    5    5    5
 0.008713505072251181    8    5    6    1
 0.0148889749723356    8    5    6    2
 -0.0005867546075167942    8    5    6    3
 -0.005651573001130022    8    5    6    4
 0.007260966337199222    8    5    6    5
 -0.00473652416053484    8    5    6    6
 -0.0006530364779309696    8    5    7    1
 0.003040499123336701    8    5    7    2
 -0.003632296313217246    8    5    7    3
 -0.005839966926648234    8    5    7    4
 0.007464905039784675    8    5    7    5
 -0.006608809777931866    8    5    7    6
 0.01201732911067506    8    5    7    7
 0.01810199854121835    8    5    8    1
 0.01430419694247121    8    5    8    2
 0.004432335245810125    8    5    8    3
 0.004741207214107226    8    5    8    4
 0.02009902374410461    8    5    8    5
 0.01076774646458977    8    6    1    1
 0.08283804481863513    8    6    2    1
 0.05054022106727041    8    6    2    2
 0.03611508013027626    8    6    3    1
 -0.03054832678087745    8    6    3    2
 -0.01306285130645456    8    6    3    3
 0.006455320540796685    8    6    4    1
 -0.03512192569028228    8    6    4    2
 -0.01296007525926898    8    6    4    3
 0.01366970453556972    8    6    4    4
 0.008596375102281993    8    6    5    1
 0.02520639550869971    8    6    5    2
 0.002965600898197624    8    6    5    3
 -0.003432472931320374    8    6    5    4
 0.01579570672608952    8    6    5    5
 0.002713926299064043    8    6    6    1
 -0.05215525763102816    8    6    6    2
 -0.01242807146551491    8    6    6    3
 0.007180969901574734    8    6    6    4
 -0.01399064954291136    8    6    6    5
 0.03751189355863508    8    6    6    6
 0.0005130092559091999    8    6    7    1
 -0.03170779772397454    8    6    7    2
 -0.01600939100463713    8    6    7    3
 0.00188239337753906    8    6    7    4
 -0.00730514656932422    8    6    7    5
 0.003419139944619024    8    6    7    6
 0.01342784689529965    8    6    7    7
 -0.00195435113274746    8    6    8    1
 0.002311520857524678    8    6    8    2
 0.04495934409617696    8    6    8    3
 0.03834612888570022    8    6    8    4
 -0.005281324009476024    8    6    8    5
 0.1144997890999376    8    6    8    6
 -0.006899112167572567    8    7    1    1
 0.01661042234806238    8    7    2    1
 0.008516978195859733    8    7    2    2
 0.00370275623468716    8    7    3    1
 -0.01714410189692795    8    7    3    2
 -0.02632373377765946    8    7    3    3
 0.005998154637581904    8    7    4    1
 -0.00886104202855126    8    7    4    2
 -0.005760435877555206    8    7    4    3
 0.002249766467663162    8    7    4    4
 -0.000761705138906727    8    7    5    1
 0.004622745675830015    8    7    5    2
 0.0009725682892270702    8    7    5    3
 -0.01100175153119182    8    7    5    4
 0.01104827307360256    8    7    5    5
 -0.0006227882358242494    8    7    6    1
 -0.02584956567111936    8    7    6    2
 -0.007818728918916124    8    7    6    3
 0.00109739767745758    8    7    6    4
 -0.003407533942353137    8    7    6    5
 0.0004148820096666807    8    7    6    6
 -0.0008315833983687498    8    7    7    1
 -0.001269803582582703    8    7    7    2
 -0.003244986452091596    8    7    7    3
 -0.0005205370321782377    8    7    7    4
 0.0033898951251154    8    7    7    5
 0.003795974769190639    8    7    7    6
 -0.009891049712497666    8    7    7    7
 -0.01580536957671998    8    7    8    1
 0.00179002549367411    8    7    8    2
 0.007523719524638925    8    7    8    3
 0.0131508919844006    8    7    8    4
 -0.004256022180485115    8    7    8    5
 0.03373022634459717    8    7    8    6
 0.0247381650738201    8    7    8    7
 0.5127825008306484    8    8    1    1
 9.966539567695329e-05    8    8    2    1
 0.5353557922725809    8    8    2    2
 -0.02996832037536774    8    8    3    1
 0.02989143480441266    8    8    3    2
 0.4966474144145132    8    8    3    3
 -0.01507891201852332    8    8    4    1
 0.001762384163198828    8    8    4    2
 0.02054490442732452    8    8    4    3
 0.4775112699721956    8    8    4    4
 0.04495887681518337    8    8    5    1
 0.002038102275177031    8    8    5    2
 0.005227726831977611    8    8    5    3
 0.08659166287403967    8    8    5    4
 0.4013855735102945    8    8    5    5
 0.050268455147293    8    8    6    1
 0.02114478907717528    8    8    6    2
 0.02043103912603202    8    8    6    3
 -0.01719565624199327    8    8    6    4
 -0.0380236272029208    8    8    6    5
 0.4771779667724531    8    8    6    6
 -0.0243955793063581    8    8    7    1
 0.03606679878377787    8    8    7    2
 -0.07981658363075909    8    8    7    3
 0.03919114447461897    8    8    7    4
 0.0006745415053407929    8    8    7    5
 0.03882199914857491    8    8    7    6
 0.4411907238660924    8    8    7    7
 0.0129996868581623    8    8    8    1
 0.04657655715184306    8    8    8    2
 0.01332569463668906    8    8    8    3
 0.01449894961434244    8    8    8    4
 0.003988612045456791    8    8    8    5
 -0.006043050506036878    8    8    8    6
 -0.01714946592356284    8    8    8    7
 0.5396760697217481    8    8    8    8
 -5.208763648794158    1    1  0  0
 -0.01027810120760804    2    1  0  0
 -4.578641364651274    2    2  0  0
 0.01356223384763275    3    1  0  0
 -0.00471450362288809    3    2  0  0
 -4.545861827692853    3    3  0  0
 0.0008763994110768286    4    1  0  0
 0.0101147584441152    4    2  0  0
 -0.01398603445260006    4    3  0  0
 -4.451884083780422    4    4  0  0
 -0.2656829544743813    5    1  0  0
 0.04309975241164858    5    2  0  0
 -0.03552245795685996    5    3  0  0
 -0.6630021196847163    5    4  0  0
 -3.180998557528102    5    5  0  0
 -0.5412332874352794    6    1  0  0
 -0.1730233803333235    6    2  0  0
 0.09123724425663403    6    3  0  0
 0.3145079362837434    6    4  0  0
 0.2282721717799383    6    5  0  0
 -3.253030863833807    6    6  0  0
 0.06150646909385877    7    1  0  0
 -0.2336899054325967    7    2  0  0
 0.6333381903375512    7    3  0  0
 -0.2006863664541    7    4  0  0
 -0.02582558233232339    7    5  0  0
 -0.05011899764351276    7    6  0  0
 -3.473027416872227    7    7  0  0
 0.01284673023523745    8    1  0  0
 -0.6173527944531512    8    2  0  0
 -0.2841752661399989    8    3  0  0
 -0.1568611481954047    8    4  0  0
 -0.0823428899216469    8    5  0  0
 -0.1110307302639839    8    6  0  0
 0.03910800559433154    8    7  0  0
 -3.408780238714893    8    8  0  0
 0  0  0  0  0
