0000000111111111
0000001011111111
0000001101111111
0000001110111111
0000001111011111
0000001111101111
0000001111110111
0000001111111011
0000001111111101
0000001111111110
0000010011111111
0000010101111111
0000010110111111
0000010111011111
0000010111101111
0000010111110111
0000010111111011
0000010111111101
0000010111111110
0000011001111111
0000011010111111
0000011011011111
0000011011101111
0000011011110111
0000011011111011
0000011011111101
0000011011111110
0000011100111111
0000011101011111
0000011101101111
0000011101110111
0000011101111011
0000011101111101
0000011101111110
0000011110011111
0000011110101111
0000011110110111
0000011110111011
0000011110111101
0000011110111110
0000011111001111
0000011111010111
0000011111011011
0000011111011101
0000011111011110
0000011111100111
0000011111101011
0000011111101101
0000011111101110
0000011111110011
0000011111110101
0000011111110110
0000011111111001
0000011111111010
0000011111111100
0000100011111111
0000100101111111
0000100110111111
0000100111011111
0000100111101111
0000100111110111
0000100111111011
0000100111111101
0000100111111110
0000101001111111
0000101010111111
0000101011011111
0000101011101111
0000101011110111
0000101011111011
0000101011111101
0000101011111110
0000101100111111
0000101101011111
0000101101101111
0000101101110111
0000101101111011
0000101101111101
0000101101111110
0000101110011111
0000101110101111
0000101110110111
0000101110111011
0000101110111101
0000101110111110
0000101111001111
0000101111010111
0000101111011011
0000101111011101
0000101111011110
0000101111100111
0000101111101011
0000101111101101
0000101111101110
0000101111110011
0000101111110101
0000101111110110
0000101111111001
0000101111111010
0000101111111100
0000110001111111
0000110010111111
0000110011011111
0000110011101111
0000110011110111
0000110011111011
0000110011111101
0000110011111110
0000110100111111
0000110101011111
0000110101101111
0000110101110111
0000110101111011
0000110101111101
0000110101111110
0000110110011111
0000110110101111
0000110110110111
0000110110111011
0000110110111101
0000110110111110
0000110111001111
0000110111010111
0000110111011011
0000110111011101
0000110111011110
0000110111100111
0000110111101011
0000110111101101
0000110111101110
0000110111110011
0000110111110101
0000110111110110
0000110111111001
0000110111111010
0000110111111100
0000111000111111
0000111001011111
0000111001101111
0000111001110111
0000111001111011
0000111001111101
0000111001111110
0000111011001111
0000111011010111
0000111100011111
0000111100101111
0000111100110111
0000111100111011
0000111100111101
0000111100111110
0000111101001111
0000111101010111
0000111101011011
0000111101011101
0000111101011110
0000111101100111
0000111101101011
0000111101101101
0000111101101110
0000111101110011
0000111101110101
0000111101110110
0000111101111001
0000111101111010
0000111101111100
0000111110001111
0000111110010111
0000111111000111
0000111111001011
0000111111001101
0000111111001110
0000111111010011
0000111111010101
0000111111010110
0001000011111111
0001000101111111
0001000110111111
0001000111011111
0001000111101111
0001000111110111
0001000111111011
0001000111111101
0001000111111110
0001001001111111
0001001010111111
0001001011011111
0001001011101111
0001001011110111
0001001011111011
0001001011111101
0001001011111110
0001001100111111
0001001101011111
0001001101101111
0001001101110111
0001001101111011
0001001101111101
0001001101111110
0001001110011111
0001001110101111
0001001110110111
0001001110111011
0001001110111101
0001001110111110
0001001111001111
0001001111010111
0001001111011011
0001001111011101
0001001111011110
0001001111100111
0001001111101011
0001001111101101
0001001111101110
0001001111110011
0001001111110101
0001001111110110
0001001111111001
0001001111111010
0001001111111100
0001010001111111
0001010010111111
0001010011011111
0001010011101111
0001010011110111
0001010011111011
0001010011111101
0001010011111110
0001010100111111
0001010101011111
0001010101101111
0001010101110111
0001010101111011
0001010101111101
0001010101111110
0001010110011111
0001010110101111
0001010110110111
0001010110111011
0001010110111101
0001010110111110
0001010111001111
0001010111010111
0001010111011011
0001010111011101
0001010111011110
0001010111100111
0001010111101011
0001010111101101
0001010111101110
0001010111110011
0001010111110101
0001010111110110
0001010111111001
0001010111111010
0001010111111100
0001011000111111
0001011001011111
0001011001101111
0001011001110111
0001011001111011
0001011001111101
0001011001111110
0001011010011111
0001011011001111
0001011011010111
0001011011011011
0001011011011101
0001011011011110
0001011100011111
0001011100101111
0001011100110111
0001011100111011
0001011100111101
0001011100111110
0001011101001111
0001011101010111
0001011101011011
0001011101011101
0001011101011110
0001011101100111
0001011101101011
0001011101101101
0001011101101110
0001011101110011
0001011101110101
0001011101110110
0001011101111001
0001011101111010
0001011110001111
0001011111000111
0001011111001011
0001011111001101
0001011111001110
0001100001111111
0001100010111111
0001100011011111
0001100011101111
0001100011110111
0001100011111011
0001100011111101
0001100011111110
0001100100111111
0001100101011111
0001100101101111
0001100101110111
0001100101111011
0001100101111101
0001100101111110
0001100110011111
0001100110101111
0001100110110111
0001100110111011
0001100110111101
0001100110111110
0001100111001111
0001100111010111
0001100111011011
0001100111011101
0001100111011110
0001100111100111
0001100111101011
0001100111101101
0001100111101110
0001100111110011
0001100111110101
0001100111110110
0001100111111001
0001100111111010
0001100111111100
0001101000111111
0001101001011111
0001101001101111
0001101001110111
0001101001111011
0001101001111101
0001101001111110
0001101010011111
0001101011001111
0001101011010111
0001101011011011
0001101011011101
0001101011011110
0001101100011111
0001101100101111
0001101100110111
0001101100111011
0001101100111101
0001101100111110
0001101101001111
0001101101010111
0001101101011011
0001101101011101
0001101101011110
0001101101100111
0001101101101011
0001101101101101
0001101101101110
0001101101110011
0001101101110101
0001101101110110
0001101101111001
0001101101111010
0001101101111100
0001101110010111
0001101111000111
0001101111010011
0001101111010101
0001101111010110
0001110001011111
0001110010011111
0001110011001111
0001110011010111
0001110011011011
0001110011011101
0001110011011110
0001110101001111
0001110110001111
0001110111000111
0001110111001011
0001110111001101
0001110111001110
0010000011111111
0010000101111111
0010000110111111
0010000111011111
0010000111101111
0010000111110111
0010000111111011
0010000111111101
0010000111111110
0010001001111111
0010001010111111
0010001011011111
0010001011101111
0010001011110111
0010001011111011
0010001011111101
0010001011111110
0010001100111111
0010001101011111
0010001101101111
0010001101110111
0010001101111011
0010001101111101
0010001101111110
0010001110011111
0010001110101111
0010001110110111
0010001110111011
0010001110111101
0010001110111110
0010001111001111
0010001111010111
0010001111011011
0010001111011101
0010001111011110
0010001111100111
0010001111101011
0010001111101101
0010001111101110
0010001111110011
0010001111110101
0010001111110110
0010001111111001
0010001111111010
0010001111111100
0010010001111111
0010010010111111
0010010011011111
0010010011101111
0010010011110111
0010010011111011
0010010011111101
0010010011111110
0010010100111111
0010010101011111
0010010101101111
0010010101110111
0010010101111011
0010010101111101
0010010101111110
0010010110011111
0010010110101111
0010010110110111
0010010110111011
0010010110111101
0010010110111110
0010010111001111
0010010111010111
0010010111011011
0010010111011101
0010010111011110
0010010111100111
0010010111101011
0010010111101101
0010010111101110
0010010111110011
0010010111110101
0010010111110110
0010010111111001
0010010111111010
0010010111111100
0010011000111111
0010011001011111
0010011001101111
0010011001110111
0010011001111011
0010011001111101
0010011001111110
0010011010111011
0010011011001111
0010011011011011
0010011011101011
0010011011110011
0010011011111001
0010011011111010
0010011100011111
0010011100101111
0010011100110111
0010011100111011
0010011100111101
0010011100111110
0010011101001111
0010011101010111
0010011101011011
0010011101011101
0010011101011110
0010011101100111
0010011101101011
0010011101101101
0010011101101110
0010011101110011
0010011101110101
0010011101110110
0010011101111001
0010011101111010
0010011110001111
0010011110101011
0010011111000111
0010011111001011
0010011111001101
0010011111001110
0010011111100011
0010011111101001
0010011111101010
0010100001111111
0010100010111111
0010100011011111
0010100011101111
0010100011110111
0010100011111011
0010100011111101
0010100011111110
0010100100111111
0010100101011111
0010100101101111
0010100101110111
0010100101111011
0010100101111101
0010100101111110
0010100110011111
0010100110101111
0010100110110111
0010100110111011
0010100110111101
0010100110111110
0010100111001111
0010100111010111
0010100111011011
0010100111011101
0010100111011110
0010100111100111
0010100111101011
0010100111101101
0010100111101110
0010100111110011
0010100111110101
0010100111110110
0010100111111001
0010100111111010
0010100111111100
0010101000111111
0010101001011111
0010101001101111
0010101001110111
0010101001111011
0010101001111101
0010101001111110
0010101010111011
0010101011001111
0010101011010111
0010101011011011
0010101011101011
0010101011110011
0010101011111001
0010101011111010
0010101100011111
0010101100101111
0010101100110111
0010101100111011
0010101100111101
0010101100111110
0010101101001111
0010101101010111
0010101101011011
0010101101011101
0010101101011110
0010101101100111
0010101101101011
0010101101101101
0010101101101110
0010101101110011
0010101101110101
0010101101110110
0010101101111001
0010101101111010
0010101101111100
0010101110001111
0010101110010111
0010101110101011
0010101111000111
0010101111001011
0010101111001101
0010101111001110
0010101111010011
0010101111010101
0010101111010110
0010101111100011
0010101111101001
0010101111101010
0010110001111011
0010110010111011
0010110011011011
0010110011101011
0010110011110011
0010110011111001
0010110011111010
0010110101101011
0010110110101011
0010110111001011
0010110111100011
0010110111101001
0010110111101010
0011000001111111
0011000010111111
0011000011011111
0011000011101111
0011000011110111
0011000011111011
0011000011111101
0011000011111110
0011000100111111
0011000101011111
0011000101101111
0011000101110111
0011000101111011
0011000101111101
0011000101111110
0011000110011111
0011000110101111
0011000110110111
0011000110111011
0011000110111101
0011000110111110
0011000111001111
0011000111010111
0011000111011011
0011000111011101
0011000111011110
0011000111100111
0011000111101011
0011000111101101
0011000111101110
0011000111110011
0011000111110101
0011000111110110
0011000111111001
0011000111111010
0011001000111111
0011001001011111
0011001001101111
0011001001111011
0011001011001111
0011001011011011
0011001100011111
0011001100101111
0011001100110111
0011001100111011
0011001100111101
0011001100111110
0011001101001111
0011001101010111
0011001101011011
0011001101011101
0011001101011110
0011001101100111
0011001101101011
0011001101101101
0011001101101110
0011001101110011
0011001101111001
0011001101111010
0011001110001111
0011001110011011
0011001111000111
0011001111001011
0011001111001101
0011001111001110
0011001111010011
0011001111011001
0011001111011010
0011010001011111
0011010001111011
0011010010011111
0011010010111011
0011010011001111
0011010011010111
0011010011011011
0011010011011101
0011010011011110
0011010011101011
0011010011110011
0011010011111001
0011010011111010
0011010101001111
0011010101011011
0011010101101011
0011010110001111
0011010110011011
0011010110101011
0011010111000111
0011010111001011
0011010111001101
0011010111001110
0011010111010011
0011010111011001
0011010111011010
0011010111100011
0011010111101001
0011010111101010
0011100001011111
0011100001111011
0011100010011111
0011100010111011
0011100011001111
0011100011010111
0011100011011011
0011100011011101
0011100011011110
0011100011101011
0011100011110011
0011100011111001
0011100011111010
0011100101011011
0011100101101011
0011100110011011
0011100110101011
0011100111001011
0011100111010011
0011100111011001
0011100111011010
0011100111100011
0011100111101001
0011100111101010
0100000011111111
0100000101111111
0100000110111111
0100000111011111
0100000111101111
0100000111110111
0100000111111011
0100000111111101
0100000111111110
0100001001111111
0100001010111111
0100001011011111
0100001011101111
0100001011110111
0100001011111011
0100001011111101
0100001011111110
0100001100111111
0100001101011111
0100001101101111
0100001101110111
0100001101111011
0100001101111101
0100001101111110
0100001110011111
0100001110101111
0100001110110111
0100001110111011
0100001110111101
0100001110111110
0100001111001111
0100001111010111
0100001111011011
0100001111011101
0100001111011110
0100001111100111
0100001111101011
0100001111101101
0100001111101110
0100001111110011
0100001111110101
0100001111110110
0100001111111001
0100001111111010
0100001111111100
0100010001111111
0100010010111111
0100010011011111
0100010011101111
0100010011110111
0100010011111011
0100010011111101
0100010011111110
0100010100111111
0100010101011111
0100010101101111
0100010101110111
0100010101111011
0100010101111101
0100010101111110
0100010110011111
0100010110101111
0100010110110111
0100010110111011
0100010110111101
0100010110111110
0100010111001111
0100010111010111
0100010111011011
0100010111011101
0100010111011110
0100010111100111
0100010111101011
0100010111101101
0100010111101110
0100010111110011
0100010111110101
0100010111110110
0100010111111001
0100010111111010
0100010111111100
0100011000111111
0100011001011111
0100011001101111
0100011001110111
0100011001111011
0100011001111101
0100011001111110
0100011010101111
0100011011001111
0100011011010111
0100011011100111
0100011011101011
0100011011101101
0100011011101110
0100011100011111
0100011100101111
0100011100110111
0100011100111011
0100011100111101
0100011100111110
0100011101001111
0100011101010111
0100011101011101
0100011101100111
0100011101101011
0100011101101101
0100011101101110
0100011101110011
0100011101110101
0100011101110110
0100011101111001
0100011101111100
0100011110001111
0100011110010111
0100011110100111
0100011110101101
0100011111000111
0100011111001011
0100011111001101
0100011111001110
0100011111010011
0100011111010101
0100011111010110
0100011111100011
0100011111100101
0100011111100110
0100011111101001
0100011111101100
0100100001111111
0100100010111111
0100100011011111
0100100011101111
0100100011110111
0100100011111011
0100100011111101
0100100011111110
0100100100111111
0100100101011111
0100100101101111
0100100101110111
0100100101111011
0100100101111101
0100100101111110
0100100110011111
0100100110101111
0100100110110111
0100100110111011
0100100110111101
0100100110111110
0100100111001111
0100100111010111
0100100111011011
0100100111011101
0100100111011110
0100100111100111
0100100111101011
0100100111101101
0100100111101110
0100100111110011
0100100111110101
0100100111110110
0100100111111001
0100100111111010
0100100111111100
0100101000111111
0100101001011111
0100101001101111
0100101001110111
0100101001111011
0100101001111101
0100101001111110
0100101010101111
0100101010110111
0100101011001111
0100101011010111
0100101011100111
0100101011101011
0100101011101101
0100101011101110
0100101011110011
0100101011110101
0100101011110110
0100101100011111
0100101100101111
0100101100110111
0100101100111011
0100101100111101
0100101100111110
0100101101001111
0100101101010111
0100101101011011
0100101101011101
0100101101011110
0100101101100111
0100101101101011
0100101101101101
0100101101101110
0100101101110011
0100101101110101
0100101101110110
0100101101111001
0100101101111010
0100101101111100
0100101110001111
0100101110010111
0100101111000111
0100101111001011
0100101111001101
0100101111001110
0100101111010011
0100101111010101
0100101111010110
0100110001101111
0100110001110111
0100110010101111
0100110010110111
0100110011001111
0100110011010111
0100110011100111
0100110011101011
0100110011101101
0100110011101110
0100110011110011
0100110011110101
0100110011110110
0100110101100111
0100110101101101
0100110110100111
0100110110101101
0100110111000111
0100110111001101
0100110111100011
0100110111100101
0100110111100110
0100110111101001
0100110111101100
0101000001111111
0101000010111111
0101000011011111
0101000011101111
0101000011110111
0101000011111011
0101000011111101
0101000011111110
0101000100111111
0101000101011111
0101000101101111
0101000101110111
0101000101111011
0101000101111101
0101000101111110
0101000110011111
0101000110101111
0101000110110111
0101000110111011
0101000110111101
0101000110111110
0101000111001111
0101000111010111
0101000111011011
0101000111011101
0101000111011110
0101000111100111
0101000111101011
0101000111101101
0101000111101110
0101000111110011
0101000111110101
0101000111110110
0101000111111001
0101000111111010
0101000111111100
0101001000111111
0101001001011111
0101001001101111
0101001001110111
0101001001111011
0101001001111101
0101001001111110
0101001011001111
0101001011010111
0101001011011011
0101001100011111
0101001100101111
0101001100110111
0101001100111011
0101001100111101
0101001100111110
0101001101001111
0101001101010111
0101001101011011
0101001101011101
0101001101011110
0101001101100111
0101001101101011
0101001101101101
0101001101101110
0101001101110011
0101001101110101
0101001101110110
0101001101111001
0101001101111010
0101001101111100
0101001110001111
0101001110010111
0101001110011011
0101001111000111
0101001111001011
0101001111001101
0101001111001110
0101001111010011
0101001111010101
0101001111010110
0101001111011001
0101001111011010
0101010001011111
0101010001101111
0101010010011111
0101010010101111
0101010011001111
0101010011010111
0101010011011011
0101010011011101
0101010011011110
0101010011100111
0101010011101011
0101010011101101
0101010011101110
0101010101001111
0101010101011011
0101010101100111
0101010101101101
0101010110001111
0101010110011011
0101010110100111
0101010110101101
0101010111000111
0101010111001011
0101010111001101
0101010111001110
0101010111010011
0101010111011001
0101010111011010
0101010111100011
0101010111100101
0101010111100110
0101010111101001
0101010111101100
0101100001011111
0101100001101111
0101100001110111
0101100010011111
0101100010101111
0101100010110111
0101100011001111
0101100011010111
0101100011011011
0101100011011101
0101100011011110
0101100011100111
0101100011101011
0101100011101101
0101100011101110
0101100011110011
0101100011110101
0101100011110110
0101100101011011
0101100110011011
0101100111001011
0101100111010011
0101100111011001
0101100111011010
0110000001111111
0110000010111111
0110000011011111
0110000011101111
0110000011110111
0110000011111011
0110000011111101
0110000011111110
0110000100111111
0110000101011111
0110000101101111
0110000101110111
0110000101111011
0110000101111101
0110000101111110
0110000110011111
0110000110101111
0110000110110111
0110000110111011
0110000110111101
0110000110111110
0110000111001111
0110000111010111
0110000111011011
0110000111011101
0110000111011110
0110000111100111
0110000111101011
0110000111101101
0110000111101110
0110000111110011
0110000111110101
0110000111110110
0110000111111001
0110000111111010
0110000111111100
0110001000111111
0110001001011111
0110001001101111
0110001001110111
0110001001111011
0110001001111101
0110001001111110
0110001011001111
0110001011010111
0110001100011111
0110001100101111
0110001100110111
0110001100111011
0110001100111101
0110001100111110
0110001101001111
0110001101010111
0110001101011011
0110001101011101
0110001101011110
0110001101100111
0110001101101011
0110001101101101
0110001101101110
0110001101110011
0110001101110101
0110001101110110
0110001101111001
0110001101111010
0110001101111100
0110001110001111
0110001110010111
0110001111000111
0110001111001011
0110001111001101
0110001111001110
0110001111010011
0110001111010101
0110001111010110
0110010001101111
0110010001111011
0110010010101111
0110010010111011
0110010011001111
0110010011011011
0110010011100111
0110010011101011
0110010011101101
0110010011101110
0110010011110011
0110010011111001
0110010011111010
0110010101100111
0110010101101011
0110010101101101
0110010110100111
0110010110101011
0110010110101101
0110010111000111
0110010111001011
0110010111001101
0110010111100011
0110010111100101
0110010111100110
0110010111101001
0110010111101010
0110010111101100
0110100001101111
0110100001110111
0110100001111011
0110100010101111
0110100010110111
0110100010111011
0110100011001111
0110100011010111
0110100011011011
0110100011100111
0110100011101011
0110100011101101
0110100011101110
0110100011110011
0110100011110101
0110100011110110
0110100011111001
0110100011111010
0110100101101011
0110100110101011
0110100111001011
0110100111100011
0110100111101001
0110100111101010
0111000011011011
0111000101011011
0111000110011011
0111000111001011
0111000111010011
0111000111011001
0111000111011010
1000000011111111
1000000101111111
1000000110111111
1000000111011111
1000000111101111
1000000111110111
1000000111111011
1000000111111101
1000000111111110
1000001001111111
1000001010111111
1000001011011111
1000001011101111
1000001011110111
1000001011111011
1000001011111101
1000001011111110
1000001100111111
1000001101011111
1000001101101111
1000001101110111
1000001101111011
1000001101111101
1000001101111110
1000001110011111
1000001110101111
1000001110110111
1000001110111011
1000001110111101
1000001110111110
1000001111001111
1000001111010111
1000001111011011
1000001111011101
1000001111011110
1000001111100111
1000001111101011
1000001111101101
1000001111101110
1000001111110011
1000001111110101
1000001111110110
1000001111111001
1000001111111010
1000001111111100
1000010001111111
1000010010111111
1000010011011111
1000010011101111
1000010011110111
1000010011111011
1000010011111101
1000010011111110
1000010100111111
1000010101011111
1000010101101111
1000010101110111
1000010101111011
1000010101111101
1000010101111110
1000010110011111
1000010110101111
1000010110110111
1000010110111011
1000010110111101
1000010110111110
1000010111001111
1000010111010111
1000010111011011
1000010111011101
1000010111011110
1000010111100111
1000010111101011
1000010111101101
1000010111101110
1000010111110011
1000010111110101
1000010111110110
1000010111111001
1000010111111010
1000010111111100
1000011000111111
1000011001011111
1000011001101111
1000011001110111
1000011001111011
1000011001111101
1000011001111110
1000011010011111
1000011011001111
1000011011010111
1000011011011101
1000011011110101
1000011100011111
1000011100101111
1000011100110111
1000011100111011
1000011100111101
1000011100111110
1000011101001111
1000011101010111
1000011101011011
1000011101011101
1000011101100111
1000011101101011
1000011101101101
1000011101101110
1000011101110011
1000011101110101
1000011101110110
1000011101111001
1000011101111010
1000011101111100
1000011110001111
1000011110010111
1000011110011011
1000011110011101
1000011110011110
1000011110110101
1000011111000111
1000011111001011
1000011111001101
1000011111001110
1000011111010011
1000011111010101
1000011111010110
1000011111011001
1000011111011100
1000011111100101
1000011111110001
1000011111110100
1000100001111111
1000100010111111
1000100011011111
1000100011101111
1000100011110111
1000100011111011
1000100011111101
1000100011111110
1000100100111111
1000100101011111
1000100101101111
1000100101110111
1000100101111011
1000100101111101
1000100101111110
1000100110011111
1000100110101111
1000100110110111
1000100110111011
1000100110111101
1000100110111110
1000100111001111
1000100111010111
1000100111011011
1000100111011101
1000100111011110
1000100111100111
1000100111101011
1000100111101101
1000100111101110
1000100111110011
1000100111110101
1000100111110110
1000100111111001
1000100111111010
1000100111111100
1000101000111111
1000101001011111
1000101001101111
1000101001110111
1000101001111011
1000101001111101
1000101001111110
1000101010011111
1000101010101111
1000101010110111
1000101010111011
1000101010111101
1000101010111110
1000101011001111
1000101011010111
1000101011011101
1000101011100111
1000101100011111
1000101100101111
1000101100110111
1000101100111011
1000101100111101
1000101100111110
1000101101001111
1000101101010111
1000101101011011
1000101101011101
1000101101011110
1000101101100111
1000101101101011
1000101101101101
1000101101101110
1000101101110011
1000101101110101
1000101101110110
1000101101111001
1000101101111010
1000101101111100
1000101110001111
1000101110010111
1000101110011011
1000101110011101
1000101110011110
1000101110100111
1000101111000111
1000101111001011
1000101111001101
1000101111001110
1000101111010011
1000101111010101
1000101111010110
1000101111011001
1000101111011100
1000101111100011
1000101111100101
1000101111100110
1000110000111111
1000110010011111
1000110010101111
1000110010110111
1000110010111011
1000110010111101
1000110010111110
1000110011100111
1000110011110101
1000110101100111
1000110101110101
1000110110100111
1000110110110101
1000110111000111
1000110111010101
1000110111100011
1000110111100101
1000110111100110
1000110111110001
1000110111110100
1001000001111111
1001000010111111
1001000011011111
1001000011101111
1001000011110111
1001000011111011
1001000011111101
1001000011111110
1001000100111111
1001000101011111
1001000101101111
1001000101110111
1001000101111011
1001000101111101
1001000101111110
1001000110011111
1001000110101111
1001000110110111
1001000110111011
1001000110111101
1001000110111110
1001000111001111
1001000111010111
1001000111011011
1001000111011101
1001000111011110
1001000111100111
1001000111101011
1001000111101101
1001000111101110
1001000111110011
1001000111110101
1001000111110110
1001000111111001
1001000111111010
1001000111111100
1001001000111111
1001001001011111
1001001001101111
1001001001110111
1001001001111011
1001001001111101
1001001001111110
1001001010011111
1001001011001111
1001001011010111
1001001011011101
1001001100011111
1001001100101111
1001001100110111
1001001100111011
1001001100111101
1001001100111110
1001001101001111
1001001101010111
1001001101011011
1001001101011101
1001001101011110
1001001101100111
1001001101101011
1001001101101101
1001001101101110
1001001101110011
1001001101110101
1001001101110110
1001001101111001
1001001101111010
1001001101111100
1001001110001111
1001001110010111
1001001110011011
1001001110011101
1001001110011110
1001001111000111
1001001111001011
1001001111001101
1001001111001110
1001001111010011
1001001111010101
1001001111010110
1001001111011001
1001001111011100
1001010001011111
1001010001110111
1001010010011111
1001010011001111
1001010011010111
1001010011011011
1001010011011101
1001010011011110
1001010011110101
1001010100110111
1001010101001111
1001010101010111
1001010101100111
1001010101110011
1001010101110101
1001010101110110
1001010110001111
1001010110110101
1001010111000111
1001010111001011
1001010111001101
1001010111001110
1001010111010101
1001010111100101
1001010111110001
1001010111110100
1001100000111111
1001100001011111
1001100001110111
1001100010011111
1001100010101111
1001100010110111
1001100010111011
1001100010111101
1001100010111110
1001100011001111
1001100011010111
1001100011011011
1001100011011101
1001100011011110
1001100011100111
1001100100110111
1001100101010111
1001100101100111
1001100101110011
1001100101110101
1001100101110110
1001100110100111
1001100111000111
1001100111100011
1001100111100101
1001100111100110
1010000001111111
1010000010111111
1010000011011111
1010000011101111
1010000011110111
1010000011111011
1010000011111101
1010000011111110
1010000100111111
1010000101011111
1010000101101111
1010000101110111
1010000101111011
1010000101111101
1010000101111110
1010000110011111
1010000110101111
1010000110110111
1010000110111011
1010000110111101
1010000110111110
1010000111001111
1010000111010111
1010000111011011
1010000111011101
1010000111011110
1010000111100111
1010000111101011
1010000111101101
1010000111101110
1010000111110011
1010000111110101
1010000111110110
1010000111111001
1010000111111010
1010000111111100
1010001000111111
1010001001011111
1010001001101111
1010001001110111
1010001001111011
1010001001111101
1010001001111110
1010001010011111
1010001011001111
1010001011010111
1010001011011101
1010001100011111
1010001100101111
1010001100110111
1010001100111011
1010001100111101
1010001100111110
1010001101001111
1010001101010111
1010001101011011
1010001101011101
1010001101011110
1010001101100111
1010001101101011
1010001101101101
1010001101101110
1010001101110011
1010001101110101
1010001101110110
1010001101111001
1010001101111010
1010001101111100
1010001110001111
1010001110010111
1010001110011011
1010001110011101
1010001110011110
1010001111000111
1010001111001011
1010001111001101
1010001111001110
1010001111010011
1010001111010101
1010001111010110
1010001111011001
1010001111011100
1010010001111011
1010010010111011
1010010011011011
1010010011101011
1010010011110011
1010010011110101
1010010011111001
1010010011111010
1010010101101011
1010010101110101
1010010110101011
1010010110110101
1010010111001011
1010010111010101
1010010111100011
1010010111100101
1010010111101001
1010010111101010
1010010111110001
1010010111110100
1010100000111111
1010100001111011
1010100010011111
1010100010101111
1010100010110111
1010100010111011
1010100010111101
1010100010111110
1010100011011011
1010100011100111
1010100011101011
1010100011110011
1010100011111001
1010100011111010
1010100101100111
1010100101101011
1010100110100111
1010100110101011
1010100111000111
1010100111001011
1010100111100011
1010100111100101
1010100111100110
1010100111101001
1010100111101010
1011000001110111
1011000011011011
1011000100110111
1011000101010111
1011000101011011
1011000101100111
1011000101110011
1011000101110101
1011000101110110
1011000110011011
1011000111001011
1011000111010011
1011000111011001
1011000111011010
1100000001111111
1100000010111111
1100000011011111
1100000011101111
1100000011110111
1100000011111011
1100000011111101
1100000011111110
1100000100111111
1100000101011111
1100000101101111
1100000101110111
1100000101111011
1100000101111101
1100000101111110
1100000110011111
1100000110101111
1100000110110111
1100000110111011
1100000110111101
1100000110111110
1100000111001111
1100000111010111
1100000111011011
1100000111011101
1100000111011110
1100000111100111
1100000111101011
1100000111101101
1100000111101110
1100000111110011
1100000111110101
1100000111110110
1100000111111001
1100000111111010
1100000111111100
1100001000111111
1100001001011111
1100001001101111
1100001001110111
1100001001111011
1100001001111101
1100001001111110
1100001010011111
1100001010101111
1100001010110111
1100001010111011
1100001010111101
1100001010111110
1100001011001111
1100001011010111
1100001011011101
1100001011100111
1100001011101011
1100001011101101
1100001011101110
1100001011110011
1100001011110101
1100001011110110
1100001011111001
1100001011111100
1100001100011111
1100001100101111
1100001100110111
1100001100111011
1100001100111101
1100001100111110
1100001101001111
1100001101010111
1100001101011011
1100001101011101
1100001101100111
1100001101101011
1100001101101101
1100001101101110
1100001101110011
1100001101110101
1100001101110110
1100001101111001
1100001101111010
1100001101111100
1100001110001111
1100001110010111
1100001110011011
1100001110011101
1100001110011110
1100001110100111
1100001110110011
1100001110110101
1100001111000111
1100001111001011
1100001111001101
1100001111001110
1100001111010011
1100001111010101
1100001111010110
1100001111011001
1100001111011100
1100001111100011
1100001111100101
1100001111100110
1100001111110001
1100001111110010
1100001111110100
1100010000111111
1100010001101111
1100010001110111
1100010001111101
1100010010011111
1100010010101111
1100010010110111
1100010010111011
1100010010111101
1100010010111110
1100010011001111
1100010011010111
1100010011011101
1100010011100111
1100010011101011
1100010011101101
1100010011101110
1100010011110011
1100010011110101
1100010011110110
1100010011111001
1100010011111100
1100010101100111
1100010101101101
1100010101110011
1100010101110101
1100010110100111
1100010110101101
1100010110110011
1100010110110101
1100010111000111
1100010111001101
1100010111010011
1100010111010101
1100010111100011
1100010111100101
1100010111100110
1100010111101001
1100010111101100
1100010111110001
1100010111110010
1100010111110100
1100100000111111
1100100001101111
1100100001110111
1100100001111101
1100100010011111
1100100010101111
1100100010110111
1100100010111011
1100100010111101
1100100010111110
1100100011001111
1100100011010111
1100100011011101
1100100011100111
1100100011101011
1100100011101101
1100100011101110
1100100011110011
1100100011110101
1100100011110110
1100100011111001
1100100011111100
1100100101100111
1100100101110011
1100100101110101
1100100110100111
1100100110110011
1100100110110101
1100100111000111
1100100111010011
1100100111010101
1100100111100011
1100100111100101
1100100111100110
1100100111110001
1100100111110010
1100100111110100
1101000000111111
1101000001101111
1101000001110111
1101000001111101
1101000010011111
1101000010101111
1101000010110111
1101000010111011
1101000010111101
1101000010111110
1101000011001111
1101000011010111
1101000011011011
1101000011011101
1101000011100111
1101000011101011
1101000011101101
1101000011101110
1101000011110011
1101000011110101
1101000011110110
1101000011111001
1101000011111100
1101000100110111
1101000101010111
1101000101011011
1101000101100111
1101000101110011
1101000101110101
1101000101110110
1101000110011011
1101000110100111
1101000110110011
1101000110110101
1101000111000111
1101000111001011
1101000111010011
1101000111010101
1101000111011001
1101000111011010
1101000111100011
1101000111100101
1101000111100110
1101000111110001
1101000111110010
1101000111110100
1110000000111111
1110000001101111
1110000001110111
1110000001111101
1110000010011111
1110000010101111
1110000010110111
1110000010111011
1110000010111101
1110000010111110
1110000011001111
1110000011010111
1110000011011101
1110000011100111
1110000011101011
1110000011101101
1110000011101110
1110000011110011
1110000011110101
1110000011110110
1110000011111001
1110000011111100
1110000101100111
1110000101110011
1110000101110101
1110000110100111
1110000110110011
1110000110110101
1110000111000111
1110000111010011
1110000111010101
1110000111100011
1110000111100101
1110000111100110
1110000111110001
1110000111110010
1110000111110100
