0 0 1.999969247930038
0 1 -1.533724210643962e-05
0 2 -3.039200841306466e-05
0 3 -4.297348604265192e-05
0 4 -7.119950583628855e-05
0 5 2.247317613654229e-05
0 6 -2.426543686724759e-05
0 7 -2.716149723409909e-05
0 8 -1.746770761463403e-05
0 9 2.065364212040041e-05
0 10 5.805133256913726e-06
0 11 2.534891135623415e-06
0 12 -8.902240890538667e-06
0 13 7.611242903247844e-06
0 14 2.338186033560141e-05
0 15 4.452378195568624e-05
0 16 -6.700556020178e-07
0 17 -2.660027142265718e-06
0 18 -7.353640127933357e-05
0 19 -0.0001460161391162106
0 20 -8.456133688164771e-05
0 21 6.520754264247889e-05
0 22 -0.0001328983668207439
0 23 0.000172199890001465
0 24 6.05861659993812e-05
0 25 -0.0001104773812089453
0 26 -0.0001357345849252905
0 27 -2.545266390464048e-05
0 28 -9.715181480978542e-05
0 29 -2.464723367626833e-05
1 0 -1.533724210643966e-05
1 1 1.993877000120242
1 2 -5.163943216519076e-05
1 3 -0.0006580141773577244
1 4 -0.001692337518134633
1 5 -0.001716705607754411
1 6 0.001074312566593213
1 7 -3.108049277969608e-05
1 8 0.0009473822237902113
1 9 -2.778227165450993e-05
1 10 0.0004801020349868255
1 11 -0.0006275375167347562
1 12 0.0006822480280466919
1 13 0.0001947974745755352
1 14 -0.0007751058009022758
1 15 0.0005405478312498586
1 16 -0.0009888806057209627
1 17 0.0006826133269371806
1 18 0.0005071819297759065
1 19 -0.0001117476204523195
1 20 -0.001847803711963943
1 21 -0.0007675264579134449
1 22 -0.0003181750965827534
1 23 0.0002632878117022393
1 24 0.0001574902907326738
1 25 -0.0001932273056115521
1 26 -9.033829789969013e-05
1 27 0.0011953318503734
1 28 0.001294599326271406
1 29 -6.686014911981013e-05
2 0 -3.03920084130647e-05
2 1 -5.163943216519266e-05
2 2 1.991092121851896
2 3 -0.0007085815043823738
2 4 -0.001546269666292235
2 5 0.001365271267561093
2 6 -0.001789156073782759
2 7 -0.0005663693477340626
2 8 0.001790965519915075
2 9 -0.001403636153465966
2 10 -0.001235034182009418
2 11 -0.0003676090659100374
2 12 7.228038353936046e-05
2 13 -9.691605464648095e-05
2 14 -0.0009338683832111228
2 15 0.001224549936396686
2 16 -0.0004929707731736062
2 17 -0.001873078830211057
2 18 -0.0019420126301452
2 19 -0.0002245575449922547
2 20 -0.001012458838543506
2 21 0.0003862457559473513
2 22 0.0004440925027771179
2 23 1.868519562090216e-05
2 24 -0.0004410908574573423
2 25 0.0002712336956224282
2 26 0.001119753880066228
2 27 0.0005012685302475837
2 28 -0.0008623550319052256
2 29 0.001852235582675478
3 0 -4.297348604265191e-05
3 1 -0.0006580141773577192
3 2 -0.0007085815043823721
3 3 1.990901301530813
3 4 -0.001308005179530284
3 5 0.0001285757504244011
3 6 -0.0009690168293773956
3 7 -0.001023628019804994
3 8 -0.0007027396523453266
3 9 0.002082407270150223
3 10 0.000588619412466469
3 11 0.001404051189151038
3 12 -0.002789697148388279
3 13 0.0005632532679421246
3 14 -9.399632586856195e-05
3 15 0.0002411399822765339
3 16 0.0003327333750159862
3 17 -0.0009091267564493102
3 18 0.001538346799692422
3 19 0.0009889460391690427
3 20 -0.0005906778417677926
3 21 -0.002351930328145873
3 22 -0.0004331325282238772
3 23 -0.0004255683545070169
3 24 0.001033653863338043
3 25 8.705998909207873e-05
3 26 0.001748080823893808
3 27 -0.00134600269245008
3 28 -0.0004645677958813274
3 29 -0.0009739342675215468
4 0 -7.11995058362876e-05
4 1 -0.001692337518134643
4 2 -0.001546269666292238
4 3 -0.001308005179530281
4 4 1.988726454773628
4 5 0.00138313222713712
4 6 -0.0002492500230186845
4 7 -0.0008398636567791396
4 8 -0.0006162477002096744
4 9 0.002081738128085847
4 10 0.0005330948987053497
4 11 -0.002952525890460578
4 12 0.001013770108391461
4 13 0.0001135838214909629
4 14 0.0006865158866393279
4 15 0.001475476908403891
4 16 0.003322553677645135
4 17 0.001165351887533192
4 18 0.002621854793038733
4 19 -0.0002454887831343434
4 20 0.001077232557321286
4 21 5.103924743446055e-05
4 22 0.001508897226983529
4 23 0.0003253599609677275
4 24 -0.0008458356799402395
4 25 -0.0004968091131951247
4 26 2.455995953614098e-05
4 27 0.0007225300517325347
4 28 -0.0005918398088267502
4 29 -0.002047276447691752
5 0 2.24731761365422e-05
5 1 -0.001716705607754432
5 2 0.001365271267561086
5 3 0.0001285757504244103
5 4 0.001383132227137124
5 5 1.985577715709728
5 6 -0.0006754031069562383
5 7 0.0006531817009991931
5 8 0.001072662257336075
5 9 0.003579550545250774
5 10 0.001216564685012454
5 11 -0.003133606879709191
5 12 -0.001317856207168033
5 13 -0.0007425177825423424
5 14 -0.001386011382788585
5 15 -0.002708893436345212
5 16 0.001469481173953788
5 17 0.0002804859304322713
5 18 0.0004762269137539403
5 19 -0.0001597528801974934
5 20 -0.000707540262947506
5 21 -0.0006278809789501672
5 22 0.00328547034760273
5 23 0.001187139126495397
5 24 0.0003581259949047282
5 25 -0.0008276644960187027
5 26 0.001127755768196675
5 27 -0.006698077008683355
5 28 -0.000109289617616497
5 29 0.00311697355448642
6 0 -2.426543686724821e-05
6 1 0.00107431256659323
6 2 -0.001789156073782746
6 3 -0.0009690168293774011
6 4 -0.0002492500230186724
6 5 -0.0006754031069562409
6 6 1.985597766358426
6 7 -0.0008747405034532558
6 8 -0.001037024986812664
6 9 -0.003606329819509138
6 10 -0.001379005141533598
6 11 0.00346731261912358
6 12 -0.0008731187471382133
6 13 -0.0003514375398670941
6 14 0.0008431929913950372
6 15 0.002093506923688626
6 16 -0.002926675072288118
6 17 -0.002075870422132172
6 18 0.002199649160062262
6 19 -0.0001665385056508392
6 20 0.0007552213655482292
6 21 -0.000115677461977633
6 22 0.0002629873136564167
6 23 0.001208696463429627
6 24 0.000546204247306812
6 25 -0.002848651442612433
6 26 0.005104692206386428
6 27 -0.001186362396781404
6 28 -0.0005659916217814058
6 29 -0.002085906262466697
7 0 -2.716149723409931e-05
7 1 -3.108049277969736e-05
7 2 -0.0005663693477340567
7 3 -0.001023628019804993
7 4 -0.0008398636567791725
7 5 0.0006531817009991934
7 6 -0.0008747405034532883
7 7 1.983591601694509
7 8 0.001765199538850743
7 9 -0.002302313760413637
7 10 -0.0009360989106386354
7 11 0.001012202052216494
7 12 -0.001923545789791352
7 13 -0.0003578836944799491
7 14 0.0005889978602109645
7 15 0.006557898991128056
7 16 -0.007299626211489637
7 17 -0.0001786066397976724
7 18 0.001891434743269195
7 19 -0.001966832934120232
7 20 -0.001629422635680014
7 21 -0.002424090104394433
7 22 0.001135500628511752
7 23 0.0002178910872780134
7 24 -0.002102905716173254
7 25 -0.0002590610226059655
7 26 -0.001961347638400353
7 27 -0.002362905860878296
7 28 0.0005451110441761782
7 29 -0.002527669730932385
8 0 -1.74677076146337e-05
8 1 0.0009473822237901937
8 2 0.001790965519915064
8 3 -0.0007027396523452609
8 4 -0.0006162477002096135
8 5 0.00107266225733601
8 6 -0.001037024986812641
8 7 0.001765199538850671
8 8 1.981855453726577
8 9 -0.000266145931299765
8 10 -1.728666105889256e-05
8 11 0.002138184904081224
8 12 -0.0002564862740394604
8 13 0.001127964781997082
8 14 0.001979100356170483
8 15 -0.001460397179336975
8 16 0.00818890547184457
8 17 0.001840051833107514
8 18 0.0009727099313017061
8 19 -0.0009166889971515328
8 20 -0.0008789925630685318
8 21 0.0008839689516883477
8 22 -0.000809102351359125
8 23 0.002377457955301727
8 24 -0.001316293660690644
8 25 4.678413488920319e-05
8 26 -0.002018449529723852
8 27 -0.0008634024508152018
8 28 -0.0004534218241708972
8 29 0.0003401948260585631
9 0 2.065364212040018e-05
9 1 -2.778227165450353e-05
9 2 -0.001403636153465932
9 3 0.002082407270150219
9 4 0.002081738128085871
9 5 0.003579550545250735
9 6 -0.003606329819509168
9 7 -0.002302313760413624
9 8 -0.0002661459312997634
9 9 1.986885624100553
9 10 0.0009566319281959783
9 11 -0.00532959470427853
9 12 0.001736898014635154
9 13 -0.0006604271382785916
9 14 -0.0003331833346428139
9 15 0.004106991980849822
9 16 -0.0004121641292053269
9 17 -0.0005068564196438992
9 18 0.00206322198074133
9 19 0.003607609560579683
9 20 0.005172628688823362
9 21 -0.0006290113281200271
9 22 -2.053744178922703e-05
9 23 -0.001858633868035609
9 24 0.001100875954875243
9 25 -2.010614483941681e-05
9 26 0.0009216357102184941
9 27 0.003768572035188743
9 28 0.0003960668734268939
9 29 -0.001957203856506857
10 0 5.805133256913992e-06
10 1 0.0004801020349868363
10 2 -0.001235034182009386
10 3 0.0005886194124664389
10 4 0.0005330948987053527
10 5 0.001216564685012422
10 6 -0.001379005141533614
10 7 -0.0009360989106386447
10 8 -1.728666105888959e-05
10 9 0.0009566319281959588
10 10 1.981549894347012
10 11 -0.0005846599930428751
10 12 0.001424923780639857
10 13 0.003322394140061067
10 14 -0.0004644267994604959
10 15 0.002932232574800873
10 16 -0.004685962865049936
10 17 0.0003194544751239609
10 18 0.005064978852123378
10 19 0.0004085505159871435
10 20 0.0002732272831128196
10 21 0.001288311299408671
10 22 -0.001831128393528599
10 23 -0.0008070480139893788
10 24 0.001140180889624097
10 25 0.0009382824199479882
10 26 0.00267141732505329
10 27 0.002406526662330387
10 28 -0.0005242340358260162
10 29 -0.001679788081241506
11 0 2.53489113562302e-06
11 1 -0.0006275375167347381
11 2 -0.0003676090659100336
11 3 0.001404051189151069
11 4 -0.002952525890460581
11 5 -0.003133606879709157
11 6 0.003467312619123543
11 7 0.001012202052216477
11 8 0.002138184904081233
11 9 -0.005329594704278552
11 10 -0.0005846599930428595
11 11 1.983677163594216
11 12 0.002479659935525595
11 13 0.00188246413255211
11 14 0.0002010511140809901
11 15 0.0009976937711566728
11 16 -0.01050286112338033
11 17 -0.0001092202088080177
11 18 0.0009775198370741887
11 19 -0.002650345969942276
11 20 0.001402814289905411
11 21 -0.001259764674151984
11 22 0.0005167822192330305
11 23 0.001869267068152593
11 24 0.001329358128659759
11 25 0.0005364998077351463
11 26 0.002697826604234081
11 27 -0.002942209361512029
11 28 0.0001965849091855693
11 29 9.712558265016213e-05
12 0 -8.902240890539206e-06
12 1 0.0006822480280466845
12 2 7.228038353936684e-05
12 3 -0.002789697148388279
12 4 0.001013770108391517
12 5 -0.001317856207167997
12 6 -0.0008731187471381825
12 7 -0.001923545789791343
12 8 -0.00025648627403947
12 9 0.00173689801463517
12 10 0.001424923780639938
12 11 0.002479659935525686
12 12 1.973616269824491
12 13 -0.007595111911152161
12 14 -0.001546977590948973
12 15 -0.001553387265525064
12 16 -0.009382302133935781
12 17 -0.006423409470191955
12 18 -0.002777182486196409
12 19 0.00210281063936084
12 20 -0.0004020589765989055
12 21 0.001687952611352338
12 22 0.000332629084684027
12 23 -0.0005332364222056479
12 24 -0.00113264912199365
12 25 0.002284295941624687
12 26 -0.001936302043090557
12 27 0.0003155538102734729
12 28 0.0009997808007335554
12 29 0.0002020778957437109
13 0 7.611242903248012e-06
13 1 0.0001947974745755246
13 2 -9.691605464651296e-05
13 3 0.0005632532679421755
13 4 0.0001135838214909674
13 5 -0.0007425177825423539
13 6 -0.0003514375398671818
13 7 -0.0003578836944798098
13 8 0.001127964781997074
13 9 -0.0006604271382786075
13 10 0.003322394140060816
13 11 0.00188246413255212
13 12 -0.007595111911152708
13 13 1.956507539793978
13 14 0.004771334187135171
13 15 0.000524567248053989
13 16 0.01063351893783388
13 17 -0.003513736509069137
13 18 0.00495832578173337
13 19 0.0003868595895442599
13 20 0.002100463067650277
13 21 0.0006401635785937619
13 22 -0.00184688225999549
13 23 -0.0003693570604952508
13 24 0.001269048480423108
13 25 -0.001269547953120177
13 26 0.001206714881026468
13 27 0.001258706091748777
13 28 -0.0001175446787681857
13 29 -0.001481344403501979
14 0 2.338186033560033e-05
14 1 -0.0007751058009022654
14 2 -0.0009338683832111073
14 3 -9.399632586856802e-05
14 4 0.0006865158866392804
14 5 -0.001386011382788644
14 6 0.0008431929913950469
14 7 0.000588997860210962
14 8 0.001979100356170504
14 9 -0.0003331833346428099
14 10 -0.0004644267994604903
14 11 0.0002010511140809609
14 12 -0.001546977590948907
14 13 0.004771334187135333
14 14 1.980555574859283
14 15 0.003405587007787142
14 16 0.05501237909887456
14 17 0.01100356062009582
14 18 0.01877434763365839
14 19 0.004880179030425261
14 20 0.007149355044949916
14 21 0.003941597694266366
14 22 -0.004663886916525986
14 23 -0.001182669119464232
14 24 0.001866395263776216
14 25 -0.008720034755282689
14 26 0.008068050294634178
14 27 0.005372496744037333
14 28 -0.002377524059543121
14 29 -0.001000491715304014
15 0 4.452378195568517e-05
15 1 0.0005405478312498648
15 2 0.001224549936396589
15 3 0.0002411399822765222
15 4 0.001475476908403949
15 5 -0.002708893436345323
15 6 0.002093506923688598
15 7 0.006557898991128055
15 8 -0.001460397179336938
15 9 0.004106991980850004
15 10 0.002932232574800912
15 11 0.0009976937711566295
15 12 -0.001553387265525132
15 13 0.0005245672480540181
15 14 0.003405587007787122
15 15 1.982652628797026
15 16 -0.03522846552298906
15 17 -0.008686343303403074
15 18 0.02377426004137172
15 19 0.003863520551326234
15 20 0.01382319808816638
15 21 0.006217866676330714
15 22 0.002631305727687768
15 23 -0.002832501448842935
15 24 0.0003091049988861051
15 25 -0.006971204826637099
15 26 0.01750800896676977
15 27 0.01117917367491094
15 28 -0.002396338378857048
15 29 -0.001260719726209754
16 0 -6.700556020179854e-07
16 1 -0.0009888806057209536
16 2 -0.0004929707731735981
16 3 0.0003327333750159986
16 4 0.003322553677645224
16 5 0.001469481173953689
16 6 -0.002926675072288158
16 7 -0.007299626211489725
16 8 0.008188905471844192
16 9 -0.0004121641292053034
16 10 -0.004685962865050032
16 11 -0.01050286112338014
16 12 -0.009382302133936139
16 13 0.01063351893783367
16 14 0.05501237909887591
16 15 -0.0352284655229899
16 16 0.01693642051980036
16 17 -0.00458718799187564
16 18 -3.26323212967011e-05
16 19 5.6552961188849e-05
16 20 -0.0007637715720791216
16 21 0.0006812272062047908
16 22 -0.0004472174740048703
16 23 0.000349670920796603
16 24 -0.0002356088996540921
16 25 -0.0006336402998573898
16 26 -8.557424516685323e-05
16 27 -0.0001942531898889501
16 28 3.730700353476711e-05
16 29 0.001015326979985778
17 0 -2.660027142265494e-06
17 1 0.0006826133269371333
17 2 -0.001873078830211043
17 3 -0.0009091267564493591
17 4 0.001165351887533232
17 5 0.0002804859304322669
17 6 -0.002075870422132201
17 7 -0.0001786066397976982
17 8 0.001840051833107587
17 9 -0.0005068564196438934
17 10 0.0003194544751240223
17 11 -0.0001092202088080058
17 12 -0.006423409470191945
17 13 -0.003513736509068828
17 14 0.01100356062009587
17 15 -0.008686343303403749
17 16 -0.00458718799187568
17 17 0.04847153977929544
17 18 -0.0008735413966861677
17 19 -0.001546943269881515
17 20 0.002412217001661769
17 21 -0.001182414788894231
17 22 0.0001372192430741678
17 23 -0.0003163088018016767
17 24 7.804455936508649e-06
17 25 -7.665162101698441e-05
17 26 0.0002820002455092459
17 27 -0.000137572030887713
17 28 -0.0001421235187008422
17 29 -6.60932593503714e-05
18 0 -7.353640127933281e-05
18 1 0.000507181929775906
18 2 -0.001942012630145157
18 3 0.001538346799692351
18 4 0.002621854793038859
18 5 0.0004762269137539372
18 6 0.002199649160062175
18 7 0.001891434743269204
18 8 0.0009727099313017592
18 9 0.002063221980741325
18 10 0.005064978852123442
18 11 0.0009775198370742001
18 12 -0.002777182486196547
18 13 0.004958325781733785
18 14 0.01877434763365934
18 15 0.023774260041372
18 16 -3.263232129661772e-05
18 17 -0.0008735413966859981
18 18 0.02793827100872155
18 19 0.001189537622273668
18 20 0.003683788579572254
18 21 0.001201627032384094
18 22 -0.001322541617867713
18 23 -0.001379362149927837
18 24 0.0003445530665052035
18 25 -0.002815358597490962
18 26 0.0046850994243634
18 27 0.004151150379180546
18 28 -0.001478217996805098
18 29 -0.0005964798191581471
19 0 -0.0001460161391162181
19 1 -0.0001117476204523027
19 2 -0.0002245575449922655
19 3 0.0009889460391690479
19 4 -0.000245488783134344
19 5 -0.0001597528801974928
19 6 -0.0001665385056508536
19 7 -0.00196683293412025
19 8 -0.0009166889971515332
19 9 0.003607609560579734
19 10 0.0004085505159871318
19 11 -0.00265034596994217
19 12 0.002102810639360859
19 13 0.0003868595895442745
19 14 0.004880179030425372
19 15 0.003863520551326148
19 16 5.655296118887015e-05
19 17 -0.001546943269881528
19 18 0.001189537622273627
19 19 0.02020211639097686
19 20 0.002007153147890727
19 21 0.00179390048404136
19 22 -0.005961673951977864
19 23 -0.002806664676722172
19 24 -0.001942237847561978
19 25 0.0007563768064661437
19 26 0.002587233852174196
19 27 -0.00155146686849758
19 28 0.003093109374989173
19 29 0.0001975276369888035
20 0 -8.456133688164748e-05
20 1 -0.001847803711964037
20 2 -0.001012458838543505
20 3 -0.0005906778417677687
20 4 0.001077232557321268
20 5 -0.0007075402629474084
20 6 0.0007552213655481156
20 7 -0.001629422635680059
20 8 -0.0008789925630685447
20 9 0.005172628688823456
20 10 0.0002732272831128221
20 11 0.001402814289905372
20 12 -0.000402058976598896
20 13 0.002100463067650294
20 14 0.007149355044950017
20 15 0.01382319808816628
20 16 -0.0007637715720791049
20 17 0.002412217001661764
20 18 0.003683788579572349
20 19 0.002007153147890771
20 20 0.02033730994458505
20 21 -0.000629531018247125
20 22 0.003764127112958334
20 23 0.002105655328405842
20 24 0.0008209654563708384
20 25 -0.003737110185690543
20 26 0.0009272472790731325
20 27 0.001353194893559432
20 28 0.002223219298707904
20 29 0.0002207399516309853
21 0 6.520754264247825e-05
21 1 -0.0007675264579135045
21 2 0.000386245755947315
21 3 -0.002351930328145883
21 4 5.103924743446694e-05
21 5 -0.0006278809789501674
21 6 -0.0001156774619776227
21 7 -0.002424090104394593
21 8 0.0008839689516883312
21 9 -0.0006290113281200357
21 10 0.001288311299408664
21 11 -0.001259764674151999
21 12 0.001687952611352344
21 13 0.0006401635785937676
21 14 0.003941597694266502
21 15 0.006217866676330662
21 16 0.0006812272062047847
21 17 -0.001182414788894212
21 18 0.001201627032384066
21 19 0.001793900484041348
21 20 -0.0006295310182471275
21 21 0.01397076831622074
21 22 -0.001245615925615666
21 23 -0.0002275278855680078
21 24 0.003057720615012394
21 25 0.001098207848521505
21 26 -0.001272929729557178
21 27 -0.002604803712909773
21 28 -0.0006441469144028517
21 29 -0.0008230661076995005
22 0 -0.0001328983668207439
22 1 -0.0003181750965827488
22 2 0.0004440925027771281
22 3 -0.0004331325282238786
22 4 0.00150889722698353
22 5 0.003285470347602754
22 6 0.0002629873136564081
22 7 0.001135500628511757
22 8 -0.0008091023513591325
22 9 -2.053744178923293e-05
22 10 -0.001831128393528596
22 11 0.0005167822192330225
22 12 0.0003326290846840159
22 13 -0.001846882259995449
22 14 -0.004663886916526291
22 15 0.002631305727687798
22 16 -0.0004472174740048781
22 17 0.0001372192430742529
22 18 -0.001322541617867696
22 19 -0.0059616739519779
22 20 0.003764127112958352
22 21 -0.001245615925615702
22 22 0.01074074337952549
22 23 -0.002273575542796957
22 24 -2.915882309885594e-05
22 25 0.004664624841103184
22 26 0.00204281234504075
22 27 -9.88034996191191e-05
22 28 0.003597131702608869
22 29 -0.0007673022646090583
23 0 0.000172199890001466
23 1 0.000263287811702233
23 2 1.868519562090333e-05
23 3 -0.0004255683545070069
23 4 0.0003253599609677191
23 5 0.00118713912649535
23 6 0.001208696463429611
23 7 0.0002178910872780183
23 8 0.002377457955301699
23 9 -0.001858633868035585
23 10 -0.0008070480139893677
23 11 0.001869267068152592
23 12 -0.0005332364222056501
23 13 -0.0003693570604952569
23 14 -0.001182669119464112
23 15 -0.002832501448842875
23 16 0.0003496709207966063
23 17 -0.0003163088018017089
23 18 -0.00137936214992784
23 19 -0.002806664676722149
23 20 0.002105655328405836
23 21 -0.0002275278855680107
23 22 -0.002273575542796881
23 23 0.01698218914971921
23 24 0.0003420380938069592
23 25 0.001463398298826631
23 26 -0.0009097154633861703
23 27 0.0001177555736180944
23 28 -0.001167288183170251
23 29 -0.0001966120307588279
24 0 6.058616599938238e-05
24 1 0.0001574902907326667
24 2 -0.00044109085745736
24 3 0.001033653863338031
24 4 -0.000845835679940256
24 5 0.0003581259949047241
24 6 0.0005462042473067299
24 7 -0.002102905716173398
24 8 -0.001316293660690641
24 9 0.001100875954875248
24 10 0.001140180889624123
24 11 0.001329358128659742
24 12 -0.001132649121993619
24 13 0.00126904848042315
24 14 0.00186639526377618
24 15 0.0003091049988861072
24 16 -0.0002356088996540764
24 17 7.804455936519803e-06
24 18 0.0003445530665051983
24 19 -0.001942237847561991
24 20 0.0008209654563708538
24 21 0.003057720615012456
24 22 -2.915882309882905e-05
24 23 0.0003420380938069824
24 24 0.01414810487023834
24 25 -0.001919514714712154
24 26 -0.001486784891394952
24 27 0.0008279165746019363
24 28 0.002666729856930966
24 29 0.0004383148660119783
25 0 -0.0001104773812089467
25 1 -0.0001932273056115031
25 2 0.0002712336956224277
25 3 8.705998909208176e-05
25 4 -0.0004968091131951286
25 5 -0.0008276644960186951
25 6 -0.002848651442612464
25 7 -0.0002590610226059955
25 8 4.67841348892046e-05
25 9 -2.010614483941874e-05
25 10 0.0009382824199480192
25 11 0.0005364998077351968
25 12 0.002284295941624701
25 13 -0.001269547953120167
25 14 -0.008720034755282966
25 15 -0.00697120482663708
25 16 -0.0006336402998573945
25 17 -7.66516210169796e-05
25 18 -0.002815358597490893
25 19 0.0007563768064661495
25 20 -0.003737110185690536
25 21 0.001098207848521514
25 22 0.004664624841103226
25 23 0.001463398298826704
25 24 -0.001919514714712184
25 25 0.01455254089880207
25 26 -3.572533835677718e-05
25 27 0.0004344922610231195
25 28 0.0009480464736563955
25 29 0.0008816776522588357
26 0 -0.000135734584925288
26 1 -9.033829789967284e-05
26 2 0.001119753880066222
26 3 0.001748080823893783
26 4 2.455995953613395e-05
26 5 0.001127755768196724
26 6 0.005104692206386522
26 7 -0.001961347638400392
26 8 -0.002018449529723813
26 9 0.000921635710218508
26 10 0.002671417325053184
26 11 0.002697826604233943
26 12 -0.001936302043090572
26 13 0.001206714881026504
26 14 0.00806805029463541
26 15 0.01750800896676956
26 16 -8.557424516690722e-05
26 17 0.0002820002455092608
26 18 0.004685099424363539
26 19 0.002587233852174162
26 20 0.0009272472790731969
26 21 -0.001272929729557187
26 22 0.002042812345040757
26 23 -0.0009097154633861742
26 24 -0.001486784891395008
26 25 -3.572533835673758e-05
26 26 0.0121422302552284
26 27 -9.903916714123125e-05
26 28 -4.265236676576363e-05
26 29 -0.0007706297530279259
27 0 -2.545266390464122e-05
27 1 0.001195331850373381
27 2 0.0005012685302475792
27 3 -0.001346002692450082
27 4 0.0007225300517325515
27 5 -0.006698077008683358
27 6 -0.001186362396781491
27 7 -0.002362905860878276
27 8 -0.0008634024508152237
27 9 0.003768572035188703
27 10 0.002406526662330296
27 11 -0.002942209361511995
27 12 0.0003155538102735314
27 13 0.001258706091748733
27 14 0.005372496744036835
27 15 0.01117917367491017
27 16 -0.0001942531898889619
27 17 -0.0001375720308877145
27 18 0.004151150379180594
27 19 -0.001551466868497606
27 20 0.001353194893559455
27 21 -0.002604803712909799
27 22 -9.880349961910346e-05
27 23 0.0001177555736181218
27 24 0.000827916574601912
27 25 0.0004344922610231185
27 26 -9.903916714120714e-05
27 27 0.01466647752816726
27 28 0.0001726070347667983
27 29 -0.000817005895402374
28 0 -9.715181480978271e-05
28 1 0.001294599326271412
28 2 -0.0008623550319052327
28 3 -0.0004645677958813212
28 4 -0.0005918398088267485
28 5 -0.0001092896176165144
28 6 -0.000565991621781404
28 7 0.0005451110441761792
28 8 -0.0004534218241708854
28 9 0.0003960668734268507
28 10 -0.0005242340358260233
28 11 0.0001965849091855669
28 12 0.0009997808007335867
28 13 -0.000117544678768193
28 14 -0.002377524059543127
28 15 -0.002396338378857057
28 16 3.730700353477755e-05
28 17 -0.0001421235187008492
28 18 -0.00147821799680515
28 19 0.00309310937498918
28 20 0.002223219298707878
28 21 -0.0006441469144028421
28 22 0.003597131702608903
28 23 -0.001167288183170225
28 24 0.002666729856930906
28 25 0.0009480464736563983
28 26 -4.265236676575622e-05
28 27 0.0001726070347667782
28 28 0.008269627396311891
28 29 -0.000243962317665625
29 0 -2.464723367626818e-05
29 1 -6.686014911981462e-05
29 2 0.001852235582675458
29 3 -0.0009739342675215384
29 4 -0.00204727644769173
29 5 0.003116973554486465
29 6 -0.002085906262466713
29 7 -0.002527669730932366
29 8 0.0003401948260586617
29 9 -0.00195720385650688
29 10 -0.001679788081241549
29 11 9.712558265016881e-05
29 12 0.0002020778957437176
29 13 -0.001481344403501895
29 14 -0.001000491715303984
29 15 -0.001260719726209661
29 16 0.001015326979985771
29 17 -6.609325935040422e-05
29 18 -0.0005964798191581717
29 19 0.0001975276369888025
29 20 0.0002207399516309821
29 21 -0.0008230661076995036
29 22 -0.0007673022646090797
29 23 -0.0001966120307588274
29 24 0.0004383148660119905
29 25 0.0008816776522588762
29 26 -0.0007706297530279222
29 27 -0.0008170058954023462
29 28 -0.0002439623176655685
29 29 0.01400830141437633
