0 0 1.999996782860636
0 1 -2.876281395167702e-06
0 2 -1.442381699449662e-05
0 3 -8.426461224186253e-06
0 4 -2.334091745384197e-05
0 5 2.511752263017455e-05
0 6 1.594383117961828e-05
0 7 -2.645114377344554e-05
0 8 -6.565781296941011e-05
0 9 2.532647890639445e-06
0 10 -1.339260764016828e-07
0 11 9.461461912762164e-06
0 12 3.012586979691256e-06
0 13 -7.894094616768916e-05
0 14 1.25905481321935e-05
0 15 -7.085659935495681e-05
0 16 -0.0001341827052313788
1 0 -2.876281395167701e-06
1 1 1.996851848829729
1 2 -0.000602740217427373
1 3 0.002582873589961006
1 4 0.003271448022059442
1 5 0.0001284083355488276
1 6 0.0002210564126582133
1 7 -0.0005179006210000554
1 8 -0.001356849765691343
1 9 -0.0009296955282584473
1 10 -5.932306730165393e-05
1 11 -0.0002154075420121313
1 12 -0.003284794839709655
1 13 0.0005833058931015003
1 14 6.690094751447633e-06
1 15 0.001482656354271087
1 16 -0.002322447266297488
2 0 -1.442381699449658e-05
2 1 -0.000602740217427373
2 2 1.992397064537282
2 3 0.0008401898325112916
2 4 0.001315643339782149
2 5 -0.003465456214761211
2 6 -0.00207680448593693
2 7 0.003117195296138307
2 8 0.008382312680038584
2 9 9.031401008201589e-05
2 10 3.029763204332714e-06
2 11 -0.003138611738445699
2 12 -0.001434231849383188
2 13 0.007744225665955672
2 14 -0.001152132545000859
2 15 0.005010557276397799
2 16 0.01277591920050545
3 0 -8.426461224186285e-06
3 1 0.002582873589960992
3 2 0.0008401898325112972
3 3 1.992089951151755
3 4 -0.000957161684008667
3 5 0.005823646461615804
3 6 -0.0007721689541942797
3 7 0.001036360364548772
3 8 0.002598608103600269
3 9 -0.003442700563553011
3 10 0.0004068876138036652
3 11 0.0002314094009903484
3 12 0.004502684224877592
3 13 0.002590581507746108
3 14 4.588553199038708e-05
3 15 0.0006178130989945233
3 16 0.002337998328308372
4 0 -2.334091745384198e-05
4 1 0.003271448022059431
4 2 0.001315643339782151
4 3 -0.0009571616840086713
4 4 1.991376465925509
4 5 -0.000934003699105514
4 6 0.0008044608549324571
4 7 0.001242356878939394
4 8 -0.0005330065782401272
4 9 0.001249117537351145
4 10 0.001178112185237112
4 11 -0.0005248685584916653
4 12 -6.470547913848155e-05
4 13 -0.00338360382960923
4 14 -0.001835525616537487
4 15 0.006218199038759609
4 16 0.002967394193925058
5 0 2.511752263017476e-05
5 1 0.0001284083355488288
5 2 -0.003465456214761193
5 3 0.005823646461615742
5 4 -0.0009340036991055204
5 5 1.983741343126933
5 6 -0.0003611869383252053
5 7 -0.000574548124823889
5 8 9.003482375231984e-06
5 9 0.004508817736797508
5 10 -0.0007639743833325295
5 11 0.0003470638842772574
5 12 0.002636625840875138
5 13 0.0007211336031682924
5 14 -0.001726136366831951
5 15 0.005158994087442508
5 16 0.001111328018248059
6 0 1.594383117961814e-05
6 1 0.0002210564126582116
6 2 -0.002076804485936927
6 3 -0.0007721689541942784
6 4 0.0008044608549324609
6 5 -0.0003611869383252041
6 6 1.996744438899456
6 7 -0.004766615292146177
6 8 0.006561775347473381
6 9 -0.0004519255243297044
6 10 -0.008056236589561687
6 11 0.002035161423602407
6 12 0.001220506154890725
6 13 0.001371363582140859
6 14 -0.002852113650767311
6 15 0.00109697990742436
6 16 0.004314374871110245
7 0 -2.645114377344556e-05
7 1 -0.0005179006210000594
7 2 0.003117195296138311
7 3 0.001036360364548772
7 4 0.001242356878939424
7 5 -0.0005745481248238941
7 6 -0.004766615292146129
7 7 1.966793471558037
7 8 0.005557494016797089
7 9 0.002454259361699455
7 10 -0.03048692643260984
7 11 0.05936402076027276
7 12 0.003162185853289404
7 13 0.0006892544874078651
7 14 0.0003452961424491327
7 15 0.0007573736079791453
7 16 -0.005841066572750865
8 0 -6.565781296940989e-05
8 1 -0.001356849765691351
8 2 0.008382312680038514
8 3 0.002598608103600192
8 4 -0.0005330065782401213
8 5 9.003482375226617e-06
8 6 0.00656177534747336
8 7 0.005557494016797233
8 8 1.976553346613068
8 9 0.001486993765415002
8 10 0.01308403786989162
8 11 -0.02202421468344498
8 12 0.001417200647726875
8 13 -0.00530116151469358
8 14 0.002879280614940211
8 15 -0.003823925135038934
8 16 -0.02117037326653878
9 0 2.532647890639374e-06
9 1 -0.0009296955282584679
9 2 9.031401008202719e-05
9 3 -0.003442700563552922
9 4 0.001249117537351154
9 5 0.0045088177367976
9 6 -0.0004519255243297013
9 7 0.002454259361699462
9 8 0.001486993765415027
9 9 1.982180960084148
9 10 0.003124555817015438
9 11 2.12440083022673e-05
9 12 0.01747418788304725
9 13 -0.02169289609223358
9 14 -0.007344662910293393
9 15 0.03026964926794454
9 16 -0.002827686202778786
10 0 -1.339260764015894e-07
10 1 -5.932306730165312e-05
10 2 3.029763204334781e-06
10 3 0.0004068876138036633
10 4 0.001178112185237096
10 5 -0.0007639743833325501
10 6 -0.008056236589561686
10 7 -0.03048692643261031
10 8 0.01308403786989142
10 9 0.003124555817015488
10 10 1.933885315955449
10 11 0.01152476618535715
10 12 0.0005876323021024038
10 13 -0.001149875440878471
10 14 -0.003291219565706178
10 15 0.0002024783632088606
10 16 -4.817135975266614e-05
11 0 9.461461912762183e-06
11 1 -0.000215407542012129
11 2 -0.003138611738445594
11 3 0.0002314094009903523
11 4 -0.0005248685584917109
11 5 0.000347063884277256
11 6 0.002035161423602484
11 7 0.0593640207602749
11 8 -0.02202421468344539
11 9 2.124400830226263e-05
11 10 0.01152476618535671
11 11 0.1035317321189551
11 12 0.002738078730822439
11 13 0.002752280446538635
11 14 0.006192365887268852
11 15 0.001638590845198292
11 16 -0.0008196701677329597
12 0 3.012586979691199e-06
12 1 -0.003284794839709653
12 2 -0.001434231849383196
12 3 0.004502684224877458
12 4 -6.470547913849945e-05
12 5 0.002636625840875054
12 6 0.001220506154890714
12 7 0.003162185853289431
12 8 0.001417200647726824
12 9 0.01747418788304635
12 10 0.000587632302102354
12 11 0.002738078730822416
12 12 0.0224805336477682
12 13 -0.009527029035072869
12 14 -0.0009003027464209977
12 15 0.0002936066287856884
12 16 0.001002773453124915
13 0 -7.894094616768766e-05
13 1 0.0005833058931014981
13 2 0.007744225665955545
13 3 0.002590581507746194
13 4 -0.003383603829609262
13 5 0.00072113360316831
13 6 0.00137136358214087
13 7 0.0006892544874079
13 8 -0.005301161514693517
13 9 -0.02169289609223285
13 10 -0.001149875440878461
13 11 0.002752280446538714
13 12 -0.009527029035072961
13 13 0.01788598916476547
13 14 0.001216483135211571
13 15 -0.002445358372877049
13 16 0.00849251649110082
14 0 1.259054813219342e-05
14 1 6.690094751450344e-06
14 2 -0.001152132545000848
14 3 4.588553199038924e-05
14 4 -0.001835525616537489
14 5 -0.001726136366831987
14 6 -0.002852113650767358
14 7 0.0003452961424491348
14 8 0.002879280614940259
14 9 -0.007344662910293426
14 10 -0.00329121956570613
14 11 0.006192365887268906
14 12 -0.0009003027464210178
14 13 0.00121648313521156
14 14 0.002196443076196585
14 15 -0.004420370642681479
14 16 -0.001448378803434533
15 0 -7.085659935495647e-05
15 1 0.001482656354271118
15 2 0.005010557276397777
15 3 0.0006178130989945409
15 4 0.006218199038759562
15 5 0.005158994087442621
15 6 0.001096979907424367
15 7 0.000757373607979103
15 8 -0.003823925135038971
15 9 0.03026964926794676
15 10 0.0002024783632088371
15 11 0.001638590845198296
15 12 0.0002936066287857067
15 13 -0.002445358372877024
15 14 -0.00442037064268149
15 15 0.02269924838300032
15 16 0.004642425447675609
16 0 -0.0001341827052313768
16 1 -0.002322447266297534
16 2 0.01277591920050541
16 3 0.002337998328308357
16 4 0.002967394193925017
16 5 0.001111328018248093
16 6 0.004314374871110327
16 7 -0.005841066572750814
16 8 -0.02117037326653869
16 9 -0.00282768620277866
16 10 -4.817135975265934e-05
16 11 -0.0008196701677329277
16 12 0.001002773453124913
16 13 0.008492516491100742
16 14 -0.001448378803434536
16 15 0.004642425447675588
16 16 0.01859506404222704
