0 0 1.999970003395406
0 1 4.387905371368005e-06
0 2 -2.439810205206459e-06
0 3 -3.082914840789068e-05
0 4 -8.432720745330045e-05
0 5 2.207763148783048e-05
0 6 1.301503998709385e-05
0 7 -6.218794340738301e-05
0 8 4.101270479206053e-06
0 9 -2.018219569600138e-06
0 10 -6.408346816736631e-05
0 11 -6.179684287636672e-07
0 12 -1.795158255068939e-06
0 13 2.28821065020695e-06
0 14 -0.0001284048395070752
0 15 7.874482412642775e-05
0 16 8.841064651674967e-05
0 17 -0.0001046072247779489
0 18 -0.0003464529055421275
0 19 -0.0002226754559237251
0 20 0.0005653684929954918
0 21 0.0005066774134364411
1 0 4.387905371367904e-06
1 1 1.99409778633079
1 2 3.429566970305668e-05
1 3 -0.0003530395527538939
1 4 -0.003852633475851435
1 5 0.001072128924178342
1 6 0.000778424304960588
1 7 0.004798424925316402
1 8 0.0007431277896055119
1 9 4.537501236612885e-06
1 10 0.004569947722698888
1 11 0.0001589045780409162
1 12 -9.758931186616771e-05
1 13 -0.001100468536204433
1 14 0.003961358659169077
1 15 -1.555305158158299e-05
1 16 -0.001342688761563093
1 17 0.001981890948926101
1 18 0.006587146540317283
1 19 0.003875461465594625
1 20 -0.006678225873427583
1 21 -0.006507556453777459
2 0 -2.439810205206567e-06
2 1 3.429566970305841e-05
2 2 1.994066684650509
2 3 -0.0005109795436257798
2 4 3.799102780400477e-05
2 5 0.0008442895856833442
2 6 0.0007177538576760755
2 7 -0.000216914949156192
2 8 -0.008655289906793248
2 9 -0.001248808541539959
2 10 1.315054859421039e-05
2 11 0.003976974204756975
2 12 -0.0002486744011953184
2 13 -0.0008849171064637809
2 14 -0.0002333993811459389
2 15 0.0004243845107277889
2 16 0.004615523948811493
2 17 -0.0007189410252697718
2 18 0.0005547177622785356
2 19 -0.001828569592408127
2 20 -0.009430161054078285
2 21 0.01049010333710756
3 0 -3.082914840789065e-05
3 1 -0.0003530395527538935
3 2 -0.000510979543625784
3 3 1.98868981766301
3 4 0.0001083572797517812
3 5 -0.001231720664785671
3 6 4.501528056621287e-06
3 7 -0.0005679255624787137
3 8 0.0008962245648481114
3 9 0.0003239551787928046
3 10 -0.001782521087490354
3 11 -0.0006262267807722328
3 12 1.920456120324886e-05
3 13 -0.0001058183314894369
3 14 0.001850672990987048
3 15 -0.0009414863358969167
3 16 0.0005287550647160668
3 17 0.001841377776521747
3 18 -0.001769707760777864
3 19 -0.001885629699365018
3 20 0.001808708099854434
3 21 -0.0008076542327338928
4 0 -8.432720745329985e-05
4 1 -0.003852633475851502
4 2 3.799102780400248e-05
4 3 0.0001083572797517989
4 4 1.982326101488583
4 5 0.0007210152240986803
4 6 -0.0001943249039294105
4 7 -0.003203887060860998
4 8 -0.0002786170450586567
4 9 -0.0002888983880105993
4 10 -0.003813923128346202
4 11 0.0003856202706034573
4 12 1.522010878356293e-05
4 13 -0.0003099473161368559
4 14 0.003047566203591368
4 15 -0.0009881658734257432
4 16 5.196854359628778e-05
4 17 -0.002695286894299183
4 18 -0.001374938662586044
4 19 -0.000781701807238651
4 20 -0.002068290253904082
4 21 0.001218113003005405
5 0 2.207763148783057e-05
5 1 0.001072128924178343
5 2 0.0008442895856833405
5 3 -0.001231720664785668
5 4 0.0007210152240987027
5 5 1.980875228400802
5 6 0.0008690242259109229
5 7 0.0007729018627867961
5 8 -0.001613552905050119
5 9 -0.00116134674768419
5 10 0.00196717608337927
5 11 -1.838028021650892e-05
5 12 0.000371291491926414
5 13 0.00644775624850462
5 14 -0.001430622559395925
5 15 0.0007135166119160886
5 16 -0.0005654136880172723
5 17 0.003161719850922176
5 18 -0.001291844635467913
5 19 0.003243444473699692
5 20 -0.002235981634720242
5 21 0.002833459704635042
6 0 1.301503998709403e-05
6 1 0.0007784243049605755
6 2 0.0007177538576760736
6 3 4.501528056577268e-06
6 4 -0.0001943249039294346
6 5 0.0008690242259109288
6 6 1.978513292642068
6 7 0.0007624822958746957
6 8 -0.00132401115265828
6 9 0.001784055157344537
6 10 0.0009276376440623118
6 11 -0.0004631258036648486
6 12 -0.0008746809762291606
6 13 -0.01490504441647249
6 14 -0.002019935785468728
6 15 -0.0002997324876248639
6 16 -0.003016668117772269
6 17 -0.0005702567049387882
6 18 0.003282854489888615
6 19 -0.004591083552362743
6 20 -0.0002255965472566346
6 21 0.001252156813144441
7 0 -6.21879434073835e-05
7 1 0.004798424925316524
7 2 -0.0002169149491562284
7 3 -0.0005679255624787236
7 4 -0.003203887060860984
7 5 0.0007729018627867794
7 6 0.0007624822958746998
7 7 1.987204825493022
7 8 0.0003200355087341239
7 9 -0.0003723090201302434
7 10 -0.007989670016104962
7 11 -0.0008483492248781522
7 12 0.0005425681918270897
7 13 0.0001361904282760351
7 14 -0.003413520933028206
7 15 0.004041617840758552
7 16 0.005073466210155106
7 17 -0.005239474851621947
7 18 -0.009797147505473086
7 19 -0.006290007648493192
7 20 0.002554465274610727
7 21 0.002938870001116335
8 0 4.101270479206388e-06
8 1 0.0007431277896055625
8 2 -0.008655289906793331
8 3 0.0008962245648480929
8 4 -0.0002786170450586711
8 5 -0.001613552905050126
8 6 -0.001324011152658276
8 7 0.0003200355087341544
8 8 1.978387631551211
8 9 0.002070024566870824
8 10 -0.001006335747623919
8 11 0.005035969963108837
8 12 -0.001037999706293274
8 13 -0.01289300981333434
8 14 0.0007664698373443804
8 15 -0.002255777633940799
8 16 -0.0009629078326684694
8 17 -0.00101105232134577
8 18 0.00044097168415829
8 19 -0.001844861141778189
8 20 -0.0151278677604395
8 21 0.01911834186845559
9 0 -2.018219569601386e-06
9 1 4.537501236622778e-06
9 2 -0.001248808541539951
9 3 0.0003239551787928176
9 4 -0.000288898388010629
9 5 -0.001161346747684127
9 6 0.00178405515734444
9 7 -0.0003723090201302414
9 8 0.002070024566871026
9 9 1.96335617884623
9 10 0.0003616865268122552
9 11 0.001473696344003376
9 12 0.003022144820822605
9 13 0.0963470147043283
9 14 0.008234979180642107
9 15 0.006931633046848301
9 16 0.005638738216907456
9 17 0.003081278824780737
9 18 -0.001712415575440787
9 19 0.004514007811223346
9 20 -0.002443745765270611
9 21 0.002753969832491049
10 0 -6.408346816736566e-05
10 1 0.004569947722698862
10 2 1.315054859419334e-05
10 3 -0.001782521087490405
10 4 -0.003813923128346179
10 5 0.001967176083379265
10 6 0.0009276376440623471
10 7 -0.007989670016104952
10 8 -0.001006335747623732
10 9 0.0003616865268122317
10 10 1.976844103439566
10 11 -0.002333368320945359
10 12 -0.0005173101859013151
10 13 0.001643303647139505
10 14 0.02569437042492229
10 15 -0.001173676944696466
10 16 -0.005731374345386139
10 17 0.008485813620416744
10 18 0.01559532299768492
10 19 0.008521214758000436
10 20 0.02801454447949031
10 21 0.02666247505686784
11 0 -6.179684287635334e-07
11 1 0.0001589045780408465
11 2 0.003976974204756971
11 3 -0.0006262267807722198
11 4 0.0003856202706034468
11 5 -1.83802802165084e-05
11 6 -0.0004631258036648508
11 7 -0.0008483492248781693
11 8 0.005035969963108797
11 9 0.001473696344003346
11 10 -0.002333368320945615
11 11 1.986420292149908
11 12 -0.0001091886514537419
11 13 -0.009177851672845747
11 14 0.01186816535565441
11 15 0.01821632745052947
11 16 -0.01204534050240653
11 17 0.003648654701373381
11 18 -0.001269318117422924
11 19 0.004953024689519549
11 20 0.0233817049491381
11 21 -0.01916164144019528
12 0 -1.795158255068885e-06
12 1 -9.758931186616775e-05
12 2 -0.0002486744011953337
12 3 1.920456120324895e-05
12 4 1.522010878357425e-05
12 5 0.0003712914919264007
12 6 -0.0008746809762291933
12 7 0.0005425681918271408
12 8 -0.001037999706293309
12 9 0.003022144820822654
12 10 -0.0005173101859012898
12 11 -0.0001091886514537473
12 12 1.911622763202871
12 13 0.006746463176766875
12 14 0.001391111381732821
12 15 0.001867469961409121
12 16 0.0004046902790517748
12 17 0.0002438574508179481
12 18 0.0001476238898548618
12 19 8.514071214742842e-05
12 20 -0.0002079719190023261
12 21 0.001289676124767111
13 0 2.288210650206667e-06
13 1 -0.001100468536204351
13 2 -0.0008849171064637792
13 3 -0.0001058183314894327
13 4 -0.000309947316136844
13 5 0.006447756248505057
13 6 -0.01490504441647178
13 7 0.0001361904282760322
13 8 -0.01289300981333358
13 9 0.09634701470432129
13 10 0.001643303647139576
13 11 -0.009177851672845348
13 12 0.006746463176766297
13 13 0.121029892942351
13 14 0.009079880417423565
13 15 0.01097765975251765
13 16 0.009978412239010744
13 17 0.004857036175302679
13 18 -0.006749278426543969
13 19 0.009872310546176565
13 20 -0.0005983364713745578
13 21 0.0005589594655011358
14 0 -0.0001284048395070717
14 1 0.003961358659169115
14 2 -0.0002333993811459468
14 3 0.001850672990987114
14 4 0.003047566203591413
14 5 -0.001430622559395946
14 6 -0.002019935785468709
14 7 -0.003413520933028182
14 8 0.0007664698373443944
14 9 0.008234979180642496
14 10 0.02569437042492367
14 11 0.01186816535565462
14 12 0.001391111381732893
14 13 0.00907988041742388
14 14 0.01065104659023001
14 15 4.353089336240399e-05
14 16 -0.002848670140649346
14 17 0.01081144517946834
14 18 0.007206300754714557
14 19 0.004904936112969454
14 20 0.00203109244678531
14 21 -0.0007629005177195146
15 0 7.874482412642313e-05
15 1 -1.555305158156841e-05
15 2 0.0004243845107277805
15 3 -0.0009414863358969242
15 4 -0.0009881658734258295
15 5 0.0007135166119160807
15 6 -0.000299732487624884
15 7 0.004041617840758719
15 8 -0.002255777633940742
15 9 0.006931633046848353
15 10 -0.00117367694469653
15 11 0.01821632745052999
15 12 0.001867469961409136
15 13 0.0109776597525176
15 14 4.353089336239216e-05
15 15 0.006087541414042285
15 16 -0.004729836299400138
15 17 -0.00165974288009007
15 18 -0.002185730676057973
15 19 0.0003153052304879697
15 20 0.002514912129490869
15 21 -0.001447697597912412
16 0 8.841064651675e-05
16 1 -0.001342688761563095
16 2 0.004615523948811683
16 3 0.0005287550647160626
16 4 5.196854359627704e-05
16 5 -0.000565413688017272
16 6 -0.003016668117772238
16 7 0.005073466210155235
16 8 -0.0009629078326681552
16 9 0.005638738216907588
16 10 -0.005731374345385905
16 11 -0.01204534050240667
16 12 0.000404690279051786
16 13 0.009978412239010985
16 14 -0.002848670140649413
16 15 -0.004729836299400089
16 16 0.01946755379280172
16 17 -0.002471047109852896
16 18 -0.003851224111429344
16 19 0.0006738363840436618
16 20 -0.003185394587207247
16 21 0.003116441223231563
17 0 -0.0001046072247779525
17 1 0.001981890948926138
17 2 -0.000718941025269755
17 3 0.001841377776521686
17 4 -0.002695286894299293
17 5 0.00316171985092223
17 6 -0.000570256704938772
17 7 -0.005239474851622079
17 8 -0.001011052321345808
17 9 0.003081278824780669
17 10 0.008485813620416652
17 11 0.003648654701373434
17 12 0.0002438574508179538
17 13 0.004857036175302268
17 14 0.01081144517946829
17 15 -0.00165974288009005
17 16 -0.002471047109852874
17 17 0.01709276114273453
17 18 0.002383822508363507
17 19 0.003812460941755312
17 20 0.0004919375666109838
17 21 0.0001269245612844861
18 0 -0.0003464529055421057
18 1 0.00658714654031712
18 2 0.0005547177622785556
18 3 -0.001769707760777901
18 4 -0.001374938662586268
18 5 -0.00129184463546792
18 6 0.003282854489888555
18 7 -0.009797147505473898
18 8 0.0004409716841582894
18 9 -0.001712415575440866
18 10 0.01559532299768443
18 11 -0.001269318117422911
18 12 0.0001476238898548672
18 13 -0.006749278426543963
18 14 0.007206300754714271
18 15 -0.002185730676058008
18 16 -0.003851224111429475
18 17 0.002383822508363445
18 18 0.02707913749915647
18 19 0.004008116048488238
18 20 -0.002554545525324001
18 21 -0.0002277199870845011
19 0 -0.0002226754559237218
19 1 0.00387546146559467
19 2 -0.001828569592408153
19 3 -0.001885629699364972
19 4 -0.0007817018072387801
19 5 0.003243444473699498
19 6 -0.004591083552362671
19 7 -0.006290007648493205
19 8 -0.001844861141778167
19 9 0.004514007811223517
19 10 0.008521214757999981
19 11 0.004953024689519568
19 12 8.514071214744487e-05
19 13 0.00987231054617646
19 14 0.004904936112969263
19 15 0.0003153052304879041
19 16 0.0006738363840436921
19 17 0.003812460941755272
19 18 0.004008116048488223
19 19 0.0214510094608654
19 20 9.226803884542943e-05
19 21 -0.001970938799600394
20 0 0.0005653684929954767
20 1 -0.006678225873427616
20 2 -0.009430161054078491
20 3 0.001808708099854474
20 4 -0.002068290253904016
20 5 -0.00223598163472029
20 6 -0.0002255965472566389
20 7 0.002554465274610717
20 8 -0.01512786776043959
20 9 -0.002443745765270675
20 10 0.0280145444794899
20 11 0.02338170494913903
20 12 -0.0002079719190023869
20 13 -0.0005983364713746477
20 14 0.002031092446785501
20 15 0.002514912129490715
20 16 -0.003185394587207274
20 17 0.0004919375666109879
20 18 -0.002554545525324068
20 19 9.226803884536129e-05
20 20 0.02840875595946262
20 21 0.001843536585472923
21 0 0.000506677413436457
21 1 -0.006507556453777487
21 2 0.01049010333710748
21 3 -0.0008076542327339079
21 4 0.001218113003005433
21 5 0.002833459704635073
21 6 0.001252156813144389
21 7 0.002938870001116199
21 8 0.01911834186845567
21 9 0.002753969832491003
21 10 0.02666247505686867
21 11 -0.01916164144019553
21 12 0.001289676124767049
21 13 0.0005589594655011146
21 14 -0.0007629005177195627
21 15 -0.001447697597912509
21 16 0.003116441223231558
21 17 0.000126924561284496
21 18 -0.0002277199870844188
21 19 -0.00197093879960041
21 20 0.001843536585472975
21 21 0.02635759176121321
