0 0 1.999986179928717
0 1 1.178333067750726e-06
0 2 -1.405208412276567e-05
0 3 1.86337100096798e-06
0 4 5.748836757492817e-05
0 5 -3.962244129436022e-06
0 6 -2.954297198375427e-05
0 7 2.715596019117342e-05
0 8 -7.679146625726026e-07
0 9 2.671568767890705e-07
0 10 -5.232410455011761e-06
0 11 1.601940589017363e-05
0 12 -3.655248422950502e-05
0 13 -1.147057144404592e-05
0 14 3.353380578428531e-05
0 15 -6.394354518879656e-06
0 16 -4.037648842664739e-05
1 0 1.178333067750721e-06
1 1 1.992240440516373
1 2 -0.0002026670115321763
1 3 -0.0002199152444533525
1 4 -0.001323972381992892
1 5 0.0003632784958841205
1 6 -0.0007638323748518595
1 7 0.001914424879175827
1 8 0.0003321308873023396
1 9 0.0001587037012346178
1 10 0.002440282105931123
1 11 -0.0005783711361852578
1 12 -0.000182602766436632
1 13 0.001792059477467016
1 14 -0.004215620934191708
1 15 -0.0002550943434304705
1 16 -0.001573470412472122
2 0 -1.405208412276561e-05
2 1 -0.0002026670115321771
2 2 1.988083141900582
2 3 -7.183107158282155e-05
2 4 0.001481838703755108
2 5 -1.761670093583618e-05
2 6 0.002338969025125772
2 7 -0.002178554892933194
2 8 -0.0004518484388681603
2 9 -0.0003010095633909411
2 10 -0.0005341327062388768
2 11 -0.004247765503036792
2 12 0.003734099930440179
2 13 0.0003891533745847531
2 14 0.0008934545915670524
2 15 0.0009568155145329553
2 16 0.006085072267103166
3 0 1.863371000967992e-06
3 1 -0.000219915244453354
3 2 -7.183107158281583e-05
3 3 1.981497832413494
3 4 -0.0006972564503431455
3 5 -0.0007830212215185184
3 6 -0.00114511409338064
3 7 0.0008844752762438089
3 8 -0.0004820993794890832
3 9 0.0007798069184567027
3 10 -0.000471777530782898
3 11 0.00165657424422658
3 12 -0.001474719426244713
3 13 0.006207198724743018
3 14 -0.002252912675351016
3 15 -0.007714856800421619
3 16 -0.0001548034417146982
4 0 5.748836757492817e-05
4 1 -0.001323972381992881
4 2 0.001481838703755107
4 3 -0.0006972564503431283
4 4 1.982640396516173
4 5 0.000526786171030656
4 6 0.006573230360261082
4 7 -0.005625692329400435
4 8 -4.725747795481915e-05
4 9 -0.0001051280384877253
4 10 0.001104148170274258
4 11 0.007150193662783128
4 12 0.001444251570190634
4 13 -0.002018433196284429
4 14 0.001033624632418068
4 15 0.001922883110699131
4 16 0.008271255919127345
5 0 -3.962244129436577e-06
5 1 0.000363278495884112
5 2 -1.761670093583111e-05
5 3 -0.000783021221518538
5 4 0.0005267861710306822
5 5 1.976779531924258
5 6 0.0002179756630463331
5 7 -5.966163946161186e-05
5 8 0.0005419373398730665
5 9 -0.0007271007401349555
5 10 0.007225254134059274
5 11 -8.474662522399629e-05
5 12 0.002485144959616655
5 13 0.001382131556784434
5 14 0.003792732702268359
5 15 0.009243114269707692
5 16 -0.002437119741186326
6 0 -2.954297198375484e-05
6 1 -0.0007638323748518567
6 2 0.002338969025125784
6 3 -0.001145114093380666
6 4 0.006573230360261041
6 5 0.0002179756630463334
6 6 1.98270284036386
6 7 -0.005637846702006066
6 8 0.001588588788724782
6 9 -0.001185577062147068
6 10 0.0538524474931959
6 11 -0.005989718895324651
6 12 0.001549205117596273
6 13 0.001469807257381664
6 14 0.003295599972496249
6 15 -0.003783038168999789
6 16 -0.007489696477781518
7 0 2.715596019117381e-05
7 1 0.001914424879175826
7 2 -0.002178554892933172
7 3 0.0008844752762438286
7 4 -0.005625692329400448
7 5 -5.966163946161923e-05
7 6 -0.005637846702005984
7 7 1.981426346213285
7 8 0.00098516206073767
7 9 -0.001925248413288174
7 10 0.05923760525621895
7 11 0.003844455924256905
7 12 0.001238652249679428
7 13 -0.001632223073683807
7 14 0.002387474410332581
7 15 0.0007514056667223469
7 16 0.007044929903606082
8 0 -7.679146625726001e-07
8 1 0.0003321308873023295
8 2 -0.0004518484388681561
8 3 -0.0004820993794890916
8 4 -4.725747795481804e-05
8 5 0.000541937339873072
8 6 0.0015885887887248
8 7 0.000985162060737657
8 8 1.980731557406806
8 9 -0.001265401484435157
8 10 -0.01053857546205665
8 11 -0.000352795668566845
8 12 0.0007647036724105149
8 13 -0.0001618978279151325
8 14 -0.0004267753862587823
8 15 0.0004704758842499641
8 16 4.71728139157883e-05
9 0 2.671568767889681e-07
9 1 0.0001587037012346208
9 2 -0.0003010095633909417
9 3 0.0007798069184566605
9 4 -0.0001051280384877285
9 5 -0.0007271007401349482
9 6 -0.001185577062147116
9 7 -0.001925248413288193
9 8 -0.001265401484435199
9 9 1.977849787984792
9 10 0.01419096264778019
9 11 -3.268559114712054e-05
9 12 0.001317137278501688
9 13 -0.0002113972486290084
9 14 0.0002339376045040486
9 15 0.000291092020722618
9 16 0.0007042044574881929
10 0 -5.232410455011698e-06
10 1 0.002440282105931212
10 2 -0.0005341327062389205
10 3 -0.0004717775307828689
10 4 0.001104148170274223
10 5 0.007225254134059386
10 6 0.053852447493194
10 7 0.05923760525621923
10 8 -0.0105385754620567
10 9 0.01419096264778009
10 10 0.05962081903677113
10 11 -0.0001278106635976214
10 12 0.0008078504165361184
10 13 0.0004288708885223083
10 14 0.0009271885911331212
10 15 -0.0003597086445973354
10 16 0.0001892662967503723
11 0 1.60194058901747e-05
11 1 -0.0005783711361852524
11 2 -0.004247765503036858
11 3 0.001656574244226639
11 4 0.007150193662783014
11 5 -8.474662522399141e-05
11 6 -0.005989718895324675
11 7 0.003844455924257051
11 8 -0.0003527956685668305
11 9 -3.268559114712268e-05
11 10 -0.0001278106635976257
11 11 0.02048477551077919
11 12 -0.003830873452335802
11 13 0.0008523487953328686
11 14 0.0004044994601058802
11 15 0.0005533915943984617
11 16 0.002932581273389278
12 0 -3.655248422950474e-05
12 1 -0.0001826027664366225
12 2 0.003734099930439992
12 3 -0.00147471942624471
12 4 0.001444251570190622
12 5 0.00248514495961672
12 6 0.001549205117596247
12 7 0.001238652249679404
12 8 0.0007647036724105461
12 9 0.001317137278501654
12 10 0.0008078504165360814
12 11 -0.003830873452335812
12 12 0.01253547835765798
12 13 0.002163238211756972
12 14 0.002189041702327838
12 15 0.001188156896342411
12 16 0.005228307982773185
13 0 -1.147057144404589e-05
13 1 0.001792059477467048
13 2 0.0003891533745847593
13 3 0.006207198724743285
13 4 -0.002018433196284461
13 5 0.001382131556784341
13 6 0.001469807257381669
13 7 -0.001632223073683789
13 8 -0.0001618978279151426
13 9 -0.0002113972486289743
13 10 0.0004288708885223132
13 11 0.0008523487953327847
13 12 0.002163238211757041
13 13 0.01982698137700879
13 14 -0.0008847620420384633
13 15 0.0008154191845294921
13 16 -0.0006927596458107684
14 0 3.353380578428507e-05
14 1 -0.004215620934191632
14 2 0.00089345459156706
14 3 -0.002252912675351038
14 4 0.001033624632418081
14 5 0.003792732702268351
14 6 0.003295599972496259
14 7 0.002387474410332508
14 8 -0.0004267753862587668
14 9 0.0002339376045040714
14 10 0.0009271885911330676
14 11 0.0004044994601058548
14 12 0.002189041702327789
14 13 -0.0008847620420384913
14 14 0.01623894339427975
14 15 0.0004140865067791712
14 16 -0.0045890628655572
15 0 -6.394354518879661e-06
15 1 -0.0002550943434304724
15 2 0.0009568155145329611
15 3 -0.007714856800421504
15 4 0.00192288311069914
15 5 0.009243114269707468
15 6 -0.003783038168999753
15 7 0.0007514056667223397
15 8 0.0004704758842499774
15 9 0.0002910920207226226
15 10 -0.0003597086445973378
15 11 0.0005533915943984648
15 12 0.001188156896342448
15 13 0.0008154191845295095
15 14 0.0004140865067791748
15 15 0.01579899510258094
15 16 0.0001092316476122955
16 0 -4.037648842664744e-05
16 1 -0.001573470412472159
16 2 0.006085072267103147
16 3 -0.0001548034417146981
16 4 0.008271255919127491
16 5 -0.002437119741186349
16 6 -0.007489696477781469
16 7 0.007044929903606136
16 8 4.717281391578811e-05
16 9 0.0007042044574881849
16 10 0.0001892662967503627
16 11 0.002932581273389227
16 12 0.005228307982773047
16 13 -0.0006927596458107662
16 14 -0.004589062865557181
16 15 0.0001092316476122908
16 16 0.01155595202867793
