 &FCI NORB=   8,NELEC= 8,MS2=0,
  ORBSYM=1,1,1,1,1,1,1,1
  ISYM=1,
 &END
 0.4976063929510935    1    1    1    1
 0.0002263984610188351    2    1    1    1
 0.107115049751831    2    1    2    1
 0.4769729669959634    2    2    1    1
 0.04346576982942203    2    2    2    1
 0.5322838855379038    2    2    2    2
 -0.002411719274825786    3    1    1    1
 0.002080217468582104    3    1    2    1
 0.04111767672654643    3    1    2    2
 0.1062540795978789    3    1    3    1
 0.001861410169320997    3    2    1    1
 0.04086325443587414    3    2    2    1
 0.01902586180639562    3    2    2    2
 -0.004889030196001614    3    2    3    1
 0.03478652425619919    3    2    3    2
 0.4688158557651712    3    3    1    1
 -0.005000236153711202    3    3    2    1
 0.4238131130634667    3    3    2    2
 -0.05105685285305318    3    3    3    1
 0.000917933246110715    3    3    3    2
 0.5118420919937585    3    3    3    3
 -0.006191438419840869    4    1    1    1
 0.005234258057760074    4    1    2    1
 0.0168391151577231    4    1    2    2
 -0.005133078570496506    4    1    3    1
 -0.004236693673914555    4    1    3    2
 0.02682822703197752    4    1    3    3
 0.09976299014571312    4    1    4    1
 0.0003081678378990748    4    2    1    1
 0.01694626075400773    4    2    2    1
 -0.005149913038837789    4    2    2    2
 -0.004636351057454878    4    2    3    1
 0.01407480488703172    4    2    3    2
 -0.0122067731838631    4    2    3    3
 -0.03788875045106192    4    2    4    1
 0.04150118794905098    4    2    4    2
 0.0008913019127712193    4    3    1    1
 -0.005313381993768488    4    3    2    1
 0.01887906779631712    4    3    2    2
 0.02529888379039298    4    3    3    1
 -0.008238125057272436    4    3    3    2
 -0.00523651908125846    4    3    3    3
 0.02641795265237169    4    3    4    1
 -0.0199084823347332    4    3    4    2
 0.03221837757349243    4    3    4    3
 0.4710750330527195    4    4    1    1
 -0.0417150113283651    4    4    2    1
 0.4386167032805462    4    4    2    2
 0.03041484168669899    4    4    3    1
 -0.02179673007530626    4    4    3    2
 0.4187632968653895    4    4    3    3
 -0.01594668964873201    4    4    4    1
 -0.003735276470784638    4    4    4    2
 0.009593044268378873    4    4    4    3
 0.5090260192840669    4    4    4    4
 -0.04387114868600649    5    1    1    1
 -0.003109675518455415    5    1    2    1
 -0.03520417500214499    5    1    2    2
 0.005052738486112483    5    1    3    1
 0.004042092506042472    5    1    3    2
 -0.03047493217162973    5    1    3    3
 0.01521111311669942    5    1    4    1
 0.01301878387895722    5    1    4    2
 -0.009102816880151974    5    1    4    3
 -0.02927839940569887    5    1    4    4
 0.04532489782273532    5    1    5    1
 -0.002079570063766423    5    2    1    1
 -0.002406775357923868    5    2    2    1
 0.01854277832842428    5    2    2    2
 0.0105437788733106    5    2    3    1
 0.002488780103519707    5    2    3    2
 0.004298629898347573    5    2    3    3
 0.0312429759249917    5    2    4    1
 -0.01154283217347304    5    2    4    2
 0.0162985586556288    5    2    4    3
 -0.00597880288370425    5    2    4    4
 0.0008273197113759185    5    2    5    1
 0.02806175994744747    5    2    5    2
 0.01223250593647759    5    3    1    1
 0.01216760870187498    5    3    2    1
 0.01530233656584852    5    3    2    2
 0.005185981133413408    5    3    3    1
 0.006045439302393266    5    3    3    2
 -0.01244939851848844    5    3    3    3
 -0.0232049283430834    5    3    4    1
 0.0160699820103517    5    3    4    2
 0.001881329736223054    5    3    4    3
 0.01067973288513735    5    3    4    4
 -0.00771537386422851    5    3    5    1
 -0.007897519113951618    5    3    5    2
 0.02776157307852984    5    3    5    3
 0.05031246951331069    5    4    1    1
 0.03555672116531603    5    4    2    1
 0.04112987541555846    5    4    2    2
 -0.02515665026591286    5    4    3    1
 0.01888491429891031    5    4    3    2
 0.05294262322140261    5    4    3    3
 0.009797870522974155    5    4    4    1
 -0.004098119599720519    5    4    4    2
 -0.0007396590098727197    5    4    4    3
 0.01328313969654024    5    4    4    4
 -0.0338912824163185    5    4    5    1
 0.004937475850354964    5    4    5    2
 0.001186409318229529    5    4    5    3
 0.07071855601427129    5    4    5    4
 0.4110198691339552    5    5    1    1
 -0.01632553161015588    5    5    2    1
 0.3782159237120717    5    5    2    2
 -0.002521893491797379    5    5    3    1
 -0.008132764238099898    5    5    3    2
 0.3754420048785258    5    5    3    3
 -0.05374543880837936    5    5    4    1
 0.01584451081243983    5    5    4    2
 -0.009533833571811494    5    5    4    3
 0.4204881013148461    5    5    4    4
 -0.02989852579511665    5    5    5    1
 -0.02641452714043454    5    5    5    2
 0.02159362673405958    5    5    5    3
 0.01021736507964859    5    5    5    4
 0.4131493490955762    5    5    5    5
 -0.02679850427065045    6    1    1    1
 -0.002276426515217704    6    1    2    1
 -0.02341833792966674    6    1    2    2
 0.01523856680646594    6    1    3    1
 0.002191523283233458    6    1    3    2
 -0.00349026215793681    6    1    3    3
 -0.01310705963003731    6    1    4    1
 -0.005422698475152449    6    1    4    2
 -0.000620025827094543    6    1    4    3
 -0.03573469616753601    6    1    4    4
 6.680077384150623e-05    6    1    5    1
 0.004682855505496276    6    1    5    2
 -0.01768930154804311    6    1    5    3
 -0.002698549314598089    6    1    5    4
 -0.02032943004802926    6    1    5    5
 0.04942325622272105    6    1    6    1
 -0.009055842684359971    6    2    1    1
 -0.003649208939767987    6    2    2    1
 -0.007038945571427024    6    2    2    2
 0.005623733315670507    6    2    3    1
 0.01156955526312683    6    2    3    2
 -0.01461243473549734    6    2    3    3
 -0.01470874342237593    6    2    4    1
 0.00243825147526004    6    2    4    2
 -0.005057125241739244    6    2    4    3
 -0.003645074792586706    6    2    4    4
 0.005821801121741704    6    2    5    1
 -0.00304944366090336    6    2    5    2
 0.003941459910647652    6    2    5    3
 -0.006870400480936171    6    2    5    4
 0.0008905804763294214    6    2    5    5
 0.004568635016797343    6    2    6    1
 0.01866227165216436    6    2    6    2
 0.05773977239394787    6    3    1    1
 0.005971265035319673    6    3    2    1
 0.07374703004985818    6    3    2    2
 0.04878507294013085    6    3    3    1
 -0.003550836869870175    6    3    3    2
 0.009957525038262619    6    3    3    3
 -0.002517883081517577    6    3    4    1
 -0.004909772248966483    6    3    4    2
 0.01417723181818523    6    3    4    3
 0.059959184618344    6    3    4    4
 -0.02647584407124081    6    3    5    1
 0.004757016583491787    6    3    5    2
 0.02230091970183103    6    3    5    3
 0.009090653893393542    6    3    5    4
 0.03281900797168219    6    3    5    5
 -0.02590576881722756    6    3    6    1
 -0.002312744758740951    6    3    6    2
 0.08588899359606333    6    3    6    3
 -0.05372097140832463    6    4    1    1
 -0.01661071070762755    6    4    2    1
 -0.05467666035634339    6    4    2    2
 0.0003448907309896392    6    4    3    1
 -0.006264750713281046    6    4    3    2
 -0.04419091304908433    6    4    3    3
 -0.03532924325161497    6    4    4    1
 0.009069453753620617    6    4    4    2
 -0.002550419930594949    6    4    4    3
 -0.03959349558692195    6    4    4    4
 0.01233127011852687    6    4    5    1
 -0.008815696430977401    6    4    5    2
 0.001063798383887084    6    4    5    3
 -0.03930021427619201    6    4    5    4
 -0.009986862486901518    6    4    5    5
 0.02140384624422186    6    4    6    1
 0.009247207751215838    6    4    6    2
 -0.03042559050312538    6    4    6    3
 0.05382859726437433    6    4    6    4
 -0.02508641273280227    6    5    1    1
 0.0119655707130906    6    5    2    1
 -0.02851054608543146    6    5    2    2
 -0.04133184268494447    6    5    3    1
 0.007658434349621165    6    5    3    2
 0.01004180566063364    6    5    3    3
 0.01404993572416494    6    5    4    1
 -0.004417040221293416    6    5    4    2
 -0.004243722454880088    6    5    4    3
 -0.05408303671586452    6    5    4    4
 -0.0009267826098965984    6    5    5    1
 0.003660861620969015    6    5    5    2
 -0.008731526599053919    6    5    5    3
 0.0157540781338152    6    5    5    4
 -0.03042658247498837    6    5    5    5
 0.009470807812589367    6    5    6    1
 -0.003957912770395941    6    5    6    2
 -0.03183688541418773    6    5    6    3
 0.00641666888036387    6    5    6    4
 0.0360879964878616    6    5    6    5
 0.4739470618342571    6    6    1    1
 0.002176181588389622    6    6    2    1
 0.4248061832216062    6    6    2    2
 -0.05561362722451084    6    6    3    1
 0.001041728694873027    6    6    3    2
 0.4945175769236262    6    6    3    3
 0.02467627746890268    6    6    4    1
 0.0006940204041214113    6    6    4    2
 -0.02015738659382296    6    6    4    3
 0.4400160707528816    6    6    4    4
 -0.02268592360780029    6    6    5    1
 -0.006515999160042738    6    6    5    2
 -0.009590040957831071    6    6    5    3
 0.0579208366195353    6    6    5    4
 0.3908485877070272    6    6    5    5
 -0.03309631718761589    6    6    6    1
 -0.01774295184883933    6    6    6    2
 0.01630977427584765    6    6    6    3
 -0.06531166332179721    6    6    6    4
 -0.001396086922601913    6    6    6    5
 0.5367684091369477    6    6    6    6
 -0.03152562762208913    7    1    1    1
 -0.008097311499587487    7    1    2    1
 -0.01062008174644822    7    1    2    2
 -0.01594433728877371    7    1    3    1
 0.002845353433447442    7    1    3    2
 -0.03546483621019955    7    1    3    3
 -0.007805332535428166    7    1    4    1
 -0.002809932791830911    7    1    4    2
 0.002474228442864929    7    1    4    3
 -0.03221529986514272    7    1    4    4
 -0.0007594829302771994    7    1    5    1
 0.01089031796967671    7    1    5    2
 0.005453747556862907    7    1    5    3
 -0.01380346940843606    7    1    5    4
 -0.01532372334003358    7    1    5    5
 -0.001455608720328752    7    1    6    1
 0.008722624423228553    7    1    6    2
 -0.007746803723230223    7    1    6    3
 0.01991314148211608    7    1    6    4
 0.01051324278819524    7    1    6    5
 -0.04651178771325824    7    1    6    6
 0.04749874957392206    7    1    7    1
 -0.03272651210593621    7    2    1    1
 0.04704839324549109    7    2    2    1
 0.005175758734509742    7    2    2    2
 0.007525393766828559    7    2    3    1
 0.02569370134094846    7    2    3    2
 -0.0340635372141453    7    2    3    3
 -0.00838170903576492    7    2    4    1
 0.01596464712760234    7    2    4    2
 -0.007086058064345308    7    2    4    3
 -0.05044202345824547    7    2    4    4
 0.01663570697658017    7    2    5    1
 0.007595712309925653    7    2    5    2
 0.009809408605625363    7    2    5    3
 0.003218708793212882    7    2    5    4
 -0.0300251056608743    7    2    5    5
 0.01158147143137229    7    2    6    1
 0.01260055512459765    7    2    6    2
 -0.008097338002162804    7    2    6    3
 0.009204897219219271    7    2    6    4
 0.009554774907971984    7    2    6    5
 -0.03995377676496708    7    2    6    6
 0.02432329730495329    7    2    7    1
 0.07622174127659348    7    2    7    2
 -0.05947481170762989    7    3    1    1
 0.006958295341220076    7    3    2    1
 -0.03850358233767083    7    3    2    2
 -0.02483395256203944    7    3    3    1
 -3.880254769811291e-05    7    3    3    2
 -0.04221880699774667    7    3    3    3
 0.01099481357208785    7    3    4    1
 -0.004342164033890109    7    3    4    2
 -0.00408091978722026    7    3    4    3
 -0.05725752341986692    7    3    4    4
 0.01707160033092147    7    3    5    1
 0.008385504301299911    7    3    5    2
 -0.01157633450243367    7    3    5    3
 -0.01809174051741294    7    3    5    4
 -0.04096816167801742    7    3    5    5
 0.006771800116302674    7    3    6    1
 0.0004509943057342069    7    3    6    2
 -0.03911146272470133    7    3    6    3
 0.01982291469102001    7    3    6    4
 0.0175213124850126    7    3    6    5
 -0.04365206658092671    7    3    6    6
 0.03415362723675368    7    3    7    1
 0.02621711691792309    7    3    7    2
 0.05455173108639429    7    3    7    3
 -0.03048276853024714    7    4    1    1
 -0.01069822722073061    7    4    2    1
 -0.01859951065933051    7    4    2    2
 0.0107548502841903    7    4    3    1
 -0.006952287104867463    7    4    3    2
 -0.03007729346161037    7    4    3    3
 -0.01072310575435301    7    4    4    1
 -0.01161996652258725    7    4    4    2
 -0.0003382158602896374    7    4    4    3
 -0.02147771040091166    7    4    4    4
 -0.002151006000234876    7    4    5    1
 0.003170349224904952    7    4    5    2
 -0.008722622385307932    7    4    5    3
 -0.02146625008414754    7    4    5    4
 -0.01572725309838137    7    4    5    5
 0.01655124194243983    7    4    6    1
 0.004949464902102728    7    4    6    2
 -0.001708708860907357    7    4    6    3
 0.02038216671273337    7    4    6    4
 -0.001102861651230812    7    4    6    5
 -0.04212674405287695    7    4    6    6
 0.01883222112745147    7    4    7    1
 0.004113152313164833    7    4    7    2
 0.01891596554700403    7    4    7    3
 0.03029874117951701    7    4    7    4
 -0.03243554840738009    7    5    1    1
 0.02870548842237509    7    5    2    1
 -0.01144366866589985    7    5    2    2
 0.01439688090516886    7    5    3    1
 0.01506572007448597    7    5    3    2
 -0.04031022960974287    7    5    3    3
 -0.01742070990312117    7    5    4    1
 0.01262690808935227    7    5    4    2
 -0.01097040597217687    7    5    4    3
 -0.04105186465611402    7    5    4    4
 0.009218902723547553    7    5    5    1
 -0.005413316558346356    7    5    5    2
 0.004425843779853307    7    5    5    3
 -0.004872154320265177    7    5    5    4
 -0.02040873080242097    7    5    5    5
 0.01104431389247127    7    5    6    1
 0.008396097067696076    7    5    6    2
 -0.0002797627759929644    7    5    6    3
 0.008160424379455704    7    5    6    4
 -0.0005557910952939346    7    5    6    5
 -0.03983478441009592    7    5    6    6
 0.004740901477615362    7    5    7    1
 0.03228824946193615    7    5    7    2
 0.008937760404146324    7    5    7    3
 0.008307070606360269    7    5    7    4
 0.0277602044080375    7    5    7    5
 -0.01954929199542495    7    6    1    1
 0.01516271818483288    7    6    2    1
 0.004935198490794921    7    6    2    2
 0.01096486648629876    7    6    3    1
 0.0008697863779028881    7    6    3    2
 -0.03659903208716339    7    6    3    3
 0.02087150740488027    7    6    4    1
 -8.272469616182292e-05    7    6    4    2
 0.01013335964401449    7    6    4    3
 -0.005777870813034814    7    6    4    4
 0.01114449116883414    7    6    5    1
 0.008597281704581659    7    6    5    2
 0.004516944702124211    7    6    5    3
 -0.006243682066122618    7    6    5    4
 -0.01863196058636565    7    6    5    5
 -0.02034639465108599    7    6    6    1
 -0.004612641115123849    7    6    6    2
 0.006150816201465513    7    6    6    3
 -0.008029693660228425    7    6    6    4
 -0.006959337262870794    7    6    6    5
 -0.02299718684375984    7    6    6    6
 0.008367548703610438    7    6    7    1
 0.01025271419006566    7    6    7    2
 0.01597967321475758    7    6    7    3
 -0.004142370222811081    7    6    7    4
 0.0008997174697346596    7    6    7    5
 0.03153011523832962    7    6    7    6
 0.4662546354966583    7    7    1    1
 0.05331337674208327    7    7    2    1
 0.5082910155976393    7    7    2    2
 0.05553425699031717    7    7    3    1
 0.0280225464068113    7    7    3    2
 0.4332021143967098    7    7    3    3
 0.03175081879464917    7    7    4    1
 -0.004533705039999391    7    7    4    2
 0.02624908361372429    7    7    4    3
 0.4301731755484981    7    7    4    4
 -0.02902303685903645    7    7    5    1
 0.02683961932992257    7    7    5    2
 0.01340407744863763    7    7    5    3
 0.05381080112645542    7    7    5    4
 0.3637261973835798    7    7    5    5
 -0.01278865020360413    7    7    6    1
 -0.004960306936305784    7    7    6    2
 0.07761990700313387    7    7    6    3
 -0.06508041667579174    7    7    6    4
 -0.02988484320344454    7    7    6    5
 0.431888915946155    7    7    6    6
 -0.03595370211124156    7    7    7    1
 0.00971539735490402    7    7    7    2
 -0.06119859507395788    7    7    7    3
 -0.03288169325749615    7    7    7    4
 -0.01232578035957037    7    7    7    5
 0.0002213720182935067    7    7    7    6
 0.5512579846285596    7    7    7    7
 -0.04356697707289742    8    1    1    1
 0.02133804994379833    8    1    2    1
 -0.04093923185750129    8    1    2    2
 -0.004990030768912419    8    1    3    1
 -0.007735506921281202    8    1    3    2
 -0.03388353947164402    8    1    3    3
 -0.003636450062461829    8    1    4    1
 -0.002718217255277218    8    1    4    2
 0.001271131397325515    8    1    4    3
 -0.02797307722386671    8    1    4    4
 0.006619780899784447    8    1    5    1
 -0.01146158451225863    8    1    5    2
 -0.004405560806988365    8    1    5    3
 -0.02142023071845569    8    1    5    4
 -0.0129455466857944    8    1    5    5
 0.002843549723190543    8    1    6    1
 -0.007072989859614013    8    1    6    2
 -0.02071393862400816    8    1    6    3
 0.02320740955037711    8    1    6    4
 0.003646140829126278    8    1    6    5
 -0.03449357706201545    8    1    6    6
 0.001800514423006485    8    1    7    1
 -0.002630733913895154    8    1    7    2
 0.02405557527820823    8    1    7    3
 0.01406395462468137    8    1    7    4
 0.004170362708929012    8    1    7    5
 0.01028189343339597    8    1    7    6
 -0.04602588536830425    8    1    7    7
 0.05158851336099244    8    1    8    1
 0.07814946354180791    8    2    1    1
 -0.01448324339137325    8    2    2    1
 0.05162873569978606    8    2    2    2
 -0.02545072654092527    8    2    3    1
 -0.0003298508675125385    8    2    3    2
 0.06475433231968844    8    2    3    3
 -0.01221103318265178    8    2    4    1
 0.007521661716538179    8    2    4    2
 -0.01342772697798877    8    2    4    3
 0.05047734631613266    8    2    4    4
 -0.02515508943685797    8    2    5    1
 -0.01328891968911333    8    2    5    2
 0.009096141716681551    8    2    5    3
 0.03862295731534834    8    2    5    4
 0.04802557391132489    8    2    5    5
 -0.01793939244022935    8    2    6    1
 -0.005134421136415167    8    2    6    2
 0.01777016374694082    8    2    6    3
 -0.03028977404375893    8    2    6    4
 0.001561402293467479    8    2    6    5
 0.0817940723615088    8    2    6    6
 -0.01973296074549424    8    2    7    1
 -0.02681930953151703    8    2    7    2
 -0.03694484194113928    8    2    7    3
 -0.02541019597162743    8    2    7    4
 -0.01209135846298452    8    2    7    5
 -0.01857009805520151    8    2    7    6
 0.03725503295668131    8    2    7    7
 -0.04231225176567081    8    2    8    1
 0.08264702871497503    8    2    8    2
 -0.01529871344480626    8    3    1    1
 -0.02599713856431206    8    3    2    1
 -0.0153783625701721    8    3    2    2
 0.001596430292603995    8    3    3    1
 -0.009534544278631714    8    3    3    2
 -0.02041935528574828    8    3    3    3
 0.007742097515528634    8    3    4    1
 -0.01420378990589259    8    3    4    2
 0.01025366192613689    8    3    4    3
 0.007754339750584876    8    3    4    4
 -0.0007995034042082663    8    3    5    1
 0.005881470013882666    8    3    5    2
 -0.003652058067191312    8    3    5    3
 -0.02071075131555176    8    3    5    4
 -0.003258755708492582    8    3    5    5
 -0.009451545212449669    8    3    6    1
 0.002817556779508904    8    3    6    2
 0.0044458377269573    8    3    6    3
 0.008105847068484389    8    3    6    4
 -0.007209510994312691    8    3    6    5
 -0.0231154789724408    8    3    6    6
 0.01589012887332562    8    3    7    1
 -0.0213523735747035    8    3    7    2
 0.009292916231689263    8    3    7    3
 0.01335627694679324    8    3    7    4
 -0.0118140788600636    8    3    7    5
 0.007812343041375928    8    3    7    6
 -0.02486658297832751    8    3    7    7
 0.01076907833688469    8    3    8    1
 -0.01836078099797282    8    3    8    2
 0.03139019319729591    8    3    8    3
 -0.009727912870733156    8    4    1    1
 -0.01340006293790381    8    4    2    1
 0.00089792439023395    8    4    2    2
 0.008433362417389408    8    4    3    1
 -0.01410852598291524    8    4    3    2
 0.002716265234557508    8    4    3    3
 0.02529007873098089    8    4    4    1
 -0.02201055835271261    8    4    4    2
 0.02034268285960107    8    4    4    3
 -0.007664230035304966    8    4    4    4
 -0.01330630315964745    8    4    5    1
 0.02339477488156627    8    4    5    2
 -0.01658955054705975    8    4    5    3
 -0.001328364485025702    8    4    5    4
 -0.02301651007152205    8    4    5    5
 0.0153613607537641    8    4    6    1
 -0.01345222526666216    8    4    6    2
 0.002621634648920264    8    4    6    3
 -0.0009595071520726509    8    4    6    4
 0.005493126478535827    8    4    6    5
 -0.01746825480964989    8    4    6    6
 0.01023030042185453    8    4    7    1
 -0.0164877527776561    8    4    7    2
 0.01227733332951284    8    4    7    3
 0.01557692884635314    8    4    7    4
 -0.0133000749290227    8    4    7    5
 0.002628023008421685    8    4    7    6
 0.001310144803054145    8    4    7    7
 0.008427115638533026    8    4    8    1
 -0.02173813990079714    8    4    8    2
 0.01676264667156944    8    4    8    3
 0.0491000139058568    8    4    8    4
 0.0002542547548995477    8    5    1    1
 -0.02325947994394423    8    5    2    1
 -0.02484500317269179    8    5    2    2
 -0.01033330640348993    8    5    3    1
 0.001967993851489949    8    5    3    2
 -0.005681995165131445    8    5    3    3
 -0.04102877948557288    8    5    4    1
 0.02947822333427984    8    5    4    2
 -0.02224118117887339    8    5    4    3
 0.007512216895179081    8    5    4    4
 0.01230149345107411    8    5    5    1
 -0.01593075373541412    8    5    5    2
 0.009081764157231421    8    5    5    3
 -0.01513362378882969    8    5    5    4
 0.02660483648797042    8    5    5    5
 -0.000580895703775165    8    5    6    1
 0.009429755707623118    8    5    6    2
 -0.01163357324976832    8    5    6    3
 0.01572060992487559    8    5    6    4
 -0.006420325802937481    8    5    6    5
 0.004874902749529742    8    5    6    6
 -0.001292556802483184    8    5    7    1
 -0.002180586567973217    8    5    7    2
 -0.009977131544565752    8    5    7    3
 -0.00714921038824661    8    5    7    4
 0.003984591711745322    8    5    7    5
 -0.0133639892286973    8    5    7    6
 -0.03008473704979926    8    5    7    7
 -0.0136131134692233    8    5    8    1
 0.02017105905440166    8    5    8    2
 -0.006216062964684447    8    5    8    3
 -0.02463495773598369    8    5    8    4
 0.04476454182579721    8    5    8    5
 -0.004692467774162474    8    6    1    1
 -0.01873723502705932    8    6    2    1
 -0.01101455431908976    8    6    2    2
 -0.02457004645838729    8    6    3    1
 -0.002152290952817463    8    6    3    2
 0.01805352260202305    8    6    3    3
 0.0351979266873873    8    6    4    1
 -0.0233959096669429    8    6    4    2
 0.007403974642735983    8    6    4    3
 -0.007326038422507504    8    6    4    4
 -2.986251698189948e-05    8    6    5    1
 0.01175020201302376    8    6    5    2
 -0.01482081944529142    8    6    5    3
 0.007042726297234869    8    6    5    4
 -0.01842002779976219    8    6    5    5
 -0.0025193146122767    8    6    6    1
 0.00153866715310575    8    6    6    2
 -0.01567542991339505    8    6    6    3
 -0.01029020209672156    8    6    6    4
 0.01362188660867284    8    6    6    5
 0.0132079065971636    8    6    6    6
 0.008303597204654442    8    6    7    1
 -0.01482544399980679    8    6    7    2
 0.01119348946999069    8    6    7    3
 0.0007256380058076255    8    6    7    4
 -0.01556016560173555    8    6    7    5
 -0.0001859758929494195    8    6    7    6
 -0.01114735699986306    8    6    7    7
 -0.004992135206743882    8    6    8    1
 -0.000569197726571734    8    6    8    2
 0.01569837981226159    8    6    8    3
 0.01317534079797193    8    6    8    4
 -0.01436741475296611    8    6    8    5
 0.03479631688542552    8    6    8    6
 -0.01019199895824453    8    7    1    1
 -0.03665052754704737    8    7    2    1
 -0.02050631748469965    8    7    2    2
 0.02982623733958714    8    7    3    1
 -0.03160129480925998    8    7    3    2
 -0.003420753049224842    8    7    3    3
 0.02319202717780621    8    7    4    1
 -0.0273859262265717    8    7    4    2
 0.02071237053743702    8    7    4    3
 0.02128100283868544    8    7    4    4
 -0.000424781116091726    8    7    5    1
 0.006021611762389569    8    7    5    2
 -0.0152886136339017    8    7    5    3
 -0.02191899815889388    8    7    5    4
 -0.006984356168772228    8    7    5    5
 0.008704852739713068    8    7    6    1
 -0.01008202665725741    8    7    6    2
 0.009935560955827413    8    7    6    3
 0.002319566368123834    8    7    6    4
 -0.01404830896547447    8    7    6    5
 -0.01393170557779736    8    7    6    6
 -0.01434500045670441    8    7    7    1
 -0.03204926676241771    8    7    7    2
 -0.007951353847355135    8    7    7    3
 0.0108900177878769    8    7    7    4
 -0.0181726193743817    8    7    7    5
 -0.0001549305875408877    8    7    7    6
 -0.01056996815126155    8    7    7    7
 0.01273799828774188    8    7    8    1
 -0.02153502931817409    8    7    8    2
 0.015548631803335    8    7    8    3
 0.02669946855730991    8    7    8    4
 -0.0180404972940228    8    7    8    5
 0.008130923116275992    8    7    8    6
 0.056635942703682    8    7    8    7
 0.4828234052182529    8    8    1    1
 -0.06851520579420653    8    8    2    1
 0.4792095142879007    8    8    2    2
 0.03149808686920794    8    8    3    1
 -0.03228779439156812    8    8    3    2
 0.4438885006811489    8    8    3    3
 0.0219492648863468    8    8    4    1
 -0.03539174517382957    8    8    4    2
 0.03062782751754891    8    8    4    3
 0.4912731421464411    8    8    4    4
 -0.04763264488725846    8    8    5    1
 0.0211359166821196    8    8    5    2
 -0.001132003344498668    8    8    5    3
 0.01467434235777848    8    8    5    4
 0.4035190492778726    8    8    5    5
 -0.02640169564361217    8    8    6    1
 -0.01128279849018705    8    8    6    2
 0.07708922855765758    8    8    6    3
 -0.04666126214009924    8    8    6    4
 -0.04150272160629657    8    8    6    5
 0.4458673928548621    8    8    6    6
 -0.01343850354280846    8    8    7    1
 -0.06523370337440251    8    8    7    2
 -0.05469112054942291    8    8    7    3
 -0.00805158088629857    8    8    7    4
 -0.05453902984835643    8    8    7    5
 -0.0130899556107182    8    8    7    6
 0.4611381683024206    8    8    7    7
 -0.05749759669919686    8    8    8    1
 0.07304427398777549    8    8    8    2
 0.01774860617727053    8    8    8    3
 0.02697096549015736    8    8    8    4
 -0.01332008294539275    8    8    8    5
 0.01526102833005218    8    8    8    6
 0.03501342235760994    8    8    8    7
 0.586744917852636    8    8    8    8
 -4.11354098551654    1    1  0  0
 0.006960546026647526    2    1  0  0
 -3.615122877662337    2    2  0  0
 -0.02231525761036647    3    1  0  0
 0.002098579893312978    3    2  0  0
 -3.525001699027212    3    3  0  0
 -0.02295141176642709    4    1  0  0
 0.02967853320203842    4    2  0  0
 -0.03495553828876165    4    3  0  0
 -3.524454691993587    4    4  0  0
 0.2463632720527951    5    1  0  0
 -0.01218570885763292    5    2  0  0
 -0.05717783106628678    5    3  0  0
 -0.2965035492021492    5    4  0  0
 -2.460708796991143    5    5  0  0
 0.1618916917877347    6    1  0  0
 0.06490784952989212    6    2  0  0
 -0.3685917103367529    6    3  0  0
 0.3482790333620528    6    4  0  0
 0.1752944422855061    6    5  0  0
 -2.853457015240085    6    6  0  0
 0.1996173876852624    7    1  0  0
 0.2095322902099744    7    2  0  0
 0.3621017346782787    7    3  0  0
 0.1838752831150575    7    4  0  0
 0.2242762674713408    7    5  0  0
 0.1063976432019579    7    6  0  0
 -2.804206613068666    7    7  0  0
 0.2615619574013758    8    1  0  0
 -0.4485980769763918    8    2  0  0
 0.08128765101936571    8    3  0  0
 0.03403050745347929    8    4  0  0
 0.03387149203394278    8    5  0  0
 0.01115453498913356    8    6  0  0
 0.0255271832764993    8    7  0  0
 -2.855550701986138    8    8  0  0
 0  0  0  0  0
