0 0 1.99996528494785
0 1 -1.685609442086946e-05
0 2 -8.770074302388609e-05
0 3 -1.276503997858995e-06
0 4 -2.673269014829688e-05
0 5 2.030276425396653e-10
0 6 -2.522047316592395e-06
0 7 -1.046311710401319e-10
0 8 -2.468529126721431e-05
0 9 -1.550661338950705e-10
0 10 -8.63419617617877e-05
0 11 3.377663066334235e-05
0 12 1.845150271640245e-09
0 13 0.0003209409999909306
0 14 0.0001885788570985803
0 15 2.358207033854967e-05
1 0 -1.685609442086947e-05
1 1 1.987252092940671
1 2 -8.007102458424798e-05
1 3 -0.001916784417081431
1 4 0.002275429734036819
1 5 1.316244278652496e-08
1 6 0.001692578981644478
1 7 -4.454310528293428e-09
1 8 0.001360443536369986
1 9 1.371157736657134e-09
1 10 -0.005004161748550651
1 11 0.002410986228392432
1 12 4.068685063362146e-08
1 13 -7.76831611249572e-05
1 14 -0.0007387998875213834
1 15 -0.003370770735473926
2 0 -8.770074302388609e-05
2 1 -8.007102458424653e-05
2 2 1.98453628265089
2 3 0.001389332780804084
2 4 -0.0005279022981722045
2 5 -3.638948963659532e-10
2 6 -0.0008136731757564714
2 7 -8.835022354947952e-09
2 8 -0.003051067737118686
2 9 3.743842309411515e-10
2 10 0.001661301969568507
2 11 -0.002846778636490578
2 12 -2.475463031597158e-08
2 13 -0.00308934870902434
2 14 -0.001841395782066796
2 15 0.004123339287590233
3 0 -1.276503997858909e-06
3 1 -0.001916784417081437
3 2 0.001389332780804087
3 3 1.978866751856058
3 4 -0.002168514602035522
3 5 -6.76206875173756e-09
3 6 -0.00139355960417834
3 7 7.787344398614359e-09
3 8 0.0004719522446557261
3 9 1.403418667941265e-08
3 10 0.0004447295550551973
3 11 -0.0007124271595595672
3 12 7.281417791069623e-08
3 13 0.001585057374927414
3 14 -0.007000510658579798
3 15 -0.006347525479601568
4 0 -2.673269014829701e-05
4 1 0.002275429734036806
4 2 -0.0005279022981721979
4 3 -0.002168514602035515
4 4 1.978541085636891
4 5 1.898374804770904e-08
4 6 0.001630091062651498
4 7 6.056748255645535e-08
4 8 0.00844541848591533
4 9 -3.847298362787602e-08
4 10 -0.001277726864368094
4 11 0.009284188882323383
4 12 1.965899474544087e-08
4 13 -0.001196878412904895
4 14 0.006832987449277511
4 15 -0.007576459496378011
5 0 2.030276425396613e-10
5 1 1.316244278652487e-08
5 2 -3.638948963665653e-10
5 3 -6.762068751737307e-09
5 4 1.898374804770912e-08
5 5 1.970077649848456
5 6 1.515020668391e-08
5 7 -0.01919648964288155
5 8 6.952692595176842e-08
5 9 0.005512261602968535
5 10 -2.812548601137883e-08
5 11 8.857875192082177e-08
5 12 -0.003290341659154909
5 13 3.016620495340583e-08
5 14 1.299850777082594e-08
5 15 -3.926544789727869e-08
6 0 -2.522047316592371e-06
6 1 0.001692578981644459
6 2 -0.0008136731757564769
6 3 -0.001393559604178369
6 4 0.001630091062651506
6 5 1.515020668391031e-08
6 6 1.975101208882268
6 7 1.858358820126543e-08
6 8 0.0007521370699869632
6 9 -1.542062502214904e-08
6 10 0.0004808051677748409
6 11 0.0053206687992887
6 12 -1.414508045397091e-08
6 13 -0.001693480220880292
6 14 0.002994155282905198
6 15 0.00607625884190671
7 0 -1.046311710401321e-10
7 1 -4.454310528293103e-09
7 2 -8.835022354948263e-09
7 3 7.787344398614287e-09
7 4 6.056748255645437e-08
7 5 -0.01919648964288174
7 6 1.858358820126666e-08
7 7 1.895429069730961
7 8 2.03317166753379e-08
7 9 0.02230192950764087
7 10 -1.546845565635158e-08
7 11 1.427504036233297e-09
7 12 -0.001697015613541087
7 13 1.773332365967683e-08
7 14 -2.367679294571084e-08
7 15 1.638290764692867e-08
8 0 -2.468529126721462e-05
8 1 0.001360443536369973
8 2 -0.003051067737118685
8 3 0.0004719522446557248
8 4 0.008445418485915358
8 5 6.952692595176897e-08
8 6 0.0007521370699869686
8 7 2.033171667533789e-08
8 8 1.982364334487074
8 9 -4.269491976278901e-08
8 10 -0.006846105145328379
8 11 0.01996050291384485
8 12 -1.154643229267215e-07
8 13 -0.005937443920030245
8 14 0.02487672131434164
8 15 -0.0005927931305341786
9 0 -1.550661338950693e-10
9 1 1.371157736657146e-09
9 2 3.743842309411504e-10
9 3 1.40341866794126e-08
9 4 -3.84729836278759e-08
9 5 0.005512261602968464
9 6 -1.542062502214902e-08
9 7 0.02230192950764139
9 8 -4.26949197627896e-08
9 9 0.1103081706505924
9 10 -6.746587118485423e-08
9 11 6.335481002000267e-08
9 12 -0.007826560944636372
9 13 8.755027276149958e-08
9 14 -9.390094655458853e-08
9 15 3.011468213194518e-10
10 0 -8.634196176178751e-05
10 1 -0.005004161748550664
10 2 0.001661301969568542
10 3 0.0004447295550552028
10 4 -0.00127772686436805
10 5 -2.812548601137864e-08
10 6 0.0004808051677748405
10 7 -1.54684556563516e-08
10 8 -0.006846105145328336
10 9 -6.746587118485417e-08
10 10 0.02513839192665467
10 11 -0.002935788106849843
10 12 5.332617422260462e-08
10 13 0.001354567957759147
10 14 -0.004460292382867274
10 15 0.0007542277597800539
11 0 3.377663066334224e-05
11 1 0.002410986228392454
11 2 -0.002846778636490578
11 3 -0.0007124271595595433
11 4 0.009284188882323418
11 5 8.857875192082205e-08
11 6 0.005320668799288664
11 7 1.427504036233377e-09
11 8 0.0199605029138449
11 9 6.335481002000213e-08
11 10 -0.002935788106849845
11 11 0.02711121639059411
11 12 4.694664806440254e-09
11 13 7.43680695112017e-06
11 14 0.001523691642905445
11 15 -0.001813873521267428
12 0 1.845150271640247e-09
12 1 4.068685063362143e-08
12 2 -2.475463031597156e-08
12 3 7.281417791069699e-08
12 4 1.965899474544096e-08
12 5 -0.003290341659154882
12 6 -1.414508045397106e-08
12 7 -0.001697015613541054
12 8 -1.154643229267211e-07
12 9 -0.007826560944636261
12 10 5.332617422260486e-08
12 11 4.69466480643963e-09
12 12 0.02388496307370036
12 13 -2.493177103463734e-08
12 14 3.597322837714211e-08
12 15 -3.224219153397034e-09
13 0 0.000320940999990932
13 1 -7.768316112495509e-05
13 2 -0.003089348709024355
13 3 0.001585057374927399
13 4 -0.001196878412904891
13 5 3.016620495340578e-08
13 6 -0.00169348022088029
13 7 1.773332365967718e-08
13 8 -0.005937443920030221
13 9 8.755027276149959e-08
13 10 0.001354567957759158
13 11 7.436806951144294e-06
13 12 -2.493177103463725e-08
13 13 0.02071905704889715
13 14 0.0001824350344947495
13 15 3.098640880515441e-05
14 0 0.0001885788570985775
14 1 -0.0007387998875213739
14 2 -0.001841395782066789
14 3 -0.007000510658579821
14 4 0.006832987449277407
14 5 1.299850777082454e-08
14 6 0.002994155282905272
14 7 -2.367679294571078e-08
14 8 0.02487672131434168
14 9 -9.390094655458857e-08
14 10 -0.004460292382867229
14 11 0.001523691642905474
14 12 3.597322837714222e-08
14 13 0.0001824350344947329
14 14 0.02082318120243763
14 15 -0.001363244794181578
15 0 2.358207033854917e-05
15 1 -0.003370770735473907
15 2 0.004123339287590214
15 3 -0.006347525479601594
15 4 -0.007576459496378022
15 5 -3.926544789727851e-08
15 6 0.006076258841906735
15 7 1.63829076469288e-08
15 8 -0.0005927931305341694
15 9 3.011468213194906e-10
15 10 0.0007542277597800561
15 11 -0.001813873521267482
15 12 -3.224219153397086e-09
15 13 3.09864088051539e-05
15 14 -0.001363244794181564
15 15 0.01988125872400562
