 &FCI NORB=   8,NELEC= 8,MS2=0,
  ORBSYM=1,1,1,1,1,1,1,1
  ISYM=1,
 &END
 0.5195500521397671    1    1    1    1
 0.02708067788467215    2    1    1    1
 0.08882138817321437    2    1    2    1
 0.4634246852024167    2    2    1    1
 -0.07784736459182141    2    2    2    1
 0.5845643765007087    2    2    2    2
 -0.003242150697208767    3    1    1    1
 -0.002963110688174819    3    1    2    1
 -0.01089219113353849    3    1    2    2
 0.1144660277730508    3    1    3    1
 -0.001723777393585191    3    2    1    1
 -0.01068727934305325    3    2    2    1
 0.01071106574487725    3    2    2    2
 0.02060516879545789    3    2    3    1
 0.02235465658279015    3    2    3    2
 0.493804808805375    3    3    1    1
 0.0271609204382432    3    3    2    1
 0.4211299991775613    3    3    2    2
 0.052478919908465    3    3    3    1
 0.01035137689024327    3    3    3    2
 0.5398246873905128    3    3    3    3
 -0.004712846684267409    4    1    1    1
 -0.004109140147251947    4    1    2    1
 -0.01410797666752324    4    1    2    2
 0.001952753104138556    4    1    3    1
 0.005773187868545703    4    1    3    2
 -0.02459057528789169    4    1    3    3
 0.1107840687416203    4    1    4    1
 -0.004449074336136345    4    2    1    1
 -0.01334216670930887    4    2    2    1
 0.01062547259780854    4    2    2    2
 0.005795965959855254    4    2    3    1
 0.005064441835372636    4    2    3    2
 -0.00974094063602742    4    2    3    3
 0.01936516752302427    4    2    4    1
 0.02202740291962632    4    2    4    2
 0.001999532351518338    4    3    1    1
 0.006148923249549336    4    3    2    1
 0.004008423495339451    4    3    2    2
 -0.02287964479390973    4    3    3    1
 -0.009601677063184006    4    3    3    2
 -0.003710460791702405    4    3    3    3
 -0.03334510720558194    4    3    4    1
 -0.0119409229414283    4    3    4    2
 0.0340238656023947    4    3    4    3
 0.4863337851594151    4    4    1    1
 0.02642149755337643    4    4    2    1
 0.4156905657223486    4    4    2    2
 -0.03460979533369475    4    4    3    1
 -0.01086045651514029    4    4    3    2
 0.4309206978334653    4    4    3    3
 0.03750707438310641    4    4    4    1
 0.002804923023006313    4    4    4    2
 -0.005901632216169713    4    4    4    3
 0.5192673755823626    4    4    4    4
 0.01589032372226975    5    1    1    1
 0.006687227003896594    5    1    2    1
 0.01716549392068495    5    1    2    2
 0.005199427159045918    5    1    3    1
 -0.006149502356757144    5    1    3    2
 0.01117454872423654    5    1    3    3
 0.01735713199695082    5    1    4    1
 -0.01185658693500333    5    1    4    2
 0.01341525974134301    5    1    4    3
 0.004255124763542313    5    1    4    4
 0.04916290314967237    5    1    5    1
 0.01507961585557075    5    2    1    1
 0.02053164435454005    5    2    2    1
 -0.007725564241838958    5    2    2    2
 -0.01430193962056805    5    2    3    1
 -0.003873776522793135    5    2    3    2
 0.01155577321662603    5    2    3    3
 -0.0277403742764701    5    2    4    1
 -0.0002192106622515248    5    2    4    2
 0.01434599724485242    5    2    4    3
 0.006093747866100343    5    2    4    4
 -9.496311415655527e-05    5    2    5    1
 0.02693464855999418    5    2    5    2
 0.02424777933924991    5    3    1    1
 -0.01383244937186315    5    3    2    1
 0.02798661292141143    5    3    2    2
 -0.002444238447456532    5    3    3    1
 0.002639944581503243    5    3    3    2
 0.006475546641160478    5    3    3    3
 0.03364331184275939    5    3    4    1
 0.01160034972474193    5    3    4    2
 -0.002820286112041304    5    3    4    3
 0.03418632183994067    5    3    4    4
 0.003487533545912478    5    3    5    1
 -0.008906846215600494    5    3    5    2
 0.03749099399227146    5    3    5    3
 0.07132246071889881    5    4    1    1
 -0.02613940331053555    5    4    2    1
 0.08293681258683487    5    4    2    2
 0.03413591248303331    5    4    3    1
 0.01234969492786349    5    4    3    2
 0.07565317835059225    5    4    3    3
 -0.02283461739103453    5    4    4    1
 -0.0005767089553480436    5    4    4    2
 0.004970472471557454    5    4    4    3
 0.03188679689241727    5    4    4    4
 0.01617513757151319    5    4    5    1
 0.003585091735106759    5    4    5    2
 0.0123952828605901    5    4    5    3
 0.1015098832919108    5    4    5    4
 0.4908439183014378    5    5    1    1
 0.01421896622504526    5    5    2    1
 0.4344076703077295    5    5    2    2
 -0.005937122308417995    5    5    3    1
 -0.006094655103682481    5    5    3    2
 0.4525002108285088    5    5    3    3
 0.03357657291488664    5    5    4    1
 0.003997249591972349    5    5    4    2
 -0.001691402918632624    5    5    4    3
 0.5030121347735591    5    5    4    4
 0.01585654362451121    5    5    5    1
 0.00471264899814723    5    5    5    2
 0.04432252443510661    5    5    5    3
 0.05500983124938488    5    5    5    4
 0.526503880218159    5    5    5    5
 0.01570699172504269    6    1    1    1
 0.02807525436177931    6    1    2    1
 0.01147411486406229    6    1    2    2
 -1.722172757861733e-05    6    1    3    1
 0.005691412917258255    6    1    3    2
 4.16324063920662e-05    6    1    3    3
 0.0003305354973004566    6    1    4    1
 0.005494643976258092    6    1    4    2
 -0.003914418843016055    6    1    4    3
 -0.001911248657814661    6    1    4    4
 0.0006661228207468146    6    1    5    1
 0.00506266235853399    6    1    5    2
 9.178645615616962e-05    6    1    5    3
 0.0003189272068935985    6    1    5    4
 -0.006375178404075194    6    1    5    5
 0.04609730046652926    6    1    6    1
 0.0908232275099087    6    2    1    1
 0.04052775508509341    6    2    2    1
 0.003855937177057502    6    2    2    2
 0.01544741414395859    6    2    3    1
 -0.005688730423337732    6    2    3    2
 0.08303028747952811    6    2    3    3
 0.01573370001184937    6    2    4    1
 -0.007183462009787302    6    2    4    2
 -0.007774936399253014    6    2    4    3
 0.07861539280719319    6    2    4    4
 0.009455135234807073    6    2    5    1
 0.01132867146622453    6    2    5    2
 0.01751850105369289    6    2    5    3
 0.03659073450556078    6    2    5    4
 0.09017596430653121    6    2    5    5
 -0.005383069149737409    6    2    6    1
 0.1257042235477162    6    2    6    2
 -0.005744706341256783    6    3    1    1
 0.01496996015599681    6    3    2    1
 -0.01924669352057973    6    3    2    2
 -0.02194228358876063    6    3    3    1
 0.001953218372674639    6    3    3    2
 -0.01476414127982593    6    3    3    3
 -0.009487170309225093    6    3    4    1
 -0.006875699064991448    6    3    4    2
 0.009648049288117097    6    3    4    3
 0.003782224361214143    6    3    4    4
 -0.0002853516973207176    6    3    5    1
 0.01125550260499461    6    3    5    2
 -0.007455239355371128    6    3    5    3
 -0.01642208211108054    6    3    5    4
 -0.005433434482962621    6    3    5    5
 -1.589682306804505e-05    6    3    6    1
 -0.003382778270110493    6    3    6    2
 0.02172840108313224    6    3    6    3
 -0.004319050526557835    6    4    1    1
 0.01614758625315211    6    4    2    1
 -0.01917006934702029    6    4    2    2
 -0.009615082690740816    6    4    3    1
 -0.0070294734892774    6    4    3    2
 0.0009561306795511989    6    4    3    3
 -0.02586289566348668    6    4    4    1
 -7.878148413663274e-05    6    4    4    2
 0.01346909802643421    6    4    4    3
 -0.0105035926321916    6    4    4    4
 -0.0004348595935744961    6    4    5    1
 0.01952623300049878    6    4    5    2
 -0.01427139158523738    6    4    5    3
 -0.00722493349313401    6    4    5    4
 -0.0136531009580229    6    4    5    5
 -0.0002357291220410907    6    4    6    1
 -0.002400916217369567    6    4    6    2
 0.008669073857461209    6    4    6    3
 0.02442105530083375    6    4    6    4
 -0.006942138891598741    6    5    1    1
 -0.000800211324820729    6    5    2    1
 0.003418067538742348    6    5    2    2
 0.003466619678266461    6    5    3    1
 0.00928829825854469    6    5    3    2
 -0.0107815808839339    6    5    3    3
 0.006718096781280794    6    5    4    1
 0.0162602371751894    6    5    4    2
 -0.01151866550985639    6    5    4    3
 -0.008495329053377888    6    5    4    4
 -0.01553358934405887    6    5    5    1
 0.004042559398674954    6    5    5    2
 0.003367341612220334    6    5    5    3
 -0.00548857926114016    6    5    5    4
 -0.01120453072581053    6    5    5    5
 0.01792683345878379    6    5    6    1
 -0.01074829199420091    6    5    6    2
 -0.001116080313253293    6    5    6    3
 0.002094813583120669    6    5    6    4
 0.02495476649165522    6    5    6    5
 0.4756208138735666    6    6    1    1
 -0.03878362802710663    6    6    2    1
 0.5446635101120787    6    6    2    2
 -0.008200125623707664    6    6    3    1
 0.002917267202809934    6    6    3    2
 0.4326789818402318    6    6    3    3
 -0.009151881385821601    6    6    4    1
 0.002792338317867605    6    6    4    2
 0.00728218555876143    6    6    4    3
 0.4303901716488541    6    6    4    4
 0.02933495239762041    6    6    5    1
 -0.002601830106328131    6    6    5    2
 0.02896118988612263    6    6    5    3
 0.0835456969535254    6    6    5    4
 0.4516674437376954    6    6    5    5
 0.02229107775610883    6    6    6    1
 0.02744680799607664    6    6    6    2
 -0.01724317203292376    6    6    6    3
 -0.01636186260457845    6    6    6    4
 -0.001932099970514603    6    6    6    5
 0.5515678456307788    6    6    6    6
 -0.01524268898043062    7    1    1    1
 -0.001870228322628261    7    1    2    1
 -0.01425865102717564    7    1    2    2
 -0.01581426611366067    7    1    3    1
 0.01127185182900488    7    1    3    2
 0.006036281457733514    7    1    3    3
 0.008802175648132493    7    1    4    1
 -0.004373560257227245    7    1    4    2
 -0.002454171759963919    7    1    4    3
 -0.02397391290144828    7    1    4    4
 -0.0005469942920521791    7    1    5    1
 -0.002991820985055442    7    1    5    2
 -0.01193100947167529    7    1    5    3
 -0.003407502666473025    7    1    5    4
 -0.02927814343638004    7    1    5    5
 -0.001331562574934082    7    1    6    1
 -0.01149073453872571    7    1    6    2
 0.002691843995928884    7    1    6    3
 -0.0004180912249600388    7    1    6    4
 0.0009338173374092871    7    1    6    5
 -0.02059656979970237    7    1    6    6
 0.04863755048369668    7    1    7    1
 -0.002669122153967194    7    2    1    1
 -0.006325390355954663    7    2    2    1
 0.0004506975088187967    7    2    2    2
 0.02723335204682007    7    2    3    1
 -0.004281064016457264    7    2    3    2
 0.01688026737469664    7    2    3    3
 -0.01071151077680113    7    2    4    1
 0.004228505882895137    7    2    4    2
 -0.00277111610459908    7    2    4    3
 -0.01349131333482737    7    2    4    4
 -0.002573232665012052    7    2    5    1
 -0.001361580880294741    7    2    5    2
 -0.006217494753065052    7    2    5    3
 0.01190495905163661    7    2    5    4
 -0.006044196420219189    7    2    5    5
 -0.006491090745499022    7    2    6    1
 0.001270509103963885    7    2    6    2
 -0.01288284890274154    7    2    6    3
 0.003781879968323078    7    2    6    4
 -0.0004787576898139056    7    2    6    5
 -0.001923894375444217    7    2    6    6
 -0.00246210183222749    7    2    7    1
 0.02155435224693654    7    2    7    2
 -0.0694528432762499    7    3    1    1
 0.02493358003816092    7    3    2    1
 -0.08610640538276888    7    3    2    2
 0.0476502147055235    7    3    3    1
 0.01256758819367709    7    3    3    2
 -0.0212312866200341    7    3    3    3
 -0.005424500763303589    7    3    4    1
 -0.002918845461389364    7    3    4    2
 -0.007474867120694393    7    3    4    3
 -0.06900439564000811    7    3    4    4
 -0.01432526245989309    7    3    5    1
 -0.006423610911075464    7    3    5    2
 -0.035275120865003    7    3    5    3
 -0.03369793044361895    7    3    5    4
 -0.07085237037412859    7    3    5    5
 0.002354471431547339    7    3    6    1
 -0.02930192257580518    7    3    6    2
 0.0008644766738924718    7    3    6    3
 0.006017179059423772    7    3    6    4
 0.005659933183277731    7    3    6    5
 -0.0902623031024278    7    3    6    6
 0.02733826276729141    7    3    7    1
 0.01651407976003048    7    3    7    2
 0.1152520220385804    7    3    7    3
 0.03566504014081244    7    4    1    1
 -0.009913635444959717    7    4    2    1
 0.04345875467350773    7    4    2    2
 -0.004722046196719528    7    4    3    1
 -0.001641081423788492    7    4    3    2
 0.02801801444980566    7    4    3    3
 -0.03106077579532073    7    4    4    1
 -0.006601573305887378    7    4    4    2
 0.003346367510334713    7    4    4    3
 0.01820367824867906    7    4    4    4
 0.002496817416513591    7    4    5    1
 0.009422383633680736    7    4    5    2
 -0.006949389753061176    7    4    5    3
 0.03791379221772938    7    4    5    4
 0.01728528534381652    7    4    5    5
 -0.0004777374989722076    7    4    6    1
 0.01262922313377245    7    4    6    2
 -0.0002351987947638642    7    4    6    3
 0.002841114689479651    7    4    6    4
 -0.004497417249623852    7    4    6    5
 0.04335704907567399    7    4    6    6
 -0.006872244821143478    7    4    7    1
 0.001644234626098498    7    4    7    2
 -0.03168440502465349    7    4    7    3
 0.03427734576633332    7    4    7    4
 0.003378788179080734    7    5    1    1
 -0.004390955694288082    7    5    2    1
 0.005756363582763126    7    5    2    2
 -0.02920786814485545    7    5    3    1
 -0.007066894915510153    7    5    3    2
 -0.03129443172157387    7    5    3    3
 0.01413726068325242    7    5    4    1
 0.008521842055467766    7    5    4    2
 -0.00993082062673635    7    5    4    3
 0.03526906067555254    7    5    4    4
 -0.01715620327370378    7    5    5    1
 -0.00203873265311818    7    5    5    2
 0.00705756827864941    7    5    5    3
 -0.016794867422024    7    5    5    4
 0.01988681575063619    7    5    5    5
 0.0004711624432368271    7    5    6    1
 -0.0003711888267645619    7    5    6    2
 0.004632864707823893    7    5    6    3
 -0.004170186085401702    7    5    6    4
 0.006418180510400104    7    5    6    5
 0.003702288789250784    7    5    6    6
 -0.01567685611221182    7    5    7    1
 -0.009317190116345108    7    5    7    2
 -0.0247469310031529    7    5    7    3
 0.004787974641706718    7    5    7    4
 0.03768356468796283    7    5    7    5
 0.001800458200263696    7    6    1    1
 -0.01151155789248993    7    6    2    1
 0.01173267109323269    7    6    2    2
 0.0008256642671205634    7    6    3    1
 -0.009617263723413561    7    6    3    2
 0.0005252284276259624    7    6    3    3
 0.0005880592891795702    7    6    4    1
 0.004977719479327198    7    6    4    2
 0.0008124130302649545    7    6    4    3
 0.004656585209630342    7    6    4    4
 0.0005124677239126034    7    6    5    1
 -0.001772941041781898    7    6    5    2
 0.004933495983483065    7    6    5    3
 0.0009797539875250386    7    6    5    4
 0.008738994653090942    7    6    5    5
 -0.00867696157762783    7    6    6    1
 -0.001663926903993189    7    6    6    2
 -0.01026901477194181    7    6    6    3
 0.002064484134091931    7    6    6    4
 -0.001956314834598311    7    6    6    5
 0.009672969363150746    7    6    6    6
 -0.009753080494342502    7    6    7    1
 0.01039397514386699    7    6    7    2
 -0.01166172365187517    7    6    7    3
 0.0008069980833939382    7    6    7    4
 0.003389556403516789    7    6    7    5
 0.01565021817315464    7    6    7    6
 0.493207789921417    7    7    1    1
 0.01084832989627282    7    7    2    1
 0.4333372031228492    7    7    2    2
 0.06409722847356618    7    7    3    1
 0.01931886405345415    7    7    3    2
 0.5346682309864659    7    7    3    3
 -0.009070781795703569    7    7    4    1
 9.976178057440593e-05    7    7    4    2
 -0.0255423700830116    7    7    4    3
 0.4387229377372652    7    7    4    4
 -0.004276930455617433    7    7    5    1
 0.002084742844612404    7    7    5    2
 0.008856087845830985    7    7    5    3
 0.08831811172856266    7    7    5    4
 0.4657827743631428    7    7    5    5
 -0.0009100123850198137    7    7    6    1
 0.09603394490165272    7    7    6    2
 -0.02267816222771587    7    7    6    3
 -0.009936097579930641    7    7    6    4
 -0.002502902986156767    7    7    6    5
 0.4422230336792254    7    7    6    6
 0.005924097460004707    7    7    7    1
 0.02083312630548713    7    7    7    2
 -0.02007824238022096    7    7    7    3
 0.03458176371595368    7    7    7    4
 -0.02140690838385488    7    7    7    5
 -0.0001672186878529648    7    7    7    6
 0.5768819567484263    7    7    7    7
 0.08132051549564143    8    1    1    1
 -0.003064930053435761    8    1    2    1
 0.0651486623142368    8    1    2    2
 -0.005312772000388278    8    1    3    1
 0.004509272008792277    8    1    3    2
 0.0646332575190737    8    1    3    3
 -0.001013307577493419    8    1    4    1
 0.003008315830170105    8    1    4    2
 -0.004190332518697459    8    1    4    3
 0.05834230917636716    8    1    4    4
 0.001145520048806885    8    1    5    1
 0.006529940706371706    8    1    5    2
 0.021443370971147    8    1    5    3
 0.05790685829960231    8    1    5    4
 0.06746632699732598    8    1    5    5
 0.009573322556955789    8    1    6    1
 0.05748271230462437    8    1    6    2
 -0.008792985412952451    8    1    6    3
 -0.007947588629983208    8    1    6    4
 0.002245517479015685    8    1    6    5
 0.07177843190614613    8    1    6    6
 -0.002388031337543207    8    1    7    1
 -0.002970228388763671    8    1    7    2
 -0.05389057361540551    8    1    7    3
 0.02711390509725057    8    1    7    4
 0.003578390800536466    8    1    7    5
 -0.0004948833964461761    8    1    7    6
 0.07870048749660001    8    1    7    7
 0.06396183528321603    8    1    8    1
 -0.01719550808175166    8    2    1    1
 -0.00922511622259708    8    2    2    1
 0.02487197456316526    8    2    2    2
 0.008792790091082518    8    2    3    1
 0.005345571215863872    8    2    3    2
 -0.02539191476969246    8    2    3    3
 0.005436096640079765    8    2    4    1
 0.008191080944403325    8    2    4    2
 -0.005655117905227742    8    2    4    3
 -0.02910227308276364    8    2    4    4
 0.003626657707074257    8    2    5    1
 -0.01133873890002401    8    2    5    2
 0.002696853677844344    8    2    5    3
 0.003200989807367131    8    2    5    4
 -0.03065037940181963    8    2    5    5
 0.03249043256478398    8    2    6    1
 -0.04357822050554026    8    2    6    2
 -0.01032056143638266    8    2    6    3
 -0.009078808924193313    8    2    6    4
 0.01475775490199684    8    2    6    5
 0.02474727549761253    8    2    6    6
 -0.002028506069803511    8    2    7    1
 0.0006560339381817704    8    2    7    2
 0.002806919181442861    8    2    7    3
 -0.002003633254864803    8    2    7    4
 -0.001072197122678461    8    2    7    5
 -0.0006832765002701955    8    2    7    6
 -0.02633349573212223    8    2    7    7
 -0.00543146231857214    8    2    8    1
 0.04660709336013209    8    2    8    2
 -0.02358747308724482    8    3    1    1
 0.00769179566030312    8    3    2    1
 -0.02043770643767526    8    3    2    2
 1.529290634965178e-05    8    3    3    1
 -0.0131167772264234    8    3    3    2
 -0.03501337570696263    8    3    3    3
 -0.008672042745879276    8    3    4    1
 -0.005079817331200789    8    3    4    2
 0.01084908384192217    8    3    4    3
 -0.006676809102743644    8    3    4    4
 0.01081907336685439    8    3    5    1
 0.004030055458866558    8    3    5    2
 -0.006612112230481752    8    3    5    3
 -0.0254604139146838    8    3    5    4
 -0.009580467201947116    8    3    5    5
 -0.006116543480978513    8    3    6    1
 -0.01719696503970855    8    3    6    2
 0.009061865013248523    8    3    6    3
 0.008763117945651395    8    3    6    4
 -0.008035390206414895    8    3    6    5
 -0.01453755486066029    8    3    6    6
 -0.02879719904580076    8    3    7    1
 -0.001208644053392094    8    3    7    2
 -0.0005026223892827368    8    3    7    3
 -0.003718686940865202    8    3    7    4
 0.008501069050025184    8    3    7    5
 0.005915170486439116    8    3    7    6
 -0.04909258589460527    8    3    7    7
 -0.02909145640494865    8    3    8    1
 -0.001138482302513016    8    3    8    2
 0.03921381470358243    8    3    8    3
 -0.005269183158383841    8    4    1    1
 0.005520331709172792    8    4    2    1
 0.0001391697939869699    8    4    2    2
 -0.008800431747377825    8    4    3    1
 -0.005333489174970351    8    4    3    2
 0.003555039169117107    8    4    3    3
 -0.01404495687113604    8    4    4    1
 -0.01600095200201768    8    4    4    2
 0.0181030717484038    8    4    4    3
 -0.02135841273777966    8    4    4    4
 0.0340597362566501    8    4    5    1
 0.008494530962597913    8    4    5    2
 -0.01938283314881846    8    4    5    3
 0.007498935588091841    8    4    5    4
 -0.02166249862571692    8    4    5    5
 -0.004852825963583516    8    4    6    1
 -0.01130190315765148    8    4    6    2
 0.008052574430303473    8    4    6    3
 0.01328551529828511    8    4    6    4
 -0.01653053587155453    8    4    6    5
 0.006555888017545549    8    4    6    6
 0.01570758412900219    8    4    7    1
 -0.0002836359994299663    8    4    7    2
 0.002844286702212402    8    4    7    3
 0.008740857497295612    8    4    7    4
 -0.01988744908962195    8    4    7    5
 -0.00326530608899106    8    4    7    6
 -0.01376343708703785    8    4    7    7
 -0.01032618385223389    8    4    8    1
 -0.002358195185740968    8    4    8    2
 0.008059122642617447    8    4    8    3
 0.04624775957139823    8    4    8    4
 -0.01479935691291872    8    5    1    1
 0.00771821041346889    8    5    2    1
 -0.03510423066437765    8    5    2    2
 0.02726807490209458    8    5    3    1
 0.007424073320555081    8    5    3    2
 -0.0153714679049008    8    5    3    3
 0.08033925844326952    8    5    4    1
 0.01387031597019194    8    5    4    2
 -0.03408995311701344    8    5    4    3
 0.01339965693401019    8    5    4    4
 0.005666133863484603    8    5    5    1
 -0.02631099128367405    8    5    5    2
 0.02116826303708921    8    5    5    3
 -0.02553761703301966    8    5    5    4
 0.014641726569946    8    5    5    5
 0.004184269779936333    8    5    6    1
 0.01817887255374116    8    5    6    2
 -0.01161805074434542    8    5    6    3
 -0.02407282185498751    8    5    6    4
 0.008913745228220466    8    5    6    5
 -0.02934031051980959    8    5    6    6
 0.00279500820240165    8    5    7    1
 -0.002100213556036551    8    5    7    2
 0.01909297235189544    8    5    7    3
 -0.03096367797628156    8    5    7    4
 0.008043245278039257    8    5    7    5
 -0.00102972732956627    8    5    7    6
 0.0013693344796724    8    5    7    7
 -0.008660218872025897    8    5    8    1
 0.006231964004540748    8    5    8    2
 -0.005041089586663141    8    5    8    3
 -0.02039436694711299    8    5    8    4
 0.08048795967584328    8    5    8    5
 0.01732377630463358    8    6    1    1
 0.08139044316046389    8    6    2    1
 -0.08804019834467233    8    6    2    2
 -0.01642581737410418    8    6    3    1
 -0.01800816136258663    8    6    3    2
 0.0167267267679486    8    6    3    3
 -0.0127819857489828    8    6    4    1
 -0.01737838849621162    8    6    4    2
 0.01336302314420923    8    6    4    3
 0.02474792270798332    8    6    4    4
 0.005083660638244501    8    6    5    1
 0.02524415315866691    8    6    5    2
 -0.01613026228686313    8    6    5    3
 -0.03100080596473627    8    6    5    4
 0.01202196120155303    8    6    5    5
 0.01131609360094681    8    6    6    1
 0.05020420230706674    8    6    6    2
 0.01932651938301349    8    6    6    3
 0.02257400675118008    8    6    6    4
 -0.01013361123518074    8    6    6    5
 -0.0564637159427505    8    6    6    6
 -0.00297871972281073    8    6    7    1
 -0.005737912762662119    8    6    7    2
 0.01701016066025562    8    6    7    3
 -0.007001697223756992    8    6    7    4
 -0.001242502171640037    8    6    7    5
 -0.007963349455077397    8    6    7    6
 -0.001804145270692993    8    6    7    7
 -0.004893082876235571    8    6    8    1
 -0.02645196158112266    8    6    8    2
 0.01388662070028568    8    6    8    3
 0.01007089249946393    8    6    8    4
 -0.002417834661505319    8    6    8    5
 0.0976267152806214    8    6    8    6
 0.01173940099065421    8    7    1    1
 -0.004312692924090975    8    7    2    1
 0.01343520723758118    8    7    2    2
 -0.06535318970541656    8    7    3    1
 -0.006807200257623667    8    7    3    2
 -0.02209825696567954    8    7    3    3
 0.03510633832383087    8    7    4    1
 0.002389814900072455    8    7    4    2
 0.0008361301275386883    8    7    4    3
 0.03751204909666289    8    7    4    4
 0.002580818711020964    8    7    5    1
 -0.00144522769513998    8    7    5    2
 0.01765338879679254    8    7    5    3
 -0.02452221713189975    8    7    5    4
 0.02424459775690317    8    7    5    5
 -0.002080635537691449    8    7    6    1
 0.0006822701925064641    8    7    6    2
 0.010078584043775    8    7    6    3
 -0.005596117919718724    8    7    6    4
 -0.0002495610365369082    8    7    6    5
 0.01188667458244816    8    7    6    6
 0.01590206914989318    8    7    7    1
 -0.02216253416953518    8    7    7    2
 -0.04260004169722031    8    7    7    3
 -0.005561806827634299    8    7    7    4
 0.02092035934581106    8    7    7    5
 -0.0009208473573782908    8    7    7    6
 -0.02737234037021973    8    7    7    7
 0.01079910713795686    8    7    8    1
 -0.006146320649717043    8    7    8    2
 -0.009899705210858286    8    7    8    3
 4.822119567733976e-05    8    7    8    4
 0.01073959111577502    8    7    8    5
 0.0009430836183093502    8    7    8    6
 0.06070360133941308    8    7    8    7
 0.4646199835073255    8    8    1    1
 0.0006945155070081354    8    8    2    1
 0.4548048650956601    8    8    2    2
 -0.05183623737465602    8    8    3    1
 -0.007129294697724347    8    8    3    2
 0.4293656872672675    8    8    3    3
 -0.01954893294990573    8    8    4    1
 -0.005588999507084676    8    8    4    2
 0.01565009486445037    8    8    4    3
 0.4519488370847791    8    8    4    4
 0.005198454655958457    8    8    5    1
 0.01714056051291402    8    8    5    2
 0.0168825629467035    8    8    5    3
 0.04226923321818935    8    8    5    4
 0.4560360382546173    8    8    5    5
 0.002617193666562778    8    8    6    1
 0.04209798441632169    8    8    6    2
 0.007044955718380706    8    8    6    3
 0.003244792859870098    8    8    6    4
 -0.008222024935319604    8    8    6    5
 0.4647905672151502    8    8    6    6
 -0.004220216558406192    8    8    7    1
 -0.01158387941484882    8    8    7    2
 -0.07860715294726558    8    8    7    3
 0.03451484713616956    8    8    7    4
 0.0153029465498561    8    8    7    5
 0.003697816568850572    8    8    7    6
 0.431635505799732    8    8    7    7
 0.06061561167888002    8    8    8    1
 -0.01785348504794032    8    8    8    2
 -0.01546684663640499    8    8    8    3
 0.002908927956903003    8    8    8    4
 -0.04026742415621658    8    8    8    5
 0.00437823589561072    8    8    8    6
 0.037448782792042    8    8    8    7
 0.4773162544944365    8    8    8    8
 -4.166560400885849    1    1  0  0
 -0.01642781295760795    2    1  0  0
 -3.589061043209548    2    2  0  0
 -0.002265182825424717    3    1  0  0
 -0.01079800844727284    3    2  0  0
 -3.561859054630335    3    3  0  0
 0.008381064708772146    4    1  0  0
 0.001238817113076714    4    2  0  0
 0.004613376253667609    4    3  0  0
 -3.509421280294074    4    4  0  0
 -0.08582785899040643    5    1  0  0
 -0.04898225529344646    5    2  0  0
 -0.1730208807725053    5    3  0  0
 -0.477393980413448    5    4  0  0
 -2.865744386554332    5    5  0  0
 -0.04219340844909113    6    1  0  0
 -0.478844082243952    6    2  0  0
 0.06494562556722423    6    3  0  0
 0.05836470374767029    6    4  0  0
 0.04291658401880274    6    5  0  0
 -2.836026099394968    6    6  0  0
 0.0898993488617925    7    1  0  0
 0.002205468105922464    7    2  0  0
 0.4536096861468885    7    3  0  0
 -0.2269314555082048    7    4  0  0
 -0.02548946525126547    7    5  0  0
 -0.03378534796910381    7    6  0  0
 -2.845307184478792    7    7  0  0
 -0.4808237525949399    8    1  0  0
 0.08632478116503692    8    2  0  0
 0.1545531872250998    8    3  0  0
 0.04253525668750816    8    4  0  0
 0.09444440160276692    8    5  0  0
 0.04682602749116253    8    6  0  0
 -0.07467056300978615    8    7  0  0
 -2.630989614194996    8    8  0  0
 0  0  0  0  0
