5.110000000000000000e+02
7.670000000000000000e+02
8.950000000000000000e+02
9.590000000000000000e+02
9.910000000000000000e+02
1.007000000000000000e+03
1.015000000000000000e+03
1.019000000000000000e+03
1.021000000000000000e+03
1.022000000000000000e+03
1.279000000000000000e+03
1.407000000000000000e+03
1.471000000000000000e+03
1.503000000000000000e+03
1.519000000000000000e+03
1.527000000000000000e+03
1.531000000000000000e+03
1.533000000000000000e+03
1.534000000000000000e+03
1.663000000000000000e+03
1.727000000000000000e+03
1.759000000000000000e+03
1.775000000000000000e+03
1.783000000000000000e+03
1.787000000000000000e+03
1.789000000000000000e+03
1.790000000000000000e+03
1.855000000000000000e+03
1.887000000000000000e+03
1.903000000000000000e+03
1.911000000000000000e+03
1.915000000000000000e+03
1.917000000000000000e+03
1.918000000000000000e+03
1.951000000000000000e+03
1.967000000000000000e+03
1.975000000000000000e+03
1.979000000000000000e+03
1.981000000000000000e+03
1.999000000000000000e+03
2.007000000000000000e+03
2.011000000000000000e+03
2.013000000000000000e+03
2.014000000000000000e+03
2.023000000000000000e+03
2.027000000000000000e+03
2.029000000000000000e+03
2.030000000000000000e+03
2.035000000000000000e+03
2.037000000000000000e+03
2.038000000000000000e+03
2.041000000000000000e+03
2.042000000000000000e+03
2.303000000000000000e+03
2.431000000000000000e+03
2.495000000000000000e+03
2.527000000000000000e+03
2.543000000000000000e+03
2.551000000000000000e+03
2.555000000000000000e+03
2.557000000000000000e+03
2.558000000000000000e+03
2.687000000000000000e+03
2.751000000000000000e+03
2.783000000000000000e+03
2.799000000000000000e+03
2.807000000000000000e+03
2.811000000000000000e+03
2.813000000000000000e+03
2.814000000000000000e+03
2.879000000000000000e+03
2.911000000000000000e+03
2.927000000000000000e+03
2.935000000000000000e+03
2.939000000000000000e+03
2.941000000000000000e+03
2.975000000000000000e+03
2.991000000000000000e+03
2.999000000000000000e+03
3.003000000000000000e+03
3.005000000000000000e+03
3.006000000000000000e+03
3.023000000000000000e+03
3.031000000000000000e+03
3.035000000000000000e+03
3.037000000000000000e+03
3.038000000000000000e+03
3.047000000000000000e+03
3.051000000000000000e+03
3.053000000000000000e+03
3.054000000000000000e+03
3.059000000000000000e+03
3.061000000000000000e+03
3.062000000000000000e+03
3.065000000000000000e+03
3.066000000000000000e+03
3.068000000000000000e+03
3.199000000000000000e+03
3.263000000000000000e+03
3.295000000000000000e+03
3.311000000000000000e+03
3.319000000000000000e+03
3.323000000000000000e+03
3.325000000000000000e+03
3.326000000000000000e+03
3.391000000000000000e+03
3.423000000000000000e+03
3.439000000000000000e+03
3.447000000000000000e+03
3.451000000000000000e+03
3.453000000000000000e+03
3.454000000000000000e+03
3.487000000000000000e+03
3.503000000000000000e+03
3.511000000000000000e+03
3.515000000000000000e+03
3.517000000000000000e+03
3.518000000000000000e+03
3.535000000000000000e+03
3.543000000000000000e+03
3.547000000000000000e+03
3.549000000000000000e+03
3.559000000000000000e+03
3.563000000000000000e+03
3.565000000000000000e+03
3.566000000000000000e+03
3.571000000000000000e+03
3.573000000000000000e+03
3.574000000000000000e+03
3.577000000000000000e+03
3.578000000000000000e+03
3.695000000000000000e+03
3.707000000000000000e+03
3.710000000000000000e+03
3.774000000000000000e+03
3.791000000000000000e+03
3.799000000000000000e+03
3.815000000000000000e+03
3.830000000000000000e+03
3.887000000000000000e+03
3.895000000000000000e+03
3.899000000000000000e+03
3.901000000000000000e+03
3.919000000000000000e+03
3.927000000000000000e+03
3.933000000000000000e+03
3.950000000000000000e+03
3.955000000000000000e+03
3.991000000000000000e+03
3.997000000000000000e+03
4.013000000000000000e+03
4.014000000000000000e+03
4.046000000000000000e+03
4.053000000000000000e+03
4.084000000000000000e+03
4.351000000000000000e+03
4.479000000000000000e+03
4.543000000000000000e+03
4.575000000000000000e+03
4.591000000000000000e+03
4.599000000000000000e+03
4.603000000000000000e+03
4.605000000000000000e+03
4.606000000000000000e+03
4.735000000000000000e+03
4.799000000000000000e+03
4.831000000000000000e+03
4.847000000000000000e+03
4.855000000000000000e+03
4.859000000000000000e+03
4.861000000000000000e+03
4.862000000000000000e+03
4.927000000000000000e+03
4.959000000000000000e+03
4.975000000000000000e+03
4.983000000000000000e+03
4.987000000000000000e+03
4.989000000000000000e+03
4.990000000000000000e+03
5.023000000000000000e+03
5.039000000000000000e+03
5.047000000000000000e+03
5.051000000000000000e+03
5.053000000000000000e+03
5.054000000000000000e+03
5.071000000000000000e+03
5.079000000000000000e+03
5.083000000000000000e+03
5.085000000000000000e+03
5.086000000000000000e+03
5.095000000000000000e+03
5.099000000000000000e+03
5.101000000000000000e+03
5.102000000000000000e+03
5.107000000000000000e+03
5.109000000000000000e+03
5.110000000000000000e+03
5.113000000000000000e+03
5.114000000000000000e+03
5.247000000000000000e+03
5.311000000000000000e+03
5.343000000000000000e+03
5.359000000000000000e+03
5.367000000000000000e+03
5.371000000000000000e+03
5.373000000000000000e+03
5.374000000000000000e+03
5.439000000000000000e+03
5.471000000000000000e+03
5.487000000000000000e+03
5.495000000000000000e+03
5.499000000000000000e+03
5.501000000000000000e+03
5.502000000000000000e+03
5.535000000000000000e+03
5.551000000000000000e+03
5.559000000000000000e+03
5.563000000000000000e+03
5.565000000000000000e+03
5.566000000000000000e+03
5.583000000000000000e+03
5.591000000000000000e+03
5.595000000000000000e+03
5.597000000000000000e+03
5.598000000000000000e+03
5.607000000000000000e+03
5.611000000000000000e+03
5.613000000000000000e+03
5.619000000000000000e+03
5.621000000000000000e+03
5.622000000000000000e+03
5.625000000000000000e+03
5.626000000000000000e+03
5.628000000000000000e+03
5.695000000000000000e+03
5.727000000000000000e+03
5.743000000000000000e+03
5.757000000000000000e+03
5.791000000000000000e+03
5.807000000000000000e+03
5.881000000000000000e+03
5.882000000000000000e+03
5.884000000000000000e+03
5.919000000000000000e+03
5.935000000000000000e+03
5.943000000000000000e+03
5.949000000000000000e+03
5.967000000000000000e+03
5.982000000000000000e+03
6.003000000000000000e+03
6.006000000000000000e+03
6.043000000000000000e+03
6.045000000000000000e+03
6.046000000000000000e+03
6.055000000000000000e+03
6.067000000000000000e+03
6.069000000000000000e+03
6.076000000000000000e+03
6.091000000000000000e+03
6.094000000000000000e+03
6.115000000000000000e+03
6.118000000000000000e+03
6.124000000000000000e+03
6.129000000000000000e+03
6.136000000000000000e+03
6.271000000000000000e+03
6.335000000000000000e+03
6.367000000000000000e+03
6.383000000000000000e+03
6.391000000000000000e+03
6.395000000000000000e+03
6.397000000000000000e+03
6.398000000000000000e+03
6.463000000000000000e+03
6.495000000000000000e+03
6.511000000000000000e+03
6.519000000000000000e+03
6.523000000000000000e+03
6.525000000000000000e+03
6.526000000000000000e+03
6.559000000000000000e+03
6.575000000000000000e+03
6.583000000000000000e+03
6.587000000000000000e+03
6.589000000000000000e+03
6.590000000000000000e+03
6.607000000000000000e+03
6.615000000000000000e+03
6.619000000000000000e+03
6.621000000000000000e+03
6.622000000000000000e+03
6.631000000000000000e+03
6.635000000000000000e+03
6.637000000000000000e+03
6.638000000000000000e+03
6.643000000000000000e+03
6.645000000000000000e+03
6.646000000000000000e+03
6.649000000000000000e+03
6.650000000000000000e+03
6.775000000000000000e+03
6.779000000000000000e+03
6.781000000000000000e+03
6.878000000000000000e+03
6.901000000000000000e+03
6.902000000000000000e+03
6.905000000000000000e+03
6.908000000000000000e+03
6.999000000000000000e+03
7.005000000000000000e+03
7.015000000000000000e+03
7.022000000000000000e+03
7.055000000000000000e+03
7.067000000000000000e+03
7.091000000000000000e+03
7.118000000000000000e+03
7.129000000000000000e+03
7.130000000000000000e+03
7.132000000000000000e+03
7.148000000000000000e+03
7.154000000000000000e+03
7.231000000000000000e+03
7.279000000000000000e+03
7.357000000000000000e+03
7.358000000000000000e+03
7.390000000000000000e+03
7.403000000000000000e+03
7.517000000000000000e+03
7.533000000000000000e+03
7.545000000000000000e+03
7.581000000000000000e+03
7.582000000000000000e+03
7.606000000000000000e+03
7.629000000000000000e+03
7.630000000000000000e+03
7.637000000000000000e+03
7.642000000000000000e+03
7.666000000000000000e+03
7.672000000000000000e+03
7.735000000000000000e+03
7.742000000000000000e+03
7.759000000000000000e+03
7.790000000000000000e+03
7.837000000000000000e+03
7.838000000000000000e+03
7.865000000000000000e+03
7.868000000000000000e+03
7.922000000000000000e+03
8.056000000000000000e+03
8.114000000000000000e+03
8.152000000000000000e+03
8.168000000000000000e+03
8.447000000000000000e+03
8.575000000000000000e+03
8.639000000000000000e+03
8.671000000000000000e+03
8.687000000000000000e+03
8.695000000000000000e+03
8.699000000000000000e+03
8.701000000000000000e+03
8.702000000000000000e+03
8.831000000000000000e+03
8.895000000000000000e+03
8.927000000000000000e+03
8.943000000000000000e+03
8.951000000000000000e+03
8.955000000000000000e+03
8.957000000000000000e+03
8.958000000000000000e+03
9.023000000000000000e+03
9.055000000000000000e+03
9.071000000000000000e+03
9.079000000000000000e+03
9.083000000000000000e+03
9.085000000000000000e+03
9.086000000000000000e+03
9.119000000000000000e+03
9.135000000000000000e+03
9.143000000000000000e+03
9.147000000000000000e+03
9.149000000000000000e+03
9.150000000000000000e+03
9.167000000000000000e+03
9.175000000000000000e+03
9.179000000000000000e+03
9.181000000000000000e+03
9.182000000000000000e+03
9.191000000000000000e+03
9.195000000000000000e+03
9.197000000000000000e+03
9.198000000000000000e+03
9.203000000000000000e+03
9.205000000000000000e+03
9.206000000000000000e+03
9.209000000000000000e+03
9.212000000000000000e+03
9.343000000000000000e+03
9.407000000000000000e+03
9.439000000000000000e+03
9.455000000000000000e+03
9.463000000000000000e+03
9.467000000000000000e+03
9.469000000000000000e+03
9.470000000000000000e+03
9.535000000000000000e+03
9.567000000000000000e+03
9.583000000000000000e+03
9.591000000000000000e+03
9.595000000000000000e+03
9.597000000000000000e+03
9.598000000000000000e+03
9.631000000000000000e+03
9.647000000000000000e+03
9.655000000000000000e+03
9.659000000000000000e+03
9.661000000000000000e+03
9.662000000000000000e+03
9.679000000000000000e+03
9.687000000000000000e+03
9.691000000000000000e+03
9.693000000000000000e+03
9.694000000000000000e+03
9.703000000000000000e+03
9.707000000000000000e+03
9.709000000000000000e+03
9.710000000000000000e+03
9.715000000000000000e+03
9.717000000000000000e+03
9.718000000000000000e+03
9.721000000000000000e+03
9.722000000000000000e+03
9.724000000000000000e+03
9.791000000000000000e+03
9.847000000000000000e+03
9.854000000000000000e+03
9.911000000000000000e+03
9.973000000000000000e+03
9.974000000000000000e+03
1.001500000000000000e+04
1.007700000000000000e+04
1.008700000000000000e+04
1.009300000000000000e+04
1.013900000000000000e+04
1.015800000000000000e+04
1.016300000000000000e+04
1.016600000000000000e+04
1.017200000000000000e+04
1.018300000000000000e+04
1.018700000000000000e+04
1.019000000000000000e+04
1.019700000000000000e+04
1.020200000000000000e+04
1.021700000000000000e+04
1.023200000000000000e+04
1.036700000000000000e+04
1.043100000000000000e+04
1.046300000000000000e+04
1.047900000000000000e+04
1.048700000000000000e+04
1.049100000000000000e+04
1.049300000000000000e+04
1.055900000000000000e+04
1.059100000000000000e+04
1.060700000000000000e+04
1.061500000000000000e+04
1.061900000000000000e+04
1.062100000000000000e+04
1.065500000000000000e+04
1.067100000000000000e+04
1.067900000000000000e+04
1.068300000000000000e+04
1.068500000000000000e+04
1.068600000000000000e+04
1.070300000000000000e+04
1.071100000000000000e+04
1.071500000000000000e+04
1.071700000000000000e+04
1.071800000000000000e+04
1.072700000000000000e+04
1.073100000000000000e+04
1.073300000000000000e+04
1.073400000000000000e+04
1.073900000000000000e+04
1.074100000000000000e+04
1.074200000000000000e+04
1.074500000000000000e+04
1.074800000000000000e+04
1.084700000000000000e+04
1.094100000000000000e+04
1.097100000000000000e+04
1.097300000000000000e+04
1.100200000000000000e+04
1.100400000000000000e+04
1.112600000000000000e+04
1.113000000000000000e+04
1.118100000000000000e+04
1.118200000000000000e+04
1.123800000000000000e+04
1.124100000000000000e+04
1.124400000000000000e+04
1.132700000000000000e+04
1.138900000000000000e+04
1.145100000000000000e+04
1.147900000000000000e+04
1.149900000000000000e+04
1.157900000000000000e+04
1.158100000000000000e+04
1.163700000000000000e+04
1.163800000000000000e+04
1.166300000000000000e+04
1.167500000000000000e+04
1.172300000000000000e+04
1.174000000000000000e+04
1.174700000000000000e+04
1.175600000000000000e+04
1.185500000000000000e+04
1.187000000000000000e+04
1.191900000000000000e+04
1.202000000000000000e+04
1.214600000000000000e+04
1.218500000000000000e+04
1.224400000000000000e+04
1.241500000000000000e+04
1.247900000000000000e+04
1.251100000000000000e+04
1.252700000000000000e+04
1.253500000000000000e+04
1.253900000000000000e+04
1.254100000000000000e+04
1.254200000000000000e+04
1.260700000000000000e+04
1.263900000000000000e+04
1.265500000000000000e+04
1.266300000000000000e+04
1.266700000000000000e+04
1.266900000000000000e+04
1.267000000000000000e+04
1.270300000000000000e+04
1.271900000000000000e+04
1.272700000000000000e+04
1.273100000000000000e+04
1.273300000000000000e+04
1.273400000000000000e+04
1.275100000000000000e+04
1.275900000000000000e+04
1.276300000000000000e+04
1.276500000000000000e+04
1.276600000000000000e+04
1.277500000000000000e+04
1.277900000000000000e+04
1.278100000000000000e+04
1.278200000000000000e+04
1.278700000000000000e+04
1.278900000000000000e+04
1.279000000000000000e+04
1.279300000000000000e+04
1.279400000000000000e+04
1.279600000000000000e+04
1.291100000000000000e+04
1.291900000000000000e+04
1.298700000000000000e+04
1.299000000000000000e+04
1.300700000000000000e+04
1.303500000000000000e+04
1.305000000000000000e+04
1.308700000000000000e+04
1.311700000000000000e+04
1.311800000000000000e+04
1.314700000000000000e+04
1.315000000000000000e+04
1.315900000000000000e+04
1.317100000000000000e+04
1.317800000000000000e+04
1.318000000000000000e+04
1.322700000000000000e+04
1.323000000000000000e+04
1.324200000000000000e+04
1.326900000000000000e+04
1.328300000000000000e+04
1.328900000000000000e+04
1.330000000000000000e+04
1.340700000000000000e+04
1.348700000000000000e+04
1.349900000000000000e+04
1.350200000000000000e+04
1.352700000000000000e+04
1.354700000000000000e+04
1.362900000000000000e+04
1.366100000000000000e+04
1.367100000000000000e+04
1.368600000000000000e+04
1.371900000000000000e+04
1.372300000000000000e+04
1.373900000000000000e+04
1.375000000000000000e+04
1.375600000000000000e+04
1.379500000000000000e+04
1.379800000000000000e+04
1.381600000000000000e+04
1.400300000000000000e+04
1.402700000000000000e+04
1.406000000000000000e+04
1.416300000000000000e+04
1.419400000000000000e+04
1.425700000000000000e+04
1.431200000000000000e+04
1.449500000000000000e+04
1.451100000000000000e+04
1.452600000000000000e+04
1.454300000000000000e+04
1.456700000000000000e+04
1.457100000000000000e+04
1.457400000000000000e+04
1.464700000000000000e+04
1.465100000000000000e+04
1.465300000000000000e+04
1.470100000000000000e+04
1.470900000000000000e+04
1.473500000000000000e+04
1.474700000000000000e+04
1.475000000000000000e+04
1.477300000000000000e+04
1.479100000000000000e+04
1.479700000000000000e+04
1.479800000000000000e+04
1.481900000000000000e+04
1.482600000000000000e+04
1.489500000000000000e+04
1.490300000000000000e+04
1.491000000000000000e+04
1.495500000000000000e+04
1.515500000000000000e+04
1.519400000000000000e+04
1.519600000000000000e+04
1.532900000000000000e+04
1.540700000000000000e+04
1.542200000000000000e+04
1.546300000000000000e+04
1.551700000000000000e+04
1.555900000000000000e+04
1.556600000000000000e+04
1.559000000000000000e+04
1.567300000000000000e+04
1.567600000000000000e+04
1.569400000000000000e+04
1.575800000000000000e+04
1.576500000000000000e+04
1.578800000000000000e+04
1.582800000000000000e+04
1.584100000000000000e+04
1.584400000000000000e+04
1.597700000000000000e+04
1.602600000000000000e+04
1.603700000000000000e+04
1.613500000000000000e+04
1.614900000000000000e+04
1.620100000000000000e+04
1.630400000000000000e+04
1.663900000000000000e+04
1.676700000000000000e+04
1.683100000000000000e+04
1.686300000000000000e+04
1.687900000000000000e+04
1.688700000000000000e+04
1.689100000000000000e+04
1.689300000000000000e+04
1.689400000000000000e+04
1.702300000000000000e+04
1.708700000000000000e+04
1.711900000000000000e+04
1.713500000000000000e+04
1.714300000000000000e+04
1.714700000000000000e+04
1.714900000000000000e+04
1.721500000000000000e+04
1.724700000000000000e+04
1.726300000000000000e+04
1.727100000000000000e+04
1.727500000000000000e+04
1.727700000000000000e+04
1.727800000000000000e+04
1.731100000000000000e+04
1.732700000000000000e+04
1.733500000000000000e+04
1.733900000000000000e+04
1.734100000000000000e+04
1.734200000000000000e+04
1.735900000000000000e+04
1.736700000000000000e+04
1.737100000000000000e+04
1.737300000000000000e+04
1.737400000000000000e+04
1.738300000000000000e+04
1.738700000000000000e+04
1.738900000000000000e+04
1.739000000000000000e+04
1.739500000000000000e+04
1.739700000000000000e+04
1.739800000000000000e+04
1.740100000000000000e+04
1.740200000000000000e+04
1.740400000000000000e+04
1.753500000000000000e+04
1.759900000000000000e+04
1.763100000000000000e+04
1.764700000000000000e+04
1.765500000000000000e+04
1.765900000000000000e+04
1.766100000000000000e+04
1.766200000000000000e+04
1.772700000000000000e+04
1.775900000000000000e+04
1.777500000000000000e+04
1.778300000000000000e+04
1.778700000000000000e+04
1.778900000000000000e+04
1.779000000000000000e+04
1.782300000000000000e+04
1.783900000000000000e+04
1.784700000000000000e+04
1.785100000000000000e+04
1.785300000000000000e+04
1.785400000000000000e+04
1.787100000000000000e+04
1.787900000000000000e+04
1.788300000000000000e+04
1.788500000000000000e+04
1.788600000000000000e+04
1.789500000000000000e+04
1.789900000000000000e+04
1.790100000000000000e+04
1.790200000000000000e+04
1.790700000000000000e+04
1.790900000000000000e+04
1.791000000000000000e+04
1.791300000000000000e+04
1.791400000000000000e+04
1.791600000000000000e+04
1.801500000000000000e+04
1.804300000000000000e+04
1.804500000000000000e+04
1.807900000000000000e+04
1.813500000000000000e+04
1.813900000000000000e+04
1.814100000000000000e+04
1.826300000000000000e+04
1.826700000000000000e+04
1.829700000000000000e+04
1.831900000000000000e+04
1.833400000000000000e+04
1.834900000000000000e+04
1.839400000000000000e+04
1.840600000000000000e+04
1.855900000000000000e+04
1.862300000000000000e+04
1.865500000000000000e+04
1.867100000000000000e+04
1.867900000000000000e+04
1.868300000000000000e+04
1.868500000000000000e+04
1.868600000000000000e+04
1.875100000000000000e+04
1.878300000000000000e+04
1.879900000000000000e+04
1.880700000000000000e+04
1.881100000000000000e+04
1.881300000000000000e+04
1.881400000000000000e+04
1.884700000000000000e+04
1.886300000000000000e+04
1.887100000000000000e+04
1.887500000000000000e+04
1.887700000000000000e+04
1.887800000000000000e+04
1.889500000000000000e+04
1.890300000000000000e+04
1.890700000000000000e+04
1.890900000000000000e+04
1.891000000000000000e+04
1.891900000000000000e+04
1.892300000000000000e+04
1.892500000000000000e+04
1.892600000000000000e+04
1.893100000000000000e+04
1.893300000000000000e+04
1.893400000000000000e+04
1.893700000000000000e+04
1.893800000000000000e+04
1.903900000000000000e+04
1.905500000000000000e+04
1.906300000000000000e+04
1.906700000000000000e+04
1.906900000000000000e+04
1.910300000000000000e+04
1.915100000000000000e+04
1.916300000000000000e+04
1.918200000000000000e+04
1.918700000000000000e+04
1.918900000000000000e+04
1.927900000000000000e+04
1.934300000000000000e+04
1.935100000000000000e+04
1.938200000000000000e+04
1.939900000000000000e+04
1.940300000000000000e+04
1.940500000000000000e+04
1.940600000000000000e+04
1.942000000000000000e+04
1.944100000000000000e+04
1.944400000000000000e+04
1.951900000000000000e+04
1.957900000000000000e+04
1.966300000000000000e+04
1.969400000000000000e+04
1.970600000000000000e+04
1.974300000000000000e+04
1.979100000000000000e+04
1.980500000000000000e+04
1.981500000000000000e+04
1.982100000000000000e+04
1.982200000000000000e+04
1.983000000000000000e+04
1.983300000000000000e+04
1.983600000000000000e+04
1.986700000000000000e+04
1.989700000000000000e+04
1.989800000000000000e+04
1.990000000000000000e+04
1.992300000000000000e+04
1.996000000000000000e+04
2.004700000000000000e+04
2.012500000000000000e+04
2.016700000000000000e+04
2.021000000000000000e+04
2.031300000000000000e+04
2.037100000000000000e+04
2.060700000000000000e+04
2.067100000000000000e+04
2.070300000000000000e+04
2.071900000000000000e+04
2.072700000000000000e+04
2.073100000000000000e+04
2.073300000000000000e+04
2.073400000000000000e+04
2.079900000000000000e+04
2.083100000000000000e+04
2.084700000000000000e+04
2.085500000000000000e+04
2.085900000000000000e+04
2.086100000000000000e+04
2.086200000000000000e+04
2.089500000000000000e+04
2.091100000000000000e+04
2.091900000000000000e+04
2.092300000000000000e+04
2.092500000000000000e+04
2.092600000000000000e+04
2.094300000000000000e+04
2.095100000000000000e+04
2.095500000000000000e+04
2.095700000000000000e+04
2.095800000000000000e+04
2.096700000000000000e+04
2.097100000000000000e+04
2.097300000000000000e+04
2.097400000000000000e+04
2.097900000000000000e+04
2.098100000000000000e+04
2.098200000000000000e+04
2.098500000000000000e+04
2.098600000000000000e+04
2.111500000000000000e+04
2.115100000000000000e+04
2.116700000000000000e+04
2.119900000000000000e+04
2.121100000000000000e+04
2.121300000000000000e+04
2.122300000000000000e+04
2.123000000000000000e+04
2.123700000000000000e+04
2.123800000000000000e+04
2.124200000000000000e+04
2.130900000000000000e+04
2.133500000000000000e+04
2.136900000000000000e+04
2.140300000000000000e+04
2.141900000000000000e+04
2.143000000000000000e+04
2.143600000000000000e+04
2.148900000000000000e+04
2.149200000000000000e+04
2.166300000000000000e+04
2.168700000000000000e+04
2.169300000000000000e+04
2.171900000000000000e+04
2.172600000000000000e+04
2.173500000000000000e+04
2.174200000000000000e+04
2.175000000000000000e+04
2.188400000000000000e+04
2.191800000000000000e+04
2.194100000000000000e+04
2.196300000000000000e+04
2.197400000000000000e+04
2.198700000000000000e+04
2.198900000000000000e+04
2.199000000000000000e+04
2.213800000000000000e+04
2.219700000000000000e+04
2.221500000000000000e+04
2.224500000000000000e+04
2.228700000000000000e+04
2.235000000000000000e+04
2.237100000000000000e+04
2.238000000000000000e+04
2.244900000000000000e+04
2.248400000000000000e+04
2.265100000000000000e+04
2.268700000000000000e+04
2.271100000000000000e+04
2.273500000000000000e+04
2.274300000000000000e+04
2.275900000000000000e+04
2.276300000000000000e+04
2.276600000000000000e+04
2.277400000000000000e+04
2.278000000000000000e+04
2.283100000000000000e+04
2.287100000000000000e+04
2.289300000000000000e+04
2.290200000000000000e+04
2.293900000000000000e+04
2.295100000000000000e+04
2.295500000000000000e+04
2.295800000000000000e+04
2.296500000000000000e+04
2.298900000000000000e+04
2.299500000000000000e+04
2.300200000000000000e+04
2.301100000000000000e+04
2.301800000000000000e+04
2.308700000000000000e+04
2.314900000000000000e+04
2.318300000000000000e+04
2.319100000000000000e+04
2.324500000000000000e+04
2.325300000000000000e+04
2.325800000000000000e+04
2.328800000000000000e+04
2.333900000000000000e+04
2.344500000000000000e+04
2.344600000000000000e+04
2.347300000000000000e+04
2.361100000000000000e+04
2.364600000000000000e+04
2.366900000000000000e+04
2.375100000000000000e+04
2.377000000000000000e+04
2.386100000000000000e+04
2.395500000000000000e+04
2.395700000000000000e+04
2.397700000000000000e+04
2.402000000000000000e+04
2.403600000000000000e+04
2.414200000000000000e+04
2.420600000000000000e+04
2.424800000000000000e+04
2.426600000000000000e+04
2.427300000000000000e+04
2.442400000000000000e+04
2.446600000000000000e+04
2.470300000000000000e+04
2.476700000000000000e+04
2.479900000000000000e+04
2.481500000000000000e+04
2.482300000000000000e+04
2.482700000000000000e+04
2.482900000000000000e+04
2.483000000000000000e+04
2.489500000000000000e+04
2.492700000000000000e+04
2.494300000000000000e+04
2.495100000000000000e+04
2.495500000000000000e+04
2.495700000000000000e+04
2.495800000000000000e+04
2.499100000000000000e+04
2.500700000000000000e+04
2.501500000000000000e+04
2.501900000000000000e+04
2.502100000000000000e+04
2.503900000000000000e+04
2.504700000000000000e+04
2.505100000000000000e+04
2.505300000000000000e+04
2.505400000000000000e+04
2.506300000000000000e+04
2.506700000000000000e+04
2.506900000000000000e+04
2.507000000000000000e+04
2.507500000000000000e+04
2.507700000000000000e+04
2.507800000000000000e+04
2.508100000000000000e+04
2.508200000000000000e+04
2.518300000000000000e+04
2.521100000000000000e+04
2.521300000000000000e+04
2.521400000000000000e+04
2.529500000000000000e+04
2.530300000000000000e+04
2.530700000000000000e+04
2.531000000000000000e+04
2.531900000000000000e+04
2.539100000000000000e+04
2.543100000000000000e+04
2.545100000000000000e+04
2.545400000000000000e+04
2.546800000000000000e+04
2.548700000000000000e+04
2.551700000000000000e+04
2.552600000000000000e+04
2.554700000000000000e+04
2.555700000000000000e+04
2.556200000000000000e+04
2.558500000000000000e+04
2.558800000000000000e+04
2.571900000000000000e+04
2.572600000000000000e+04
2.578700000000000000e+04
2.584300000000000000e+04
2.584500000000000000e+04
2.584900000000000000e+04
2.585200000000000000e+04
2.588700000000000000e+04
2.591800000000000000e+04
2.593500000000000000e+04
2.594900000000000000e+04
2.597100000000000000e+04
2.597300000000000000e+04
2.601100000000000000e+04
2.601400000000000000e+04
2.603800000000000000e+04
2.605900000000000000e+04
2.606200000000000000e+04
2.608500000000000000e+04
2.620600000000000000e+04
2.623600000000000000e+04
2.628600000000000000e+04
2.632300000000000000e+04
2.635300000000000000e+04
2.635600000000000000e+04
2.648800000000000000e+04
2.650300000000000000e+04
2.652400000000000000e+04
2.654600000000000000e+04
2.654800000000000000e+04
2.660800000000000000e+04
2.671900000000000000e+04
2.673500000000000000e+04
2.681300000000000000e+04
2.686900000000000000e+04
2.692700000000000000e+04
2.695900000000000000e+04
2.697300000000000000e+04
2.700200000000000000e+04
2.703700000000000000e+04
2.705100000000000000e+04
2.705400000000000000e+04
2.706600000000000000e+04
2.708600000000000000e+04
2.709400000000000000e+04
2.709700000000000000e+04
2.719500000000000000e+04
2.724500000000000000e+04
2.726000000000000000e+04
2.743100000000000000e+04
2.746900000000000000e+04
2.753900000000000000e+04
2.762000000000000000e+04
2.771000000000000000e+04
2.775700000000000000e+04
2.782700000000000000e+04
2.783600000000000000e+04
2.785300000000000000e+04
2.794300000000000000e+04
2.796400000000000000e+04
2.799400000000000000e+04
2.802400000000000000e+04
2.811300000000000000e+04
2.876700000000000000e+04
2.891000000000000000e+04
2.898700000000000000e+04
2.899000000000000000e+04
2.900700000000000000e+04
2.902100000000000000e+04
2.904300000000000000e+04
2.905000000000000000e+04
2.905200000000000000e+04
2.910200000000000000e+04
2.910900000000000000e+04
2.911600000000000000e+04
2.912700000000000000e+04
2.913900000000000000e+04
2.914100000000000000e+04
2.914200000000000000e+04
2.914500000000000000e+04
2.914600000000000000e+04
2.924600000000000000e+04
2.929900000000000000e+04
2.935500000000000000e+04
2.942800000000000000e+04
2.948600000000000000e+04
2.952600000000000000e+04
2.956000000000000000e+04
2.959000000000000000e+04
2.960300000000000000e+04
2.965000000000000000e+04
2.988100000000000000e+04
2.990700000000000000e+04
2.990900000000000000e+04
3.001200000000000000e+04
3.010200000000000000e+04
3.012400000000000000e+04
3.013000000000000000e+04
3.015300000000000000e+04
3.016800000000000000e+04
3.026600000000000000e+04
3.032400000000000000e+04
3.060100000000000000e+04
3.078100000000000000e+04
3.084100000000000000e+04
3.087100000000000000e+04
3.087700000000000000e+04
3.093300000000000000e+04
3.103600000000000000e+04
3.108900000000000000e+04
3.109200000000000000e+04
3.120800000000000000e+04
3.145700000000000000e+04
3.156200000000000000e+04
3.177400000000000000e+04
3.178300000000000000e+04
3.178700000000000000e+04
3.182700000000000000e+04
3.195600000000000000e+04
3.216100000000000000e+04
3.233700000000000000e+04
3.302300000000000000e+04
3.315100000000000000e+04
3.321500000000000000e+04
3.324700000000000000e+04
3.326300000000000000e+04
3.327100000000000000e+04
3.327500000000000000e+04
3.327700000000000000e+04
3.327800000000000000e+04
3.340700000000000000e+04
3.347100000000000000e+04
3.350300000000000000e+04
3.351900000000000000e+04
3.352700000000000000e+04
3.353100000000000000e+04
3.353300000000000000e+04
3.353400000000000000e+04
3.359900000000000000e+04
3.363100000000000000e+04
3.364700000000000000e+04
3.365500000000000000e+04
3.365900000000000000e+04
3.366100000000000000e+04
3.366200000000000000e+04
3.369500000000000000e+04
3.371100000000000000e+04
3.371900000000000000e+04
3.372300000000000000e+04
3.372500000000000000e+04
3.372600000000000000e+04
3.374300000000000000e+04
3.375100000000000000e+04
3.375500000000000000e+04
3.375700000000000000e+04
3.375800000000000000e+04
3.376700000000000000e+04
3.377100000000000000e+04
3.377300000000000000e+04
3.377400000000000000e+04
3.377900000000000000e+04
3.378100000000000000e+04
3.378500000000000000e+04
3.378600000000000000e+04
3.391900000000000000e+04
3.398300000000000000e+04
3.401500000000000000e+04
3.403100000000000000e+04
3.403900000000000000e+04
3.404300000000000000e+04
3.404500000000000000e+04
3.404600000000000000e+04
3.411100000000000000e+04
3.414300000000000000e+04
3.415900000000000000e+04
3.416700000000000000e+04
3.417100000000000000e+04
3.417300000000000000e+04
3.417400000000000000e+04
3.420700000000000000e+04
3.422300000000000000e+04
3.423100000000000000e+04
3.423500000000000000e+04
3.423700000000000000e+04
3.423800000000000000e+04
3.425500000000000000e+04
3.426300000000000000e+04
3.426700000000000000e+04
3.426900000000000000e+04
3.427000000000000000e+04
3.427900000000000000e+04
3.428300000000000000e+04
3.428500000000000000e+04
3.428600000000000000e+04
3.429100000000000000e+04
3.429300000000000000e+04
3.429400000000000000e+04
3.429700000000000000e+04
3.429800000000000000e+04
3.430000000000000000e+04
3.436700000000000000e+04
3.446300000000000000e+04
3.447900000000000000e+04
3.448700000000000000e+04
3.449100000000000000e+04
3.451100000000000000e+04
3.451900000000000000e+04
3.455000000000000000e+04
3.459100000000000000e+04
3.461900000000000000e+04
3.464700000000000000e+04
3.465300000000000000e+04
3.467500000000000000e+04
3.468100000000000000e+04
3.468200000000000000e+04
3.470300000000000000e+04
3.471100000000000000e+04
3.471800000000000000e+04
3.473400000000000000e+04
3.473900000000000000e+04
3.474200000000000000e+04
3.474600000000000000e+04
3.475900000000000000e+04
3.477400000000000000e+04
3.478900000000000000e+04
3.480200000000000000e+04
3.494300000000000000e+04
3.500700000000000000e+04
3.503900000000000000e+04
3.505500000000000000e+04
3.506300000000000000e+04
3.506700000000000000e+04
3.506900000000000000e+04
3.513500000000000000e+04
3.516700000000000000e+04
3.518300000000000000e+04
3.519100000000000000e+04
3.519500000000000000e+04
3.519700000000000000e+04
3.519800000000000000e+04
3.523100000000000000e+04
3.524700000000000000e+04
3.525500000000000000e+04
3.525900000000000000e+04
3.526100000000000000e+04
3.526200000000000000e+04
3.527900000000000000e+04
3.528700000000000000e+04
3.529100000000000000e+04
3.529300000000000000e+04
3.529400000000000000e+04
3.530300000000000000e+04
3.530700000000000000e+04
3.530900000000000000e+04
3.531000000000000000e+04
3.531500000000000000e+04
3.531700000000000000e+04
3.531800000000000000e+04
3.532100000000000000e+04
3.545300000000000000e+04
3.551500000000000000e+04
3.551700000000000000e+04
3.553500000000000000e+04
3.554700000000000000e+04
3.556500000000000000e+04
3.557400000000000000e+04
3.557700000000000000e+04
3.557800000000000000e+04
3.563100000000000000e+04
3.563900000000000000e+04
3.569100000000000000e+04
3.570200000000000000e+04
3.570800000000000000e+04
3.574200000000000000e+04
3.575700000000000000e+04
3.577200000000000000e+04
3.579000000000000000e+04
3.579700000000000000e+04
3.581100000000000000e+04
3.581800000000000000e+04
3.583200000000000000e+04
3.590300000000000000e+04
3.595100000000000000e+04
3.602900000000000000e+04
3.603000000000000000e+04
3.607700000000000000e+04
3.608900000000000000e+04
3.615100000000000000e+04
3.618900000000000000e+04
3.621800000000000000e+04
3.624700000000000000e+04
3.625400000000000000e+04
3.626900000000000000e+04
3.629500000000000000e+04
3.629900000000000000e+04
3.632300000000000000e+04
3.633700000000000000e+04
3.633800000000000000e+04
3.634000000000000000e+04
3.639900000000000000e+04
3.647300000000000000e+04
3.653400000000000000e+04
3.654000000000000000e+04
3.655700000000000000e+04
3.666600000000000000e+04
3.669300000000000000e+04
3.672400000000000000e+04
3.675700000000000000e+04
3.675800000000000000e+04
3.684000000000000000e+04
3.699100000000000000e+04
3.705500000000000000e+04
3.708700000000000000e+04
3.710300000000000000e+04
3.711100000000000000e+04
3.711500000000000000e+04
3.711700000000000000e+04
3.711800000000000000e+04
3.718300000000000000e+04
3.721500000000000000e+04
3.723100000000000000e+04
3.723900000000000000e+04
3.724300000000000000e+04
3.724500000000000000e+04
3.724600000000000000e+04
3.727900000000000000e+04
3.729500000000000000e+04
3.730300000000000000e+04
3.730700000000000000e+04
3.730900000000000000e+04
3.731000000000000000e+04
3.732700000000000000e+04
3.733500000000000000e+04
3.733900000000000000e+04
3.734100000000000000e+04
3.734200000000000000e+04
3.735100000000000000e+04
3.735500000000000000e+04
3.735700000000000000e+04
3.735800000000000000e+04
3.736300000000000000e+04
3.736500000000000000e+04
3.736600000000000000e+04
3.736900000000000000e+04
3.737000000000000000e+04
3.737200000000000000e+04
3.743900000000000000e+04
3.748700000000000000e+04
3.749500000000000000e+04
3.756500000000000000e+04
3.756600000000000000e+04
3.761900000000000000e+04
3.762200000000000000e+04
3.769400000000000000e+04
3.772600000000000000e+04
3.773900000000000000e+04
3.774100000000000000e+04
3.774900000000000000e+04
3.775000000000000000e+04
3.778700000000000000e+04
3.781400000000000000e+04
3.785200000000000000e+04
3.787300000000000000e+04
3.787400000000000000e+04
3.787600000000000000e+04
3.807700000000000000e+04
3.810700000000000000e+04
3.810900000000000000e+04
3.811900000000000000e+04
3.812500000000000000e+04
3.813300000000000000e+04
3.814000000000000000e+04
3.822300000000000000e+04
3.823800000000000000e+04
3.825100000000000000e+04
3.825300000000000000e+04
3.825400000000000000e+04
3.825900000000000000e+04
3.828700000000000000e+04
3.830200000000000000e+04
3.831800000000000000e+04
3.832500000000000000e+04
3.832900000000000000e+04
3.834700000000000000e+04
3.836100000000000000e+04
3.836200000000000000e+04
3.844700000000000000e+04
3.849100000000000000e+04
3.855500000000000000e+04
3.873900000000000000e+04
3.874600000000000000e+04
3.875500000000000000e+04
3.876400000000000000e+04
3.880600000000000000e+04
3.882200000000000000e+04
3.883600000000000000e+04
3.884000000000000000e+04
3.897500000000000000e+04
3.900700000000000000e+04
3.903700000000000000e+04
3.909900000000000000e+04
3.910200000000000000e+04
3.913100000000000000e+04
3.913300000000000000e+04
3.914700000000000000e+04
3.914900000000000000e+04
3.915500000000000000e+04
3.922700000000000000e+04
3.922900000000000000e+04
3.923000000000000000e+04
3.927100000000000000e+04
3.927500000000000000e+04
3.931900000000000000e+04
3.938800000000000000e+04
3.939700000000000000e+04
3.939800000000000000e+04
3.960500000000000000e+04
3.961200000000000000e+04
3.964200000000000000e+04
3.964400000000000000e+04
3.967200000000000000e+04
3.976600000000000000e+04
3.982100000000000000e+04
3.984900000000000000e+04
3.985000000000000000e+04
3.988900000000000000e+04
4.002900000000000000e+04
4.003900000000000000e+04
4.004300000000000000e+04
4.006000000000000000e+04
4.009100000000000000e+04
4.010300000000000000e+04
4.018000000000000000e+04
4.036200000000000000e+04
4.047800000000000000e+04
4.048700000000000000e+04
4.073200000000000000e+04
4.077700000000000000e+04
4.083500000000000000e+04
4.108700000000000000e+04
4.115100000000000000e+04
4.118300000000000000e+04
4.119900000000000000e+04
4.120700000000000000e+04
4.121100000000000000e+04
4.121300000000000000e+04
4.121400000000000000e+04
4.127900000000000000e+04
4.131100000000000000e+04
4.132700000000000000e+04
4.133500000000000000e+04
4.133900000000000000e+04
4.134100000000000000e+04
4.134200000000000000e+04
4.137500000000000000e+04
4.139100000000000000e+04
4.139900000000000000e+04
4.140300000000000000e+04
4.140500000000000000e+04
4.140600000000000000e+04
4.142300000000000000e+04
4.143100000000000000e+04
4.143500000000000000e+04
4.143700000000000000e+04
4.143800000000000000e+04
4.144700000000000000e+04
4.145100000000000000e+04
4.145300000000000000e+04
4.145400000000000000e+04
4.145900000000000000e+04
4.146100000000000000e+04
4.146200000000000000e+04
4.146500000000000000e+04
4.146600000000000000e+04
4.146800000000000000e+04
4.153500000000000000e+04
4.156700000000000000e+04
4.159500000000000000e+04
4.165900000000000000e+04
4.171800000000000000e+04
4.172100000000000000e+04
4.184300000000000000e+04
4.184500000000000000e+04
4.189900000000000000e+04
4.190200000000000000e+04
4.190700000000000000e+04
4.190900000000000000e+04
4.191400000000000000e+04
4.193100000000000000e+04
4.194100000000000000e+04
4.194600000000000000e+04
4.196100000000000000e+04
4.196900000000000000e+04
4.197600000000000000e+04
4.210300000000000000e+04
4.217400000000000000e+04
4.220600000000000000e+04
4.221900000000000000e+04
4.222200000000000000e+04
4.223400000000000000e+04
4.227100000000000000e+04
4.229500000000000000e+04
4.232700000000000000e+04
4.235700000000000000e+04
4.236200000000000000e+04
4.242600000000000000e+04
4.245800000000000000e+04
4.247300000000000000e+04
4.247600000000000000e+04
4.266900000000000000e+04
4.279800000000000000e+04
4.289100000000000000e+04
4.289400000000000000e+04
4.289900000000000000e+04
4.290200000000000000e+04
4.307100000000000000e+04
4.312700000000000000e+04
4.313100000000000000e+04
4.319100000000000000e+04
4.323900000000000000e+04
4.329500000000000000e+04
4.332500000000000000e+04
4.334300000000000000e+04
4.338500000000000000e+04
4.344600000000000000e+04
4.344900000000000000e+04
4.345000000000000000e+04
4.346700000000000000e+04
4.349800000000000000e+04
4.351200000000000000e+04
4.357500000000000000e+04
4.362700000000000000e+04
4.395300000000000000e+04
4.397400000000000000e+04
4.397800000000000000e+04
4.411100000000000000e+04
4.414100000000000000e+04
4.414200000000000000e+04
4.424500000000000000e+04
4.436500000000000000e+04
4.444100000000000000e+04
4.445800000000000000e+04
4.446500000000000000e+04
4.447200000000000000e+04
4.455900000000000000e+04
4.458700000000000000e+04
4.460200000000000000e+04
4.461500000000000000e+04
4.465200000000000000e+04
4.483800000000000000e+04
4.487300000000000000e+04
4.488800000000000000e+04
4.493100000000000000e+04
4.493700000000000000e+04
4.511900000000000000e+04
4.518200000000000000e+04
4.521500000000000000e+04
4.527700000000000000e+04
4.527800000000000000e+04
4.529100000000000000e+04
4.529400000000000000e+04
4.529900000000000000e+04
4.530100000000000000e+04
4.543600000000000000e+04
4.548300000000000000e+04
4.551800000000000000e+04
4.552300000000000000e+04
4.553000000000000000e+04
4.553900000000000000e+04
4.554600000000000000e+04
4.554800000000000000e+04
4.556000000000000000e+04
4.574700000000000000e+04
4.576700000000000000e+04
4.585100000000000000e+04
4.586300000000000000e+04
4.587700000000000000e+04
4.590100000000000000e+04
4.592900000000000000e+04
4.605000000000000000e+04
4.617400000000000000e+04
4.619700000000000000e+04
4.625300000000000000e+04
4.673300000000000000e+04
4.679300000000000000e+04
4.704100000000000000e+04
4.715900000000000000e+04
4.719500000000000000e+04
4.726200000000000000e+04
4.728500000000000000e+04
4.729200000000000000e+04
4.731000000000000000e+04
4.731700000000000000e+04
4.733700000000000000e+04
4.741400000000000000e+04
4.743500000000000000e+04
4.753000000000000000e+04
4.753200000000000000e+04
4.754400000000000000e+04
4.756200000000000000e+04
4.767600000000000000e+04
4.770800000000000000e+04
4.781800000000000000e+04
4.792100000000000000e+04
4.801800000000000000e+04
4.807200000000000000e+04
4.820300000000000000e+04
4.852900000000000000e+04
4.867500000000000000e+04
4.927900000000000000e+04
4.934300000000000000e+04
4.937500000000000000e+04
4.939100000000000000e+04
4.939900000000000000e+04
4.940300000000000000e+04
4.940500000000000000e+04
4.940600000000000000e+04
4.947100000000000000e+04
4.950300000000000000e+04
4.951900000000000000e+04
4.952700000000000000e+04
4.953100000000000000e+04
4.953300000000000000e+04
4.953400000000000000e+04
4.956700000000000000e+04
4.958300000000000000e+04
4.959100000000000000e+04
4.959500000000000000e+04
4.959700000000000000e+04
4.959800000000000000e+04
4.961500000000000000e+04
4.962300000000000000e+04
4.962700000000000000e+04
4.962900000000000000e+04
4.963000000000000000e+04
4.963900000000000000e+04
4.964300000000000000e+04
4.964500000000000000e+04
4.964600000000000000e+04
4.965100000000000000e+04
4.965300000000000000e+04
4.965400000000000000e+04
4.965700000000000000e+04
4.965800000000000000e+04
4.966000000000000000e+04
4.972700000000000000e+04
4.975900000000000000e+04
4.977500000000000000e+04
4.978900000000000000e+04
4.979000000000000000e+04
4.985300000000000000e+04
4.985400000000000000e+04
4.987900000000000000e+04
4.988600000000000000e+04
4.990700000000000000e+04
4.997500000000000000e+04
4.999900000000000000e+04
5.001100000000000000e+04
5.001300000000000000e+04
5.002300000000000000e+04
5.004400000000000000e+04
5.007100000000000000e+04
5.007500000000000000e+04
5.007800000000000000e+04
5.010800000000000000e+04
5.015000000000000000e+04
5.016800000000000000e+04
5.027100000000000000e+04
5.029500000000000000e+04
5.039500000000000000e+04
5.041900000000000000e+04
5.042100000000000000e+04
5.042200000000000000e+04
5.042800000000000000e+04
5.046300000000000000e+04
5.051900000000000000e+04
5.057500000000000000e+04
5.063500000000000000e+04
5.064500000000000000e+04
5.064900000000000000e+04
5.065000000000000000e+04
5.066500000000000000e+04
5.066600000000000000e+04
5.066800000000000000e+04
5.079800000000000000e+04
5.080300000000000000e+04
5.081200000000000000e+04
5.104600000000000000e+04
5.105000000000000000e+04
5.105800000000000000e+04
5.114200000000000000e+04
5.114600000000000000e+04
5.118400000000000000e+04
5.132300000000000000e+04
5.132600000000000000e+04
5.139000000000000000e+04
5.145200000000000000e+04
5.153500000000000000e+04
5.155900000000000000e+04
5.157300000000000000e+04
5.160700000000000000e+04
5.163700000000000000e+04
5.164200000000000000e+04
5.164400000000000000e+04
5.166700000000000000e+04
5.168500000000000000e+04
5.169200000000000000e+04
5.169700000000000000e+04
5.170000000000000000e+04
5.170400000000000000e+04
5.182200000000000000e+04
5.193900000000000000e+04
5.199500000000000000e+04
5.199800000000000000e+04
5.216300000000000000e+04
5.216500000000000000e+04
5.225500000000000000e+04
5.227900000000000000e+04
5.230300000000000000e+04
5.241200000000000000e+04
5.246000000000000000e+04
5.255700000000000000e+04
5.255800000000000000e+04
5.259300000000000000e+04
5.267800000000000000e+04
5.296100000000000000e+04
5.312900000000000000e+04
5.331100000000000000e+04
5.335900000000000000e+04
5.337100000000000000e+04
5.337300000000000000e+04
5.345500000000000000e+04
5.346700000000000000e+04
5.348600000000000000e+04
5.349100000000000000e+04
5.349800000000000000e+04
5.353500000000000000e+04
5.361300000000000000e+04
5.361900000000000000e+04
5.365900000000000000e+04
5.366100000000000000e+04
5.367700000000000000e+04
5.369000000000000000e+04
5.371500000000000000e+04
5.373300000000000000e+04
5.374600000000000000e+04
5.374800000000000000e+04
5.375200000000000000e+04
5.391100000000000000e+04
5.393300000000000000e+04
5.396600000000000000e+04
5.404300000000000000e+04
5.405900000000000000e+04
5.406900000000000000e+04
5.409100000000000000e+04
5.409300000000000000e+04
5.412100000000000000e+04
5.413200000000000000e+04
5.418100000000000000e+04
5.418600000000000000e+04
5.419300000000000000e+04
5.438900000000000000e+04
5.449900000000000000e+04
5.451600000000000000e+04
5.458500000000000000e+04
5.469100000000000000e+04
5.473200000000000000e+04
5.475400000000000000e+04
5.498200000000000000e+04
5.504700000000000000e+04
5.507800000000000000e+04
5.509200000000000000e+04
5.538300000000000000e+04
5.540500000000000000e+04
5.544700000000000000e+04
5.552900000000000000e+04
5.565400000000000000e+04
5.567200000000000000e+04
5.570500000000000000e+04
5.572200000000000000e+04
5.589100000000000000e+04
5.607500000000000000e+04
5.613300000000000000e+04
5.639800000000000000e+04
5.642800000000000000e+04
5.656000000000000000e+04
5.667400000000000000e+04
5.670700000000000000e+04
5.674000000000000000e+04
5.688200000000000000e+04
5.712200000000000000e+04
5.743900000000000000e+04
5.745500000000000000e+04
5.747000000000000000e+04
5.753400000000000000e+04
5.756500000000000000e+04
5.758200000000000000e+04
5.759000000000000000e+04
5.759300000000000000e+04
5.759600000000000000e+04
5.763100000000000000e+04
5.765500000000000000e+04
5.765900000000000000e+04
5.766200000000000000e+04
5.767900000000000000e+04
5.769300000000000000e+04
5.770300000000000000e+04
5.770700000000000000e+04
5.771800000000000000e+04
5.772200000000000000e+04
5.777100000000000000e+04
5.777300000000000000e+04
5.777400000000000000e+04
5.777900000000000000e+04
5.781100000000000000e+04
5.781800000000000000e+04
5.782900000000000000e+04
5.783000000000000000e+04
5.783600000000000000e+04
5.790300000000000000e+04
5.796300000000000000e+04
5.800700000000000000e+04
5.801100000000000000e+04
5.802700000000000000e+04
5.805900000000000000e+04
5.808300000000000000e+04
5.815500000000000000e+04
5.819500000000000000e+04
5.828400000000000000e+04
5.830900000000000000e+04
5.834000000000000000e+04
5.841500000000000000e+04
5.843000000000000000e+04
5.847800000000000000e+04
5.848300000000000000e+04
5.851100000000000000e+04
5.863900000000000000e+04
5.874000000000000000e+04
5.877100000000000000e+04
5.879400000000000000e+04
5.906400000000000000e+04
5.917400000000000000e+04
5.919200000000000000e+04
5.957800000000000000e+04
5.962600000000000000e+04
5.972500000000000000e+04
6.001200000000000000e+04
6.010800000000000000e+04
6.014400000000000000e+04
6.021200000000000000e+04
6.055100000000000000e+04
6.058800000000000000e+04
6.059600000000000000e+04
6.075600000000000000e+04
6.099700000000000000e+04
6.112100000000000000e+04
6.148700000000000000e+04
6.149900000000000000e+04
6.161900000000000000e+04
6.163900000000000000e+04
6.165100000000000000e+04
6.165800000000000000e+04
6.171900000000000000e+04
6.176700000000000000e+04
6.178500000000000000e+04
6.181000000000000000e+04
6.183100000000000000e+04
6.187600000000000000e+04
6.226000000000000000e+04
6.230800000000000000e+04
6.276400000000000000e+04
6.302800000000000000e+04
6.363500000000000000e+04
6.414800000000000000e+04
6.416200000000000000e+04
6.504800000000000000e+04
6.579100000000000000e+04
6.591900000000000000e+04
6.598300000000000000e+04
6.601500000000000000e+04
6.603100000000000000e+04
6.603900000000000000e+04
6.604300000000000000e+04
6.604500000000000000e+04
6.604600000000000000e+04
6.617500000000000000e+04
6.623900000000000000e+04
6.627100000000000000e+04
6.628700000000000000e+04
6.629500000000000000e+04
6.629900000000000000e+04
6.630100000000000000e+04
6.630200000000000000e+04
6.636700000000000000e+04
6.639900000000000000e+04
6.641500000000000000e+04
6.642300000000000000e+04
6.642700000000000000e+04
6.642900000000000000e+04
6.646300000000000000e+04
6.647900000000000000e+04
6.648700000000000000e+04
6.649100000000000000e+04
6.649300000000000000e+04
6.649400000000000000e+04
6.651100000000000000e+04
6.651900000000000000e+04
6.652300000000000000e+04
6.652500000000000000e+04
6.652600000000000000e+04
6.653500000000000000e+04
6.653900000000000000e+04
6.654100000000000000e+04
6.654200000000000000e+04
6.654700000000000000e+04
6.654900000000000000e+04
6.655000000000000000e+04
6.655300000000000000e+04
6.655400000000000000e+04
6.655600000000000000e+04
6.668700000000000000e+04
6.675100000000000000e+04
6.678300000000000000e+04
6.679900000000000000e+04
6.680700000000000000e+04
6.681100000000000000e+04
6.681300000000000000e+04
6.681400000000000000e+04
6.687900000000000000e+04
6.691100000000000000e+04
6.692700000000000000e+04
6.693500000000000000e+04
6.693900000000000000e+04
6.694100000000000000e+04
6.694200000000000000e+04
6.697500000000000000e+04
6.699100000000000000e+04
6.699900000000000000e+04
6.700300000000000000e+04
6.700500000000000000e+04
6.700600000000000000e+04
6.702300000000000000e+04
6.703100000000000000e+04
6.703500000000000000e+04
6.703700000000000000e+04
6.703800000000000000e+04
6.704700000000000000e+04
6.705100000000000000e+04
6.705300000000000000e+04
6.705400000000000000e+04
6.705900000000000000e+04
6.706100000000000000e+04
6.706200000000000000e+04
6.706500000000000000e+04
6.706600000000000000e+04
6.706800000000000000e+04
6.719100000000000000e+04
6.719500000000000000e+04
6.725500000000000000e+04
6.727900000000000000e+04
6.728700000000000000e+04
6.729100000000000000e+04
6.729300000000000000e+04
6.729400000000000000e+04
6.731800000000000000e+04
6.737500000000000000e+04
6.738700000000000000e+04
6.740700000000000000e+04
6.744600000000000000e+04
6.745200000000000000e+04
6.747100000000000000e+04
6.750100000000000000e+04
6.752700000000000000e+04
6.753400000000000000e+04
6.753900000000000000e+04
6.754100000000000000e+04
6.754200000000000000e+04
6.754800000000000000e+04
6.755500000000000000e+04
6.755700000000000000e+04
6.755800000000000000e+04
6.756400000000000000e+04
6.757200000000000000e+04
6.771100000000000000e+04
6.777500000000000000e+04
6.780700000000000000e+04
6.782300000000000000e+04
6.783100000000000000e+04
6.783500000000000000e+04
6.783700000000000000e+04
6.790300000000000000e+04
6.793500000000000000e+04
6.795100000000000000e+04
6.795900000000000000e+04
6.796300000000000000e+04
6.796500000000000000e+04
6.796600000000000000e+04
6.799900000000000000e+04
6.801500000000000000e+04
6.802300000000000000e+04
6.802700000000000000e+04
6.802900000000000000e+04
6.803000000000000000e+04
6.804700000000000000e+04
6.805500000000000000e+04
6.805900000000000000e+04
6.806100000000000000e+04
6.807100000000000000e+04
6.807500000000000000e+04
6.807700000000000000e+04
6.807800000000000000e+04
6.808300000000000000e+04
6.808500000000000000e+04
6.808600000000000000e+04
6.808900000000000000e+04
6.809000000000000000e+04
6.809200000000000000e+04
6.819100000000000000e+04
6.820700000000000000e+04
6.821500000000000000e+04
6.822100000000000000e+04
6.827100000000000000e+04
6.831100000000000000e+04
6.831800000000000000e+04
6.833400000000000000e+04
6.834100000000000000e+04
6.834800000000000000e+04
6.840700000000000000e+04
6.841300000000000000e+04
6.846700000000000000e+04
6.847000000000000000e+04
6.850700000000000000e+04
6.853400000000000000e+04
6.856600000000000000e+04
6.858500000000000000e+04
6.858600000000000000e+04
6.858800000000000000e+04
6.867100000000000000e+04
6.871900000000000000e+04
6.872700000000000000e+04
6.878300000000000000e+04
6.879800000000000000e+04
6.883900000000000000e+04
6.885400000000000000e+04
6.885800000000000000e+04
6.895700000000000000e+04
6.895800000000000000e+04
6.897300000000000000e+04
6.897900000000000000e+04
6.898500000000000000e+04
6.898600000000000000e+04
6.900700000000000000e+04
6.902100000000000000e+04
6.903500000000000000e+04
6.904300000000000000e+04
6.907800000000000000e+04
6.908400000000000000e+04
6.909300000000000000e+04
6.909400000000000000e+04
6.909800000000000000e+04
6.923000000000000000e+04
6.924400000000000000e+04
6.926300000000000000e+04
6.935400000000000000e+04
6.940500000000000000e+04
6.940600000000000000e+04
6.946200000000000000e+04
6.949000000000000000e+04
6.955300000000000000e+04
6.956000000000000000e+04
6.957100000000000000e+04
6.958500000000000000e+04
6.960100000000000000e+04
6.975900000000000000e+04
6.982300000000000000e+04
6.985500000000000000e+04
6.987100000000000000e+04
6.987900000000000000e+04
6.988300000000000000e+04
6.988500000000000000e+04
6.988600000000000000e+04
6.995100000000000000e+04
6.998300000000000000e+04
6.999900000000000000e+04
7.000700000000000000e+04
7.001100000000000000e+04
7.001300000000000000e+04
7.001400000000000000e+04
7.004700000000000000e+04
7.006300000000000000e+04
7.007100000000000000e+04
7.007500000000000000e+04
7.007700000000000000e+04
7.007800000000000000e+04
7.009500000000000000e+04
7.010300000000000000e+04
7.010700000000000000e+04
7.010900000000000000e+04
7.011000000000000000e+04
7.011900000000000000e+04
7.012300000000000000e+04
7.012500000000000000e+04
7.012600000000000000e+04
7.013100000000000000e+04
7.013300000000000000e+04
7.013400000000000000e+04
7.013700000000000000e+04
7.013800000000000000e+04
7.014000000000000000e+04
7.020700000000000000e+04
7.023900000000000000e+04
7.025500000000000000e+04
7.026700000000000000e+04
7.027000000000000000e+04
7.031900000000000000e+04
7.032700000000000000e+04
7.033100000000000000e+04
7.033300000000000000e+04
7.033400000000000000e+04
7.036500000000000000e+04
7.036600000000000000e+04
7.037900000000000000e+04
7.038200000000000000e+04
7.039600000000000000e+04
7.043100000000000000e+04
7.049100000000000000e+04
7.049300000000000000e+04
7.050700000000000000e+04
7.051000000000000000e+04
7.051500000000000000e+04
7.051800000000000000e+04
7.052100000000000000e+04
7.052400000000000000e+04
7.055100000000000000e+04
7.055800000000000000e+04
7.056700000000000000e+04
7.057300000000000000e+04
7.057900000000000000e+04
7.058600000000000000e+04
7.058800000000000000e+04
7.060600000000000000e+04
7.061100000000000000e+04
7.061300000000000000e+04
7.062000000000000000e+04
7.062900000000000000e+04
7.063400000000000000e+04
7.063600000000000000e+04
7.064400000000000000e+04
7.075100000000000000e+04
7.076700000000000000e+04
7.077500000000000000e+04
7.084300000000000000e+04
7.086300000000000000e+04
7.087100000000000000e+04
7.087700000000000000e+04
7.089300000000000000e+04
7.090600000000000000e+04
7.094300000000000000e+04
7.097100000000000000e+04
7.099900000000000000e+04
7.100500000000000000e+04
7.100600000000000000e+04
7.101500000000000000e+04
7.103400000000000000e+04
7.103600000000000000e+04
7.106900000000000000e+04
7.109400000000000000e+04
7.109800000000000000e+04
7.111100000000000000e+04
7.111500000000000000e+04
7.111800000000000000e+04
7.112500000000000000e+04
7.112600000000000000e+04
7.113900000000000000e+04
7.115300000000000000e+04
7.115600000000000000e+04
7.116000000000000000e+04
7.128500000000000000e+04
7.129000000000000000e+04
7.134700000000000000e+04
7.141200000000000000e+04
7.151400000000000000e+04
7.159000000000000000e+04
7.185500000000000000e+04
7.191500000000000000e+04
7.191700000000000000e+04
7.192300000000000000e+04
7.192500000000000000e+04
7.192900000000000000e+04
7.198300000000000000e+04
7.199500000000000000e+04
7.199700000000000000e+04
7.199800000000000000e+04
7.202300000000000000e+04
7.202700000000000000e+04
7.202900000000000000e+04
7.205400000000000000e+04
7.205700000000000000e+04
7.206000000000000000e+04
7.211000000000000000e+04
7.211700000000000000e+04
7.212100000000000000e+04
7.212400000000000000e+04
7.214200000000000000e+04
7.215000000000000000e+04
7.215400000000000000e+04
7.215600000000000000e+04
7.217000000000000000e+04
7.217800000000000000e+04
7.218000000000000000e+04
7.227100000000000000e+04
7.228600000000000000e+04
7.234900000000000000e+04
7.253400000000000000e+04
7.255000000000000000e+04
7.260400000000000000e+04
7.262000000000000000e+04
7.266000000000000000e+04
7.268000000000000000e+04
7.287800000000000000e+04
7.288600000000000000e+04
7.294600000000000000e+04
7.298300000000000000e+04
7.298700000000000000e+04
7.301800000000000000e+04
7.304300000000000000e+04
7.310200000000000000e+04
7.311600000000000000e+04
7.316100000000000000e+04
7.318800000000000000e+04
7.323100000000000000e+04
7.323900000000000000e+04
7.338800000000000000e+04
7.368000000000000000e+04
7.385500000000000000e+04
7.391900000000000000e+04
7.395100000000000000e+04
7.396700000000000000e+04
7.397500000000000000e+04
7.397900000000000000e+04
7.398100000000000000e+04
7.398200000000000000e+04
7.404700000000000000e+04
7.407900000000000000e+04
7.409500000000000000e+04
7.410300000000000000e+04
7.410700000000000000e+04
7.410900000000000000e+04
7.411000000000000000e+04
7.414300000000000000e+04
7.415900000000000000e+04
7.416700000000000000e+04
7.417100000000000000e+04
7.417300000000000000e+04
7.417400000000000000e+04
7.419100000000000000e+04
7.419900000000000000e+04
7.420300000000000000e+04
7.420500000000000000e+04
7.420600000000000000e+04
7.421500000000000000e+04
7.421900000000000000e+04
7.422100000000000000e+04
7.422200000000000000e+04
7.422700000000000000e+04
7.422900000000000000e+04
7.423000000000000000e+04
7.423300000000000000e+04
7.423400000000000000e+04
7.423600000000000000e+04
7.433500000000000000e+04
7.435100000000000000e+04
7.436300000000000000e+04
7.441500000000000000e+04
7.447100000000000000e+04
7.447700000000000000e+04
7.448300000000000000e+04
7.448600000000000000e+04
7.449000000000000000e+04
7.455700000000000000e+04
7.457500000000000000e+04
7.461400000000000000e+04
7.461700000000000000e+04
7.461800000000000000e+04
7.464700000000000000e+04
7.465400000000000000e+04
7.466700000000000000e+04
7.466900000000000000e+04
7.467500000000000000e+04
7.468400000000000000e+04
7.470700000000000000e+04
7.470900000000000000e+04
7.472900000000000000e+04
7.473000000000000000e+04
7.474000000000000000e+04
7.474400000000000000e+04
7.487500000000000000e+04
7.494100000000000000e+04
7.495900000000000000e+04
7.497100000000000000e+04
7.497300000000000000e+04
7.498700000000000000e+04
7.499000000000000000e+04
7.499800000000000000e+04
7.506700000000000000e+04
7.508700000000000000e+04
7.511800000000000000e+04
7.512500000000000000e+04
7.516300000000000000e+04
7.516500000000000000e+04
7.516600000000000000e+04
7.520700000000000000e+04
7.521900000000000000e+04
7.522200000000000000e+04
7.523800000000000000e+04
7.524100000000000000e+04
7.524900000000000000e+04
7.525200000000000000e+04
7.531100000000000000e+04
7.537100000000000000e+04
7.544500000000000000e+04
7.544900000000000000e+04
7.545200000000000000e+04
7.549700000000000000e+04
7.556600000000000000e+04
7.561900000000000000e+04
7.568500000000000000e+04
7.568600000000000000e+04
7.574600000000000000e+04
7.588700000000000000e+04
7.589900000000000000e+04
7.599500000000000000e+04
7.602800000000000000e+04
7.607900000000000000e+04
7.609300000000000000e+04
7.613900000000000000e+04
7.615400000000000000e+04
7.617500000000000000e+04
7.619900000000000000e+04
7.620500000000000000e+04
7.620600000000000000e+04
7.621100000000000000e+04
7.621400000000000000e+04
7.625000000000000000e+04
7.626100000000000000e+04
7.626600000000000000e+04
7.638200000000000000e+04
7.640500000000000000e+04
7.641200000000000000e+04
7.646900000000000000e+04
7.647000000000000000e+04
7.649400000000000000e+04
7.660400000000000000e+04
7.662900000000000000e+04
7.664500000000000000e+04
7.665700000000000000e+04
7.668300000000000000e+04
7.668500000000000000e+04
7.690300000000000000e+04
7.695800000000000000e+04
7.703400000000000000e+04
7.704400000000000000e+04
7.725100000000000000e+04
7.726500000000000000e+04
7.728800000000000000e+04
7.736900000000000000e+04
7.738900000000000000e+04
7.749600000000000000e+04
7.758900000000000000e+04
7.759600000000000000e+04
7.791900000000000000e+04
7.793500000000000000e+04
7.794900000000000000e+04
7.799900000000000000e+04
7.800700000000000000e+04
7.801100000000000000e+04
7.803100000000000000e+04
7.804300000000000000e+04
7.805500000000000000e+04
7.806200000000000000e+04
7.807300000000000000e+04
7.814100000000000000e+04
7.814200000000000000e+04
7.820200000000000000e+04
7.824700000000000000e+04
7.825900000000000000e+04
7.826100000000000000e+04
7.828300000000000000e+04
7.828500000000000000e+04
7.829400000000000000e+04
7.830000000000000000e+04
7.832800000000000000e+04
7.842300000000000000e+04
7.847900000000000000e+04
7.851800000000000000e+04
7.854100000000000000e+04
7.854200000000000000e+04
7.855000000000000000e+04
7.855400000000000000e+04
7.857800000000000000e+04
7.864600000000000000e+04
7.867500000000000000e+04
7.874600000000000000e+04
7.877600000000000000e+04
7.894100000000000000e+04
7.895100000000000000e+04
7.895700000000000000e+04
7.896300000000000000e+04
7.900300000000000000e+04
7.902700000000000000e+04
7.905100000000000000e+04
7.906600000000000000e+04
7.906800000000000000e+04
7.908200000000000000e+04
7.909600000000000000e+04
7.918100000000000000e+04
7.920300000000000000e+04
7.923900000000000000e+04
7.927000000000000000e+04
7.927400000000000000e+04
7.930600000000000000e+04
7.933000000000000000e+04
7.965300000000000000e+04
7.997500000000000000e+04
8.003000000000000000e+04
8.008500000000000000e+04
8.010100000000000000e+04
8.020500000000000000e+04
8.023000000000000000e+04
8.028200000000000000e+04
8.033700000000000000e+04
8.053100000000000000e+04
8.056200000000000000e+04
8.066100000000000000e+04
8.105200000000000000e+04
8.119600000000000000e+04
8.148100000000000000e+04
8.148400000000000000e+04
8.204700000000000000e+04
8.211100000000000000e+04
8.214300000000000000e+04
8.215900000000000000e+04
8.216700000000000000e+04
8.217100000000000000e+04
8.217300000000000000e+04
8.223900000000000000e+04
8.227100000000000000e+04
8.228700000000000000e+04
8.229500000000000000e+04
8.229900000000000000e+04
8.230100000000000000e+04
8.230200000000000000e+04
8.233500000000000000e+04
8.235100000000000000e+04
8.235900000000000000e+04
8.236300000000000000e+04
8.236500000000000000e+04
8.238300000000000000e+04
8.239100000000000000e+04
8.239500000000000000e+04
8.239700000000000000e+04
8.239800000000000000e+04
8.240700000000000000e+04
8.241100000000000000e+04
8.241300000000000000e+04
8.241400000000000000e+04
8.241900000000000000e+04
8.242100000000000000e+04
8.242200000000000000e+04
8.242500000000000000e+04
8.242600000000000000e+04
8.254300000000000000e+04
8.255700000000000000e+04
8.255800000000000000e+04
8.259100000000000000e+04
8.262100000000000000e+04
8.263900000000000000e+04
8.273500000000000000e+04
8.274900000000000000e+04
8.279100000000000000e+04
8.283900000000000000e+04
8.285900000000000000e+04
8.286200000000000000e+04
8.289300000000000000e+04
8.289400000000000000e+04
8.290600000000000000e+04
8.291800000000000000e+04
8.292900000000000000e+04
8.293600000000000000e+04
8.305500000000000000e+04
8.306300000000000000e+04
8.311900000000000000e+04
8.313100000000000000e+04
8.316500000000000000e+04
8.317900000000000000e+04
8.318200000000000000e+04
8.319000000000000000e+04
8.319400000000000000e+04
8.319600000000000000e+04
8.323100000000000000e+04
8.325500000000000000e+04
8.326100000000000000e+04
8.327900000000000000e+04
8.329300000000000000e+04
8.329400000000000000e+04
8.331800000000000000e+04
8.332100000000000000e+04
8.334300000000000000e+04
8.335500000000000000e+04
8.335800000000000000e+04
8.337300000000000000e+04
8.337400000000000000e+04
8.338600000000000000e+04
8.340300000000000000e+04
8.340500000000000000e+04
8.341400000000000000e+04
8.342000000000000000e+04
8.342900000000000000e+04
8.343000000000000000e+04
8.366700000000000000e+04
8.369000000000000000e+04
8.383200000000000000e+04
8.389200000000000000e+04
8.392200000000000000e+04
8.394400000000000000e+04
8.408700000000000000e+04
8.415800000000000000e+04
8.418300000000000000e+04
8.419900000000000000e+04
8.428500000000000000e+04
8.430300000000000000e+04
8.432700000000000000e+04
8.439700000000000000e+04
8.440500000000000000e+04
8.440600000000000000e+04
8.441200000000000000e+04
8.442900000000000000e+04
8.444100000000000000e+04
8.444400000000000000e+04
8.445300000000000000e+04
8.446500000000000000e+04
8.446600000000000000e+04
8.446800000000000000e+04
8.451100000000000000e+04
8.457400000000000000e+04
8.459000000000000000e+04
8.460100000000000000e+04
8.462300000000000000e+04
8.466600000000000000e+04
8.467900000000000000e+04
8.471000000000000000e+04
8.476300000000000000e+04
8.484400000000000000e+04
8.487500000000000000e+04
8.490200000000000000e+04
8.492000000000000000e+04
8.494600000000000000e+04
8.495200000000000000e+04
8.511600000000000000e+04
8.523400000000000000e+04
8.528700000000000000e+04
8.529300000000000000e+04
8.529900000000000000e+04
8.541400000000000000e+04
8.544300000000000000e+04
8.546400000000000000e+04
8.548000000000000000e+04
8.555000000000000000e+04
8.570800000000000000e+04
8.612700000000000000e+04
8.614100000000000000e+04
8.619100000000000000e+04
8.623800000000000000e+04
8.625100000000000000e+04
8.625400000000000000e+04
8.626100000000000000e+04
8.632700000000000000e+04
8.633300000000000000e+04
8.633400000000000000e+04
8.639600000000000000e+04
8.641500000000000000e+04
8.643000000000000000e+04
8.645800000000000000e+04
8.647100000000000000e+04
8.648300000000000000e+04
8.650500000000000000e+04
8.658300000000000000e+04
8.658900000000000000e+04
8.659000000000000000e+04
8.663700000000000000e+04
8.664500000000000000e+04
8.668300000000000000e+04
8.670200000000000000e+04
8.676100000000000000e+04
8.677200000000000000e+04
8.683000000000000000e+04
8.685500000000000000e+04
8.686200000000000000e+04
8.687600000000000000e+04
8.688900000000000000e+04
8.689000000000000000e+04
8.714300000000000000e+04
8.725300000000000000e+04
8.728400000000000000e+04
8.731100000000000000e+04
8.734900000000000000e+04
8.738600000000000000e+04
8.743800000000000000e+04
8.750000000000000000e+04
8.750600000000000000e+04
8.752100000000000000e+04
8.752400000000000000e+04
8.769100000000000000e+04
8.770800000000000000e+04
8.775400000000000000e+04
8.783400000000000000e+04
8.784900000000000000e+04
8.800100000000000000e+04
8.800400000000000000e+04
8.801600000000000000e+04
8.815800000000000000e+04
8.817300000000000000e+04
8.818800000000000000e+04
8.821900000000000000e+04
8.823800000000000000e+04
8.824500000000000000e+04
8.829400000000000000e+04
8.834700000000000000e+04
8.846700000000000000e+04
8.853000000000000000e+04
8.854500000000000000e+04
8.860500000000000000e+04
8.862700000000000000e+04
8.885100000000000000e+04
8.886700000000000000e+04
8.891400000000000000e+04
8.919400000000000000e+04
8.925400000000000000e+04
8.937900000000000000e+04
9.020700000000000000e+04
9.022300000000000000e+04
9.023500000000000000e+04
9.023700000000000000e+04
9.029500000000000000e+04
9.029900000000000000e+04
9.035500000000000000e+04
9.035800000000000000e+04
9.042700000000000000e+04
9.048900000000000000e+04
9.049200000000000000e+04
9.052500000000000000e+04
9.052600000000000000e+04
9.055400000000000000e+04
9.055600000000000000e+04
9.056700000000000000e+04
9.057900000000000000e+04
9.059700000000000000e+04
9.059800000000000000e+04
9.074500000000000000e+04
9.080300000000000000e+04
9.085100000000000000e+04
9.093700000000000000e+04
9.093800000000000000e+04
9.103300000000000000e+04
9.106400000000000000e+04
9.119700000000000000e+04
9.132400000000000000e+04
9.143800000000000000e+04
9.148400000000000000e+04
9.150600000000000000e+04
9.155500000000000000e+04
9.156400000000000000e+04
9.160200000000000000e+04
9.162000000000000000e+04
9.184300000000000000e+04
9.200400000000000000e+04
9.234200000000000000e+04
9.238000000000000000e+04
9.240100000000000000e+04
9.252400000000000000e+04
9.256300000000000000e+04
9.256900000000000000e+04
9.263200000000000000e+04
9.271700000000000000e+04
9.299700000000000000e+04
9.310400000000000000e+04
9.349200000000000000e+04
9.432300000000000000e+04
9.437900000000000000e+04
9.439300000000000000e+04
9.442200000000000000e+04
9.449400000000000000e+04
9.453500000000000000e+04
9.455300000000000000e+04
9.457000000000000000e+04
9.458400000000000000e+04
9.467300000000000000e+04
9.468900000000000000e+04
9.488900000000000000e+04
9.529200000000000000e+04
9.542700000000000000e+04
9.545800000000000000e+04
9.565200000000000000e+04
9.590500000000000000e+04
9.594000000000000000e+04
9.600900000000000000e+04
9.633400000000000000e+04
9.640300000000000000e+04
9.652500000000000000e+04
9.654000000000000000e+04
9.655600000000000000e+04
9.689900000000000000e+04
9.743200000000000000e+04
9.763200000000000000e+04
9.781000000000000000e+04
9.843100000000000000e+04
9.849500000000000000e+04
9.852700000000000000e+04
9.854300000000000000e+04
9.855100000000000000e+04
9.855500000000000000e+04
9.855700000000000000e+04
9.855800000000000000e+04
9.862300000000000000e+04
9.865500000000000000e+04
9.867100000000000000e+04
9.867900000000000000e+04
9.868300000000000000e+04
9.868500000000000000e+04
9.868600000000000000e+04
9.871900000000000000e+04
9.873500000000000000e+04
9.874300000000000000e+04
9.874700000000000000e+04
9.874900000000000000e+04
9.875000000000000000e+04
9.876700000000000000e+04
9.877500000000000000e+04
9.877900000000000000e+04
9.878100000000000000e+04
9.878200000000000000e+04
9.879100000000000000e+04
9.879500000000000000e+04
9.879700000000000000e+04
9.879800000000000000e+04
9.880300000000000000e+04
9.880500000000000000e+04
9.880600000000000000e+04
9.880900000000000000e+04
9.881000000000000000e+04
9.881200000000000000e+04
9.894200000000000000e+04
9.900500000000000000e+04
9.902300000000000000e+04
9.903100000000000000e+04
9.903500000000000000e+04
9.903700000000000000e+04
9.903800000000000000e+04
9.904700000000000000e+04
9.905100000000000000e+04
9.911900000000000000e+04
9.919300000000000000e+04
9.919400000000000000e+04
9.921500000000000000e+04
9.927100000000000000e+04
9.927700000000000000e+04
9.928500000000000000e+04
9.929000000000000000e+04
9.930500000000000000e+04
9.931300000000000000e+04
9.942300000000000000e+04
9.943900000000000000e+04
9.945300000000000000e+04
9.948700000000000000e+04
9.951700000000000000e+04
9.951800000000000000e+04
9.953500000000000000e+04
9.955000000000000000e+04
9.956500000000000000e+04
9.956600000000000000e+04
9.957300000000000000e+04
9.957800000000000000e+04
9.958000000000000000e+04
9.963100000000000000e+04
9.963900000000000000e+04
9.964300000000000000e+04
9.964600000000000000e+04
9.966300000000000000e+04
9.967100000000000000e+04
9.967500000000000000e+04
9.975700000000000000e+04
9.976600000000000000e+04
9.977200000000000000e+04
9.979000000000000000e+04
9.979500000000000000e+04
9.979700000000000000e+04
9.980100000000000000e+04
9.982500000000000000e+04
9.990200000000000000e+04
9.994300000000000000e+04
9.999800000000000000e+04
1.000390000000000000e+05
1.001710000000000000e+05
1.002160000000000000e+05
1.002660000000000000e+05
1.003000000000000000e+05
1.004150000000000000e+05
1.005270000000000000e+05
1.005390000000000000e+05
1.005410000000000000e+05
1.005590000000000000e+05
1.005730000000000000e+05
1.005740000000000000e+05
1.005830000000000000e+05
1.005890000000000000e+05
1.005900000000000000e+05
1.005970000000000000e+05
1.006950000000000000e+05
1.007180000000000000e+05
1.007250000000000000e+05
1.007290000000000000e+05
1.007650000000000000e+05
1.007820000000000000e+05
1.007900000000000000e+05
1.007940000000000000e+05
1.007960000000000000e+05
1.008110000000000000e+05
1.008140000000000000e+05
1.008250000000000000e+05
1.008260000000000000e+05
1.008440000000000000e+05
1.009570000000000000e+05
1.009820000000000000e+05
1.009860000000000000e+05
1.010220000000000000e+05
1.010840000000000000e+05
1.011710000000000000e+05
1.011910000000000000e+05
1.011980000000000000e+05
1.014230000000000000e+05
1.014350000000000000e+05
1.014550000000000000e+05
1.014670000000000000e+05
1.014690000000000000e+05
1.016750000000000000e+05
1.016850000000000000e+05
1.017150000000000000e+05
1.017180000000000000e+05
1.018270000000000000e+05
1.019340000000000000e+05
1.020290000000000000e+05
1.020720000000000000e+05
1.024630000000000000e+05
1.025250000000000000e+05
1.025750000000000000e+05
1.025830000000000000e+05
1.025870000000000000e+05
1.025890000000000000e+05
1.026310000000000000e+05
1.026350000000000000e+05
1.026370000000000000e+05
1.027110000000000000e+05
1.027150000000000000e+05
1.027170000000000000e+05
1.027350000000000000e+05
1.027710000000000000e+05
1.027740000000000000e+05
1.027780000000000000e+05
1.028370000000000000e+05
1.028380000000000000e+05
1.028420000000000000e+05
1.028440000000000000e+05
1.028590000000000000e+05
1.028620000000000000e+05
1.028670000000000000e+05
1.028730000000000000e+05
1.028830000000000000e+05
1.028920000000000000e+05
1.028970000000000000e+05
1.029670000000000000e+05
1.030220000000000000e+05
1.031000000000000000e+05
1.032540000000000000e+05
1.032820000000000000e+05
1.033030000000000000e+05
1.033940000000000000e+05
1.034830000000000000e+05
1.034860000000000000e+05
1.035030000000000000e+05
1.035180000000000000e+05
1.035340000000000000e+05
1.036380000000000000e+05
1.036530000000000000e+05
1.036580000000000000e+05
1.037100000000000000e+05
1.037370000000000000e+05
1.037580000000000000e+05
1.037880000000000000e+05
1.037940000000000000e+05
1.037960000000000000e+05
1.038000000000000000e+05
1.038580000000000000e+05
1.038820000000000000e+05
1.038890000000000000e+05
1.040440000000000000e+05
1.040500000000000000e+05
1.041990000000000000e+05
1.042900000000000000e+05
1.043300000000000000e+05
1.045910000000000000e+05
1.046030000000000000e+05
1.046270000000000000e+05
1.046360000000000000e+05
1.046590000000000000e+05
1.046610000000000000e+05
1.046840000000000000e+05
1.047270000000000000e+05
1.047340000000000000e+05
1.047890000000000000e+05
1.048100000000000000e+05
1.048180000000000000e+05
1.048820000000000000e+05
1.048840000000000000e+05
1.049130000000000000e+05
1.049750000000000000e+05
1.050520000000000000e+05
1.051620000000000000e+05
1.052000000000000000e+05
1.052650000000000000e+05
1.053470000000000000e+05
1.055320000000000000e+05
1.055640000000000000e+05
1.056690000000000000e+05
1.057650000000000000e+05
1.057660000000000000e+05
1.060680000000000000e+05
1.061600000000000000e+05
1.062640000000000000e+05
1.063060000000000000e+05
1.066210000000000000e+05
1.066710000000000000e+05
1.066850000000000000e+05
1.067180000000000000e+05
1.067330000000000000e+05
1.067390000000000000e+05
1.067410000000000000e+05
1.067450000000000000e+05
1.067460000000000000e+05
1.067830000000000000e+05
1.068310000000000000e+05
1.068450000000000000e+05
1.068460000000000000e+05
1.068610000000000000e+05
1.068670000000000000e+05
1.068730000000000000e+05
1.069070000000000000e+05
1.069380000000000000e+05
1.069570000000000000e+05
1.069630000000000000e+05
1.069660000000000000e+05
1.069690000000000000e+05
1.069790000000000000e+05
1.069860000000000000e+05
1.069960000000000000e+05
1.071260000000000000e+05
1.071590000000000000e+05
1.072110000000000000e+05
1.072260000000000000e+05
1.072280000000000000e+05
1.072790000000000000e+05
1.073350000000000000e+05
1.073990000000000000e+05
1.074130000000000000e+05
1.074170000000000000e+05
1.074360000000000000e+05
1.074760000000000000e+05
1.075750000000000000e+05
1.076300000000000000e+05
1.076440000000000000e+05
1.077330000000000000e+05
1.078780000000000000e+05
1.078840000000000000e+05
1.079110000000000000e+05
1.079170000000000000e+05
1.080010000000000000e+05
1.080160000000000000e+05
1.086380000000000000e+05
1.087250000000000000e+05
1.087300000000000000e+05
1.088750000000000000e+05
1.089200000000000000e+05
1.089410000000000000e+05
1.089780000000000000e+05
1.090260000000000000e+05
1.091270000000000000e+05
1.091550000000000000e+05
1.092100000000000000e+05
1.096810000000000000e+05
1.097400000000000000e+05
1.097520000000000000e+05
1.097770000000000000e+05
1.098980000000000000e+05
1.099700000000000000e+05
1.107100000000000000e+05
1.107660000000000000e+05
1.108260000000000000e+05
1.108770000000000000e+05
1.108870000000000000e+05
1.109020000000000000e+05
1.109050000000000000e+05
1.112120000000000000e+05
1.112670000000000000e+05
1.115360000000000000e+05
1.115530000000000000e+05
1.115540000000000000e+05
1.116620000000000000e+05
1.117240000000000000e+05
1.118420000000000000e+05
1.120030000000000000e+05
1.122920000000000000e+05
1.124240000000000000e+05
1.127180000000000000e+05
1.127750000000000000e+05
1.128380000000000000e+05
1.129840000000000000e+05
1.131200000000000000e+05
1.132260000000000000e+05
1.132850000000000000e+05
1.133480000000000000e+05
1.139850000000000000e+05
1.147510000000000000e+05
1.147990000000000000e+05
1.148070000000000000e+05
1.148130000000000000e+05
1.148470000000000000e+05
1.148710000000000000e+05
1.148780000000000000e+05
1.148950000000000000e+05
1.149030000000000000e+05
1.149190000000000000e+05
1.149340000000000000e+05
1.149370000000000000e+05
1.149380000000000000e+05
1.149750000000000000e+05
1.149990000000000000e+05
1.150380000000000000e+05
1.150470000000000000e+05
1.150510000000000000e+05
1.150540000000000000e+05
1.150660000000000000e+05
1.150680000000000000e+05
1.150870000000000000e+05
1.150950000000000000e+05
1.150990000000000000e+05
1.151180000000000000e+05
1.151250000000000000e+05
1.151300000000000000e+05
1.151430000000000000e+05
1.151570000000000000e+05
1.151710000000000000e+05
1.151780000000000000e+05
1.151800000000000000e+05
1.151850000000000000e+05
1.151920000000000000e+05
1.153860000000000000e+05
1.155070000000000000e+05
1.155570000000000000e+05
1.156030000000000000e+05
1.156210000000000000e+05
1.156580000000000000e+05
1.156650000000000000e+05
1.158790000000000000e+05
1.159170000000000000e+05
1.160070000000000000e+05
1.160190000000000000e+05
1.161150000000000000e+05
1.161330000000000000e+05
1.164520000000000000e+05
1.165620000000000000e+05
1.166320000000000000e+05
1.167670000000000000e+05
1.167830000000000000e+05
1.168870000000000000e+05
1.170910000000000000e+05
1.171640000000000000e+05
1.173490000000000000e+05
1.176490000000000000e+05
1.177040000000000000e+05
1.178030000000000000e+05
1.178500000000000000e+05
1.180230000000000000e+05
1.180530000000000000e+05
1.183070000000000000e+05
1.184030000000000000e+05
1.184960000000000000e+05
1.188630000000000000e+05
1.189570000000000000e+05
1.189630000000000000e+05
1.189690000000000000e+05
1.191450000000000000e+05
1.191460000000000000e+05
1.193420000000000000e+05
1.193950000000000000e+05
1.193980000000000000e+05
1.194520000000000000e+05
1.194730000000000000e+05
1.194800000000000000e+05
1.194910000000000000e+05
1.194970000000000000e+05
1.196190000000000000e+05
1.198680000000000000e+05
1.199580000000000000e+05
1.200830000000000000e+05
1.205940000000000000e+05
1.214900000000000000e+05
1.229970000000000000e+05
1.231650000000000000e+05
1.231960000000000000e+05
1.232380000000000000e+05
1.234210000000000000e+05
1.241300000000000000e+05
1.242640000000000000e+05
1.245800000000000000e+05
1.248320000000000000e+05
1.249550000000000000e+05
1.250130000000000000e+05
1.250270000000000000e+05
1.250700000000000000e+05
1.252190000000000000e+05
1.253780000000000000e+05
1.254620000000000000e+05
1.255730000000000000e+05
1.264810000000000000e+05
1.272010000000000000e+05
1.272840000000000000e+05
1.273130000000000000e+05
1.274080000000000000e+05
1.277500000000000000e+05
1.280880000000000000e+05
1.291880000000000000e+05
