 &FCI NORB=   8,NELEC= 8,MS2=0,
  ORBSYM=1,1,1,1,1,1,1,1
  ISYM=1,
 &END
 0.4815087844218455    1    1    1    1
 0.0134501859006389    2    1    1    1
 0.1120240292754935    2    1    2    1
 0.4559880108857847    2    2    1    1
 0.02099527100072967    2    2    2    1
 0.4677278098178164    2    2    2    2
 -0.003035206688480881    3    1    1    1
 0.005716957895875969    3    1    2    1
 0.00341736128439829    3    1    2    2
 0.08693292897030958    3    1    3    1
 -0.00399990652814015    3    2    1    1
 -0.0001013597291367643    3    2    2    1
 -0.005838532281974848    3    2    2    2
 -0.04747836050797689    3    2    3    1
 0.04320096287512749    3    2    3    2
 0.4521176947913988    3    3    1    1
 -0.05508784665933836    3    3    2    1
 0.4196428879408814    3    3    2    2
 0.02264917070372184    3    3    3    1
 -0.02414750526002539    3    3    3    2
 0.5257669043292228    3    3    3    3
 -0.001090027735513628    4    1    1    1
 -0.0008193480266443835    4    1    2    1
 -0.0081266036829396    4    1    2    2
 0.001841245599446916    4    1    3    1
 -0.001686152545587087    4    1    3    2
 -0.03317906345102457    4    1    3    3
 0.08636802144359075    4    1    4    1
 0.004763384533203733    4    2    1    1
 -0.007495150074035679    4    2    2    1
 0.006318077123068982    4    2    2    2
 -0.002019049735076001    4    2    3    1
 0.001584149921856339    4    2    3    2
 0.03130611325852433    4    2    3    3
 -0.04154901188905614    4    2    4    1
 0.03614409110346794    4    2    4    2
 -0.0006931573711633769    4    3    1    1
 -0.003024486538000002    4    3    2    1
 -0.001134376111036405    4    3    2    2
 -0.03401239842761439    4    3    3    1
 0.02645582716793037    4    3    3    2
 -0.01035037645051318    4    3    3    3
 -0.009022599314106788    4    3    4    1
 0.006339363040608915    4    3    4    2
 0.03687570893755963    4    3    4    3
 0.4431392207215549    4    4    1    1
 -0.05137804415687958    4    4    2    1
 0.4033615589345472    4    4    2    2
 -0.009907482396527601    4    4    3    1
 0.0003177471595490491    4    4    3    2
 0.4273947824454712    4    4    3    3
 0.04258073068923184    4    4    4    1
 -0.01735330294747968    4    4    4    2
 -0.0004581998983371895    4    4    4    3
 0.5020499561168825    4    4    4    4
 -0.03358699994888079    5    1    1    1
 0.0009660131358736705    5    1    2    1
 -0.004345970279892981    5    1    2    2
 0.01275287540493756    5    1    3    1
 0.004765830472949435    5    1    3    2
 -0.04054297886270312    5    1    3    3
 -0.005120633465107107    5    1    4    1
 -0.002721721912734294    5    1    4    2
 0.008586157114238473    5    1    4    3
 -0.02900255109477917    5    1    4    4
 0.04328233211552383    5    1    5    1
 -0.01511937127595195    5    2    1    1
 0.04478330157551446    5    2    2    1
 0.001357888693303239    5    2    2    2
 0.01697193376879798    5    2    3    1
 -0.006940951244567692    5    2    3    2
 -0.02503559713128218    5    2    3    3
 -0.007697392013660757    5    2    4    1
 -0.001898797688983307    5    2    4    2
 -0.01306082883695482    5    2    4    3
 -0.04448613178686421    5    2    4    4
 0.01584744027175155    5    2    5    1
 0.04962447498575536    5    2    5    2
 0.03202018587532059    5    3    1    1
 0.01385700266669662    5    3    2    1
 0.01928039959363523    5    3    2    2
 -0.03187067840405498    5    3    3    1
 0.01167226318001207    5    3    3    2
 -0.005869996322024193    5    3    3    3
 0.02339924155516972    5    3    4    1
 -0.01602327408329323    5    3    4    2
 0.007597437049213451    5    3    4    3
 0.0270744224565552    5    3    4    4
 -0.01755306054755893    5    3    5    1
 -0.01021023582227671    5    3    5    2
 0.0477882448508463    5    3    5    3
 -0.008364967499953274    5    4    1    1
 -0.006868390217798555    5    4    2    1
 -0.006725729338467281    5    4    2    2
 0.02283960563219114    5    4    3    1
 -0.01670739906163357    5    4    3    2
 0.001807127948370615    5    4    3    3
 0.003115115226862844    5    4    4    1
 -0.01219623360041092    5    4    4    2
 -0.008629256949687815    5    4    4    3
 0.003272512592201901    5    4    4    4
 0.005340389164581116    5    4    5    1
 0.003008645910851284    5    4    5    2
 -0.008795520957263766    5    4    5    3
 0.02662440261078207    5    4    5    4
 0.4054465969209717    5    5    1    1
 0.01348578321868604    5    5    2    1
 0.3917144026075418    5    5    2    2
 -0.01475567098261614    5    5    3    1
 -0.004011153798169951    5    5    3    2
 0.3871922867943911    5    5    3    3
 0.007039117249511603    5    5    4    1
 0.0009818241849396184    5    5    4    2
 -0.002329213119663642    5    5    4    3
 0.3825317797173899    5    5    4    4
 -0.02846512215988264    5    5    5    1
 -0.007212911479166841    5    5    5    2
 0.02803190645924631    5    5    5    3
 -0.007328306601150103    5    5    5    4
 0.3802086001813547    5    5    5    5
 -0.001447113312604984    6    1    1    1
 0.007411066114747096    6    1    2    1
 -0.01772082468056393    6    1    2    2
 0.01307963313029501    6    1    3    1
 0.00213356859243212    6    1    3    2
 0.007709832521060727    6    1    3    3
 0.01425771149244429    6    1    4    1
 0.002462671248538928    6    1    4    2
 0.008400220502428724    6    1    4    3
 0.001480897453884673    6    1    4    4
 -0.006695423293375431    6    1    5    1
 -0.01067997473142292    6    1    5    2
 -0.008921948222648577    6    1    5    3
 -0.007168300872548995    6    1    5    4
 -0.004343260364588323    6    1    5    5
 0.04506306440932024    6    1    6    1
 0.04205708779888967    6    2    1    1
 -0.0361005235002158    6    2    2    1
 0.03100565133115591    6    2    2    2
 0.009141520109741248    6    2    3    1
 -0.008058513899147607    6    2    3    2
 0.0470166312876576    6    2    3    3
 0.0115960630299088    6    2    4    1
 -0.001611697240331196    6    2    4    2
 -0.01268819663647266    6    2    4    3
 0.05648746961284974    6    2    4    4
 -0.01918536498898491    6    2    5    1
 -0.02699693590673857    6    2    5    2
 0.01163670016351617    6    2    5    3
 0.004356746291609028    6    2    5    4
 0.02205413575571582    6    2    5    5
 -0.008634424456429148    6    2    6    1
 0.05299856228301009    6    2    6    2
 0.04891918811521162    6    3    1    1
 0.01288076927111387    6    3    2    1
 0.03539928955452599    6    3    2    2
 0.02326536604609677    6    3    3    1
 -0.01339594238252043    6    3    3    2
 0.03336462719628606    6    3    3    3
 0.02445028993699863    6    3    4    1
 -0.01704359054613604    6    3    4    2
 -0.01390973288547496    6    3    4    3
 0.03820216008658833    6    3    4    4
 -0.01590701192651105    6    3    5    1
 0.004044381091419283    6    3    5    2
 0.02114163047291745    6    3    5    3
 0.01026160751541191    6    3    5    4
 0.02738162009633356    6    3    5    5
 -0.004154671701611059    6    3    6    1
 0.02894506293900218    6    3    6    2
 0.05645775884547988    6    3    6    3
 0.05339650347235576    6    4    1    1
 0.01215312813272834    6    4    2    1
 0.04275460556516968    6    4    2    2
 0.02366378465978447    6    4    3    1
 -0.01894617103551089    6    4    3    2
 0.0383809887983637    6    4    3    3
 0.003078217860372347    6    4    4    1
 0.003570379036097914    6    4    4    2
 -0.009809119688158893    6    4    4    3
 0.03899266837362816    6    4    4    4
 -0.01496618021434309    6    4    5    1
 0.0004064089194137038    6    4    5    2
 0.01232489335971954    6    4    5    3
 0.002236908756971989    6    4    5    4
 0.03017022920367401    6    4    5    5
 -0.002756761950929277    6    4    6    1
 0.02608807263912964    6    4    6    2
 0.03627345674495686    6    4    6    3
 0.04793672534715657    6    4    6    4
 -0.02839758438864943    6    5    1    1
 -0.03063378947301324    6    5    2    1
 -0.03605517724501188    6    5    2    2
 -0.0223185474380989    6    5    3    1
 0.01394846868777934    6    5    3    2
 0.00271146887217718    6    5    3    3
 -0.0195613648891302    6    5    4    1
 0.0103576965724907    6    5    4    2
 0.01487113032039667    6    5    4    3
 -0.01295366103185342    6    5    4    4
 -0.001630116547972641    6    5    5    1
 -0.01405411084811451    6    5    5    2
 -0.008655780255131638    6    5    5    3
 -0.003861424170704214    6    5    5    4
 -0.01985859476406762    6    5    5    5
 0.003114508013628966    6    5    6    1
 -0.00992946761673881    6    5    6    2
 -0.0232456203141781    6    5    6    3
 -0.02347106394148189    6    5    6    4
 0.03398386330004557    6    5    6    5
 0.4711134037358384    6    6    1    1
 -0.03151308969668395    6    6    2    1
 0.4471769605355678    6    6    2    2
 -0.02767490281797299    6    6    3    1
 0.02459775557209249    6    6    3    2
 0.471028445099109    6    6    3    3
 -0.01485074636672415    6    6    4    1
 0.02804520957214143    6    6    4    2
 0.03143863208939501    6    6    4    3
 0.4524015617921371    6    6    4    4
 -0.02412493492311944    6    6    5    1
 -0.04271981250434745    6    6    5    2
 0.02076120172125097    6    6    5    3
 -0.02591868985828037    6    6    5    4
 0.3999591758694906    6    6    5    5
 0.01640325428387964    6    6    6    1
 0.04497611833356915    6    6    6    2
 0.0243911522966898    6    6    6    3
 0.03969273656858228    6    6    6    4
 -0.002724300362405582    6    6    6    5
 0.5491663240485779    6    6    6    6
 0.00545942518962526    7    1    1    1
 -0.007549342379871949    7    1    2    1
 0.02230877058494025    7    1    2    2
 -0.002026720298024634    7    1    3    1
 -0.0005586058413226192    7    1    3    2
 0.007558973756457349    7    1    3    3
 0.01976090761865879    7    1    4    1
 -0.001289339139908401    7    1    4    2
 0.001188745768258351    7    1    4    3
 -0.005824069986550764    7    1    4    4
 0.007806211595064705    7    1    5    1
 0.006448297785170347    7    1    5    2
 0.004214351182204573    7    1    5    3
 -0.01049964800679159    7    1    5    4
 0.006794529542702139    7    1    5    5
 -0.001484745309028917    7    1    6    1
 0.0004837550543911458    7    1    6    2
 0.003471294204621648    7    1    6    3
 0.002635323153360431    7    1    6    4
 -0.007345730279297398    7    1    6    5
 0.0151025842996836    7    1    6    6
 0.0422293034156001    7    1    7    1
 -0.04084389952417285    7    2    1    1
 0.041290482075321    7    2    2    1
 -0.03276269193649593    7    2    2    2
 -0.00114439159136962    7    2    3    1
 0.003015843588688925    7    2    3    2
 -0.06246358433989352    7    2    3    3
 0.003954218599578905    7    2    4    1
 -0.003573272902525389    7    2    4    2
 -0.0006732283434447104    7    2    4    3
 -0.04005138724279389    7    2    4    4
 0.01546415856095949    7    2    5    1
 0.02906920981359153    7    2    5    2
 -0.005687074215519169    7    2    5    3
 0.001402551143985556    7    2    5    4
 -0.02053249836371511    7    2    5    5
 -0.0008114948363292468    7    2    6    1
 -0.03415189032487154    7    2    6    2
 -0.01147821069786152    7    2    6    3
 -0.01108902735248194    7    2    6    4
 -0.005647549034441077    7    2    6    5
 -0.05677039189878084    7    2    6    6
 -0.01107317499618838    7    2    7    1
 0.04919240565568841    7    2    7    2
 -0.004823213885920022    7    3    1    1
 -0.003554508604243364    7    3    2    1
 -0.002569190031435224    7    3    2    2
 0.01002125973264301    7    3    3    1
 -0.01184351435772996    7    3    3    2
 -0.0002905011337451846    7    3    3    3
 0.003432730380543869    7    3    4    1
 -0.001968248080783032    7    3    4    2
 0.003653586811508032    7    3    4    3
 0.0009518604098875906    7    3    4    4
 0.003541702863919875    7    3    5    1
 -0.002716211467582922    7    3    5    2
 -0.003391801497983443    7    3    5    3
 0.006813413020234986    7    3    5    4
 -0.002160999974427642    7    3    5    5
 0.002461001264090964    7    3    6    1
 -0.0019803699647081    7    3    6    2
 0.0004377357982044507    7    3    6    3
 0.003709787710497959    7    3    6    4
 -0.0004256164199093696    7    3    6    5
 -0.006550475124715208    7    3    6    6
 -0.000451971586884996    7    3    7    1
 0.0005640585729012884    7    3    7    2
 0.01376845456747019    7    3    7    3
 0.07260877003976127    7    4    1    1
 0.006176428367530389    7    4    2    1
 0.05940772391503831    7    4    2    2
 0.00231089637605822    7    4    3    1
 -0.003399409425600912    7    4    3    2
 0.0735399788749278    7    4    3    3
 -0.03640611641142485    7    4    4    1
 0.02116340575267709    7    4    4    2
 0.002963121673353793    7    4    4    3
 0.02896311309916368    7    4    4    4
 -0.02022265980965941    7    4    5    1
 -0.004283813619918246    7    4    5    2
 0.008677313982846088    7    4    5    3
 -0.01566042308182208    7    4    5    4
 0.03832457062102475    7    4    5    5
 0.001039905191259564    7    4    6    1
 0.01348469000956314    7    4    6    2
 0.01477436312645353    7    4    6    3
 0.03431141899061595    7    4    6    4
 -0.001737858703527607    7    4    6    5
 0.07841897666687457    7    4    6    6
 0.0104878346885411    7    4    7    1
 -0.03532785517470475    7    4    7    2
 -0.005998784771992366    7    4    7    3
 0.08834635266188408    7    4    7    4
 0.03714910791743646    7    5    1    1
 0.02353131812735619    7    5    2    1
 0.04549877238664374    7    5    2    2
 0.003829867237654643    7    5    3    1
 -0.003338502721210677    7    5    3    2
 0.02514209558765627    7    5    3    3
 -0.02573566456234623    7    5    4    1
 0.00880400444712484    7    5    4    2
 0.00359845115761654    7    5    4    3
 -0.001381927840689452    7    5    4    4
 0.001812402501341943    7    5    5    1
 0.01036170104168698    7    5    5    2
 0.002664105100310786    7    5    5    3
 -0.004792289400559229    7    5    5    4
 0.02217942481388799    7    5    5    5
 -0.007176334280126878    7    5    6    1
 -0.00339122923193641    7    5    6    2
 0.005062821620496151    7    5    6    3
 0.01197370496498413    7    5    6    4
 -0.007490922662215497    7    5    6    5
 0.0319481023889014    7    5    6    6
 0.002077013412048355    7    5    7    1
 -0.007469464627176032    7    5    7    2
 0.002250831765572784    7    5    7    3
 0.03194644226406088    7    5    7    4
 0.03168399523586064    7    5    7    5
 -0.005170661335023266    7    6    1    1
 -0.00788694536257877    7    6    2    1
 -0.02322075111693986    7    6    2    2
 0.00222555153525002    7    6    3    1
 -0.003206627665633848    7    6    3    2
 -0.001760528175628836    7    6    3    3
 0.009163633705673911    7    6    4    1
 -0.003832327135743721    7    6    4    2
 0.002839688686685046    7    6    4    3
 0.02240501257419084    7    6    4    4
 -0.006952150125531295    7    6    5    1
 -0.008481625574529951    7    6    5    2
 0.0006341685730131037    7    6    5    3
 0.004717516688971345    7    6    5    4
 -0.004040995050046318    7    6    5    5
 0.01118688699448586    7    6    6    1
 -0.001087397848272322    7    6    6    2
 -0.0004051362703111753    7    6    6    3
 0.004489049031644777    7    6    6    4
 0.005490071140896206    7    6    6    5
 -0.004145870228503761    7    6    6    6
 -0.01562448512502287    7    6    7    1
 0.007134492990932987    7    6    7    2
 0.007192908556260927    7    6    7    3
 -0.008590163516926886    7    6    7    4
 -0.01096935682429662    7    6    7    5
 0.02446768034564358    7    6    7    6
 0.4633802512223614    7    7    1    1
 -0.03166808579995528    7    7    2    1
 0.4366307748717213    7    7    2    2
 -0.005115578988775363    7    7    3    1
 -0.004049917389387681    7    7    3    2
 0.4260400612772438    7    7    3    3
 0.04241173821954693    7    7    4    1
 -0.03222942609036918    7    7    4    2
 -0.006677563196758552    7    7    4    3
 0.4967459171545368    7    7    4    4
 -0.02583474487530157    7    7    5    1
 -0.03873673696698679    7    7    5    2
 0.04260161413208394    7    7    5    3
 0.01277420717242036    7    7    5    4
 0.400468889914802    7    7    5    5
 -0.01617332741137788    7    7    6    1
 0.06430583136574951    7    7    6    2
 0.05830228985577787    7    7    6    3
 0.04423475739737334    7    7    6    4
 -0.02846544992889938    7    7    6    5
 0.459670838963615    7    7    6    6
 -0.002331909666444311    7    7    7    1
 -0.04985093112244034    7    7    7    2
 -0.001009684460417465    7    7    7    3
 0.03671718919239159    7    7    7    4
 0.01318995124781379    7    7    7    5
 0.008059887026325471    7    7    7    6
 0.5482154915910613    7    7    7    7
 0.05393999574070447    8    1    1    1
 -0.01066326115472704    8    1    2    1
 0.04095194794657524    8    1    2    2
 0.01358650921222428    8    1    3    1
 -0.001813359137240602    8    1    3    2
 0.04328699385259    8    1    3    3
 -0.005248460722958278    8    1    4    1
 0.001220371801517748    8    1    4    2
 0.003973968633514805    8    1    4    3
 0.04977649012357439    8    1    4    4
 -0.005785020001265964    8    1    5    1
 -0.02280561618709561    8    1    5    2
 0.0151816039528551    8    1    5    3
 -0.001621946280600757    8    1    5    4
 0.02102643625345064    8    1    5    5
 0.004850049558728599    8    1    6    1
 0.0290128831327265    8    1    6    2
 0.02430671187434219    8    1    6    3
 0.02726249145494608    8    1    6    4
 -0.007859539611276984    8    1    6    5
 0.06465492528979791    8    1    6    6
 -0.006112008349707799    8    1    7    1
 -0.02689262812790828    8    1    7    2
 -6.264081884630055e-05    8    1    7    3
 0.03471403972020197    8    1    7    4
 0.01284297630292631    8    1    7    5
 0.002525062360380408    8    1    7    6
 0.06299618399275675    8    1    7    7
 0.04806757121812281    8    1    8    1
 -0.02921330809563991    8    2    1    1
 -0.003880965690490709    8    2    2    1
 -0.04176881956112737    8    2    2    2
 0.006705805189266312    8    2    3    1
 -0.003116295783230596    8    2    3    2
 -0.002420182273969713    8    2    3    3
 -0.002536944041065153    8    2    4    1
 0.002938063956279504    8    2    4    2
 -0.006757308318085589    8    2    4    3
 -0.01831559710938747    8    2    4    4
 -0.01305404520449454    8    2    5    1
 -0.0003669174202192133    8    2    5    2
 -0.02090549096267746    8    2    5    3
 0.007043115170909703    8    2    5    4
 -0.01880041836366669    8    2    5    5
 0.01694858769061508    8    2    6    1
 -0.006766957852043049    8    2    6    2
 -0.009360973207891246    8    2    6    3
 -0.01316970847727138    8    2    6    4
 0.01313894263759082    8    2    6    5
 -0.03108980853470769    8    2    6    6
 -0.01553454077212201    8    2    7    1
 0.00555031382915581    8    2    7    2
 -0.0006186599752819215    8    2    7    3
 -0.01447334861871435    8    2    7    4
 -0.01427654271680521    8    2    7    5
 0.008782709422361167    8    2    7    6
 -0.03430690269195893    8    2    7    7
 -0.01843406864223514    8    2    8    1
 0.03495656971563558    8    2    8    2
 0.05197847490901668    8    3    1    1
 0.004495425710759419    8    3    2    1
 0.03936052912897009    8    3    2    2
 -0.02195982598605254    8    3    3    1
 0.02472142198819469    8    3    3    2
 0.0154316099335518    8    3    3    3
 0.01357078168681448    8    3    4    1
 -0.007986049488408571    8    3    4    2
 0.02369806705399979    8    3    4    3
 0.04871620471999071    8    3    4    4
 0.002113373518027812    8    3    5    1
 -0.02492185689452087    8    3    5    2
 0.03939746733374837    8    3    5    3
 -0.01843066861737667    8    3    5    4
 0.02743553308212785    8    3    5    5
 0.01332054027974849    8    3    6    1
 0.00783743235027024    8    3    6    2
 0.0130322659166975    8    3    6    3
 0.007276379976890109    8    3    6    4
 -0.002247525989436644    8    3    6    5
 0.07659645646450124    8    3    6    6
 0.002323348710927908    8    3    7    1
 -0.01286226715580679    8    3    7    2
 -0.005787308368208652    8    3    7    3
 0.0202943751667755    8    3    7    4
 0.008166992339536452    8    3    7    5
 0.001160552613194319    8    3    7    6
 0.06278628062744143    8    3    7    7
 0.04329136203801241    8    3    8    1
 -0.03135849651992363    8    3    8    2
 0.08473934866322262    8    3    8    3
 -0.02107552412727173    8    4    1    1
 -0.001528355527231191    8    4    2    1
 -0.01419604000847773    8    4    2    2
 0.01384502118192247    8    4    3    1
 -0.009106847137366997    8    4    3    2
 0.00377332885689097    8    4    3    3
 0.004885020259322671    8    4    4    1
 0.004328790036998642    8    4    4    2
 -0.0007721731186092355    8    4    4    3
 -0.0289862911465434    8    4    4    4
 0.002145760852715304    8    4    5    1
 0.009363114636360017    8    4    5    2
 -0.01946712019073392    8    4    5    3
 0.0005355982487199437    8    4    5    4
 -0.01179147027025947    8    4    5    5
 0.01566827674246686    8    4    6    1
 -0.01214423546093912    8    4    6    2
 -0.006627022337578318    8    4    6    3
 -0.006577343302458663    8    4    6    4
 0.004083813835566165    8    4    6    5
 -0.01554237603480815    8    4    6    6
 0.01834338073908262    8    4    7    1
 -0.00174863717106237    8    4    7    2
 0.006167678701467494    8    4    7    3
 -0.001494017014553108    8    4    7    4
 -0.0003173995420185549    8    4    7    5
 -0.003716018957475798    8    4    7    6
 -0.04016212401926841    8    4    7    7
 -0.01848897391878309    8    4    8    1
 0.01326286838545385    8    4    8    2
 -0.02524736802475697    8    4    8    3
 0.03142183736913456    8    4    8    4
 0.01899432708752121    8    5    1    1
 -0.03645662238812996    8    5    2    1
 0.01308936492880473    8    5    2    2
 0.02956018060817659    8    5    3    1
 -0.02972845326096525    8    5    3    2
 0.06830816791529061    8    5    3    3
 -0.008115734139040329    8    5    4    1
 0.01173322218592566    8    5    4    2
 -0.022728610896761    8    5    4    3
 0.02011344723199072    8    5    4    4
 -0.0168400520279497    8    5    5    1
 -0.006632135748894712    8    5    5    2
 -0.01689399461022894    8    5    5    3
 0.008954611265222226    8    5    5    4
 0.01082775503434756    8    5    5    5
 -0.003534337055642749    8    5    6    1
 0.02441275621539673    8    5    6    2
 0.009739668641249094    8    5    6    3
 0.0144741495440654    8    5    6    4
 0.001293068113063118    8    5    6    5
 0.01263308841206658    8    5    6    6
 0.008560641822371456    8    5    7    1
 -0.02565190168323299    8    5    7    2
 0.004679935495666185    8    5    7    3
 0.01687655543568388    8    5    7    4
 -0.0004867450142123706    8    5    7    5
 -0.001011147605373645    8    5    7    6
 0.01302486751851413    8    5    7    7
 0.002494073787414542    8    5    8    1
 0.01008290750932219    8    5    8    2
 -0.0320465078728599    8    5    8    3
 0.01521152001791872    8    5    8    4
 0.05324839225997328    8    5    8    5
 0.01774832982593967    8    6    1    1
 0.03786715250594902    8    6    2    1
 0.01065521812830065    8    6    2    2
 0.03009113048945395    8    6    3    1
 -0.01362691484237203    8    6    3    2
 0.001176373425206532    8    6    3    3
 0.03066143169385672    8    6    4    1
 -0.01780629594701357    8    6    4    2
 -0.0122783384745973    8    6    4    3
 0.003850615356320519    8    6    4    4
 -0.005233490724483984    8    6    5    1
 0.01800485997560948    8    6    5    2
 0.005997635765444462    8    6    5    3
 0.007656693209604042    8    6    5    4
 0.01143350816017826    8    6    5    5
 0.01973209946267724    8    6    6    1
 -0.003301790614305974    8    6    6    2
 0.03248044602159426    8    6    6    3
 0.01611771708732452    8    6    6    4
 -0.0227613890455243    8    6    6    5
 -0.008382732673058767    8    6    6    6
 0.003703107042187183    8    6    7    1
 0.0104370155308805    8    6    7    2
 0.002265426652081029    8    6    7    3
 -0.003986515526080553    8    6    7    4
 0.0007040099451255925    8    6    7    5
 0.00247814166150434    8    6    7    6
 0.01315527857887166    8    6    7    7
 0.003114765990550522    8    6    8    1
 0.005536942645065311    8    6    8    2
 0.005145790399860689    8    6    8    3
 0.01023874655056337    8    6    8    4
 -0.002945038506366832    8    6    8    5
 0.04738270417347466    8    6    8    6
 -0.02596579714343131    8    7    1    1
 -0.03436761884073168    8    7    2    1
 -0.01966092354338263    8    7    2    2
 -0.001233060773423181    8    7    3    1
 -0.001047668096628704    8    7    3    2
 -0.02016335761121811    8    7    3    3
 0.04031569607057651    8    7    4    1
 -0.01728438207681541    8    7    4    2
 0.005061832129337195    8    7    4    3
 0.01177970996229152    8    7    4    4
 0.009969395106039548    8    7    5    1
 -0.01780583242258173    8    7    5    2
 0.00374790753052078    8    7    5    3
 0.007065446866428745    8    7    5    4
 -0.0141833655774647    8    7    5    5
 0.00382926786600955    8    7    6    1
 0.009576018661609337    8    7    6    2
 -4.393928418974253e-05    8    7    6    3
 -0.009901668533710948    8    7    6    4
 0.001515649680712791    8    7    6    5
 -0.01395762887644111    8    7    6    6
 0.01825582650366836    8    7    7    1
 -0.007199452404519452    8    7    7    2
 0.009630946278601433    8    7    7    3
 -0.03342859276918309    8    7    7    4
 -0.02013979612027682    8    7    7    5
 0.004457506010006597    8    7    7    6
 0.009322367046240471    8    7    7    7
 -0.005526094046813837    8    7    8    1
 -0.005180850506909765    8    7    8    2
 0.003482734811224194    8    7    8    3
 0.009999560770163615    8    7    8    4
 0.002914874363864652    8    7    8    5
 -3.551714518678298e-05    8    7    8    6
 0.04590585490918026    8    7    8    7
 0.4467832839470861    8    8    1    1
 -0.04059206534268891    8    8    2    1
 0.4273093631918417    8    8    2    2
 0.07922080392774589    8    8    3    1
 -0.05847453249911906    8    8    3    2
 0.5120918232612007    8    8    3    3
 -0.03209706572127912    8    8    4    1
 0.02554693528064029    8    8    4    2
 -0.03894357290131643    8    8    4    3
 0.4232282465116444    8    8    4    4
 -0.02908659974776782    8    8    5    1
 -0.01084839662141987    8    8    5    2
 -0.02698331355160512    8    8    5    3
 0.02064631518610304    8    8    5    4
 0.381899041110787    8    8    5    5
 0.001393950857968744    8    8    6    1
 0.06076579057315296    8    8    6    2
 0.05010888220499098    8    8    6    3
 0.06411848229250894    8    8    6    4
 -0.02288457140011622    8    8    6    5
 0.4451292523135995    8    8    6    6
 -0.0001623039311700426    8    8    7    1
 -0.06012123758000328    8    8    7    2
 0.00669232996259627    8    8    7    3
 0.07762856936695305    8    8    7    4
 0.03206961507820836    8    8    7    5
 -0.001187492725565979    8    8    7    6
 0.4400915630363752    8    8    7    7
 0.05605533413857814    8    8    8    1
 -0.003339506713711728    8    8    8    2
 -0.008406975017146297    8    8    8    3
 0.003339981488105242    8    8    8    4
 0.08945334677621393    8    8    8    5
 0.01726404862641269    8    8    8    6
 -0.02765745442846888    8    8    8    7
 0.5819870229271393    8    8    8    8
 -3.971312862368427    1    1  0  0
 0.08945895233403368    2    1  0  0
 -3.39889260175697    2    2  0  0
 -0.01575768083422565    3    1  0  0
 0.04940667721566729    3    2  0  0
 -3.460378356467569    3    3  0  0
 -0.0003869171874398059    4    1  0  0
 -0.03546729061775938    4    2  0  0
 0.01788903883455347    4    3  0  0
 -3.370608670220269    4    4  0  0
 0.1973977394408271    5    1  0  0
 0.1683661715324697    5    2  0  0
 -0.1536973827818403    5    3  0  0
 0.02387281473933026    5    4  0  0
 -2.415941188430996    5    5  0  0
 0.008750371960242911    6    1  0  0
 -0.3245424466170264    6    2  0  0
 -0.2831938784032963    6    3  0  0
 -0.3093205160093858    6    4  0  0
 0.1390760876164509    6    5  0  0
 -2.780023068102933    6    6  0  0
 -0.03864117979097664    7    1  0  0
 0.3212509646517993    7    2  0  0
 0.01712382289766039    7    3  0  0
 -0.4202348959563821    7    4  0  0
 -0.194992899273243    7    5  0  0
 0.01460637526172204    7    6  0  0
 -2.727146208869279    7    7  0  0
 -0.3429265995670641    8    1  0  0
 0.1600540113227444    8    2  0  0
 -0.2858439807901155    8    3  0  0
 0.1133703916026903    8    4  0  0
 -0.2072294861662312    8    5  0  0
 -0.0623230591506103    8    6  0  0
 0.1001777167681673    8    7  0  0
 -2.637829948896628    8    8  0  0
 0  0  0  0  0
