 &FCI NORB=   8,NELEC= 8,MS2=0,
  ORBSYM=1,1,1,1,1,1,1,1
  ISYM=1,
 &END
 0.490608506054629    1    1    1    1
 0.007490520321014661    2    1    1    1
 0.1018098202390433    2    1    2    1
 0.4547779520130733    2    2    1    1
 0.03613678566848969    2    2    2    1
 0.5034390584193977    2    2    2    2
 -0.01052415873567546    3    1    1    1
 0.008332097499774031    3    1    2    1
 0.04954423407981901    3    1    2    2
 0.09575221825253284    3    1    3    1
 0.001948104212746932    3    2    1    1
 0.0528955558695572    3    2    2    1
 0.001767151302542907    3    2    2    2
 -0.02682240856954814    3    2    3    1
 0.06172801409178535    3    2    3    2
 0.4664034269005126    3    3    1    1
 -0.02983432120371732    3    3    2    1
 0.4384797678560303    3    3    2    2
 0.01383462419389022    3    3    3    1
 -0.03568839052567892    3    3    3    2
 0.5003567753749913    3    3    3    3
 -0.002403130666685262    4    1    1    1
 -0.0013017871010702    4    1    2    1
 -0.009797204499884533    4    1    2    2
 0.004690526481944382    4    1    3    1
 0.003235604102725909    4    1    3    2
 -0.02687533047644056    4    1    3    3
 0.1058522481114872    4    1    4    1
 0.001759371219518827    4    2    1    1
 -0.009242887371706877    4    2    2    1
 0.003599583471153904    4    2    2    2
 0.003379107446171765    4    2    3    1
 -0.01039629972716506    4    2    3    2
 0.01464243245438826    4    2    3    3
 -0.0237724425622022    4    2    4    1
 0.01883063543060608    4    2    4    2
 0.006799023125623627    4    3    1    1
 0.003747824748533783    4    3    2    1
 -0.007429892329295933    4    3    2    2
 -0.02554074138155434    4    3    3    1
 0.01137436033316519    4    3    3    2
 0.01112389910202179    4    3    3    3
 -0.03851754060780099    4    3    4    1
 0.008354341556833502    4    3    4    2
 0.0434595773660305    4    3    4    3
 0.4735175103104704    4    4    1    1
 -0.02590397956449781    4    4    2    1
 0.3970669935759623    4    4    2    2
 -0.03923522534094619    4    4    3    1
 -0.0004061627414509383    4    4    3    2
 0.4401797390205594    4    4    3    3
 0.02781353144762819    4    4    4    1
 -0.006152367617208538    4    4    4    2
 0.001915922772803395    4    4    4    3
 0.5222123741915751    4    4    4    4
 -0.02311600773846289    5    1    1    1
 -0.01193598311908324    5    1    2    1
 0.005345852441124679    5    1    2    2
 -0.01318819879300771    5    1    3    1
 0.005288083561828808    5    1    3    2
 -0.02418729823153513    5    1    3    3
 0.005721297171730418    5    1    4    1
 -0.001363489707961575    5    1    4    2
 -0.002783903234147785    5    1    4    3
 -0.03330344110898305    5    1    4    4
 0.05399668742778008    5    1    5    1
 -0.04733581969023087    5    2    1    1
 0.0595719224696267    5    2    2    1
 -0.003633424456116188    5    2    2    2
 0.01152305991956863    5    2    3    1
 0.03855159007849598    5    2    3    2
 -0.05924301946827857    5    2    3    3
 -0.000899393258130121    5    2    4    1
 -0.007476246426864046    5    2    4    2
 -0.0001452052066434718    5    2    4    3
 -0.05780644921821027    5    2    4    4
 0.02350684988908893    5    2    5    1
 0.0930386313303892    5    2    5    2
 -0.05312217060442518    5    3    1    1
 0.00957946650627773    5    3    2    1
 -0.02371927967083425    5    3    2    2
 -0.007640805430182762    5    3    3    1
 0.0001615937161545718    5    3    3    2
 -0.05532146015489129    5    3    3    3
 -0.005539007281404569    5    3    4    1
 -0.0006965724755363658    5    3    4    2
 0.003367390613564032    5    3    4    3
 -0.04677518985234794    5    3    4    4
 0.02698486208051539    5    3    5    1
 0.03597425211131326    5    3    5    2
 0.0516596173767435    5    3    5    3
 0.0192470516348719    5    4    1    1
 -0.0005045747657698498    5    4    2    1
 0.01108820551904234    5    4    2    2
 -0.005500183947406177    5    4    3    1
 -0.0003816443557459429    5    4    3    2
 0.02198060520490313    5    4    3    3
 -0.03604577932845592    5    4    4    1
 0.001624510835576689    5    4    4    2
 0.009559649550778777    5    4    4    3
 0.01021872963653677    5    4    4    4
 -0.007594271519849038    5    4    5    1
 -0.008443833878685855    5    4    5    2
 -0.007890133284047231    5    4    5    3
 0.02700777838286617    5    4    5    4
 0.4911767084729257    5    5    1    1
 0.05450132125790293    5    5    2    1
 0.5108868228986349    5    5    2    2
 0.04317272335180088    5    5    3    1
 0.02630242742376554    5    5    3    2
 0.465007356396254    5    5    3    3
 -0.0105341934079011    5    5    4    1
 -0.002630961449198422    5    5    4    2
 -0.004334951880542225    5    5    4    3
 0.4368357581418885    5    5    4    4
 -0.02221524533578762    5    5    5    1
 -0.007733453143323703    5    5    5    2
 -0.06142982943906738    5    5    5    3
 0.02255524820599737    5    5    5    4
 0.5828372091625663    5    5    5    5
 0.05005591653457689    6    1    1    1
 -0.0002118444285640369    6    1    2    1
 0.03513409446235344    6    1    2    2
 -0.005876370132882038    6    1    3    1
 -0.005990924971710329    6    1    3    2
 0.04506529752206541    6    1    3    3
 0.01258707744067156    6    1    4    1
 0.003173431765693337    6    1    4    2
 0.006504578984821882    6    1    4    3
 0.03062619520004251    6    1    4    4
 -0.003044572798575868    6    1    5    1
 -0.02795077889839172    6    1    5    2
 -0.02329978443270261    6    1    5    3
 0.002178285111782035    6    1    5    4
 0.04377332199630707    6    1    5    5
 0.04307394423845057    6    1    6    1
 -0.002325192265697638    6    2    1    1
 -0.001054844170635333    6    2    2    1
 -0.02325705456988999    6    2    2    2
 -0.01192179257462428    6    2    3    1
 -0.004621118710378987    6    2    3    2
 -0.00613729301367915    6    2    3    3
 0.008054460606830049    6    2    4    1
 0.00335333919294131    6    2    4    2
 -0.00245430926429586    6    2    4    3
 0.01114702560678485    6    2    4    4
 -0.01746028184392357    6    2    5    1
 -0.01529908106626993    6    2    5    2
 -0.004165918100804915    6    2    5    3
 -0.004917228502092646    6    2    5    4
 -0.02204368045381746    6    2    5    5
 0.0006570369585086939    6    2    6    1
 0.01736331945764132    6    2    6    2
 -0.01196886189196595    6    3    1    1
 -0.01301672550863843    6    3    2    1
 -0.01364174004782863    6    3    2    2
 0.01226774550025045    6    3    3    1
 -0.007170954625258734    6    3    3    2
 -0.007501922926341538    6    3    3    3
 0.01677399174883827    6    3    4    1
 -0.003870597172244772    6    3    4    2
 -0.00138729827052481    6    3    4    3
 0.008562042870857905    6    3    4    4
 -0.01088059529731957    6    3    5    1
 -0.005126117715844756    6    3    5    2
 0.001067513357840956    6    3    5    3
 -0.01075663485560202    6    3    5    4
 -0.01635490796596484    6    3    5    5
 -0.01121116560957125    6    3    6    1
 0.00428566841208263    6    3    6    2
 0.02097000353270358    6    3    6    3
 0.04963758593188115    6    4    1    1
 0.009563384341862255    6    4    2    1
 0.05129992310522541    6    4    2    2
 0.01466907225980938    6    4    3    1
 -0.004517875256203119    6    4    3    2
 0.05144361546812659    6    4    3    3
 -0.02872306553873353    6    4    4    1
 0.01401664488633102    6    4    4    2
 0.01838339964786498    6    4    4    3
 0.01610296471600524    6    4    4    4
 -0.00701237805501992    6    4    5    1
 -0.01367693698113338    6    4    5    2
 -0.02053775998886779    6    4    5    3
 0.02042695483440455    6    4    5    4
 0.06350165053256826    6    4    5    5
 0.03842283013991084    6    4    6    1
 -0.009532339512927477    6    4    6    2
 -0.01805913712819716    6    4    6    3
 0.07036763017729432    6    4    6    4
 0.007766875860940261    6    5    1    1
 -0.04090649735573385    6    5    2    1
 -0.02313804291677384    6    5    2    2
 -0.02799516378886308    6    5    3    1
 -0.0118180043814232    6    5    3    2
 0.0103093076666718    6    5    3    3
 0.005701109274756016    6    5    4    1
 -0.004270527771740891    6    5    4    2
 -0.006446737715587141    6    5    4    3
 0.03431266902560823    6    5    4    4
 0.003955411012829222    6    5    5    1
 -0.03065719895857214    6    5    5    2
 -0.007007198585303609    6    5    5    3
 0.005837216482077557    6    5    5    4
 -0.02403351696311007    6    5    5    5
 -0.003896387173280758    6    5    6    1
 0.004640995978345206    6    5    6    2
 0.002283471113526181    6    5    6    3
 -0.01881609145187766    6    5    6    4
 0.0356952556262241    6    5    6    5
 0.3943393635217408    6    6    1    1
 -0.003772583050588513    6    6    2    1
 0.3489853927534231    6    6    2    2
 -0.01717768604262747    6    6    3    1
 0.00385356879424762    6    6    3    2
 0.3586442359856102    6    6    3    3
 0.06790015726648402    6    6    4    1
 -0.01623157791334828    6    6    4    2
 -0.02554652069993447    6    6    4    3
 0.4252487534646655    6    6    4    4
 -0.01925332390244722    6    6    5    1
 -0.0342392095553753    6    6    5    2
 -0.03781867428658985    6    6    5    3
 -0.01272226146690771    6    6    5    4
 0.3825703947674556    6    6    5    5
 0.02713416448500122    6    6    6    1
 0.01265780561998823    6    6    6    2
 0.008288524874637897    6    6    6    3
 -0.007438124153735856    6    6    6    4
 0.02061198864425009    6    6    6    5
 0.4289009932028552    6    6    6    6
 -0.03685668449864511    7    1    1    1
 0.0045765593755653    7    1    2    1
 -0.03021258284565551    7    1    2    2
 0.003791159437723777    7    1    3    1
 0.001949782668657807    7    1    3    2
 -0.02162809931999748    7    1    3    3
 0.01429885155740257    7    1    4    1
 0.000844213523851973    7    1    4    2
 0.01516368243286328    7    1    4    3
 -0.02993688605541273    7    1    4    4
 0.001496042597142801    7    1    5    1
 0.01616609918674852    7    1    5    2
 0.01587330758993239    7    1    5    3
 -0.01180508650667766    7    1    5    4
 -0.0414647911633968    7    1    5    5
 -0.0003686090935057477    7    1    6    1
 -4.77614751913247e-05    7    1    6    2
 0.01140656965849805    7    1    6    3
 0.001295906372634722    7    1    6    4
 -0.01403237415198638    7    1    6    5
 -0.02290394973424065    7    1    6    6
 0.04817362368988961    7    1    7    1
 0.01773068974966681    7    2    1    1
 -0.005992194942628938    7    2    2    1
 0.01867888981858471    7    2    2    2
 -0.0002136278219172765    7    2    3    1
 0.006138724946955316    7    2    3    2
 0.008240900981633522    7    2    3    3
 0.005274796996834031    7    2    4    1
 0.004085733779080648    7    2    4    2
 -0.005376527266256599    7    2    4    3
 0.01758762185812956    7    2    4    4
 0.00695840370236814    7    2    5    1
 -0.002524167974456923    7    2    5    2
 -0.008819741473082897    7    2    5    3
 -0.004046514186367081    7    2    5    4
 0.02276416057434655    7    2    5    5
 0.003469027073575643    7    2    6    1
 -0.001418140598613463    7    2    6    2
 -0.001713167030948925    7    2    6    3
 0.001976807617842    7    2    6    4
 0.002417164182185582    7    2    6    5
 0.01680851185045773    7    2    6    6
 -0.01200949330558118    7    2    7    1
 0.01587179364523278    7    2    7    2
 0.01553163579477011    7    3    1    1
 0.000918423169740314    7    3    2    1
 0.02715565705403447    7    3    2    2
 0.02319506494425112    7    3    3    1
 -0.01099533117121938    7    3    3    2
 0.009627730783300691    7    3    3    3
 0.03859281939342461    7    3    4    1
 -0.008566876352182111    7    3    4    2
 -0.02452169122924919    7    3    4    3
 0.004677892785903886    7    3    4    4
 0.006136592165777584    7    3    5    1
 -0.00811425250181258    7    3    5    2
 -0.01144782179387141    7    3    5    3
 -0.01711054530481489    7    3    5    4
 0.02667157552557549    7    3    5    5
 0.0140475921480082    7    3    6    1
 -0.001312990528202438    7    3    6    2
 0.001007857368874756    7    3    6    3
 -0.004162377943606665    7    3    6    4
 -0.003509518081676251    7    3    6    5
 0.03262516716801348    7    3    6    6
 -0.01853910613746036    7    3    7    1
 0.005975260357884327    7    3    7    2
 0.05317989020297095    7    3    7    3
 0.06341048890611165    7    4    1    1
 0.006255295662614924    7    4    2    1
 0.06804451574023945    7    4    2    2
 0.03661982035949624    7    4    3    1
 -0.01096416170041797    7    4    3    2
 0.04720115533915513    7    4    3    3
 -0.000134545165167345    7    4    4    1
 0.002085851166307227    7    4    4    2
 -0.01608620443199153    7    4    4    3
 0.04473394470545138    7    4    4    4
 -0.01719831812089418    7    4    5    1
 -0.01993090178642616    7    4    5    2
 -0.0326136859096318    7    4    5    3
 0.007305721868697817    7    4    5    4
 0.08778669115743414    7    4    5    5
 0.02220043671960545    7    4    6    1
 -0.003047654457558168    7    4    6    2
 -0.007010255302271796    7    4    6    3
 0.03394898987833259    7    4    6    4
 -0.007967744482595547    7    4    6    5
 0.03832581936491578    7    4    6    6
 -0.0405499621970898    7    4    7    1
 0.01404666927413126    7    4    7    2
 0.03764385982658462    7    4    7    3
 0.0806726653707847    7    4    7    4
 -0.00810617568988233    7    5    1    1
 0.01616882577427237    7    5    2    1
 0.00502193428005327    7    5    2    2
 0.01939206747381214    7    5    3    1
 -0.003657992777617599    7    5    3    2
 -0.01069690785866618    7    5    3    3
 -0.01147518574780849    7    5    4    1
 -0.004767158445006737    7    5    4    2
 -0.01512032532063881    7    5    4    3
 -0.01239340523564343    7    5    4    4
 -0.01057429015665342    7    5    5    1
 0.01209055390635377    7    5    5    2
 0.005252196589501089    7    5    5    3
 0.01045283146080082    7    5    5    4
 0.008147751114335451    7    5    5    5
 -0.01459961894891579    7    5    6    1
 -0.0008477466932419552    7    5    6    2
 -0.003123913182723036    7    5    6    3
 -0.004639704844476389    7    5    6    4
 -0.003012859731207583    7    5    6    5
 -0.007409458312618908    7    5    6    6
 -0.01584817540653173    7    5    7    1
 -0.006572925956594075    7    5    7    2
 0.003100579602848963    7    5    7    3
 0.01658611525084418    7    5    7    4
 0.02945599531024666    7    5    7    5
 0.0444386023180038    7    6    1    1
 -0.0008455982593410954    7    6    2    1
 0.03660334690131181    7    6    2    2
 0.01410159254925533    7    6    3    1
 -0.003515104628773729    7    6    3    2
 0.03471265720444533    7    6    3    3
 0.02739451876384829    7    6    4    1
 -0.004689860210984951    7    6    4    2
 -0.01237142398815704    7    6    4    3
 0.05985833757262509    7    6    4    4
 -0.01631441818759844    7    6    5    1
 -0.009765634937788191    7    6    5    2
 -0.0146889334932268    7    6    5    3
 -0.007619740318557409    7    6    5    4
 0.04827812374220591    7    6    5    5
 0.005789288620483882    7    6    6    1
 0.004839030978574265    7    6    6    2
 0.01145763034595835    7    6    6    3
 -0.001276271685955362    7    6    6    4
 0.002737220059391117    7    6    6    5
 0.04515546762376811    7    6    6    6
 -0.005743035787353994    7    6    7    1
 0.005873507462378379    7    6    7    2
 0.01444112034585823    7    6    7    3
 0.02433175528850922    7    6    7    4
 0.002111203736868562    7    6    7    5
 0.03220145076477619    7    6    7    6
 0.4609651667962399    7    7    1    1
 -0.0237911056128058    7    7    2    1
 0.3937891801897693    7    7    2    2
 -0.04658757474906432    7    7    3    1
 -0.001073814918341713    7    7    3    2
 0.4616541187999618    7    7    3    3
 -0.07386795083840762    7    7    4    1
 0.02172149374691226    7    7    4    2
 0.05386222864996093    7    7    4    3
 0.466351373079964    7    7    4    4
 -0.03507886736788202    7    7    5    1
 -0.0608561562110938    7    7    5    2
 -0.04591600918904789    7    7    5    3
 0.04399554024822825    7    7    5    4
 0.4391751199271075    7    7    5    5
 0.03489725908561441    7    7    6    1
 0.0008915625722379427    7    7    6    2
 -0.009617271130189084    7    7    6    3
 0.06196254147302195    7    7    6    4
 0.02036302609186702    7    7    6    5
 0.3453234797183489    7    7    6    6
 -0.02452158650032782    7    7    7    1
 0.01114610010121659    7    7    7    2
 -0.04358584530263822    7    7    7    3
 0.03073849394468736    7    7    7    4
 -0.01886785647182272    7    7    7    5
 0.02314457935782498    7    7    7    6
 0.5570452283666403    7    7    7    7
 -0.01736657883531197    8    1    1    1
 0.01867321464317367    8    1    2    1
 -0.01950928634487652    8    1    2    2
 -0.01517382587767672    8    1    3    1
 -0.007411613503125675    8    1    3    2
 -0.01441881431254074    8    1    3    3
 -6.505181992009265e-05    8    1    4    1
 0.001317454207950986    8    1    4    2
 -0.005700273321962705    8    1    4    3
 -0.02106246240275633    8    1    4    4
 -0.002487392573698499    8    1    5    1
 0.002953787054395072    8    1    5    2
 0.01950541952911172    8    1    5    3
 -0.003950276426370263    8    1    5    4
 -0.03328177269940562    8    1    5    5
 -0.00268666900488003    8    1    6    1
 0.01319244569592491    8    1    6    2
 -0.007928053690699705    8    1    6    3
 -0.01300522157089987    8    1    6    4
 -0.002461316489344721    8    1    6    5
 -0.008923587724735506    8    1    6    6
 0.001723951232346914    8    1    7    1
 -0.0136559786015748    8    1    7    2
 0.004932621947111984    8    1    7    3
 -0.01464523657481458    8    1    7    4
 0.009423665525348738    8    1    7    5
 -0.007921402407974891    8    1    7    6
 -0.02689202408552054    8    1    7    7
 0.04322131111975516    8    1    8    1
 0.06114456470695772    8    2    1    1
 -0.002183585226102554    8    2    2    1
 0.02680857647270097    8    2    2    2
 -0.0322275454201235    8    2    3    1
 0.01784957582245439    8    2    3    2
 0.02626315205664945    8    2    3    3
 0.006141267186861574    8    2    4    1
 -0.005677862060905202    8    2    4    2
 0.01205501277532176    8    2    4    3
 0.06471599901843104    8    2    4    4
 -0.008570279891093607    8    2    5    1
 -0.02421956517660573    8    2    5    2
 -0.0286503332255571    8    2    5    3
 0.009496246093254692    8    2    5    4
 0.0479873787257679    8    2    5    5
 0.02496841983996272    8    2    6    1
 0.002261705479512544    8    2    6    2
 -0.004109314762045982    8    2    6    3
 0.01592228501527069    8    2    6    4
 0.01257441711064242    8    2    6    5
 0.04688616177351933    8    2    6    6
 -0.02051025573120214    8    2    7    1
 0.01517621125632377    8    2    7    2
 -0.004514614453121982    8    2    7    3
 0.02096905349778769    8    2    7    4
 -0.01329989884808798    8    2    7    5
 0.009902144998489553    8    2    7    6
 0.06555717839990971    8    2    7    7
 -0.02681576799197656    8    2    8    1
 0.07193169261345492    8    2    8    2
 -0.05282257234435277    8    3    1    1
 -0.03451375015813826    8    3    2    1
 -0.02608515265074889    8    3    2    2
 0.01593738808096544    8    3    3    1
 -0.03345472846443055    8    3    3    2
 -0.01804946581817444    8    3    3    3
 -0.0169448953716413    8    3    4    1
 0.0124078427355269    8    3    4    2
 -0.005569321716633067    8    3    4    3
 -0.04987078965154565    8    3    4    4
 0.02045735914798601    8    3    5    1
 -0.01124674861769905    8    3    5    2
 0.03135870831888256    8    3    5    3
 -0.003478898883672814    8    3    5    4
 -0.06455305425750649    8    3    5    5
 -0.01852115029821314    8    3    6    1
 -0.001485296831643241    8    3    6    2
 0.00348604065763182    8    3    6    3
 -0.01070064143773921    8    3    6    4
 0.00522981684759159    8    3    6    5
 -0.04865369746187108    8    3    6    6
 0.01417642031308149    8    3    7    1
 -0.01132142132302405    8    3    7    2
 -0.00242030865929823    8    3    7    3
 -0.02359660788037656    8    3    7    4
 0.003501995533279544    8    3    7    5
 -0.01563219818148882    8    3    7    6
 -0.0370860271455836    8    3    7    7
 0.02170043837650316    8    3    8    1
 -0.05820390760654772    8    3    8    2
 0.08051345134090247    8    3    8    3
 -0.004434236612025624    8    4    1    1
 0.006385484720925712    8    4    2    1
 -0.01280161922372719    8    4    2    2
 -0.01667943599023869    8    4    3    1
 0.01342250023265963    8    4    3    2
 -0.01264876228416707    8    4    3    3
 -0.009055034798769384    8    4    4    1
 0.005669102568612845    8    4    4    2
 -0.000538399086816071    8    4    4    3
 0.002752964656784055    8    4    4    4
 -0.001823381656783596    8    4    5    1
 0.008363242138876422    8    4    5    2
 0.001330071383520145    8    4    5    3
 0.0008406630503669451    8    4    5    4
 -0.007941999171794905    8    4    5    5
 -0.01033563161241444    8    4    6    1
 0.006044569467838824    8    4    6    2
 -0.003096223882974963    8    4    6    3
 -0.01034013092781764    8    4    6    4
 0.004409283645747328    8    4    6    5
 -0.0006535271616367805    8    4    6    6
 -0.007272373461984593    8    4    7    1
 0.006397830716170293    8    4    7    2
 -0.01340255895956453    8    4    7    3
 -0.008571787025069581    8    4    7    4
 0.001044729630889427    8    4    7    5
 -0.002279226357772806    8    4    7    6
 0.008587406141799649    8    4    7    7
 0.001713744197638619    8    4    8    1
 0.007144007520174776    8    4    8    2
 -0.008523463826638983    8    4    8    3
 0.01963410198058527    8    4    8    4
 -0.01259905152048567    8    5    1    1
 -0.01669069530089349    8    5    2    1
 -0.01106436193699315    8    5    2    2
 0.03088443947831117    8    5    3    1
 -0.02849710667604874    8    5    3    2
 0.02216991973306684    8    5    3    3
 -0.00732439048649736    8    5    4    1
 0.009060802474290622    8    5    4    2
 -0.004629912500889359    8    5    4    3
 -0.01312987947761132    8    5    4    4
 -0.01768765283270509    8    5    5    1
 -0.0104443572503916    8    5    5    2
 -0.008725674325296588    8    5    5    3
 -0.0003674778475673949    8    5    5    4
 -0.01189817313277816    8    5    5    5
 -0.002791756101323294    8    5    6    1
 0.004063737570601369    8    5    6    2
 0.007384593333531491    8    5    6    3
 0.005237158704966218    8    5    6    4
 -0.003690898390907549    8    5    6    5
 -0.0158996555212495    8    5    6    6
 0.009963367265833309    8    5    7    1
 -0.008412718924952921    8    5    7    2
 0.002798261980445912    8    5    7    3
 0.003760241387845875    8    5    7    4
 0.005519045347560239    8    5    7    5
 0.003833762336965193    8    5    7    6
 -0.005848664743955854    8    5    7    7
 0.005037861442544851    8    5    8    1
 -0.03161403780782048    8    5    8    2
 0.02154292376621969    8    5    8    3
 -0.00710874698044944    8    5    8    4
 0.03832639503157444    8    5    8    5
 -0.00746257073316433    8    6    1    1
 0.02578707703992816    8    6    2    1
 -0.004719140654711955    8    6    2    2
 -0.01077937454063718    8    6    3    1
 0.008598273247581379    8    6    3    2
 -0.01163211331345907    8    6    3    3
 -0.02224682872249658    8    6    4    1
 0.006972299754975183    8    6    4    2
 0.00521302524448546    8    6    4    3
 -0.02431408841040883    8    6    4    4
 -0.001154235324650015    8    6    5    1
 0.01345460366754992    8    6    5    2
 0.007631840386582644    8    6    5    3
 0.007207317063490753    8    6    5    4
 -0.00553849516225447    8    6    5    5
 0.0006559170057594517    8    6    6    1
 0.004529246359152414    8    6    6    2
 -0.01520941415952517    8    6    6    3
 0.008684276864831302    8    6    6    4
 -0.01079588271435686    8    6    6    5
 -0.01889655802410685    8    6    6    6
 -0.004100403800798006    8    6    7    1
 -0.003196116047700343    8    6    7    2
 -0.008567347369591518    8    6    7    3
 -0.00258441478669639    8    6    7    4
 0.00718672419095281    8    6    7    5
 -0.0144411261302911    8    6    7    6
 -0.000739859664477312    8    6    7    7
 0.01822637391995961    8    6    8    1
 -0.004775841201881821    8    6    8    2
 -0.000864035764818654    8    6    8    3
 0.009559017417029881    8    6    8    4
 -0.002768664310490842    8    6    8    5
 0.02438743312797382    8    6    8    6
 0.0009520575549073546    8    7    1    1
 -0.02726352001591697    8    7    2    1
 0.01667280398618774    8    7    2    2
 0.019390650436315    8    7    3    1
 -0.02222160808338133    8    7    3    2
 0.01690439923488654    8    7    3    3
 -0.0144174633989066    8    7    4    1
 0.01140591085819153    8    7    4    2
 -0.01131119173411022    8    7    4    3
 -0.00508518880936274    8    7    4    4
 0.009001600361475419    8    7    5    1
 -0.01543121662445697    8    7    5    2
 -2.181207707258471e-05    8    7    5    3
 0.003149456951760059    8    7    5    4
 0.00420600062140948    8    7    5    5
 -0.004493237442568097    8    7    6    1
 -0.003291033812174841    8    7    6    2
 -0.002025496889977728    8    7    6    3
 0.003214907016389498    8    7    6    4
 0.006863006115093479    8    7    6    5
 -0.01212138182362451    8    7    6    6
 -0.01267895214959456    8    7    7    1
 0.008116960410656284    8    7    7    2
 0.003315654084621977    8    7    7    3
 0.01265975487322165    8    7    7    4
 0.003876365788027172    8    7    7    5
 0.0001858298493352603    8    7    7    6
 0.003218075637741749    8    7    7    7
 -0.004485451281789946    8    7    8    1
 -0.01212055584929324    8    7    8    2
 0.02707223276089079    8    7    8    3
 0.002082315394146429    8    7    8    4
 0.01030906890544634    8    7    8    5
 -0.002037046011228089    8    7    8    6
 0.02995985815333726    8    7    8    7
 0.4630673950185927    8    8    1    1
 -0.06454376531893843    8    8    2    1
 0.4673907872885328    8    8    2    2
 0.05648249926247909    8    8    3    1
 -0.08505862875975696    8    8    3    2
 0.5051487468563923    8    8    3    3
 -0.004772826988261645    8    8    4    1
 0.01704223878753378    8    8    4    2
 -0.01623404709678864    8    8    4    3
 0.4309452025158006    8    8    4    4
 -0.01239984162642288    8    8    5    1
 -0.09279799291801953    8    8    5    2
 -0.04631029053488807    8    8    5    3
 0.01302847975197378    8    8    5    4
 0.4665471602392324    8    8    5    5
 0.05594519826155775    8    8    6    1
 -0.008724933219029282    8    8    6    2
 -0.001745645004001665    8    8    6    3
 0.05932078154708094    8    8    6    4
 0.01287638822482128    8    8    6    5
 0.3689755214877063    8    8    6    6
 -0.03323325829428534    8    8    7    1
 0.009737193011652748    8    8    7    2
 0.0446540076248777    8    8    7    3
 0.0805075689510002    8    8    7    4
 -0.002244366987612645    8    8    7    5
 0.04508191836896279    8    8    7    6
 0.4303487561128138    8    8    7    7
 -0.0127410694342508    8    8    8    1
 0.01246155371804232    8    8    8    2
 0.01945054525879754    8    8    8    3
 -0.03406457687853862    8    8    8    4
 0.03572304325048322    8    8    8    5
 -0.02643646139897941    8    8    8    6
 0.04649343883166855    8    8    8    7
 0.6170395830635012    8    8    8    8
 -4.069323588229186    1    1  0  0
 0.01725444441517536    2    1  0  0
 -3.473605772121462    2    2  0  0
 -0.009550467674204101    3    1  0  0
 0.04752379533715194    3    2  0  0
 -3.529632026752344    3    3  0  0
 0.01315104041844579    4    1  0  0
 -0.02017824996966465    4    2  0  0
 -0.01748385671270088    4    3  0  0
 -3.505048876379756    4    4  0  0
 0.1432911423562833    5    1  0  0
 0.3222541770257173    5    2  0  0
 0.3374777834814893    5    3  0  0
 -0.113238004937334    5    4  0  0
 -2.988378639390445    5    5  0  0
 -0.2892172643828877    6    1  0  0
 0.02452181020791309    6    2  0  0
 0.04948494606083041    6    3  0  0
 -0.306312085000459    6    4  0  0
 -0.0553508049454929    6    5  0  0
 -2.240575916663819    6    6  0  0
 0.2174801617829561    7    1  0  0
 -0.1101302305037119    7    2  0  0
 -0.110514447527085    7    3  0  0
 -0.4081833812025888    7    4  0  0
 0.04717888370578931    7    5  0  0
 -0.3180557904376842    7    6  0  0
 -2.659699357995577    7    7  0  0
 0.1320464754766975    8    1  0  0
 -0.3401683867502057    8    2  0  0
 0.2777437890281654    8    3  0  0
 0.04570404864991749    8    4  0  0
 0.03473916002299172    8    5  0  0
 0.08897677242793525    8    6  0  0
 -0.05298007712893485    8    7  0  0
 -2.802634461343771    8    8  0  0
 0  0  0  0  0
