0 0 1.999964032789606
0 1 -7.045527325573557e-06
0 2 -2.369133198919659e-05
0 3 -4.656302664844347e-05
0 4 -6.629662125146488e-05
0 5 1.038687817126875e-05
0 6 2.984912270877177e-06
0 7 -4.194359934275937e-06
0 8 -5.599956138755069e-06
0 9 3.804484938900023e-05
0 10 -4.525485130939896e-06
0 11 -7.859227207036568e-06
0 12 1.023770123103774e-05
0 13 -9.872019292413795e-06
0 14 -2.535784806225927e-05
0 15 -2.42690223847374e-05
0 16 4.699036762435402e-07
0 17 1.222778313770468e-06
0 18 -0.0001997465160420602
0 19 -1.929659845235047e-05
0 20 4.841178588609141e-05
0 21 -0.0001845326029087561
0 22 -0.0002146019328111767
0 23 -0.0001338599763265923
0 24 -0.0001704073809683305
0 25 3.864553499521962e-06
0 26 -2.331644674318653e-05
0 27 0.0001845968237685386
0 28 1.073252611199842e-05
1 0 -7.045527325573543e-06
1 1 1.993271246542674
1 2 0.0006884697058513212
1 3 -0.0005382350470262201
1 4 -0.001265279260600522
1 5 -0.0008945505965352644
1 6 -0.002502070148294018
1 7 0.001011384034569237
1 8 0.0009573538110617835
1 9 -0.001202072558943681
1 10 -0.001388674836248756
1 11 0.0008680449746351169
1 12 9.87065310280104e-05
1 13 -0.0001424072563847483
1 14 -0.001022533465272043
1 15 0.0004422914425866619
1 16 -0.0006402035818003336
1 17 -9.884337089112112e-06
1 18 -0.002067898812788935
1 19 0.001728513887564839
1 20 0.0002050096428263191
1 21 0.00102033528452181
1 22 -0.000683149195043957
1 23 -0.0001421792881941276
1 24 0.0006001012307420782
1 25 -0.0007186205872885326
1 26 0.0002461497893255781
1 27 -0.001163931242943284
1 28 0.001591872439607222
2 0 -2.369133198919678e-05
2 1 0.0006884697058513215
2 2 1.991178413464461
2 3 -0.0006266839328785198
2 4 -0.001640118065815862
2 5 -0.001560569735049933
2 6 0.0009573561236176104
2 7 -0.0001781106997118092
2 8 0.0004219668764331672
2 9 -0.000886617412370834
2 10 0.0001828563061933682
2 11 0.0006497004504713399
2 12 0.0006683656597953432
2 13 -0.0001970517736945214
2 14 0.0004326978593253718
2 15 -0.0004017382716634203
2 16 0.0007175337537330081
2 17 0.0006971818119767879
2 18 -0.001783486886105085
2 19 -0.000808061051043224
2 20 -0.0007043316847636014
2 21 0.0001334338906272746
2 22 -0.0002015932063921412
2 23 -0.0004389537397741343
2 24 -0.0002679778655769103
2 25 0.0003138782063251393
2 26 -0.000183406989234455
2 27 -0.0006032600737125079
2 28 -0.00159330721847408
3 0 -4.6563026648444e-05
3 1 -0.0005382350470262207
3 2 -0.0006266839328785149
3 3 1.99017414293671
3 4 -0.001654057518267381
3 5 0.000241955865228323
3 6 -0.0003847448050978484
3 7 -0.0004505040092724044
3 8 0.0004868995046018762
3 9 0.003382555281156975
3 10 -0.001520251532004626
3 11 0.0003439989785633361
3 12 0.0005862044788044668
3 13 -0.0005841137351132607
3 14 -0.001285952709880649
3 15 0.0001535953495768046
3 16 0.0007039947016105947
3 17 1.545330760243121e-06
3 18 -0.0009743304183643338
3 19 0.0004341067669264923
3 20 0.0002905329086557057
3 21 0.002842002028120547
3 22 -0.0008986046363830106
3 23 0.00112874958774801
3 24 0.001406258630096336
3 25 0.0009749686103254604
3 26 -0.0015666186773612
3 27 0.0005870848028298509
3 28 0.0007837956723473596
4 0 -6.629662125146331e-05
4 1 -0.001265279260600531
4 2 -0.001640118065815882
4 3 -0.001654057518267383
4 4 1.986360859757051
4 5 0.0007224528843137381
4 6 -0.000670858353950983
4 7 0.0005862728701061433
4 8 0.0003072735950308955
4 9 -0.001386455638452027
4 10 0.0007852675648311585
4 11 -0.0002877419864097965
4 12 0.001707648974499576
4 13 -0.00171762344667705
4 14 -0.0004582971695137328
4 15 -0.002296051447679086
4 16 -0.002010472597753981
4 17 0.0005862926839260078
4 18 -0.002760733788835769
4 19 0.001172740578370078
4 20 0.0003518477366785865
4 21 0.0001275626929316671
4 22 0.00116158612797012
4 23 0.0002403360417487794
4 24 0.00158584342996934
4 25 -0.001815427674664457
4 26 0.001045740465838267
4 27 0.0009719544816951635
4 28 0.001900037470092864
5 0 1.03868781712684e-05
5 1 -0.0008945505965352743
5 2 -0.0015605697350499
5 3 0.0002419558652283201
5 4 0.0007224528843137476
5 5 1.984361283383847
5 6 -0.001043391538826769
5 7 0.0009865140374298025
5 8 0.001719815793850803
5 9 -0.0006360775778270335
5 10 -0.0009771066945264877
5 11 0.001758608365586003
5 12 0.002027358993498853
5 13 -0.004153101858513292
5 14 0.0008680157357669308
5 15 0.001116482064628545
5 16 -0.00070712611258452
5 17 -0.0002638397594872537
5 18 -0.001742160929841071
5 19 -0.001093204507856329
5 20 -0.0007484720850934885
5 21 -0.001456940066150378
5 22 0.0002765865147629117
5 23 0.002696775667632743
5 24 0.001631350994367345
5 25 -0.001051496289404293
5 26 -0.004266332360800464
5 27 -0.002134180954431584
5 28 -0.0006402171683406719
6 0 2.984912270876933e-06
6 1 -0.002502070148294073
6 2 0.0009573561236175719
6 3 -0.0003847448050978452
6 4 -0.0006708583539509797
6 5 -0.001043391538826804
6 6 1.984195006736498
6 7 0.001647703723508204
6 8 0.0005950611665278556
6 9 -0.0008475533425955915
6 10 4.163070502761831e-05
6 11 0.0003312217139037202
6 12 0.002170036650155425
6 13 -0.002407226380984518
6 14 0.0007543071370346864
6 15 0.002657660449249683
6 16 0.00124221770988384
6 17 -0.002470856092344439
6 18 0.003848844068144676
6 19 0.0002186244966419011
6 20 0.002833646664868784
6 21 -0.002123524174806612
6 22 0.002555912133008555
6 23 -0.001821371200081621
6 24 -0.002022926833203473
6 25 0.006525119258027725
6 26 -0.001743608154683788
6 27 0.00114721560985882
6 28 -0.000663623929342763
7 0 -4.194359934275927e-06
7 1 0.001011384034569229
7 2 -0.0001781106997118204
7 3 -0.0004505040092723993
7 4 0.0005862728701061741
7 5 0.0009865140374297897
7 6 0.001647703723508199
7 7 1.981133261584027
7 8 0.0002519642343419668
7 9 0.001264052079316594
7 10 -0.0007329049068846155
7 11 0.0009490323219387058
7 12 -0.001401700955811849
7 13 -0.0007208728289990115
7 14 -0.002327787751232553
7 15 -0.006039195391904504
7 16 -0.0006643272540788661
7 17 0.003878972812726493
7 18 -0.001106512445966283
7 19 0.0003278399251495514
7 20 0.001361514996951705
7 21 0.0004087915807731277
7 22 0.002364567650742206
7 23 -0.000456675270941181
7 24 0.002757509863056256
7 25 -0.0004925103984651637
7 26 -0.003200215552588771
7 27 0.0004250945567882623
7 28 0.004634676310523929
8 0 -5.599956138755639e-06
8 1 0.0009573538110618066
8 2 0.0004219668764331436
8 3 0.0004868995046018851
8 4 0.0003072735950308887
8 5 0.001719815793850811
8 6 0.000595061166527859
8 7 0.0002519642343419448
8 8 1.981072777378226
8 9 0.001228300793711236
8 10 0.001525294560330128
8 11 -0.001236406349079709
8 12 -2.361976256537743e-05
8 13 0.001974825117625737
8 14 0.0002150295759430473
8 15 0.001608629610417921
8 16 0.0003395477357647941
8 17 -0.001791324504984559
8 18 0.001241535434917397
8 19 -0.001060205586780654
8 20 0.0009019305068959275
8 21 -0.002202302366909588
8 22 9.829492371697036e-05
8 23 -0.0002621663350905808
8 24 0.001247886763810318
8 25 0.0008710326891205248
8 26 -0.003460495809464105
8 27 -0.0007141229631195443
8 28 -0.0007533082111184268
9 0 3.80448493890009e-05
9 1 -0.001202072558943674
9 2 -0.0008866174123707812
9 3 0.003382555281157033
9 4 -0.001386455638451992
9 5 -0.0006360775778270555
9 6 -0.0008475533425955765
9 7 0.001264052079316646
9 8 0.001228300793711223
9 9 1.977026419992644
9 10 0.003096670179228193
9 11 -0.002607637558944568
9 12 0.005285456392435484
9 13 -0.002212081034629638
9 14 0.001793891234093701
9 15 -0.002883249168696526
9 16 -0.005239027771276772
9 17 0.007855608275230703
9 18 0.004324034242586315
9 19 -0.003684028143689914
9 20 -0.0001453155554592721
9 21 0.0002574657315293604
9 22 -0.0002886640850409499
9 23 0.002140166554789754
9 24 0.0006305916197699097
9 25 -0.0007651436535996958
9 26 0.00198875529467336
9 27 -0.0008362475435254799
9 28 0.002163907970863236
10 0 -4.525485130939414e-06
10 1 -0.00138867483624874
10 2 0.0001828563061933558
10 3 -0.00152025153200462
10 4 0.0007852675648312369
10 5 -0.0009771066945265085
10 6 4.1630705027608e-05
10 7 -0.0007329049068845891
10 8 0.001525294560330102
10 9 0.00309667017922829
10 10 1.976215425885858
10 11 0.005170076043937741
10 12 -0.008313326283727985
10 13 -0.007645029067844457
10 14 -0.0008575354768395844
10 15 0.001578186997494293
10 16 0.006375693983877847
10 17 -0.001995580893299854
10 18 0.004812433719008639
10 19 -0.001778737425101623
10 20 -0.001167417242671838
10 21 -0.0005524464192610313
10 22 0.001942656554449619
10 23 -0.002545825866882368
10 24 -0.001957279615068482
10 25 0.0005052450772855586
10 26 0.002644258152179259
10 27 -0.0004290370232984305
10 28 -0.0006186779732128274
11 0 -7.859227207037602e-06
11 1 0.0008680449746350956
11 2 0.0006497004504713488
11 3 0.0003439989785633351
11 4 -0.000287741986409784
11 5 0.001758608365586063
11 6 0.0003312217139037099
11 7 0.0009490323219387483
11 8 -0.001236406349079719
11 9 -0.002607637558945038
11 10 0.005170076043937915
11 11 1.976864214108833
11 12 0.00539798443989967
11 13 0.005343535692049608
11 14 0.002091145116128691
11 15 0.00273326747976567
11 16 -0.0007011061424121563
11 17 -0.001839810774640122
11 18 -0.0004960440756941922
11 19 -0.00338507493538227
11 20 0.0009539560296879101
11 21 -0.002120431498483769
11 22 0.001238478931477657
11 23 -0.003456921300658206
11 24 -0.001329215010130621
11 25 0.002995030021991764
11 26 0.000959520228390807
11 27 0.0009136553832079441
11 28 -0.001122900251558795
12 0 1.023770123103842e-05
12 1 9.870653102802738e-05
12 2 0.0006683656597953
12 3 0.0005862044788044901
12 4 0.001707648974499588
12 5 0.002027358993498738
12 6 0.002170036650155266
12 7 -0.001401700955811642
12 8 -2.361976256537824e-05
12 9 0.005285456392436015
12 10 -0.008313326283728047
12 11 0.00539798443989915
12 12 1.954878995342074
12 13 -0.01505667598611858
12 14 -0.00206198041341979
12 15 -0.00178168509099091
12 16 0.006587737336394311
12 17 -0.0005439011905737927
12 18 0.003402665495827972
12 19 0.001072323890593554
12 20 -0.0006762499531033143
12 21 -0.0001726846197846172
12 22 -0.001673781278836303
12 23 0.001677923830664589
12 24 -0.00119416943073544
12 25 -0.00160759286948476
12 26 0.001166129376701449
12 27 0.0004431253459723155
12 28 -0.0006945389506051705
13 0 -9.872019292414278e-06
13 1 -0.0001424072563847364
13 2 -0.0001970517736945407
13 3 -0.0005841137351132654
13 4 -0.001717623446677045
13 5 -0.004153101858513308
13 6 -0.002407226380984517
13 7 -0.000720872828999098
13 8 0.001974825117625658
13 9 -0.002212081034629661
13 10 -0.007645029067844523
13 11 0.005343535692049413
13 12 -0.01505667598611926
13 13 1.985495993139174
13 14 -0.0008111580718517242
13 15 -0.001697564462458004
13 16 0.005446833315792834
13 17 0.00255603087817113
13 18 -0.01158359724519853
13 19 -0.000712765694817295
13 20 0.002144798647165868
13 21 -0.001847888435330264
13 22 0.0002185687622019591
13 23 -0.002818360191326812
13 24 0.002027909372109308
13 25 0.005133999238169481
13 26 -0.005905687133595779
13 27 -0.001720918927419065
13 28 0.001018927432268926
14 0 -2.535784806225899e-05
14 1 -0.001022533465272048
14 2 0.0004326978593254123
14 3 -0.00128595270988062
14 4 -0.0004582971695137247
14 5 0.0008680157357669439
14 6 0.0007543071370346905
14 7 -0.002327787751232577
14 8 0.0002150295759430351
14 9 0.00179389123409376
14 10 -0.0008575354768395337
14 11 0.002091145116128769
14 12 -0.00206198041341974
14 13 -0.0008111580718517405
14 14 1.983890432215118
14 15 0.003430639496419569
14 16 0.00171344156895989
14 17 0.04995301723609728
14 18 0.0006754098478249816
14 19 -0.01640279211610483
14 20 -0.008021323407937786
14 21 0.0009744854398693037
14 22 0.004129201033326308
14 23 -0.009923972125799117
14 24 -0.005894186046266996
14 25 0.01699511859361458
14 26 0.005051773323379612
14 27 0.005909825569860791
14 28 -0.001069703453749837
15 0 -2.426902238473646e-05
15 1 0.0004422914425866472
15 2 -0.0004017382716634571
15 3 0.000153595349576819
15 4 -0.002296051447679167
15 5 0.001116482064628595
15 6 0.002657660449249685
15 7 -0.006039195391904431
15 8 0.001608629610417897
15 9 -0.002883249168696518
15 10 0.001578186997494213
15 11 0.002733267479765628
15 12 -0.001781685090991001
15 13 -0.001697564462458008
15 14 0.003430639496419786
15 15 1.981484367030935
15 16 0.01367885011040097
15 17 -0.0457454329927099
15 18 0.00242533966680591
15 19 -0.004646093987758188
15 20 0.006707151823585079
15 21 -0.002882927277466622
15 22 0.0001737293761519658
15 23 -0.01031239563326417
15 24 -0.009064834819909107
15 25 0.01615736339634397
15 26 0.006826474781696169
15 27 0.005823359963460846
15 28 -0.0008103605139245008
16 0 4.699036762435215e-07
16 1 -0.0006402035818003236
16 2 0.0007175337537329942
16 3 0.0007039947016105898
16 4 -0.002010472597753925
16 5 -0.0007071261125845413
16 6 0.001242217709883833
16 7 -0.0006643272540788928
16 8 0.000339547735764802
16 9 -0.00523902777127662
16 10 0.006375693983877617
16 11 -0.0007011061424123147
16 12 0.006587737336393619
16 13 0.005446833315792701
16 14 0.001713441568959818
16 15 0.01367885011040092
16 16 0.05983083643880549
16 17 0.001522985743299832
16 18 -0.0004709020147268272
16 19 0.002617072598403944
16 20 -0.002060550675102064
16 21 0.0008348235547883007
16 22 -4.824502595916572e-06
16 23 -0.001671852824675729
16 24 -0.0009456647401646028
16 25 0.001539857451833401
16 26 7.619179156101597e-05
16 27 0.0007059002195632163
16 28 0.0006374259556729928
17 0 1.222778313770442e-06
17 1 -9.884337089104347e-06
17 2 0.0006971818119768088
17 3 1.545330760245185e-06
17 4 0.0005862926839260037
17 5 -0.0002638397594872541
17 6 -0.002470856092344329
17 7 0.003878972812726519
17 8 -0.001791324504984579
17 9 0.007855608275230772
17 10 -0.001995580893299881
17 11 -0.00183981077464012
17 12 -0.0005439011905737824
17 13 0.002556030878171106
17 14 0.0499530172360968
17 15 -0.04574543299270842
17 16 0.00152298574329985
17 17 0.01589144490764867
17 18 -0.00130044093777099
17 19 -0.0002762437570883532
17 20 -0.0005753753735724676
17 21 0.001433550824993552
17 22 -0.0008676279747974932
17 23 0.0001637058534451979
17 24 0.0007948120744764067
17 25 0.0007318092323924921
17 26 -7.466412348975729e-05
17 27 0.0001602405086013686
17 28 0.0008903768363559916
18 0 -0.0001997465160420606
18 1 -0.002067898812788926
18 2 -0.001783486886105008
18 3 -0.0009743304183643113
18 4 -0.002760733788835735
18 5 -0.001742160929841157
18 6 0.003848844068144655
18 7 -0.001106512445966266
18 8 0.001241535434917446
18 9 0.004324034242586211
18 10 0.004812433719008523
18 11 -0.0004960440756941732
18 12 0.003402665495827856
18 13 -0.01158359724519849
18 14 0.0006754098478249975
18 15 0.002425339666805806
18 16 -0.0004709020147268837
18 17 -0.001300440937771026
18 18 0.02759995487738478
18 19 0.000514511958412447
18 20 -0.001095674055581767
18 21 -3.232484880044063e-05
18 22 -0.0004412179775517326
18 23 -0.0004797378737966071
18 24 -0.0004727001879283256
18 25 -0.0009509522124039033
18 26 -0.0008709968684324897
18 27 -0.005490864081807385
18 28 0.0007396598092220092
19 0 -1.929659845235041e-05
19 1 0.001728513887564844
19 2 -0.0008080610510432192
19 3 0.0004341067669264935
19 4 0.001172740578370065
19 5 -0.001093204507856354
19 6 0.0002186244966419025
19 7 0.0003278399251495356
19 8 -0.001060205586780598
19 9 -0.00368402814368989
19 10 -0.001778737425101643
19 11 -0.00338507493538237
19 12 0.001072323890593588
19 13 -0.0007127656948172534
19 14 -0.01640279211610491
19 15 -0.004646093987758589
19 16 0.002617072598403999
19 17 -0.0002762437570883405
19 18 0.0005145119584124203
19 19 0.02204278193151769
19 20 0.0003874882609871865
19 21 0.0008435165862674761
19 22 -0.001666669224725675
19 23 0.003125590224295791
19 24 0.001437035539013922
19 25 -0.003281614738999454
19 26 -0.00250769459567335
19 27 0.0006737788526247776
19 28 0.0001966104945698248
20 0 4.8411785886092e-05
20 1 0.0002050096428263264
20 2 -0.0007043316847636038
20 3 0.0002905329086557036
20 4 0.000351847736678586
20 5 -0.0007484720850935187
20 6 0.002833646664868663
20 7 0.001361514996951657
20 8 0.0009019305068959065
20 9 -0.0001453155554592785
20 10 -0.00116741724267184
20 11 0.000953956029687953
20 12 -0.0006762499531033247
20 13 0.002144798647165896
20 14 -0.008021323407937955
20 15 0.006707151823585021
20 16 -0.00206055067510241
20 17 -0.0005753753735724354
20 18 -0.001095674055581788
20 19 0.0003874882609871905
20 20 0.02087719023698367
20 21 -0.003420121725961044
20 22 0.0001416041115525253
20 23 0.001539846475682109
20 24 3.357632080054752e-05
20 25 -0.00362173824343683
20 26 0.0003928109794076889
20 27 -0.0005635842313522395
20 28 -0.0007707465135724226
21 0 -0.0001845326029087594
21 1 0.001020335284521787
21 2 0.000133433890627275
21 3 0.002842002028120588
21 4 0.0001275626929316566
21 5 -0.001456940066150369
21 6 -0.002123524174806653
21 7 0.0004087915807731447
21 8 -0.002202302366909554
21 9 0.0002574657315293591
21 10 -0.0005524464192610086
21 11 -0.002120431498483807
21 12 -0.0001726846197846192
21 13 -0.001847888435330225
21 14 0.0009744854398693107
21 15 -0.002882927277466536
21 16 0.000834823554788377
21 17 0.001433550824993541
21 18 -3.232484880045424e-05
21 19 0.0008435165862674991
21 20 -0.003420121725961181
21 21 0.01850150927931804
21 22 0.002757934852592563
21 23 -0.0005786647792146298
21 24 0.0007153059230183377
21 25 -0.002478871360394974
21 26 -0.0009049035383008341
21 27 -0.0003217841850522051
21 28 -0.0002701351878739677
22 0 -0.0002146019328111801
22 1 -0.0006831491950439319
22 2 -0.0002015932063921393
22 3 -0.0008986046363830035
22 4 0.001161586127970133
22 5 0.0002765865147629109
22 6 0.002555912133008565
22 7 0.002364567650742175
22 8 9.829492371696703e-05
22 9 -0.0002886640850409486
22 10 0.001942656554449635
22 11 0.001238478931477613
22 12 -0.001673781278836315
22 13 0.0002185687622019605
22 14 0.004129201033326192
22 15 0.0001737293761519735
22 16 -4.824502595909813e-06
22 17 -0.0008676279747975109
22 18 -0.0004412179775517118
22 19 -0.001666669224725624
22 20 0.0001416041115525389
22 21 0.002757934852592657
22 22 0.0154857578393992
22 23 0.002225051916960298
22 24 0.001036682429448617
22 25 0.001870769037302547
22 26 -0.0004740692026235808
22 27 -0.001555469086022635
22 28 0.0004446997273880526
23 0 -0.0001338599763265953
23 1 -0.000142179288194131
23 2 -0.0004389537397741382
23 3 0.001128749587747993
23 4 0.0002403360417487967
23 5 0.002696775667632573
23 6 -0.001821371200081588
23 7 -0.0004566752709411838
23 8 -0.000262166335090576
23 9 0.002140166554789713
23 10 -0.002545825866882269
23 11 -0.003456921300658165
23 12 0.00167792383066455
23 13 -0.002818360191326734
23 14 -0.009923972125798394
23 15 -0.01031239563326358
23 16 -0.001671852824675826
23 17 0.0001637058534452308
23 18 -0.000479737873796585
23 19 0.003125590224295783
23 20 0.001539846475682143
23 21 -0.0005786647792145774
23 22 0.002225051916960236
23 23 0.01443952065641734
23 24 0.0004180488908146313
23 25 -0.001179345820708502
23 26 0.002504153396984331
23 27 -0.002634456435766665
23 28 0.000748162578516054
24 0 -0.0001704073809683288
24 1 0.0006001012307420759
24 2 -0.0002679778655769065
24 3 0.001406258630096352
24 4 0.001585843429969358
24 5 0.001631350994367268
24 6 -0.002022926833203604
24 7 0.002757509863056285
24 8 0.001247886763810313
24 9 0.00063059161976992
24 10 -0.001957279615068565
24 11 -0.001329215010130681
24 12 -0.00119416943073552
24 13 0.002027909372109428
24 14 -0.005894186046267041
24 15 -0.009064834819908683
24 16 -0.0009456647401647135
24 17 0.0007948120744764341
24 18 -0.0004727001879283844
24 19 0.001437035539013917
24 20 3.357632080054646e-05
24 21 0.0007153059230183439
24 22 0.001036682429448612
24 23 0.0004180488908145965
24 24 0.01794311576830809
24 25 -0.001107695061917337
24 26 0.0004520151355663582
24 27 -0.0003999754866439011
24 28 0.0004810082959869258
25 0 3.86455349952247e-06
25 1 -0.000718620587288524
25 2 0.0003138782063251193
25 3 0.0009749686103254536
25 4 -0.001815427674664276
25 5 -0.001051496289404417
25 6 0.006525119258027743
25 7 -0.0004925103984651798
25 8 0.0008710326891205415
25 9 -0.0007651436535997013
25 10 0.0005052450772856001
25 11 0.002995030021991802
25 12 -0.001607592869484709
25 13 0.005133999238169524
25 14 0.01699511859361388
25 15 0.01615736339634547
25 16 0.001539857451833448
25 17 0.0007318092323924395
25 18 -0.0009509522124039888
25 19 -0.003281614738999227
25 20 -0.003621738243436809
25 21 -0.002478871360394867
25 22 0.001870769037302581
25 23 -0.001179345820708444
25 24 -0.001107695061917294
25 25 0.01641188127778518
25 26 0.0007839409745590446
25 27 -6.722776310390995e-05
25 28 -0.001676579700030627
26 0 -2.331644674318634e-05
26 1 0.0002461497893255797
26 2 -0.0001834069892344519
26 3 -0.001566618677361116
26 4 0.001045740465838291
26 5 -0.004266332360800538
26 6 -0.001743608154683819
26 7 -0.003200215552588794
26 8 -0.003460495809464292
26 9 0.001988755294673398
26 10 0.002644258152179265
26 11 0.0009595202283907718
26 12 0.001166129376701445
26 13 -0.005905687133595629
26 14 0.005051773323379332
26 15 0.006826474781696064
26 16 7.619179156104332e-05
26 17 -7.466412348974035e-05
26 18 -0.0008709968684325338
26 19 -0.00250769459567324
26 20 0.0003928109794076949
26 21 -0.0009049035383008906
26 22 -0.0004740692026236132
26 23 0.002504153396984297
26 24 0.0004520151355663503
26 25 0.0007839409745590872
26 26 0.01603826582731615
26 27 0.0005371515822609168
26 28 -0.0003871990980118569
27 0 0.0001845968237685377
27 1 -0.001163931242943254
27 2 -0.0006032600737125169
27 3 0.0005870848028298431
27 4 0.0009719544816950276
27 5 -0.002134180954431545
27 6 0.001147215609858725
27 7 0.0004250945567882575
27 8 -0.0007141229631195709
27 9 -0.0008362475435254801
27 10 -0.0004290370232984368
27 11 0.0009136553832079174
27 12 0.0004431253459723364
27 13 -0.001720918927419057
27 14 0.005909825569860771
27 15 0.005823359963460902
27 16 0.0007059002195632348
27 17 0.0001602405086013799
27 18 -0.005490864081807283
27 19 0.0006737788526248023
27 20 -0.0005635842313522346
27 21 -0.0003217841850522299
27 22 -0.001555469086022627
27 23 -0.002634456435766682
27 24 -0.0003999754866439121
27 25 -6.7227763103917e-05
27 26 0.0005371515822609426
27 27 0.01250317836922667
27 28 0.0002133074246113873
28 0 1.073252611199853e-05
28 1 0.001591872439607276
28 2 -0.001593307218474075
28 3 0.0007837956723473659
28 4 0.00190003747009287
28 5 -0.0006402171683407179
28 6 -0.0006636239293426687
28 7 0.004634676310523904
28 8 -0.0007533082111184297
28 9 0.002163907970863248
28 10 -0.0006186779732128189
28 11 -0.001122900251558788
28 12 -0.0006945389506051439
28 13 0.001018927432268929
28 14 -0.001069703453749836
28 15 -0.0008103605139245183
28 16 0.000637425955672995
28 17 0.0008903768363559903
28 18 0.0007396598092220966
28 19 0.0001966104945698249
28 20 -0.0007707465135724524
28 21 -0.0002701351878739507
28 22 0.0004446997273880474
28 23 0.0007481625785160647
28 24 0.0004810082959869479
28 25 -0.001676579700030678
28 26 -0.0003871990980118166
28 27 0.0002133074246114067
28 28 0.01486768987639476
