0 0 1.999968420558319
0 1 -1.074154612473454e-05
0 2 -1.701891224893266e-05
0 3 -4.152802823987324e-05
0 4 -7.540957608843757e-05
0 5 1.537109344597072e-05
0 6 -2.397908174436376e-05
0 7 2.659032429073436e-05
0 8 5.219465359483673e-05
0 9 -4.095846227504179e-06
0 10 -1.11490127622503e-05
0 11 -3.824594907663865e-05
0 12 7.068343013540466e-05
0 13 5.250887946504767e-05
0 14 1.345259228490333e-05
0 15 -2.587971866853209e-07
0 16 0.0001376403564241159
0 17 -9.866788536877667e-05
0 18 -0.0001959227161803605
0 19 0.0001931046801330191
0 20 0.000108066609224071
0 21 0.0001126031591673062
0 22 -0.0001797808627501704
0 23 -0.0002484459785502405
0 24 -0.0004016735988162705
0 25 0.0002764893128941074
1 0 -1.074154612473456e-05
1 1 1.993135258523924
1 2 -0.0001042262390740033
1 3 -0.0001306076551061422
1 4 -0.001371506490942856
1 5 -0.0004345862398836795
1 6 0.0002962979709873967
1 7 0.0002595113966571416
1 8 -0.0001091466985835539
1 9 -7.522099323036457e-05
1 10 0.0004634157873233525
1 11 -0.0002506143862068321
1 12 -0.0005938059794346783
1 13 -0.001385704921826323
1 14 0.0001076900701555316
1 15 -0.0006018560417177337
1 16 -0.001356195211160035
1 17 -0.001991012227798956
1 18 -0.004191696342388461
1 19 0.0001900669078952461
1 20 -0.0003045462283500629
1 21 -0.0003115785047777937
1 22 0.0004320160798643338
1 23 0.001737026180251307
1 24 0.0005866675514660495
1 25 0.0002536049556227423
2 0 -1.701891224893246e-05
2 1 -0.0001042262390740029
2 2 1.993015038589716
2 3 -0.0005279209993533834
2 4 -0.001806372469083475
2 5 0.0003233479106766912
2 6 -0.00237646873693453
2 7 -0.001324884741403815
2 8 0.001627267054810489
2 9 0.003605422730249374
2 10 0.006953714295455346
2 11 0.002209965816124944
2 12 -0.00101539117288715
2 13 9.978643413271565e-05
2 14 0.0003753883194676925
2 15 -0.0008361172430328541
2 16 -0.00206741593799814
2 17 -0.001413281689378509
2 18 0.003827967172621287
2 19 -0.005118769945493059
2 20 -0.002152729122879509
2 21 -0.001856257038707441
2 22 0.003590132393838905
2 23 0.004145319418451645
2 24 0.005531973732625893
2 25 -0.009766479637766111
3 0 -4.152802823987337e-05
3 1 -0.0001306076551061424
3 2 -0.000527920999353387
3 3 1.990259902127313
3 4 -0.001101597853850369
3 5 0.0005096826952756268
3 6 0.000201471734767059
3 7 0.0009548769763998274
3 8 0.001722137924316042
3 9 -0.0005200890078429995
3 10 -0.001380514644551129
3 11 -0.001481353663674909
3 12 0.0007164823824718907
3 13 0.002078412075618597
3 14 0.0001236865671650018
3 15 -0.0008453229526730829
3 16 -0.001466504152162206
3 17 0.0009347988216464498
3 18 0.0003406608775635319
3 19 0.001342344410854058
3 20 0.0001882898719170771
3 21 0.0001039339527093938
3 22 -0.002996675309084483
3 23 0.001649883069780439
3 24 -0.001791213097996733
3 25 0.002127117130361653
4 0 -7.540957608843907e-05
4 1 -0.001371506490942851
4 2 -0.001806372469083454
4 3 -0.001101597853850362
4 4 1.985969616257206
4 5 -0.001004514989757526
4 6 0.001099576285693651
4 7 0.0008171347365903414
4 8 0.0001099880652049089
4 9 -0.001360081057450189
4 10 -0.0008492573284739443
4 11 -0.001653064679760906
4 12 0.005255044130059222
4 13 0.000824939821425201
4 14 0.0005411612881299253
4 15 -0.001542232086868932
4 16 -0.002138381215527901
4 17 0.005284278085608605
4 18 0.001436749993645753
4 19 0.0001031204886309171
4 20 -0.001181481988926722
4 21 0.0004621908047310323
4 22 -0.0009773462286046268
4 23 -0.001992116328368137
4 24 -0.002681782969161903
4 25 0.004704994350261673
5 0 1.537109344596996e-05
5 1 -0.0004345862398836735
5 2 0.0003233479106766987
5 3 0.0005096826952756322
5 4 -0.001004514989757503
5 5 1.989707673000489
5 6 -0.001623655560359201
5 7 -0.004047013418495428
5 8 -0.003750441855227995
5 9 0.003128871391341679
5 10 -0.005361301570624789
5 11 0.002748606104767255
5 12 -0.0002617225746698151
5 13 -0.002971341852336618
5 14 -0.003998858642694867
5 15 -0.006638056865304846
5 16 -0.0006836286267845032
5 17 0.002540627737796522
5 18 -0.001689882309785067
5 19 0.0003519830096220962
5 20 0.0002917314541431179
5 21 0.00270842444970491
5 22 -0.002163113804717304
5 23 -0.001827337312104688
5 24 -0.001301256880791908
5 25 0.003123158276672617
6 0 -2.397908174436387e-05
6 1 0.0002962979709873876
6 2 -0.002376468736934549
6 3 0.0002014717347670396
6 4 0.001099576285693676
6 5 -0.001623655560359191
6 6 1.984699417936336
6 7 0.001718260887821403
6 8 0.001472205746755469
6 9 -0.002582627981266981
6 10 0.002738604033404868
6 11 -0.001386736792534858
6 12 0.003522829576742316
6 13 0.003064775444292442
6 14 0.002908403829576664
6 15 0.006083077815906124
6 16 0.0004412758639351906
6 17 0.0007399077834499062
6 18 0.000266952563860336
6 19 0.00137796451952926
6 20 0.0007943019973981838
6 21 -0.002904527204027796
6 22 0.0006946456568188917
6 23 0.0007909071514915899
6 24 0.001016179954915772
6 25 -0.0002562011573136658
7 0 2.659032429073372e-05
7 1 0.0002595113966571539
7 2 -0.001324884741403843
7 3 0.0009548769763998191
7 4 0.0008171347365903729
7 5 -0.004047013418495429
7 6 0.00171826088782143
7 7 1.986014141438358
7 8 0.001588420004989491
7 9 -0.003079227198733861
7 10 0.0030436886870301
7 11 -0.002464442252751579
7 12 -0.002796935321176708
7 13 -0.002664433684514638
7 14 0.004598760667138488
7 15 0.008351076162492956
7 16 -0.001539328160232455
7 17 0.0006180042886973116
7 18 -0.003712898388982668
7 19 -0.001545943312441908
7 20 -0.002590918811041666
7 21 -0.003149055368912321
7 22 -0.001379048531443802
7 23 -0.0006679137227606483
7 24 0.0001081646875059724
7 25 -0.003779989245335595
8 0 5.219465359483775e-05
8 1 -0.0001091466985835482
8 2 0.001627267054810492
8 3 0.001722137924316054
8 4 0.0001099880652048802
8 5 -0.00375044185522799
8 6 0.001472205746755467
8 7 0.001588420004989489
8 8 1.983301859600272
8 9 -0.003598406867979584
8 10 0.002551362758342409
8 11 -0.001511408460353458
8 12 -0.00175907399440405
8 13 -0.004085364064887073
8 14 0.004059332790839474
8 15 0.01067221876126717
8 16 0.0004032317378181581
8 17 0.002123228844892197
8 18 -0.001044212673128822
8 19 -0.001334514559697574
8 20 -0.002103694764136611
8 21 -0.003402863652735334
8 22 -0.002253498749068907
8 23 -0.002423275522848933
8 24 -0.0001288178686636931
8 25 0.0009472571646852658
9 0 -4.095846227504662e-06
9 1 -7.522099323036444e-05
9 2 0.003605422730249368
9 3 -0.0005200890078429676
9 4 -0.001360081057450192
9 5 0.003128871391341929
9 6 -0.002582627981266971
9 7 -0.003079227198733896
9 8 -0.003598406867979595
9 9 1.979346292959902
9 10 0.001301120298578033
9 11 -0.005069486621156454
9 12 0.003811797619620289
9 13 0.0001325333967451614
9 14 0.01299844295834295
9 15 0.01616246767527491
9 16 -0.0004448082159669405
9 17 0.002158463536291995
9 18 -0.0004179955663758672
9 19 -0.0001175725156705441
9 20 0.0003513021698741759
9 21 -0.00342594375859189
9 22 -0.002945649687963674
9 23 -0.001141526343400692
9 24 -0.003228370932298997
9 25 0.007352822778327857
10 0 -1.114901276225031e-05
10 1 0.0004634157873233504
10 2 0.00695371429545529
10 3 -0.001380514644551108
10 4 -0.0008492573284739368
10 5 -0.005361301570624778
10 6 0.002738604033405071
10 7 0.003043688687030247
10 8 0.002551362758342389
10 9 0.001301120298577996
10 10 1.977979416080906
10 11 0.004441575415453539
10 12 0.003534744620290585
10 13 0.001172926994156015
10 14 -0.0148369892820897
10 15 -0.02119443723751525
10 16 0.001596151539952892
10 17 0.002944668114282615
10 18 0.0007509871652207174
10 19 0.00280653076095917
10 20 0.002157527632808851
10 21 0.006357354149445688
10 22 -0.001948881149051974
10 23 -0.0008856945492589073
10 24 -0.006687953341852347
10 25 0.01472899923142762
11 0 -3.824594907663665e-05
11 1 -0.0002506143862068254
11 2 0.002209965816124939
11 3 -0.001481353663674878
11 4 -0.001653064679760934
11 5 0.002748606104767145
11 6 -0.001386736792534934
11 7 -0.002464442252751633
11 8 -0.001511408460353466
11 9 -0.005069486621156348
11 10 0.00444157541545361
11 11 1.969909989284558
11 12 0.003875184754328429
11 13 0.002616861297981363
11 14 0.02562791446146623
11 15 0.05183522451974121
11 16 -0.002205647771749342
11 17 0.000734734380038872
11 18 0.001606632602022417
11 19 0.007901398295398498
11 20 -0.004346918892376046
11 21 -0.01393758871302113
11 22 -0.001889445161420457
11 23 -0.003413898142735987
11 24 -0.002289516509894689
11 25 0.00590154880332803
12 0 7.068343013540412e-05
12 1 -0.0005938059794346733
12 2 -0.001015391172887138
12 3 0.0007164823824719264
12 4 0.005255044130059281
12 5 -0.0002617225746698512
12 6 0.003522829576742305
12 7 -0.002796935321176689
12 8 -0.001759073994404007
12 9 0.003811797619620265
12 10 0.003534744620290661
12 11 0.0038751847543286
12 12 1.991314490877903
12 13 -0.00176990158590724
12 14 -0.004036246931131384
12 15 -0.001484916830176327
12 16 0.002930198504383107
12 17 0.004721607318866811
12 18 -0.002841282957318054
12 19 -0.003347223939055996
12 20 -0.005107939292577546
12 21 -0.001871296270958877
12 22 0.0005018744753197437
12 23 0.004929803495292456
12 24 0.0008450913277632858
12 25 -0.00741369194926478
13 0 5.250887946504913e-05
13 1 -0.001385704921826319
13 2 9.978643413269465e-05
13 3 0.002078412075618601
13 4 0.0008249398214252012
13 5 -0.002971341852336585
13 6 0.003064775444292454
13 7 -0.002664433684514665
13 8 -0.004085364064887147
13 9 0.0001325333967451324
13 10 0.001172926994156054
13 11 0.002616861297981351
13 12 -0.001769901585907255
13 13 1.983173411988202
13 14 -0.001911141812588695
13 15 0.0007204577214229142
13 16 0.01989887791570071
13 17 -0.001056761750267767
13 18 0.02773087419820937
13 19 0.007965402719216769
13 20 0.004230284713414936
13 21 0.007185873510469037
13 22 -0.007510375346148698
13 23 -0.007894125291721446
13 24 0.02263074067435271
13 25 0.006081586936186101
14 0 1.345259228490297e-05
14 1 0.0001076900701555329
14 2 0.0003753883194676312
14 3 0.0001236865671649931
14 4 0.0005411612881298321
14 5 -0.00399885864269482
14 6 0.002908403829576651
14 7 0.00459876066713851
14 8 0.004059332790839605
14 9 0.01299844295834362
14 10 -0.01483698928209068
14 11 0.02562791446146789
14 12 -0.004036246931131466
14 13 -0.001911141812588728
14 14 1.926941231551621
14 15 -0.01692450237239069
14 16 -0.001431376922262889
14 17 -0.0005938192056037215
14 18 -0.0002496390527041712
14 19 0.005205517313376217
14 20 -0.007085418702275972
14 21 -0.01023898200429408
14 22 -0.0001632400574424708
14 23 -0.001768440885278776
14 24 -0.0008625709598655033
14 25 0.002157807994994249
15 0 -2.587971866863683e-07
15 1 -0.0006018560417177251
15 2 -0.0008361172430328644
15 3 -0.0008453229526731062
15 4 -0.00154223208686888
15 5 -0.006638056865304984
15 6 0.00608307781590642
15 7 0.008351076162493993
15 8 0.01067221876126719
15 9 0.01616246767527185
15 10 -0.02119443723751405
15 11 0.05183522451973464
15 12 -0.001484916830176655
15 13 0.0007204577214228816
15 14 -0.01692450237239097
15 15 0.1049889453178008
15 16 -0.003476527345344213
15 17 0.002442492006568188
15 18 -0.0003915993553128721
15 19 0.002081984788301415
15 20 0.001180659235429869
15 21 -0.01476401704613021
15 22 -0.003336435180889371
15 23 -0.003575489018384859
15 24 0.001007348120503056
15 25 -2.56712632674906e-06
16 0 0.0001376403564241246
16 1 -0.001356195211160067
16 2 -0.002067415937998109
16 3 -0.001466504152162279
16 4 -0.002138381215527986
16 5 -0.0006836286267845068
16 6 0.0004412758639352169
16 7 -0.001539328160232427
16 8 0.0004032317378181351
16 9 -0.0004448082159669739
16 10 0.001596151539952829
16 11 -0.002205647771749444
16 12 0.00293019850438313
16 13 0.01989887791569932
16 14 -0.001431376922262869
16 15 -0.003476527345344251
16 16 0.0108165429994588
16 17 -0.005820422744356962
16 18 0.003495591967358018
16 19 0.005557456189427249
16 20 0.002424701948859299
16 21 0.005444958128162677
16 22 -0.000245446321183332
16 23 -0.005884573747281982
16 24 0.001031487723701907
16 25 0.0003729109385822683
17 0 -9.866788536878089e-05
17 1 -0.001991012227798996
17 2 -0.001413281689378496
17 3 0.0009347988216463661
17 4 0.005284278085608845
17 5 0.002540627737796456
17 6 0.0007399077834499064
17 7 0.0006180042886973232
17 8 0.002123228844892297
17 9 0.002158463536292003
17 10 0.002944668114282595
17 11 0.000734734380038867
17 12 0.004721607318867047
17 13 -0.001056761750267739
17 14 -0.0005938192056037319
17 15 0.002442492006568047
17 16 -0.005820422744356932
17 17 0.01889121140728888
17 18 -0.001350583662208596
17 19 0.00165475693174854
17 20 -0.001406309735976993
17 21 -0.002962097778335991
17 22 0.001220681515898612
17 23 0.001210512454458761
17 24 0.0002252709626100085
17 25 0.002712462978852534
18 0 -0.0001959227161803592
18 1 -0.004191696342388753
18 2 0.003827967172621259
18 3 0.0003406608775635251
18 4 0.001436749993645757
18 5 -0.001689882309785115
18 6 0.0002669525638603654
18 7 -0.003712898388983036
18 8 -0.001044212673128819
18 9 -0.0004179955663758521
18 10 0.000750987165220744
18 11 0.001606632602022494
18 12 -0.002841282957317876
18 13 0.02773087419820793
18 14 -0.0002496390527041789
18 15 -0.0003915993553127985
18 16 0.003495591967358039
18 17 -0.001350583662208612
18 18 0.01837954070716355
18 19 0.0005124049068328843
18 20 0.001210948344529182
18 21 0.0006660075483572593
18 22 0.002258694586106151
18 23 0.002397977015863034
18 24 0.006248179682789953
18 25 0.0006862520634675517
19 0 0.0001931046801330263
19 1 0.0001900669078952475
19 2 -0.005118769945493064
19 3 0.001342344410854135
19 4 0.0001031204886309266
19 5 0.0003519830096220892
19 6 0.00137796451952939
19 7 -0.001545943312441965
19 8 -0.00133451455969767
19 9 -0.0001175725156705661
19 10 0.002806530760959228
19 11 0.007901398295398177
19 12 -0.003347223939055936
19 13 0.007965402719216978
19 14 0.005205517313375912
19 15 0.002081984788301388
19 16 0.005557456189427261
19 17 0.001654756931748542
19 18 0.000512404906832866
19 19 0.01753207346911796
19 20 0.001692098477746853
19 21 0.005828467687970386
19 22 -0.003526927704668069
19 23 -0.0004274743721873281
19 24 -0.001407424749824321
19 25 0.003211740217791431
20 0 0.0001080666092240665
20 1 -0.0003045462283500638
20 2 -0.002152729122879519
20 3 0.0001882898719170434
20 4 -0.001181481988926749
20 5 0.0002917314541431632
20 6 0.0007943019973981891
20 7 -0.002590918811041481
20 8 -0.002103694764136586
20 9 0.000351302169874198
20 10 0.00215752763280878
20 11 -0.004346918892376007
20 12 -0.005107939292578271
20 13 0.004230284713414523
20 14 -0.007085418702276252
20 15 0.001180659235429692
20 16 0.002424701948859377
20 17 -0.001406309735977025
20 18 0.001210948344529161
20 19 0.001692098477746931
20 20 0.01396578413671951
20 21 -0.00429631698901874
20 22 -0.003403658202106584
20 23 -0.002672328039572609
20 24 -0.0004040707948041304
20 25 0.001286616583185569
21 0 0.0001126031591673092
21 1 -0.0003115785047777986
21 2 -0.001856257038707383
21 3 0.0001039339527093916
21 4 0.0004621908047310506
21 5 0.002708424449704896
21 6 -0.002904527204027882
21 7 -0.003149055368912271
21 8 -0.003402863652735377
21 9 -0.003425943758591817
21 10 0.006357354149445417
21 11 -0.01393758871302152
21 12 -0.001871296270958779
21 13 0.007185873510468775
21 14 -0.01023898200429455
21 15 -0.01476401704612936
21 16 0.005444958128162614
21 17 -0.002962097778335978
21 18 0.0006660075483572695
21 19 0.005828467687970421
21 20 -0.004296316989018685
21 21 0.01171583275575339
21 22 -0.00122875826029096
21 23 -0.002780914486894522
21 24 0.0001671172314352137
21 25 0.0006974404281453366
22 0 -0.0001797808627501687
22 1 0.0004320160798643402
22 2 0.003590132393839045
22 3 -0.002996675309084505
22 4 -0.0009773462286046205
22 5 -0.002163113804717347
22 6 0.0006946456568188832
22 7 -0.001379048531443771
22 8 -0.00225349874906883
22 9 -0.002945649687963737
22 10 -0.001948881149052015
22 11 -0.001889445161420469
22 12 0.000501874475319753
22 13 -0.007510375346148833
22 14 -0.0001632400574424678
22 15 -0.003336435180889789
22 16 -0.0002454463211833025
22 17 0.001220681515898711
22 18 0.002258694586106173
22 19 -0.003526927704668077
22 20 -0.003403658202106667
22 21 -0.001228758260290864
22 22 0.01419040688620463
22 23 0.003227949291918986
22 24 0.0002026844300256083
22 25 -0.002279857225878551
23 0 -0.0002484459785502352
23 1 0.001737026180251281
23 2 0.004145319418451702
23 3 0.001649883069780459
23 4 -0.00199211632836835
23 5 -0.001827337312104655
23 6 0.0007909071514915924
23 7 -0.000667913722760632
23 8 -0.002423275522848785
23 9 -0.001141526343400699
23 10 -0.0008856945492590122
23 11 -0.003413898142736189
23 12 0.004929803495292555
23 13 -0.007894125291721369
23 14 -0.001768440885278754
23 15 -0.00357548901838481
23 16 -0.005884573747282078
23 17 0.001210512454458754
23 18 0.002397977015863096
23 19 -0.0004274743721872829
23 20 -0.002672328039572723
23 21 -0.002780914486894524
23 22 0.003227949291918987
23 23 0.01630195057999168
23 24 0.0004254432643213476
23 25 -0.002721142305535715
24 0 -0.0004016735988162705
24 1 0.000586667551466046
24 2 0.005531973732625784
24 3 -0.001791213097996669
24 4 -0.002681782969161881
24 5 -0.001301256880791898
24 6 0.001016179954915751
24 7 0.0001081646875059825
24 8 -0.0001288178686636805
24 9 -0.003228370932298973
24 10 -0.006687953341852208
24 11 -0.00228951650989467
24 12 0.0008450913277632803
24 13 0.02263074067435281
24 14 -0.0008625709598654438
24 15 0.001007348120503078
24 16 0.001031487723701924
24 17 0.0002252709626100271
24 18 0.006248179682790135
24 19 -0.001407424749824364
24 20 -0.0004040707948041126
24 21 0.0001671172314352384
24 22 0.0002026844300256179
24 23 0.0004254432643213366
24 24 0.01971486943854353
24 25 -0.002484127526514304
25 0 0.0002764893128941006
25 1 0.00025360495562275
25 2 -0.009766479637766062
25 3 0.002127117130361521
25 4 0.004704994350261756
25 5 0.003123158276672719
25 6 -0.0002562011573137131
25 7 -0.003779989245335537
25 8 0.0009472571646852556
25 9 0.007352822778327758
25 10 0.01472899923142678
25 11 0.00590154880332776
25 12 -0.007413691949265067
25 13 0.006081586936186639
25 14 0.002157807994994405
25 15 -2.567126326529943e-06
25 16 0.0003729109385822834
25 17 0.002712462978852589
25 18 0.0006862520634675682
25 19 0.00321174021779146
25 20 0.001286616583185551
25 21 0.0006974404281453314
25 22 -0.002279857225878672
25 23 -0.002721142305535618
25 24 -0.002484127526514428
25 25 0.0187666813263394
