0 0 1.999966766185596
0 1 -2.261461012024678e-05
0 2 -1.612805503733369e-05
0 3 -3.326074417696856e-05
0 4 -7.69076685335346e-05
0 5 -2.541123492928873e-06
0 6 7.384076941893257e-06
0 7 -8.483039235304293e-07
0 8 -1.926822265304453e-05
0 9 1.215063248218973e-05
0 10 4.20477202347973e-06
0 11 -1.845902744633228e-05
0 12 1.948742735411912e-06
0 13 2.595314162544105e-05
0 14 -3.200130395944069e-05
0 15 1.18544817892956e-05
0 16 -7.967077944415249e-06
0 17 -5.842183224298681e-06
0 18 6.208443625736369e-05
0 19 -0.0001161837534413181
0 20 -2.568684760111628e-06
0 21 3.73299784749034e-05
0 22 0.0002222870055900257
0 23 -3.069947682612814e-05
0 24 -0.0001052872928815635
0 25 7.736458003909863e-05
0 26 0.0001994640151821123
0 27 6.740355844967328e-05
0 28 -0.0001104508361503028
0 29 -3.999032727348343e-05
1 0 -2.261461012024681e-05
1 1 1.993256904340218
1 2 -3.093709903925777e-05
1 3 -0.0006172626296855441
1 4 -0.001690795951383933
1 5 -0.001372498095332396
1 6 0.0002417654674778107
1 7 -0.001079290912463649
1 8 0.002442340173932923
1 9 -0.00105218337982445
1 10 -0.00131918858791632
1 11 -0.0001024057198474843
1 12 0.0008688421094479808
1 13 0.0003601541397973176
1 14 -0.0002629311582153795
1 15 -0.0005675301513101674
1 16 -0.0009775949199700923
1 17 -0.000384714157253172
1 18 -0.000725613901417318
1 19 -0.002245986328541655
1 20 -0.0006650266580563002
1 21 -0.0008159437122493933
1 22 0.0005235327405045942
1 23 0.0007542830613625187
1 24 -0.0003767321010485431
1 25 0.0006596722675270791
1 26 -0.0004516487251245905
1 27 -0.001010995407339231
1 28 0.001047879209301548
1 29 -0.0001361479481104338
2 0 -1.612805503733378e-05
2 1 -3.093709903926053e-05
2 2 1.9914903610222
2 3 -0.0002571583791978009
2 4 -0.0009451275824514336
2 5 0.0004070640854626538
2 6 -0.001409305733023829
2 7 0.001875221706642302
2 8 0.0004955614083494882
2 9 -0.0004740758246286902
2 10 0.0004577741437774536
2 11 0.0009445728002834049
2 12 -0.000491035610242404
2 13 -0.0006572880288260889
2 14 -0.0006593127393116947
2 15 0.0008818691631975091
2 16 -0.001047921316912083
2 17 -0.001357447501434438
2 18 0.0002118128388293604
2 19 -0.0001196068214306077
2 20 0.001998814028409674
2 21 7.681158242093842e-05
2 22 0.001292491579992703
2 23 -2.584306079112177e-05
2 24 -0.0002479489696121292
2 25 -0.0008193034594364209
2 26 5.366609727224837e-05
2 27 0.00129497493235693
2 28 -7.148660320298165e-05
2 29 0.00172988481501981
3 0 -3.326074417696922e-05
3 1 -0.0006172626296855473
3 2 -0.000257158379197795
3 3 1.991141605610304
3 4 -0.0008037619874909136
3 5 -0.0004447240187434279
3 6 1.948603478700133e-06
3 7 4.191720887591988e-05
3 8 -0.000833028691291666
3 9 0.002045088025832425
3 10 0.00156386618851617
3 11 0.0007317645835996281
3 12 -0.0001768193026193786
3 13 0.0005365605267160454
3 14 -0.0005881242055760737
3 15 -0.0005329550528902842
3 16 0.0009522473569971918
3 17 0.001135709441016995
3 18 -0.001068373189836569
3 19 -0.0008039817336174622
3 20 0.0002136642048830842
3 21 -0.001027481512291069
3 22 -0.0006415959969823194
3 23 -0.000166422075155703
3 24 -0.0001712703366863512
3 25 -0.0003226607598396771
3 26 -0.001094592798519686
3 27 0.0001392530316120715
3 28 -0.001686523818457999
3 29 -0.0002406979766702686
4 0 -7.690766853353481e-05
4 1 -0.001690795951383956
4 2 -0.0009451275824514411
4 3 -0.0008037619874909254
4 4 1.987636589831585
4 5 0.0002113454232047251
4 6 0.001029921322543229
4 7 -0.0007851689178418652
4 8 -0.0007135988600585573
4 9 9.627653972380003e-05
4 10 -0.0005572491293212026
4 11 -0.0005308499425243402
4 12 -8.183954507280325e-05
4 13 0.0009464950310007962
4 14 -0.00094276054069593
4 15 0.001208405356876423
4 16 0.0008339053988010591
4 17 0.001292097107160745
4 18 -0.0005879789552642406
4 19 -0.0003311551457349916
4 20 -9.65732719810137e-05
4 21 0.0007518551249802803
4 22 -0.001687944540048028
4 23 0.0004109308732253384
4 24 0.0002857999532659226
4 25 0.0003064437060058621
4 26 0.0001181510894819979
4 27 0.001404179278514142
4 28 -0.000228870582747739
4 29 -0.003193220595128164
5 0 -2.541123492928376e-06
5 1 -0.001372498095332392
5 2 0.0004070640854626531
5 3 -0.0004447240187434046
5 4 0.0002113454232047067
5 5 1.984476767843556
5 6 0.0001838342360695504
5 7 0.0002984632871984779
5 8 0.0007869612526042801
5 9 0.002059939489216522
5 10 0.0006836680955152889
5 11 0.003150712806018808
5 12 -0.001758088285821302
5 13 0.0002582021346754017
5 14 -8.614185137311648e-05
5 15 -7.163641758503875e-05
5 16 0.0007020102773799277
5 17 0.001623439344207823
5 18 -0.0003106526597910354
5 19 -0.001952779799437914
5 20 0.00145877930078097
5 21 0.002314829832809258
5 22 -0.001371250673703932
5 23 0.001850212711290572
5 24 -5.698361974186488e-05
5 25 0.001685830701345844
5 26 -0.001547347714254917
5 27 -0.001903783115644222
5 28 -0.00659621519479575
5 29 0.0007517196861284054
6 0 7.384076941893086e-06
6 1 0.0002417654674778147
6 2 -0.001409305733023844
6 3 1.948603478695498e-06
6 4 0.001029921322543215
6 5 0.0001838342360695434
6 6 1.985542224769779
6 7 -0.001544908954481424
6 8 -0.0003551226325147135
6 9 -0.0002699563696941671
6 10 -0.0002460557947520766
6 11 -0.0008939876864548504
6 12 -0.0002269058953670054
6 13 -0.0009107704974832849
6 14 0.001610311923918625
6 15 -0.002583748885681932
6 16 0.0005536426720214955
6 17 0.003628038966868165
6 18 8.504980844486383e-05
6 19 0.001552181368095087
6 20 0.000394546170670408
6 21 0.0009533229213020371
6 22 0.0004500566801233148
6 23 -0.001827517150183188
6 24 -0.002219185430858414
6 25 0.0007735625016361669
6 26 -0.004207163142897249
6 27 0.002105851588305611
6 28 -0.001663233674378576
6 29 0.001894380098205857
7 0 -8.48303923529437e-07
7 1 -0.001079290912463657
7 2 0.001875221706642285
7 3 4.191720887593154e-05
7 4 -0.0007851689178418656
7 5 0.0002984632871984599
7 6 -0.001544908954481393
7 7 1.982849534420066
7 8 0.0006391276035950786
7 9 0.0002193181024029614
7 10 -0.0007444936826803898
7 11 0.0004163995543392705
7 12 0.0004348065488019217
7 13 -0.0007807387966347961
7 14 0.00377109548147124
7 15 -0.004140714273194278
7 16 -0.002334409450803294
7 17 0.006156993634238979
7 18 0.001590336316915833
7 19 -0.002822607430317016
7 20 -0.0006686401571442851
7 21 0.0009083139441539315
7 22 0.0001229258754329522
7 23 0.0008288537047050455
7 24 -0.0006752278107846256
7 25 -0.001522992145810575
7 26 0.002403042181684906
7 27 -0.0001387125665549437
7 28 0.0002273439411318126
7 29 0.00377567911267292
8 0 -1.926822265304487e-05
8 1 0.002442340173933052
8 2 0.0004955614083495057
8 3 -0.0008330286912916947
8 4 -0.000713598860058521
8 5 0.0007869612526043214
8 6 -0.0003551226325146704
8 7 0.0006391276035950847
8 8 1.979673429412078
8 9 0.001028081818212919
8 10 0.001190354347846133
8 11 -0.0001693471810885432
8 12 -0.0003888020472843355
8 13 0.001851999965998177
8 14 -0.001091957612792887
8 15 -0.0002170981881116851
8 16 0.001404104811371701
8 17 0.003272037747621253
8 18 -0.0009548611768770581
8 19 0.000372099823562512
8 20 -0.00129290143836162
8 21 0.001073482097319084
8 22 0.0008147178960523313
8 23 0.001361695618094082
8 24 0.0008652167950831491
8 25 0.0006264476770403101
8 26 0.0005780724220399539
8 27 0.0007808828910901469
8 28 -0.0003072128074644222
8 29 -0.001444409604955359
9 0 1.215063248219059e-05
9 1 -0.001052183379824444
9 2 -0.0004740758246286963
9 3 0.002045088025832401
9 4 9.627653972380808e-05
9 5 0.002059939489216497
9 6 -0.0002699563696941696
9 7 0.0002193181024029961
9 8 0.001028081818212934
9 9 1.979968093547893
9 10 -0.001749499364544375
9 11 -0.002298109198380042
9 12 0.004634204066096617
9 13 -0.0004150483290023263
9 14 -0.001339409306743992
9 15 0.003995141836003441
9 16 -0.003340666835622468
9 17 -0.006116370405728473
9 18 0.001292219336839622
9 19 -0.001410312570039379
9 20 -0.001344377648180731
9 21 0.001538982557641152
9 22 -0.002585158686442961
9 23 -6.619409535979285e-05
9 24 -0.001995489932972859
9 25 0.0004896286248622118
9 26 -0.002326340241756221
9 27 2.745220456049048e-06
9 28 -0.001653973653260376
9 29 -0.001621164909502587
10 0 4.204772023479602e-06
10 1 -0.001319188587916316
10 2 0.0004577741437774382
10 3 0.00156386618851617
10 4 -0.0005572491293211325
10 5 0.0006836680955152981
10 6 -0.00024605579475208
10 7 -0.0007444936826804112
10 8 0.001190354347846125
10 9 -0.001749499364544407
10 10 1.980554707045249
10 11 -0.0004802296098796827
10 12 0.0004530980064543728
10 13 -0.001394704131775838
10 14 0.00057192357472398
10 15 -0.001467242250571544
10 16 -0.001172393574957501
10 17 -0.002547161842719911
10 18 0.000912319181005565
10 19 0.002615032172035512
10 20 0.002947532994274201
10 21 -5.609837810640044e-06
10 22 -0.001551477147637359
10 23 0.001350517367356171
10 24 -0.001823945416363405
10 25 -0.0008825222654069483
10 26 0.0004891758255227467
10 27 -0.002636825458276006
10 28 -0.001626388446857501
10 29 0.001577938095155287
11 0 -1.845902744633276e-05
11 1 -0.0001024057198474702
11 2 0.0009445728002834394
11 3 0.0007317645835996124
11 4 -0.0005308499425243312
11 5 0.003150712806018824
11 6 -0.00089398768645486
11 7 0.0004163995543392905
11 8 -0.0001693471810885609
11 9 -0.002298109198380127
11 10 -0.0004802296098796938
11 11 1.975050960746276
11 12 0.007850619406039722
11 13 -0.0005128689132339092
11 14 0.001534353772373157
11 15 0.0005462882701778115
11 16 -0.006646929379313969
11 17 0.004941310796356688
11 18 0.003443104736027491
11 19 -0.002966643544058038
11 20 0.0009182192443519269
11 21 0.0005359859174897848
11 22 -8.19839505698818e-05
11 23 0.001449047176859121
11 24 -0.0007071524154142526
11 25 0.0002942747077920607
11 26 0.001761176606256975
11 27 0.000309472260637447
11 28 -0.001101433061689996
11 29 -0.0002165601565144236
12 0 1.948742735411461e-06
12 1 0.000868842109447897
12 2 -0.0004910356102423821
12 3 -0.0001768193026193721
12 4 -8.183954507281544e-05
12 5 -0.00175808828582117
12 6 -0.0002269058953670176
12 7 0.0004348065488019545
12 8 -0.0003888020472842501
12 9 0.004634204066096744
12 10 0.0004530980064544638
12 11 0.007850619406040512
12 12 1.953225049020896
12 13 0.005029465736824345
12 14 0.0001174452354352852
12 15 -0.001713107883368015
12 16 0.01176592823291262
12 17 0.01179689228758027
12 18 0.001384082866669754
12 19 0.0003765198113707209
12 20 -0.003581775657061512
12 21 3.324974402355065e-05
12 22 -0.000967736622160317
12 23 -0.001733054973976885
12 24 -0.001193416270337998
12 25 0.0008169953677178598
12 26 -0.00113870932369408
12 27 0.001285749772419889
12 28 0.0009415751908749201
12 29 -0.0003275675960218499
13 0 2.595314162544244e-05
13 1 0.0003601541397973199
13 2 -0.0006572880288261012
13 3 0.0005365605267160627
13 4 0.0009464950310007668
13 5 0.0002582021346753884
13 6 -0.0009107704974832668
13 7 -0.0007807387966348256
13 8 0.001851999965998176
13 9 -0.0004150483290022944
13 10 -0.001394704131775868
13 11 -0.0005128689132339399
13 12 0.005029465736824076
13 13 1.985204141096171
13 14 -0.002491849307358449
13 15 0.003185375015883996
13 16 -0.007349599092809196
13 17 0.04872325484155333
13 18 0.007532942555026715
13 19 0.003723760633145798
13 20 -0.01602157313093441
13 21 0.003414418484901927
13 22 -0.007287296654284656
13 23 -0.004689371002237822
13 24 -0.002338686034440316
13 25 0.009115333646251386
13 26 -0.00966156993612194
13 27 0.00925327429094904
13 28 0.003631202962137653
13 29 -0.002503063388788407
14 0 -3.200130395943945e-05
14 1 -0.0002629311582154033
14 2 -0.0006593127393116463
14 3 -0.0005881242055760879
14 4 -0.0009427605406959051
14 5 -8.614185137311928e-05
14 6 0.001610311923918633
14 7 0.003771095481471375
14 8 -0.00109195761279288
14 9 -0.00133940930674404
14 10 0.0005719235747240166
14 11 0.001534353772373069
14 12 0.0001174452354353446
14 13 -0.002491849307358514
14 14 1.978122537076768
14 15 -0.005665252480230602
14 16 -0.009371217071381732
14 17 0.02712846531798191
14 18 0.002321722778625235
14 19 -0.005231044304093119
14 20 0.006469245886782951
14 21 0.0001543617615772882
14 22 0.004406578731651534
14 23 0.001783100997816551
14 24 -0.002862454868815311
14 25 -0.00106421963145155
14 26 0.01039452143175158
14 27 -0.005440358980633045
14 28 -0.002525967375575715
14 29 0.001071406921932887
15 0 1.185448178929612e-05
15 1 -0.0005675301513101913
15 2 0.0008818691631974959
15 3 -0.0005329550528902591
15 4 0.001208405356876409
15 5 -7.163641758503104e-05
15 6 -0.00258374888568183
15 7 -0.004140714273194311
15 8 -0.0002170981881116814
15 9 0.003995141836003363
15 10 -0.001467242250571556
15 11 0.0005462882701779601
15 12 -0.00171310788336814
15 13 0.003185375015883906
15 14 -0.005665252480231121
15 15 1.979389699589935
15 16 0.01187097328596293
15 17 -0.02971224201300137
15 18 -0.01155897672208608
15 19 -0.0007782602320645868
15 20 -0.008034019539131399
15 21 0.003184058949784448
15 22 -0.003287435339200164
15 23 -0.001755098827109399
15 24 -6.930830818458229e-05
15 25 0.002861936892185974
15 26 -0.01205754082206344
15 27 0.007816500992405504
15 28 0.001214189760032387
15 29 -0.001099786599209677
16 0 -7.967077944414886e-06
16 1 -0.0009775949199700056
16 2 -0.001047921316912193
16 3 0.0009522473569972051
16 4 0.0008339053988010814
16 5 0.0007020102773799741
16 6 0.0005536426720215254
16 7 -0.002334409450803608
16 8 0.001404104811371734
16 9 -0.003340666835622539
16 10 -0.001172393574957487
16 11 -0.006646929379314157
16 12 0.01176592823291246
16 13 -0.007349599092809251
16 14 -0.009371217071382106
16 15 0.01187097328596311
16 16 0.05046592882658094
16 17 0.009095774133363724
16 18 -0.00201036069721391
16 19 -0.000730004176594306
16 20 -0.002070328003772522
16 21 -0.001120430993571521
16 22 0.001232921311631251
16 23 -0.0008039788095388252
16 24 0.0006085818507511746
16 25 -0.0003733021648822252
16 26 -0.000898033484157214
16 27 -0.0002823532350646549
16 28 0.0001281161397229849
16 29 -0.0002229100805051295
17 0 -5.842183224298827e-06
17 1 -0.0003847141572531681
17 2 -0.001357447501434327
17 3 0.00113570944101698
17 4 0.00129209710716067
17 5 0.001623439344207858
17 6 0.003628038966868065
17 7 0.006156993634238616
17 8 0.0032720377476211
17 9 -0.006116370405728646
17 10 -0.002547161842719931
17 11 0.004941310796356719
17 12 0.01179689228758019
17 13 0.04872325484155358
17 14 0.02712846531798239
17 15 -0.02971224201300166
17 16 0.009095774133363752
17 17 0.01648041277155936
17 18 -0.002231553426405306
17 19 -0.0005408311653940421
17 20 -0.0002852175557572282
17 21 0.0004013883132160824
17 22 0.0005581523517455016
17 23 -0.0007047492224672011
17 24 3.657337586927696e-05
17 25 -0.0001027503358991267
17 26 -0.0001776296571573886
17 27 0.001442813254802233
17 28 -0.0003284812189469888
17 29 0.001175306608227088
18 0 6.208443625736484e-05
18 1 -0.0007256139014173535
18 2 0.0002118128388293532
18 3 -0.001068373189836605
18 4 -0.0005879789552642319
18 5 -0.0003106526597910384
18 6 8.504980844486415e-05
18 7 0.001590336316915836
18 8 -0.0009548611768770961
18 9 0.001292219336839629
18 10 0.0009123191810055629
18 11 0.003443104736027346
18 12 0.001384082866669685
18 13 0.007532942555026531
18 14 0.002321722778625197
18 15 -0.01155897672208668
18 16 -0.002010360697214109
18 17 -0.00223155342640536
18 18 0.02651017764703001
18 19 -0.0005046636688696254
18 20 0.0005696066702569906
18 21 -0.000532630889233777
18 22 -0.001344395805934592
18 23 -0.0001485442045697482
18 24 -0.001720366494225117
18 25 -0.0003316362949174415
18 26 0.0007515214295376932
18 27 0.0003540834853983099
18 28 -0.0005542506524326007
18 29 -0.0001425523656525314
19 0 -0.0001161837534413218
19 1 -0.002245986328541717
19 2 -0.000119606821430612
19 3 -0.0008039817336174425
19 4 -0.0003311551457349811
19 5 -0.001952779799437906
19 6 0.001552181368095227
19 7 -0.002822607430317055
19 8 0.0003720998235624248
19 9 -0.001410312570039474
19 10 0.002615032172035415
19 11 -0.00296664354405799
19 12 0.0003765198113707242
19 13 0.003723760633145771
19 14 -0.005231044304093086
19 15 -0.0007782602320646075
19 16 -0.0007300041765945358
19 17 -0.0005408311653939872
19 18 -0.0005046636688696443
19 19 0.02031641801726871
19 20 -0.001145662502560681
19 21 9.940251632466192e-05
19 22 0.001261057742132657
19 23 0.001401220502248748
19 24 0.0005262950867775326
19 25 0.002335866064855276
19 26 -0.002154736835710552
19 27 -0.003682287162871043
19 28 0.001690682793874085
19 29 0.0009961047776284697
20 0 -2.568684760111641e-06
20 1 -0.0006650266580563219
20 2 0.001998814028409751
20 3 0.0002136642048830856
20 4 -9.657327198100304e-05
20 5 0.001458779300780975
20 6 0.0003945461706704098
20 7 -0.0006686401571443174
20 8 -0.001292901438361714
20 9 -0.00134437764818082
20 10 0.002947532994274261
20 11 0.0009182192443519821
20 12 -0.00358177565706155
20 13 -0.01602157313093445
20 14 0.006469245886783302
20 15 -0.008034019539131441
20 16 -0.002070328003772266
20 17 -0.0002852175557571905
20 18 0.0005696066702569819
20 19 -0.001145662502560641
20 20 0.02322508737745982
20 21 -0.0003219946080519386
20 22 0.000734810501184616
20 23 0.001080556423674599
20 24 -0.0007566791145515046
20 25 -0.001798390521271365
20 26 0.00226096265968603
20 27 -0.00253294929424651
20 28 0.0006154718461238509
20 29 0.000562839665280332
21 0 3.732997847490432e-05
21 1 -0.0008159437122494033
21 2 7.681158242094428e-05
21 3 -0.001027481512291093
21 4 0.0007518551249802807
21 5 0.002314829832809242
21 6 0.0009533229213020566
21 7 0.0009083139441539076
21 8 0.001073482097319054
21 9 0.001538982557641182
21 10 -5.609837810680051e-06
21 11 0.0005359859174897672
21 12 3.324974402354521e-05
21 13 0.003414418484901975
21 14 0.0001543617615772879
21 15 0.003184058949784616
21 16 -0.00112043099357139
21 17 0.0004013883132160903
21 18 -0.0005326308892337186
21 19 9.940251632466206e-05
21 20 -0.0003219946080518834
21 21 0.01761531777460189
21 22 -0.001862274573604159
21 23 0.0009839624818692022
21 24 -0.003109684785413492
21 25 2.482151084456639e-05
21 26 0.0002780271419267505
21 27 2.552243035747246e-05
21 28 -4.936597788982975e-05
21 29 -0.0007974462665574637
22 0 0.0002222870055900297
22 1 0.0005235327405045996
22 2 0.001292491579992693
22 3 -0.0006415959969823138
22 4 -0.001687944540047995
22 5 -0.001371250673703902
22 6 0.0004500566801233185
22 7 0.0001229258754329488
22 8 0.0008147178960523013
22 9 -0.002585158686442966
22 10 -0.001551477147637352
22 11 -8.198395056987389e-05
22 12 -0.0009677366221602975
22 13 -0.007287296654284749
22 14 0.004406578731651527
22 15 -0.003287435339200141
22 16 0.001232921311631223
22 17 0.0005581523517455175
22 18 -0.001344395805934543
22 19 0.001261057742132722
22 20 0.0007348105011846216
22 21 -0.001862274573604184
22 22 0.01577257848069172
22 23 0.0001470626645605156
22 24 -0.001175282990382697
22 25 -0.002944345243050266
22 26 0.004478061813520377
22 27 -0.0006116114548697098
22 28 -0.004144328109035792
22 29 -0.0001459036817142387
23 0 -3.069947682612852e-05
23 1 0.0007542830613624785
23 2 -2.584306079112004e-05
23 3 -0.0001664220751557083
23 4 0.0004109308732253357
23 5 0.001850212711290629
23 6 -0.001827517150183073
23 7 0.0008288537047050551
23 8 0.001361695618094148
23 9 -6.619409535977496e-05
23 10 0.001350517367356135
23 11 0.001449047176859128
23 12 -0.00173305497397699
23 13 -0.004689371002237571
23 14 0.001783100997816568
23 15 -0.001755098827109338
23 16 -0.0008039788095387607
23 17 -0.0007047492224671329
23 18 -0.0001485442045697523
23 19 0.001401220502248844
23 20 0.001080556423674582
23 21 0.0009839624818691916
23 22 0.0001470626645605116
23 23 0.01645796071187872
23 24 -0.0005523484650038853
23 25 -0.001893138744805005
23 26 -0.0005284387317151251
23 27 0.00252774929589689
23 28 -0.0003557433048082469
23 29 -0.0003852108017701525
24 0 -0.0001052872928815615
24 1 -0.0003767321010485154
24 2 -0.0002479489696121367
24 3 -0.000171270336686352
24 4 0.0002857999532659304
24 5 -5.69836197418755e-05
24 6 -0.002219185430858339
24 7 -0.0006752278107846174
24 8 0.0008652167950831518
24 9 -0.001995489932972857
24 10 -0.001823945416363427
24 11 -0.0007071524154142557
24 12 -0.001193416270338061
24 13 -0.002338686034440275
24 14 -0.002862454868815411
24 15 -6.930830818458142e-05
24 16 0.000608581850751093
24 17 3.657337586931037e-05
24 18 -0.001720366494225109
24 19 0.0005262950867775151
24 20 -0.0007566791145515554
24 21 -0.003109684785413525
24 22 -0.001175282990382699
24 23 -0.0005523484650038627
24 24 0.01562523585724
24 25 -0.001040456343861069
24 26 -0.001676335416962335
24 27 -7.614133617734494e-06
24 28 -0.001982535829944958
24 29 -0.0003510083745912931
25 0 7.736458003910202e-05
25 1 0.000659672267527076
25 2 -0.0008193034594364132
25 3 -0.0003226607598396688
25 4 0.0003064437060058644
25 5 0.001685830701345839
25 6 0.0007735625016361611
25 7 -0.001522992145810596
25 8 0.0006264476770403327
25 9 0.0004896286248622189
25 10 -0.0008825222654069518
25 11 0.0002942747077920743
25 12 0.0008169953677178614
25 13 0.009115333646250829
25 14 -0.001064219631451554
25 15 0.002861936892185998
25 16 -0.0003733021648821983
25 17 -0.0001027503358991448
25 18 -0.0003316362949174735
25 19 0.002335866064855244
25 20 -0.001798390521271392
25 21 2.482151084458552e-05
25 22 -0.002944345243050188
25 23 -0.001893138744804953
25 24 -0.001040456343861049
25 25 0.01629460032694503
25 26 0.0004888230640545789
25 27 0.00182735229651474
25 28 -0.001420521999321124
25 29 -0.0004327260458658455
26 0 0.0001994640151821101
26 1 -0.0004516487251245652
26 2 5.366609727226266e-05
26 3 -0.001094592798519713
26 4 0.0001181510894820128
26 5 -0.001547347714254909
26 6 -0.00420716314289736
26 7 0.002403042181684805
26 8 0.0005780724220399815
26 9 -0.002326340241756222
26 10 0.0004891758255226705
26 11 0.001761176606256915
26 12 -0.001138709323694108
26 13 -0.009661569936122605
26 14 0.01039452143175116
26 15 -0.01205754082206372
26 16 -0.0008980334841572521
26 17 -0.0001776296571573897
26 18 0.0007515214295376768
26 19 -0.002154736835710566
26 20 0.002260962659685964
26 21 0.0002780271419267404
26 22 0.004478061813520257
26 23 -0.0005284387317151264
26 24 -0.001676335416962324
26 25 0.0004888230640545462
26 26 0.01377304910853437
26 27 0.0004998175987482683
26 28 0.0001546313135636835
26 29 0.0005977673572557687
27 0 6.740355844967507e-05
27 1 -0.001010995407339298
27 2 0.001294974932356947
27 3 0.0001392530316120555
27 4 0.001404179278514069
27 5 -0.001903783115644199
27 6 0.002105851588305654
27 7 -0.0001387125665549367
27 8 0.0007808828910901423
27 9 2.745220456056474e-06
27 10 -0.002636825458275987
27 11 0.0003094722606374644
27 12 0.001285749772419869
27 13 0.009253274290948833
27 14 -0.00544035898063304
27 15 0.007816500992406468
27 16 -0.0002823532350646586
27 17 0.001442813254802227
27 18 0.0003540834853982867
27 19 -0.003682287162870917
27 20 -0.002532949294246522
27 21 2.552243035749318e-05
27 22 -0.0006116114548696932
27 23 0.002527749295896864
27 24 -7.614133617745237e-06
27 25 0.001827352296514733
27 26 0.0004998175987482739
27 27 0.01312651018873419
27 28 0.0009776325885466684
27 29 -1.942916425589541e-05
28 0 -0.0001104508361502986
28 1 0.001047879209301518
28 2 -7.148660320298008e-05
28 3 -0.001686523818457979
28 4 -0.0002288705827477131
28 5 -0.006596215194795869
28 6 -0.001663233674378617
28 7 0.0002273439411318091
28 8 -0.0003072128074644876
28 9 -0.001653973653260379
28 10 -0.001626388446857492
28 11 -0.001101433061689968
28 12 0.0009415751908748659
28 13 0.003631202962137778
28 14 -0.002525967375575705
28 15 0.001214189760032395
28 16 0.0001281161397229701
28 17 -0.0003284812189469783
28 18 -0.0005542506524326271
28 19 0.001690682793874009
28 20 0.0006154718461239049
28 21 -4.936597788985155e-05
28 22 -0.004144328109035828
28 23 -0.0003557433048082511
28 24 -0.001982535829945003
28 25 -0.001420521999321126
28 26 0.0001546313135636545
28 27 0.0009776325885466368
28 28 0.01249321670098563
28 29 -0.0008629057680513187
29 0 -3.99903272734838e-05
29 1 -0.0001361479481104327
29 2 0.0017298848150198
29 3 -0.000240697976670274
29 4 -0.003193220595128091
29 5 0.000751719686128384
29 6 0.001894380098205881
29 7 0.003775679112672863
29 8 -0.001444409604955352
29 9 -0.00162116490950257
29 10 0.001577938095155283
29 11 -0.0002165601565144197
29 12 -0.0003275675960218433
29 13 -0.002503063388788469
29 14 0.001071406921932955
29 15 -0.001099786599209686
29 16 -0.0002229100805051514
29 17 0.001175306608227036
29 18 -0.0001425523656525212
29 19 0.0009961047776284129
29 20 0.0005628396652803322
29 21 -0.0007974462665574691
29 22 -0.000145903681714235
29 23 -0.0003852108017701356
29 24 -0.0003510083745912609
29 25 -0.0004327260458657962
29 26 0.0005977673572557594
29 27 -1.942916425588208e-05
29 28 -0.0008629057680512953
29 29 0.01429413433127695
