2.047000000000000000e+03
3.071000000000000000e+03
3.583000000000000000e+03
3.839000000000000000e+03
3.967000000000000000e+03
4.031000000000000000e+03
4.063000000000000000e+03
4.079000000000000000e+03
4.087000000000000000e+03
4.091000000000000000e+03
4.093000000000000000e+03
4.094000000000000000e+03
5.119000000000000000e+03
5.631000000000000000e+03
5.887000000000000000e+03
6.015000000000000000e+03
6.079000000000000000e+03
6.111000000000000000e+03
6.127000000000000000e+03
6.135000000000000000e+03
6.139000000000000000e+03
6.141000000000000000e+03
6.142000000000000000e+03
6.655000000000000000e+03
6.911000000000000000e+03
7.039000000000000000e+03
7.103000000000000000e+03
7.135000000000000000e+03
7.151000000000000000e+03
7.159000000000000000e+03
7.163000000000000000e+03
7.165000000000000000e+03
7.166000000000000000e+03
7.423000000000000000e+03
7.551000000000000000e+03
7.615000000000000000e+03
7.647000000000000000e+03
7.663000000000000000e+03
7.671000000000000000e+03
7.675000000000000000e+03
7.677000000000000000e+03
7.807000000000000000e+03
7.871000000000000000e+03
7.903000000000000000e+03
7.919000000000000000e+03
7.927000000000000000e+03
7.931000000000000000e+03
7.933000000000000000e+03
7.934000000000000000e+03
7.999000000000000000e+03
8.031000000000000000e+03
8.047000000000000000e+03
8.055000000000000000e+03
8.059000000000000000e+03
8.061000000000000000e+03
8.062000000000000000e+03
8.095000000000000000e+03
8.111000000000000000e+03
8.119000000000000000e+03
8.123000000000000000e+03
8.125000000000000000e+03
8.126000000000000000e+03
8.143000000000000000e+03
8.151000000000000000e+03
8.155000000000000000e+03
8.157000000000000000e+03
8.158000000000000000e+03
8.167000000000000000e+03
8.171000000000000000e+03
8.173000000000000000e+03
8.174000000000000000e+03
8.179000000000000000e+03
8.181000000000000000e+03
8.185000000000000000e+03
8.186000000000000000e+03
8.188000000000000000e+03
9.215000000000000000e+03
9.727000000000000000e+03
9.983000000000000000e+03
1.011100000000000000e+04
1.017500000000000000e+04
1.020700000000000000e+04
1.022300000000000000e+04
1.023100000000000000e+04
1.023500000000000000e+04
1.023700000000000000e+04
1.023800000000000000e+04
1.075100000000000000e+04
1.100700000000000000e+04
1.113500000000000000e+04
1.119900000000000000e+04
1.123100000000000000e+04
1.124700000000000000e+04
1.125500000000000000e+04
1.125900000000000000e+04
1.126100000000000000e+04
1.126200000000000000e+04
1.151900000000000000e+04
1.164700000000000000e+04
1.171100000000000000e+04
1.174300000000000000e+04
1.175900000000000000e+04
1.176700000000000000e+04
1.177100000000000000e+04
1.177300000000000000e+04
1.190300000000000000e+04
1.196700000000000000e+04
1.199900000000000000e+04
1.201500000000000000e+04
1.202300000000000000e+04
1.202700000000000000e+04
1.202900000000000000e+04
1.203000000000000000e+04
1.209500000000000000e+04
1.212700000000000000e+04
1.214300000000000000e+04
1.215100000000000000e+04
1.215500000000000000e+04
1.215700000000000000e+04
1.215800000000000000e+04
1.219100000000000000e+04
1.220700000000000000e+04
1.221500000000000000e+04
1.221900000000000000e+04
1.222100000000000000e+04
1.223900000000000000e+04
1.224700000000000000e+04
1.225100000000000000e+04
1.225300000000000000e+04
1.225400000000000000e+04
1.226300000000000000e+04
1.226700000000000000e+04
1.226900000000000000e+04
1.227000000000000000e+04
1.227500000000000000e+04
1.227700000000000000e+04
1.227800000000000000e+04
1.228100000000000000e+04
1.228400000000000000e+04
1.279900000000000000e+04
1.305500000000000000e+04
1.318300000000000000e+04
1.324700000000000000e+04
1.327900000000000000e+04
1.329500000000000000e+04
1.330300000000000000e+04
1.330700000000000000e+04
1.330900000000000000e+04
1.331000000000000000e+04
1.356700000000000000e+04
1.369500000000000000e+04
1.375900000000000000e+04
1.379100000000000000e+04
1.380700000000000000e+04
1.381500000000000000e+04
1.381900000000000000e+04
1.382100000000000000e+04
1.395100000000000000e+04
1.401500000000000000e+04
1.404700000000000000e+04
1.406300000000000000e+04
1.407100000000000000e+04
1.407500000000000000e+04
1.407700000000000000e+04
1.407800000000000000e+04
1.414300000000000000e+04
1.417500000000000000e+04
1.419100000000000000e+04
1.419900000000000000e+04
1.420300000000000000e+04
1.420500000000000000e+04
1.420600000000000000e+04
1.423900000000000000e+04
1.425500000000000000e+04
1.426300000000000000e+04
1.426700000000000000e+04
1.426900000000000000e+04
1.427000000000000000e+04
1.428700000000000000e+04
1.429500000000000000e+04
1.429900000000000000e+04
1.430100000000000000e+04
1.430200000000000000e+04
1.431100000000000000e+04
1.431500000000000000e+04
1.431700000000000000e+04
1.431800000000000000e+04
1.432300000000000000e+04
1.432500000000000000e+04
1.432900000000000000e+04
1.433000000000000000e+04
1.433200000000000000e+04
1.459100000000000000e+04
1.471900000000000000e+04
1.478300000000000000e+04
1.481500000000000000e+04
1.483100000000000000e+04
1.483900000000000000e+04
1.484300000000000000e+04
1.484500000000000000e+04
1.484600000000000000e+04
1.497500000000000000e+04
1.503900000000000000e+04
1.507100000000000000e+04
1.508700000000000000e+04
1.509500000000000000e+04
1.509900000000000000e+04
1.510100000000000000e+04
1.510200000000000000e+04
1.516700000000000000e+04
1.521500000000000000e+04
1.522700000000000000e+04
1.523000000000000000e+04
1.526300000000000000e+04
1.527900000000000000e+04
1.528700000000000000e+04
1.529100000000000000e+04
1.529300000000000000e+04
1.531100000000000000e+04
1.531900000000000000e+04
1.532300000000000000e+04
1.532500000000000000e+04
1.532600000000000000e+04
1.533500000000000000e+04
1.533900000000000000e+04
1.534200000000000000e+04
1.534700000000000000e+04
1.534900000000000000e+04
1.535000000000000000e+04
1.548700000000000000e+04
1.560700000000000000e+04
1.567900000000000000e+04
1.571100000000000000e+04
1.572700000000000000e+04
1.573900000000000000e+04
1.574200000000000000e+04
1.580300000000000000e+04
1.580600000000000000e+04
1.583100000000000000e+04
1.583500000000000000e+04
1.584700000000000000e+04
1.585100000000000000e+04
1.585300000000000000e+04
1.585900000000000000e+04
1.586600000000000000e+04
1.586800000000000000e+04
1.593500000000000000e+04
1.596700000000000000e+04
1.598300000000000000e+04
1.599100000000000000e+04
1.599800000000000000e+04
1.603100000000000000e+04
1.605500000000000000e+04
1.605900000000000000e+04
1.606200000000000000e+04
1.609100000000000000e+04
1.611800000000000000e+04
1.612100000000000000e+04
1.615900000000000000e+04
1.617500000000000000e+04
1.619000000000000000e+04
1.620700000000000000e+04
1.621500000000000000e+04
1.622100000000000000e+04
1.623100000000000000e+04
1.623500000000000000e+04
1.623700000000000000e+04
1.623800000000000000e+04
1.624300000000000000e+04
1.624500000000000000e+04
1.624600000000000000e+04
1.624900000000000000e+04
1.625000000000000000e+04
1.627100000000000000e+04
1.627900000000000000e+04
1.628500000000000000e+04
1.628600000000000000e+04
1.630100000000000000e+04
1.630200000000000000e+04
1.630900000000000000e+04
1.634500000000000000e+04
1.634600000000000000e+04
1.635500000000000000e+04
1.635700000000000000e+04
1.635800000000000000e+04
1.636200000000000000e+04
1.637600000000000000e+04
1.740700000000000000e+04
1.791900000000000000e+04
1.817500000000000000e+04
1.830300000000000000e+04
1.836700000000000000e+04
1.839900000000000000e+04
1.841500000000000000e+04
1.842300000000000000e+04
1.842700000000000000e+04
1.842900000000000000e+04
1.843000000000000000e+04
1.894300000000000000e+04
1.919900000000000000e+04
1.932700000000000000e+04
1.939100000000000000e+04
1.942300000000000000e+04
1.943900000000000000e+04
1.944700000000000000e+04
1.945100000000000000e+04
1.945300000000000000e+04
1.945400000000000000e+04
1.971100000000000000e+04
1.983900000000000000e+04
1.990300000000000000e+04
1.993500000000000000e+04
1.995100000000000000e+04
1.995900000000000000e+04
1.996300000000000000e+04
1.996500000000000000e+04
1.996600000000000000e+04
2.009500000000000000e+04
2.015900000000000000e+04
2.019100000000000000e+04
2.020700000000000000e+04
2.021500000000000000e+04
2.021900000000000000e+04
2.022100000000000000e+04
2.022200000000000000e+04
2.028700000000000000e+04
2.031900000000000000e+04
2.033500000000000000e+04
2.034300000000000000e+04
2.034700000000000000e+04
2.034900000000000000e+04
2.035000000000000000e+04
2.038300000000000000e+04
2.039900000000000000e+04
2.040700000000000000e+04
2.041100000000000000e+04
2.041300000000000000e+04
2.041400000000000000e+04
2.043100000000000000e+04
2.043900000000000000e+04
2.044500000000000000e+04
2.045500000000000000e+04
2.045900000000000000e+04
2.046100000000000000e+04
2.046200000000000000e+04
2.046700000000000000e+04
2.046900000000000000e+04
2.047000000000000000e+04
2.047400000000000000e+04
2.047600000000000000e+04
2.099100000000000000e+04
2.124700000000000000e+04
2.137500000000000000e+04
2.143900000000000000e+04
2.147100000000000000e+04
2.148700000000000000e+04
2.149500000000000000e+04
2.149900000000000000e+04
2.150100000000000000e+04
2.150200000000000000e+04
2.175900000000000000e+04
2.188700000000000000e+04
2.195100000000000000e+04
2.198300000000000000e+04
2.199900000000000000e+04
2.200700000000000000e+04
2.201100000000000000e+04
2.201300000000000000e+04
2.201400000000000000e+04
2.214300000000000000e+04
2.220700000000000000e+04
2.223900000000000000e+04
2.225500000000000000e+04
2.226300000000000000e+04
2.226700000000000000e+04
2.227000000000000000e+04
2.233500000000000000e+04
2.236700000000000000e+04
2.238300000000000000e+04
2.239100000000000000e+04
2.239500000000000000e+04
2.239700000000000000e+04
2.239800000000000000e+04
2.243100000000000000e+04
2.244700000000000000e+04
2.245500000000000000e+04
2.245900000000000000e+04
2.246100000000000000e+04
2.246200000000000000e+04
2.247900000000000000e+04
2.248700000000000000e+04
2.249100000000000000e+04
2.249400000000000000e+04
2.250300000000000000e+04
2.250700000000000000e+04
2.250900000000000000e+04
2.251000000000000000e+04
2.251500000000000000e+04
2.251700000000000000e+04
2.251800000000000000e+04
2.252100000000000000e+04
2.252200000000000000e+04
2.252400000000000000e+04
2.278300000000000000e+04
2.291100000000000000e+04
2.302300000000000000e+04
2.303100000000000000e+04
2.303700000000000000e+04
2.326300000000000000e+04
2.328700000000000000e+04
2.329300000000000000e+04
2.341500000000000000e+04
2.342100000000000000e+04
2.347900000000000000e+04
2.348300000000000000e+04
2.348500000000000000e+04
2.348600000000000000e+04
2.351500000000000000e+04
2.353300000000000000e+04
2.353900000000000000e+04
2.354100000000000000e+04
2.354200000000000000e+04
2.354500000000000000e+04
2.354600000000000000e+04
2.379900000000000000e+04
2.387100000000000000e+04
2.392700000000000000e+04
2.393100000000000000e+04
2.393300000000000000e+04
2.399800000000000000e+04
2.402700000000000000e+04
2.402900000000000000e+04
2.404300000000000000e+04
2.404500000000000000e+04
2.404600000000000000e+04
2.405300000000000000e+04
2.405400000000000000e+04
2.405800000000000000e+04
2.418300000000000000e+04
2.418700000000000000e+04
2.418900000000000000e+04
2.423900000000000000e+04
2.428300000000000000e+04
2.428500000000000000e+04
2.428600000000000000e+04
2.431600000000000000e+04
2.437900000000000000e+04
2.439900000000000000e+04
2.442300000000000000e+04
2.443700000000000000e+04
2.444100000000000000e+04
2.447100000000000000e+04
2.447500000000000000e+04
2.447800000000000000e+04
2.449900000000000000e+04
2.452500000000000000e+04
2.453800000000000000e+04
2.454700000000000000e+04
2.455000000000000000e+04
2.455300000000000000e+04
2.456800000000000000e+04
2.508700000000000000e+04
2.534300000000000000e+04
2.547100000000000000e+04
2.553500000000000000e+04
2.556700000000000000e+04
2.558300000000000000e+04
2.559100000000000000e+04
2.559500000000000000e+04
2.559700000000000000e+04
2.559800000000000000e+04
2.585500000000000000e+04
2.598300000000000000e+04
2.604700000000000000e+04
2.607900000000000000e+04
2.609500000000000000e+04
2.610300000000000000e+04
2.610700000000000000e+04
2.610900000000000000e+04
2.623900000000000000e+04
2.630300000000000000e+04
2.633500000000000000e+04
2.635100000000000000e+04
2.635900000000000000e+04
2.636300000000000000e+04
2.636500000000000000e+04
2.643100000000000000e+04
2.646300000000000000e+04
2.647900000000000000e+04
2.648700000000000000e+04
2.649100000000000000e+04
2.649300000000000000e+04
2.649400000000000000e+04
2.652700000000000000e+04
2.654300000000000000e+04
2.655100000000000000e+04
2.655500000000000000e+04
2.655700000000000000e+04
2.655800000000000000e+04
2.657500000000000000e+04
2.658300000000000000e+04
2.658700000000000000e+04
2.659900000000000000e+04
2.660300000000000000e+04
2.660500000000000000e+04
2.660600000000000000e+04
2.661100000000000000e+04
2.661300000000000000e+04
2.661400000000000000e+04
2.661700000000000000e+04
2.661800000000000000e+04
2.662000000000000000e+04
2.687900000000000000e+04
2.700700000000000000e+04
2.707100000000000000e+04
2.712700000000000000e+04
2.713100000000000000e+04
2.713300000000000000e+04
2.726300000000000000e+04
2.732700000000000000e+04
2.735900000000000000e+04
2.737500000000000000e+04
2.738900000000000000e+04
2.739000000000000000e+04
2.748700000000000000e+04
2.751100000000000000e+04
2.751700000000000000e+04
2.751800000000000000e+04
2.757500000000000000e+04
2.757900000000000000e+04
2.758200000000000000e+04
2.760700000000000000e+04
2.761100000000000000e+04
2.761400000000000000e+04
2.762700000000000000e+04
2.763500000000000000e+04
2.763800000000000000e+04
2.764100000000000000e+04
2.777500000000000000e+04
2.790100000000000000e+04
2.790200000000000000e+04
2.799900000000000000e+04
2.802700000000000000e+04
2.806300000000000000e+04
2.808700000000000000e+04
2.809100000000000000e+04
2.815000000000000000e+04
2.825500000000000000e+04
2.827100000000000000e+04
2.833500000000000000e+04
2.834300000000000000e+04
2.835000000000000000e+04
2.837500000000000000e+04
2.839100000000000000e+04
2.839500000000000000e+04
2.839800000000000000e+04
2.840500000000000000e+04
2.840900000000000000e+04
2.841200000000000000e+04
2.844700000000000000e+04
2.846300000000000000e+04
2.847700000000000000e+04
2.847800000000000000e+04
2.849500000000000000e+04
2.850700000000000000e+04
2.850900000000000000e+04
2.852300000000000000e+04
2.853100000000000000e+04
2.853700000000000000e+04
2.853800000000000000e+04
2.857400000000000000e+04
2.859500000000000000e+04
2.859800000000000000e+04
2.860400000000000000e+04
2.861500000000000000e+04
2.862100000000000000e+04
2.862700000000000000e+04
2.863000000000000000e+04
2.863400000000000000e+04
2.864900000000000000e+04
2.865000000000000000e+04
2.865700000000000000e+04
2.866400000000000000e+04
2.916700000000000000e+04
2.937500000000000000e+04
2.943500000000000000e+04
2.943700000000000000e+04
2.950300000000000000e+04
2.955100000000000000e+04
2.956500000000000000e+04
2.956600000000000000e+04
2.959900000000000000e+04
2.961500000000000000e+04
2.962300000000000000e+04
2.962700000000000000e+04
2.964700000000000000e+04
2.965500000000000000e+04
2.966100000000000000e+04
2.966200000000000000e+04
2.967500000000000000e+04
2.967700000000000000e+04
2.968500000000000000e+04
2.968900000000000000e+04
2.969000000000000000e+04
2.969200000000000000e+04
2.982300000000000000e+04
2.994300000000000000e+04
3.007100000000000000e+04
3.007700000000000000e+04
3.013900000000000000e+04
3.016700000000000000e+04
3.018300000000000000e+04
3.019000000000000000e+04
3.031900000000000000e+04
3.033100000000000000e+04
3.033300000000000000e+04
3.042300000000000000e+04
3.043900000000000000e+04
3.044500000000000000e+04
3.045100000000000000e+04
3.045400000000000000e+04
3.046000000000000000e+04
3.051100000000000000e+04
3.054300000000000000e+04
3.056700000000000000e+04
3.057400000000000000e+04
3.057900000000000000e+04
3.058100000000000000e+04
3.058800000000000000e+04
3.061500000000000000e+04
3.062200000000000000e+04
3.063100000000000000e+04
3.063500000000000000e+04
3.064900000000000000e+04
3.066300000000000000e+04
3.066700000000000000e+04
3.066900000000000000e+04
3.067700000000000000e+04
3.067800000000000000e+04
3.070500000000000000e+04
3.116300000000000000e+04
3.121100000000000000e+04
3.121300000000000000e+04
3.122500000000000000e+04
3.129500000000000000e+04
3.132700000000000000e+04
3.135100000000000000e+04
3.135700000000000000e+04
3.139100000000000000e+04
3.140700000000000000e+04
3.141900000000000000e+04
3.142100000000000000e+04
3.143900000000000000e+04
3.144700000000000000e+04
3.145300000000000000e+04
3.146900000000000000e+04
3.147700000000000000e+04
3.148400000000000000e+04
3.151900000000000000e+04
3.154700000000000000e+04
3.156700000000000000e+04
3.158100000000000000e+04
3.159700000000000000e+04
3.160900000000000000e+04
3.161000000000000000e+04
3.161200000000000000e+04
3.168700000000000000e+04
3.169300000000000000e+04
3.170200000000000000e+04
3.170500000000000000e+04
3.172400000000000000e+04
3.173600000000000000e+04
3.180700000000000000e+04
3.197500000000000000e+04
3.197900000000000000e+04
3.198900000000000000e+04
3.199600000000000000e+04
3.212100000000000000e+04
3.215700000000000000e+04
3.217100000000000000e+04
3.217300000000000000e+04
3.220300000000000000e+04
3.224400000000000000e+04
3.234300000000000000e+04
3.235900000000000000e+04
3.236300000000000000e+04
3.242700000000000000e+04
3.243700000000000000e+04
3.245500000000000000e+04
3.254100000000000000e+04
3.254200000000000000e+04
3.256900000000000000e+04
3.257000000000000000e+04
3.258300000000000000e+04
3.259500000000000000e+04
3.261300000000000000e+04
3.262000000000000000e+04
3.262600000000000000e+04
3.266100000000000000e+04
3.266600000000000000e+04
3.267800000000000000e+04
3.271000000000000000e+04
3.379100000000000000e+04
3.430300000000000000e+04
3.455900000000000000e+04
3.468700000000000000e+04
3.475100000000000000e+04
3.478300000000000000e+04
3.479900000000000000e+04
3.480700000000000000e+04
3.481100000000000000e+04
3.481300000000000000e+04
3.481400000000000000e+04
3.532700000000000000e+04
3.558300000000000000e+04
3.571100000000000000e+04
3.577500000000000000e+04
3.580700000000000000e+04
3.582300000000000000e+04
3.583100000000000000e+04
3.583500000000000000e+04
3.583700000000000000e+04
3.583800000000000000e+04
3.609500000000000000e+04
3.622300000000000000e+04
3.628700000000000000e+04
3.631900000000000000e+04
3.633500000000000000e+04
3.634300000000000000e+04
3.634700000000000000e+04
3.634900000000000000e+04
3.635000000000000000e+04
3.647900000000000000e+04
3.654300000000000000e+04
3.657500000000000000e+04
3.659100000000000000e+04
3.659900000000000000e+04
3.660300000000000000e+04
3.660500000000000000e+04
3.660600000000000000e+04
3.667100000000000000e+04
3.670300000000000000e+04
3.671900000000000000e+04
3.672700000000000000e+04
3.673100000000000000e+04
3.673300000000000000e+04
3.673400000000000000e+04
3.676700000000000000e+04
3.678300000000000000e+04
3.679100000000000000e+04
3.679500000000000000e+04
3.679700000000000000e+04
3.679800000000000000e+04
3.681500000000000000e+04
3.682300000000000000e+04
3.682700000000000000e+04
3.682900000000000000e+04
3.683000000000000000e+04
3.683900000000000000e+04
3.684300000000000000e+04
3.684500000000000000e+04
3.684600000000000000e+04
3.685100000000000000e+04
3.685300000000000000e+04
3.685400000000000000e+04
3.685700000000000000e+04
3.685800000000000000e+04
3.686000000000000000e+04
3.737500000000000000e+04
3.763100000000000000e+04
3.775900000000000000e+04
3.782300000000000000e+04
3.785500000000000000e+04
3.787100000000000000e+04
3.787900000000000000e+04
3.788300000000000000e+04
3.788500000000000000e+04
3.788600000000000000e+04
3.814300000000000000e+04
3.827100000000000000e+04
3.833500000000000000e+04
3.836700000000000000e+04
3.838300000000000000e+04
3.839100000000000000e+04
3.839500000000000000e+04
3.839700000000000000e+04
3.852700000000000000e+04
3.859100000000000000e+04
3.862300000000000000e+04
3.863900000000000000e+04
3.864700000000000000e+04
3.865100000000000000e+04
3.865300000000000000e+04
3.865400000000000000e+04
3.871900000000000000e+04
3.875100000000000000e+04
3.876700000000000000e+04
3.877500000000000000e+04
3.877900000000000000e+04
3.878100000000000000e+04
3.878200000000000000e+04
3.881500000000000000e+04
3.883100000000000000e+04
3.883900000000000000e+04
3.884300000000000000e+04
3.884500000000000000e+04
3.884600000000000000e+04
3.886300000000000000e+04
3.887100000000000000e+04
3.887500000000000000e+04
3.887700000000000000e+04
3.888700000000000000e+04
3.889100000000000000e+04
3.889300000000000000e+04
3.889900000000000000e+04
3.890100000000000000e+04
3.890500000000000000e+04
3.890600000000000000e+04
3.890800000000000000e+04
3.916700000000000000e+04
3.929500000000000000e+04
3.935900000000000000e+04
3.939100000000000000e+04
3.940700000000000000e+04
3.941500000000000000e+04
3.941900000000000000e+04
3.942100000000000000e+04
3.955100000000000000e+04
3.964700000000000000e+04
3.966300000000000000e+04
3.967100000000000000e+04
3.967500000000000000e+04
3.967700000000000000e+04
3.967800000000000000e+04
3.974300000000000000e+04
3.977500000000000000e+04
3.979100000000000000e+04
3.979900000000000000e+04
3.980300000000000000e+04
3.980500000000000000e+04
3.983900000000000000e+04
3.985500000000000000e+04
3.986300000000000000e+04
3.986900000000000000e+04
3.988700000000000000e+04
3.989500000000000000e+04
3.989900000000000000e+04
3.990100000000000000e+04
3.991100000000000000e+04
3.991500000000000000e+04
3.991700000000000000e+04
3.991800000000000000e+04
3.992300000000000000e+04
3.992500000000000000e+04
3.992600000000000000e+04
3.992900000000000000e+04
3.993200000000000000e+04
4.006300000000000000e+04
4.017500000000000000e+04
4.018700000000000000e+04
4.019000000000000000e+04
4.028700000000000000e+04
4.030300000000000000e+04
4.031100000000000000e+04
4.031700000000000000e+04
4.031800000000000000e+04
4.035100000000000000e+04
4.037900000000000000e+04
4.038100000000000000e+04
4.041400000000000000e+04
4.042300000000000000e+04
4.042700000000000000e+04
4.043500000000000000e+04
4.044100000000000000e+04
4.051100000000000000e+04
4.054300000000000000e+04
4.055900000000000000e+04
4.056700000000000000e+04
4.057100000000000000e+04
4.057300000000000000e+04
4.060700000000000000e+04
4.062300000000000000e+04
4.063100000000000000e+04
4.063500000000000000e+04
4.066700000000000000e+04
4.066900000000000000e+04
4.067000000000000000e+04
4.067900000000000000e+04
4.068500000000000000e+04
4.069300000000000000e+04
4.075100000000000000e+04
4.076300000000000000e+04
4.076600000000000000e+04
4.078300000000000000e+04
4.079100000000000000e+04
4.079500000000000000e+04
4.079700000000000000e+04
4.080700000000000000e+04
4.081100000000000000e+04
4.081300000000000000e+04
4.082200000000000000e+04
4.082500000000000000e+04
4.082600000000000000e+04
4.084700000000000000e+04
4.085500000000000000e+04
4.086100000000000000e+04
4.087100000000000000e+04
4.087500000000000000e+04
4.087700000000000000e+04
4.087800000000000000e+04
4.088300000000000000e+04
4.088900000000000000e+04
4.089000000000000000e+04
4.091700000000000000e+04
4.092200000000000000e+04
4.093100000000000000e+04
4.094600000000000000e+04
4.094800000000000000e+04
4.147100000000000000e+04
4.172700000000000000e+04
4.185500000000000000e+04
4.191900000000000000e+04
4.195100000000000000e+04
4.196700000000000000e+04
4.197500000000000000e+04
4.197900000000000000e+04
4.198100000000000000e+04
4.198200000000000000e+04
4.223900000000000000e+04
4.236700000000000000e+04
4.243100000000000000e+04
4.246300000000000000e+04
4.247900000000000000e+04
4.248700000000000000e+04
4.249100000000000000e+04
4.249300000000000000e+04
4.249400000000000000e+04
4.262300000000000000e+04
4.268700000000000000e+04
4.271900000000000000e+04
4.273500000000000000e+04
4.274300000000000000e+04
4.274700000000000000e+04
4.274900000000000000e+04
4.281500000000000000e+04
4.284700000000000000e+04
4.286300000000000000e+04
4.287100000000000000e+04
4.287500000000000000e+04
4.287700000000000000e+04
4.287800000000000000e+04
4.291100000000000000e+04
4.292700000000000000e+04
4.293500000000000000e+04
4.293900000000000000e+04
4.294100000000000000e+04
4.294200000000000000e+04
4.295900000000000000e+04
4.296700000000000000e+04
4.297100000000000000e+04
4.297300000000000000e+04
4.298300000000000000e+04
4.298700000000000000e+04
4.298900000000000000e+04
4.299000000000000000e+04
4.299500000000000000e+04
4.299700000000000000e+04
4.300100000000000000e+04
4.300200000000000000e+04
4.300400000000000000e+04
4.326300000000000000e+04
4.339100000000000000e+04
4.345500000000000000e+04
4.348700000000000000e+04
4.350300000000000000e+04
4.351100000000000000e+04
4.351500000000000000e+04
4.351700000000000000e+04
4.351800000000000000e+04
4.364700000000000000e+04
4.371100000000000000e+04
4.374300000000000000e+04
4.375900000000000000e+04
4.376700000000000000e+04
4.377100000000000000e+04
4.377300000000000000e+04
4.387100000000000000e+04
4.388700000000000000e+04
4.389500000000000000e+04
4.389900000000000000e+04
4.390200000000000000e+04
4.393500000000000000e+04
4.395100000000000000e+04
4.396300000000000000e+04
4.396600000000000000e+04
4.398300000000000000e+04
4.399100000000000000e+04
4.399500000000000000e+04
4.399700000000000000e+04
4.399800000000000000e+04
4.400700000000000000e+04
4.401100000000000000e+04
4.401300000000000000e+04
4.401400000000000000e+04
4.401900000000000000e+04
4.402100000000000000e+04
4.402500000000000000e+04
4.402600000000000000e+04
4.415900000000000000e+04
4.422300000000000000e+04
4.425500000000000000e+04
4.427900000000000000e+04
4.428300000000000000e+04
4.428500000000000000e+04
4.435100000000000000e+04
4.438300000000000000e+04
4.439900000000000000e+04
4.440700000000000000e+04
4.441100000000000000e+04
4.441300000000000000e+04
4.441400000000000000e+04
4.444700000000000000e+04
4.447100000000000000e+04
4.449500000000000000e+04
4.452500000000000000e+04
4.452600000000000000e+04
4.453400000000000000e+04
4.453700000000000000e+04
4.453800000000000000e+04
4.454000000000000000e+04
4.463900000000000000e+04
4.465500000000000000e+04
4.466300000000000000e+04
4.466900000000000000e+04
4.470300000000000000e+04
4.471900000000000000e+04
4.473100000000000000e+04
4.473300000000000000e+04
4.473400000000000000e+04
4.475100000000000000e+04
4.477900000000000000e+04
4.478200000000000000e+04
4.478700000000000000e+04
4.479000000000000000e+04
4.483100000000000000e+04
4.484700000000000000e+04
4.485900000000000000e+04
4.486100000000000000e+04
4.486200000000000000e+04
4.487900000000000000e+04
4.488700000000000000e+04
4.489100000000000000e+04
4.489300000000000000e+04
4.489400000000000000e+04
4.490300000000000000e+04
4.490700000000000000e+04
4.490900000000000000e+04
4.491000000000000000e+04
4.491500000000000000e+04
4.491700000000000000e+04
4.492100000000000000e+04
4.494300000000000000e+04
4.495500000000000000e+04
4.495800000000000000e+04
4.498600000000000000e+04
4.498800000000000000e+04
4.499900000000000000e+04
4.500500000000000000e+04
4.500600000000000000e+04
4.501100000000000000e+04
4.501400000000000000e+04
4.502700000000000000e+04
4.503000000000000000e+04
4.503300000000000000e+04
4.503400000000000000e+04
4.504100000000000000e+04
4.555900000000000000e+04
4.556300000000000000e+04
4.556500000000000000e+04
4.556600000000000000e+04
4.569500000000000000e+04
4.581900000000000000e+04
4.582200000000000000e+04
4.588700000000000000e+04
4.591900000000000000e+04
4.594300000000000000e+04
4.594900000000000000e+04
4.601300000000000000e+04
4.603100000000000000e+04
4.603900000000000000e+04
4.605900000000000000e+04
4.606100000000000000e+04
4.606900000000000000e+04
4.607300000000000000e+04
4.607400000000000000e+04
4.607600000000000000e+04
4.620700000000000000e+04
4.631900000000000000e+04
4.633100000000000000e+04
4.633300000000000000e+04
4.633400000000000000e+04
4.639900000000000000e+04
4.643100000000000000e+04
4.644700000000000000e+04
4.645500000000000000e+04
4.646100000000000000e+04
4.646200000000000000e+04
4.649500000000000000e+04
4.652500000000000000e+04
4.654300000000000000e+04
4.655100000000000000e+04
4.655500000000000000e+04
4.655700000000000000e+04
4.655800000000000000e+04
4.657100000000000000e+04
4.657300000000000000e+04
4.658100000000000000e+04
4.658200000000000000e+04
4.658500000000000000e+04
4.658600000000000000e+04
4.658800000000000000e+04
4.668700000000000000e+04
4.671100000000000000e+04
4.675100000000000000e+04
4.677900000000000000e+04
4.680700000000000000e+04
4.681100000000000000e+04
4.681300000000000000e+04
4.682300000000000000e+04
4.682700000000000000e+04
4.683700000000000000e+04
4.684400000000000000e+04
4.690300000000000000e+04
4.690700000000000000e+04
4.690900000000000000e+04
4.691000000000000000e+04
4.695100000000000000e+04
4.695700000000000000e+04
4.696600000000000000e+04
4.697200000000000000e+04
4.699100000000000000e+04
4.699900000000000000e+04
4.700300000000000000e+04
4.701900000000000000e+04
4.702200000000000000e+04
4.702900000000000000e+04
4.704700000000000000e+04
4.705100000000000000e+04
4.705400000000000000e+04
4.705900000000000000e+04
4.706800000000000000e+04
4.707500000000000000e+04
4.707700000000000000e+04
4.707800000000000000e+04
4.708100000000000000e+04
4.709000000000000000e+04
4.734300000000000000e+04
4.735100000000000000e+04
4.747100000000000000e+04
4.758100000000000000e+04
4.759100000000000000e+04
4.760600000000000000e+04
4.774100000000000000e+04
4.777500000000000000e+04
4.779100000000000000e+04
4.783100000000000000e+04
4.783500000000000000e+04
4.785300000000000000e+04
4.792700000000000000e+04
4.795900000000000000e+04
4.796300000000000000e+04
4.796600000000000000e+04
4.802300000000000000e+04
4.802700000000000000e+04
4.803000000000000000e+04
4.804600000000000000e+04
4.805800000000000000e+04
4.807700000000000000e+04
4.808300000000000000e+04
4.809200000000000000e+04
4.810800000000000000e+04
4.819100000000000000e+04
4.823900000000000000e+04
4.831800000000000000e+04
4.843100000000000000e+04
4.843900000000000000e+04
4.850500000000000000e+04
4.856300000000000000e+04
4.856900000000000000e+04
4.859000000000000000e+04
4.874900000000000000e+04
4.876200000000000000e+04
4.879100000000000000e+04
4.879500000000000000e+04
4.881100000000000000e+04
4.881300000000000000e+04
4.882500000000000000e+04
4.882800000000000000e+04
4.885400000000000000e+04
4.886700000000000000e+04
4.887000000000000000e+04
4.887400000000000000e+04
4.891100000000000000e+04
4.891900000000000000e+04
4.897300000000000000e+04
4.898100000000000000e+04
4.899700000000000000e+04
4.900100000000000000e+04
4.903100000000000000e+04
4.903500000000000000e+04
4.903700000000000000e+04
4.904600000000000000e+04
4.907600000000000000e+04
4.908000000000000000e+04
4.910000000000000000e+04
4.911200000000000000e+04
4.912200000000000000e+04
4.966300000000000000e+04
4.991900000000000000e+04
5.004700000000000000e+04
5.011100000000000000e+04
5.014300000000000000e+04
5.015900000000000000e+04
5.016700000000000000e+04
5.017100000000000000e+04
5.017300000000000000e+04
5.017400000000000000e+04
5.043100000000000000e+04
5.055900000000000000e+04
5.062300000000000000e+04
5.065500000000000000e+04
5.067100000000000000e+04
5.067900000000000000e+04
5.068300000000000000e+04
5.068500000000000000e+04
5.068600000000000000e+04
5.081500000000000000e+04
5.087900000000000000e+04
5.091100000000000000e+04
5.092700000000000000e+04
5.093500000000000000e+04
5.093900000000000000e+04
5.094100000000000000e+04
5.094200000000000000e+04
5.100700000000000000e+04
5.103900000000000000e+04
5.105500000000000000e+04
5.106300000000000000e+04
5.106700000000000000e+04
5.110300000000000000e+04
5.111900000000000000e+04
5.112700000000000000e+04
5.113100000000000000e+04
5.113300000000000000e+04
5.113400000000000000e+04
5.115100000000000000e+04
5.115900000000000000e+04
5.116300000000000000e+04
5.116500000000000000e+04
5.117500000000000000e+04
5.117900000000000000e+04
5.118100000000000000e+04
5.118200000000000000e+04
5.118700000000000000e+04
5.118900000000000000e+04
5.119000000000000000e+04
5.119300000000000000e+04
5.119400000000000000e+04
5.158300000000000000e+04
5.164700000000000000e+04
5.167900000000000000e+04
5.169500000000000000e+04
5.170300000000000000e+04
5.170700000000000000e+04
5.170900000000000000e+04
5.171000000000000000e+04
5.183900000000000000e+04
5.190300000000000000e+04
5.193500000000000000e+04
5.196300000000000000e+04
5.196600000000000000e+04
5.203100000000000000e+04
5.206300000000000000e+04
5.207900000000000000e+04
5.208700000000000000e+04
5.209100000000000000e+04
5.209400000000000000e+04
5.214300000000000000e+04
5.215500000000000000e+04
5.215800000000000000e+04
5.217500000000000000e+04
5.218900000000000000e+04
5.219000000000000000e+04
5.219900000000000000e+04
5.220300000000000000e+04
5.220500000000000000e+04
5.221100000000000000e+04
5.221300000000000000e+04
5.221400000000000000e+04
5.221700000000000000e+04
5.246300000000000000e+04
5.247100000000000000e+04
5.254300000000000000e+04
5.259900000000000000e+04
5.260500000000000000e+04
5.260600000000000000e+04
5.263900000000000000e+04
5.265500000000000000e+04
5.266700000000000000e+04
5.271100000000000000e+04
5.271700000000000000e+04
5.272600000000000000e+04
5.284700000000000000e+04
5.285500000000000000e+04
5.285900000000000000e+04
5.286100000000000000e+04
5.289500000000000000e+04
5.291100000000000000e+04
5.291900000000000000e+04
5.296700000000000000e+04
5.297100000000000000e+04
5.297300000000000000e+04
5.297900000000000000e+04
5.298600000000000000e+04
5.302300000000000000e+04
5.303900000000000000e+04
5.305100000000000000e+04
5.305300000000000000e+04
5.305400000000000000e+04
5.308300000000000000e+04
5.310700000000000000e+04
5.311000000000000000e+04
5.311400000000000000e+04
5.311600000000000000e+04
5.316500000000000000e+04
5.316600000000000000e+04
5.317400000000000000e+04
5.320500000000000000e+04
5.320900000000000000e+04
5.321000000000000000e+04
5.322200000000000000e+04
5.323300000000000000e+04
5.323600000000000000e+04
5.363100000000000000e+04
5.372700000000000000e+04
5.395100000000000000e+04
5.398300000000000000e+04
5.400700000000000000e+04
5.401300000000000000e+04
5.407900000000000000e+04
5.413900000000000000e+04
5.414200000000000000e+04
5.419900000000000000e+04
5.420300000000000000e+04
5.422300000000000000e+04
5.425100000000000000e+04
5.426200000000000000e+04
5.446300000000000000e+04
5.451900000000000000e+04
5.452300000000000000e+04
5.452600000000000000e+04
5.463900000000000000e+04
5.465100000000000000e+04
5.471100000000000000e+04
5.471800000000000000e+04
5.474900000000000000e+04
5.475000000000000000e+04
5.478000000000000000e+04
5.489500000000000000e+04
5.497300000000000000e+04
5.497400000000000000e+04
5.500300000000000000e+04
5.503300000000000000e+04
5.507100000000000000e+04
5.508700000000000000e+04
5.510100000000000000e+04
5.510200000000000000e+04
5.512700000000000000e+04
5.515700000000000000e+04
5.516200000000000000e+04
5.516400000000000000e+04
5.519500000000000000e+04
5.519700000000000000e+04
5.521100000000000000e+04
5.522100000000000000e+04
5.522500000000000000e+04
5.524300000000000000e+04
5.525300000000000000e+04
5.527000000000000000e+04
5.527600000000000000e+04
5.528100000000000000e+04
5.528400000000000000e+04
5.554300000000000000e+04
5.564700000000000000e+04
5.566300000000000000e+04
5.571100000000000000e+04
5.573900000000000000e+04
5.578300000000000000e+04
5.579500000000000000e+04
5.580100000000000000e+04
5.591900000000000000e+04
5.592700000000000000e+04
5.596700000000000000e+04
5.599700000000000000e+04
5.602900000000000000e+04
5.605300000000000000e+04
5.612300000000000000e+04
5.614300000000000000e+04
5.615100000000000000e+04
5.615500000000000000e+04
5.615800000000000000e+04
5.617100000000000000e+04
5.618500000000000000e+04
5.623500000000000000e+04
5.624500000000000000e+04
5.627800000000000000e+04
5.629100000000000000e+04
5.629700000000000000e+04
5.629800000000000000e+04
5.630000000000000000e+04
5.630500000000000000e+04
5.630800000000000000e+04
5.654100000000000000e+04
5.656900000000000000e+04
5.663100000000000000e+04
5.663500000000000000e+04
5.669700000000000000e+04
5.673100000000000000e+04
5.674700000000000000e+04
5.674900000000000000e+04
5.678700000000000000e+04
5.681200000000000000e+04
5.682400000000000000e+04
5.686300000000000000e+04
5.689100000000000000e+04
5.693900000000000000e+04
5.694200000000000000e+04
5.698900000000000000e+04
5.700600000000000000e+04
5.706800000000000000e+04
5.708000000000000000e+04
5.718900000000000000e+04
5.719300000000000000e+04
5.720100000000000000e+04
5.720400000000000000e+04
5.722300000000000000e+04
5.723000000000000000e+04
5.723800000000000000e+04
5.728500000000000000e+04
5.728600000000000000e+04
5.728900000000000000e+04
5.729200000000000000e+04
5.759900000000000000e+04
5.772700000000000000e+04
5.782300000000000000e+04
5.784700000000000000e+04
5.809500000000000000e+04
5.810300000000000000e+04
5.810700000000000000e+04
5.811000000000000000e+04
5.817500000000000000e+04
5.820700000000000000e+04
5.823100000000000000e+04
5.823700000000000000e+04
5.827100000000000000e+04
5.828700000000000000e+04
5.829500000000000000e+04
5.832700000000000000e+04
5.833100000000000000e+04
5.833300000000000000e+04
5.833400000000000000e+04
5.835700000000000000e+04
5.835800000000000000e+04
5.836100000000000000e+04
5.836400000000000000e+04
5.849500000000000000e+04
5.871900000000000000e+04
5.874700000000000000e+04
5.879900000000000000e+04
5.881300000000000000e+04
5.883100000000000000e+04
5.883900000000000000e+04
5.884600000000000000e+04
5.885900000000000000e+04
5.886100000000000000e+04
5.887000000000000000e+04
5.887600000000000000e+04
5.894300000000000000e+04
5.900600000000000000e+04
5.903900000000000000e+04
5.906300000000000000e+04
5.906700000000000000e+04
5.910200000000000000e+04
5.911800000000000000e+04
5.912900000000000000e+04
5.913000000000000000e+04
5.919100000000000000e+04
5.922900000000000000e+04
5.925400000000000000e+04
5.925700000000000000e+04
5.929400000000000000e+04
5.930300000000000000e+04
5.930700000000000000e+04
5.931000000000000000e+04
5.931800000000000000e+04
5.932200000000000000e+04
5.932400000000000000e+04
5.934700000000000000e+04
5.935600000000000000e+04
5.937800000000000000e+04
5.938000000000000000e+04
5.963900000000000000e+04
5.964300000000000000e+04
5.974300000000000000e+04
5.976700000000000000e+04
5.980700000000000000e+04
5.983800000000000000e+04
5.986300000000000000e+04
5.986900000000000000e+04
5.987000000000000000e+04
5.989100000000000000e+04
5.996700000000000000e+04
6.003000000000000000e+04
6.008700000000000000e+04
6.009100000000000000e+04
6.009300000000000000e+04
6.012300000000000000e+04
6.012500000000000000e+04
6.013900000000000000e+04
6.019100000000000000e+04
6.021500000000000000e+04
6.021900000000000000e+04
6.022200000000000000e+04
6.024700000000000000e+04
6.025400000000000000e+04
6.030300000000000000e+04
6.033100000000000000e+04
6.034500000000000000e+04
6.034600000000000000e+04
6.038000000000000000e+04
6.038900000000000000e+04
6.039300000000000000e+04
6.039600000000000000e+04
6.040200000000000000e+04
6.054100000000000000e+04
6.054200000000000000e+04
6.057500000000000000e+04
6.059900000000000000e+04
6.062300000000000000e+04
6.065300000000000000e+04
6.070300000000000000e+04
6.072700000000000000e+04
6.075900000000000000e+04
6.077500000000000000e+04
6.078200000000000000e+04
6.078900000000000000e+04
6.084300000000000000e+04
6.087100000000000000e+04
6.097500000000000000e+04
6.098300000000000000e+04
6.104900000000000000e+04
6.109900000000000000e+04
6.114200000000000000e+04
6.121300000000000000e+04
6.123500000000000000e+04
6.125500000000000000e+04
6.126100000000000000e+04
6.126700000000000000e+04
6.126900000000000000e+04
6.127400000000000000e+04
6.128900000000000000e+04
6.133100000000000000e+04
6.133700000000000000e+04
6.138200000000000000e+04
6.139300000000000000e+04
6.141000000000000000e+04
6.175900000000000000e+04
6.180700000000000000e+04
6.182100000000000000e+04
6.185500000000000000e+04
6.188500000000000000e+04
6.191100000000000000e+04
6.191700000000000000e+04
6.194100000000000000e+04
6.207100000000000000e+04
6.207800000000000000e+04
6.213900000000000000e+04
6.215900000000000000e+04
6.220100000000000000e+04
6.226900000000000000e+04
6.228700000000000000e+04
6.231100000000000000e+04
6.231500000000000000e+04
6.231700000000000000e+04
6.232500000000000000e+04
6.232900000000000000e+04
6.233200000000000000e+04
6.237900000000000000e+04
6.239000000000000000e+04
6.240700000000000000e+04
6.241100000000000000e+04
6.241400000000000000e+04
6.242600000000000000e+04
6.244100000000000000e+04
6.245200000000000000e+04
6.270900000000000000e+04
6.277500000000000000e+04
6.281300000000000000e+04
6.284100000000000000e+04
6.284400000000000000e+04
6.287100000000000000e+04
6.289900000000000000e+04
6.290600000000000000e+04
6.293400000000000000e+04
6.294700000000000000e+04
6.294900000000000000e+04
6.308500000000000000e+04
6.313400000000000000e+04
6.314700000000000000e+04
6.315500000000000000e+04
6.316200000000000000e+04
6.317500000000000000e+04
6.325500000000000000e+04
6.325900000000000000e+04
6.327700000000000000e+04
6.327800000000000000e+04
6.328900000000000000e+04
6.330900000000000000e+04
6.332400000000000000e+04
6.333100000000000000e+04
6.333700000000000000e+04
6.334000000000000000e+04
6.334600000000000000e+04
6.337900000000000000e+04
6.340400000000000000e+04
6.340900000000000000e+04
6.343600000000000000e+04
6.360700000000000000e+04
6.361100000000000000e+04
6.377500000000000000e+04
6.392300000000000000e+04
6.403100000000000000e+04
6.417400000000000000e+04
6.418800000000000000e+04
6.422000000000000000e+04
6.424100000000000000e+04
6.427100000000000000e+04
6.428600000000000000e+04
6.433300000000000000e+04
6.441200000000000000e+04
6.448800000000000000e+04
6.454300000000000000e+04
6.457100000000000000e+04
6.463400000000000000e+04
6.480700000000000000e+04
6.487400000000000000e+04
6.491500000000000000e+04
6.529300000000000000e+04
6.532400000000000000e+04
6.542500000000000000e+04
6.545600000000000000e+04
6.655900000000000000e+04
6.707100000000000000e+04
6.732700000000000000e+04
6.745500000000000000e+04
6.751900000000000000e+04
6.755100000000000000e+04
6.756700000000000000e+04
6.757500000000000000e+04
6.757900000000000000e+04
6.758100000000000000e+04
6.758200000000000000e+04
6.809500000000000000e+04
6.835100000000000000e+04
6.847900000000000000e+04
6.854300000000000000e+04
6.857500000000000000e+04
6.859100000000000000e+04
6.859900000000000000e+04
6.860300000000000000e+04
6.860500000000000000e+04
6.860600000000000000e+04
6.886300000000000000e+04
6.899100000000000000e+04
6.905500000000000000e+04
6.908700000000000000e+04
6.910300000000000000e+04
6.911100000000000000e+04
6.911500000000000000e+04
6.911700000000000000e+04
6.911800000000000000e+04
6.924700000000000000e+04
6.931100000000000000e+04
6.934300000000000000e+04
6.935900000000000000e+04
6.936700000000000000e+04
6.937100000000000000e+04
6.937300000000000000e+04
6.937400000000000000e+04
6.943900000000000000e+04
6.947100000000000000e+04
6.948700000000000000e+04
6.949500000000000000e+04
6.949900000000000000e+04
6.950100000000000000e+04
6.950200000000000000e+04
6.953500000000000000e+04
6.955100000000000000e+04
6.955900000000000000e+04
6.956300000000000000e+04
6.956500000000000000e+04
6.958300000000000000e+04
6.959100000000000000e+04
6.959500000000000000e+04
6.959700000000000000e+04
6.959800000000000000e+04
6.960700000000000000e+04
6.961100000000000000e+04
6.961300000000000000e+04
6.961900000000000000e+04
6.962100000000000000e+04
6.962200000000000000e+04
6.962500000000000000e+04
6.962600000000000000e+04
6.962800000000000000e+04
7.014300000000000000e+04
7.039900000000000000e+04
7.052700000000000000e+04
7.059100000000000000e+04
7.062300000000000000e+04
7.063900000000000000e+04
7.064700000000000000e+04
7.065100000000000000e+04
7.065300000000000000e+04
7.065400000000000000e+04
7.091100000000000000e+04
7.103900000000000000e+04
7.110300000000000000e+04
7.113500000000000000e+04
7.115100000000000000e+04
7.115900000000000000e+04
7.116300000000000000e+04
7.116500000000000000e+04
7.116600000000000000e+04
7.129500000000000000e+04
7.135900000000000000e+04
7.139100000000000000e+04
7.140700000000000000e+04
7.141500000000000000e+04
7.141900000000000000e+04
7.142100000000000000e+04
7.142200000000000000e+04
7.148700000000000000e+04
7.151900000000000000e+04
7.153500000000000000e+04
7.154300000000000000e+04
7.154700000000000000e+04
7.154900000000000000e+04
7.155000000000000000e+04
7.158300000000000000e+04
7.159900000000000000e+04
7.160700000000000000e+04
7.161100000000000000e+04
7.161300000000000000e+04
7.161400000000000000e+04
7.163100000000000000e+04
7.163900000000000000e+04
7.164300000000000000e+04
7.164500000000000000e+04
7.164600000000000000e+04
7.165500000000000000e+04
7.165900000000000000e+04
7.166100000000000000e+04
7.166200000000000000e+04
7.166700000000000000e+04
7.166900000000000000e+04
7.167300000000000000e+04
7.167400000000000000e+04
7.167600000000000000e+04
7.193500000000000000e+04
7.206300000000000000e+04
7.212700000000000000e+04
7.215900000000000000e+04
7.217500000000000000e+04
7.218300000000000000e+04
7.218700000000000000e+04
7.218900000000000000e+04
7.231900000000000000e+04
7.241500000000000000e+04
7.243100000000000000e+04
7.243900000000000000e+04
7.244300000000000000e+04
7.244500000000000000e+04
7.244600000000000000e+04
7.254300000000000000e+04
7.255900000000000000e+04
7.256700000000000000e+04
7.260700000000000000e+04
7.262300000000000000e+04
7.263100000000000000e+04
7.263500000000000000e+04
7.265500000000000000e+04
7.266300000000000000e+04
7.266700000000000000e+04
7.267000000000000000e+04
7.267900000000000000e+04
7.268300000000000000e+04
7.268500000000000000e+04
7.269100000000000000e+04
7.269300000000000000e+04
7.269700000000000000e+04
7.269800000000000000e+04
7.270000000000000000e+04
7.283100000000000000e+04
7.289500000000000000e+04
7.292700000000000000e+04
7.295500000000000000e+04
7.295700000000000000e+04
7.302300000000000000e+04
7.305500000000000000e+04
7.307100000000000000e+04
7.307900000000000000e+04
7.308300000000000000e+04
7.308500000000000000e+04
7.317500000000000000e+04
7.317900000000000000e+04
7.318200000000000000e+04
7.319500000000000000e+04
7.319700000000000000e+04
7.319800000000000000e+04
7.320900000000000000e+04
7.321000000000000000e+04
7.331100000000000000e+04
7.332700000000000000e+04
7.333500000000000000e+04
7.333900000000000000e+04
7.334100000000000000e+04
7.334200000000000000e+04
7.337500000000000000e+04
7.339900000000000000e+04
7.342300000000000000e+04
7.345100000000000000e+04
7.345900000000000000e+04
7.346100000000000000e+04
7.346200000000000000e+04
7.346500000000000000e+04
7.350300000000000000e+04
7.351900000000000000e+04
7.352700000000000000e+04
7.353300000000000000e+04
7.355100000000000000e+04
7.355900000000000000e+04
7.356300000000000000e+04
7.356500000000000000e+04
7.357500000000000000e+04
7.357900000000000000e+04
7.358100000000000000e+04
7.358700000000000000e+04
7.359000000000000000e+04
7.359400000000000000e+04
7.359600000000000000e+04
7.361500000000000000e+04
7.362700000000000000e+04
7.363000000000000000e+04
7.363900000000000000e+04
7.364300000000000000e+04
7.365100000000000000e+04
7.365800000000000000e+04
7.367500000000000000e+04
7.367800000000000000e+04
7.368600000000000000e+04
7.370100000000000000e+04
7.370500000000000000e+04
7.370800000000000000e+04
7.371300000000000000e+04
7.371400000000000000e+04
7.371600000000000000e+04
7.423900000000000000e+04
7.449500000000000000e+04
7.462300000000000000e+04
7.468700000000000000e+04
7.471900000000000000e+04
7.473500000000000000e+04
7.474300000000000000e+04
7.474700000000000000e+04
7.474900000000000000e+04
7.475000000000000000e+04
7.500700000000000000e+04
7.513500000000000000e+04
7.519900000000000000e+04
7.523100000000000000e+04
7.524700000000000000e+04
7.525500000000000000e+04
7.525900000000000000e+04
7.526100000000000000e+04
7.526200000000000000e+04
7.539100000000000000e+04
7.545500000000000000e+04
7.548700000000000000e+04
7.550300000000000000e+04
7.551100000000000000e+04
7.551500000000000000e+04
7.551700000000000000e+04
7.551800000000000000e+04
7.558300000000000000e+04
7.561500000000000000e+04
7.563100000000000000e+04
7.563900000000000000e+04
7.564300000000000000e+04
7.564500000000000000e+04
7.564600000000000000e+04
7.567900000000000000e+04
7.569500000000000000e+04
7.570300000000000000e+04
7.570700000000000000e+04
7.570900000000000000e+04
7.571000000000000000e+04
7.572700000000000000e+04
7.573500000000000000e+04
7.573900000000000000e+04
7.574100000000000000e+04
7.574200000000000000e+04
7.575100000000000000e+04
7.575500000000000000e+04
7.575700000000000000e+04
7.575800000000000000e+04
7.576300000000000000e+04
7.576500000000000000e+04
7.576600000000000000e+04
7.576900000000000000e+04
7.577200000000000000e+04
7.603100000000000000e+04
7.615900000000000000e+04
7.622300000000000000e+04
7.625500000000000000e+04
7.627100000000000000e+04
7.627900000000000000e+04
7.628300000000000000e+04
7.628500000000000000e+04
7.641500000000000000e+04
7.647900000000000000e+04
7.651100000000000000e+04
7.652700000000000000e+04
7.653500000000000000e+04
7.653900000000000000e+04
7.654100000000000000e+04
7.660700000000000000e+04
7.663900000000000000e+04
7.665500000000000000e+04
7.666300000000000000e+04
7.666900000000000000e+04
7.667000000000000000e+04
7.670300000000000000e+04
7.671900000000000000e+04
7.672700000000000000e+04
7.673100000000000000e+04
7.673300000000000000e+04
7.673400000000000000e+04
7.675900000000000000e+04
7.676300000000000000e+04
7.676600000000000000e+04
7.677900000000000000e+04
7.678100000000000000e+04
7.678700000000000000e+04
7.678900000000000000e+04
7.679400000000000000e+04
7.692700000000000000e+04
7.699100000000000000e+04
7.703900000000000000e+04
7.704700000000000000e+04
7.711900000000000000e+04
7.715100000000000000e+04
7.717500000000000000e+04
7.717900000000000000e+04
7.718100000000000000e+04
7.723100000000000000e+04
7.723900000000000000e+04
7.724500000000000000e+04
7.727700000000000000e+04
7.729300000000000000e+04
7.729400000000000000e+04
7.729900000000000000e+04
7.730600000000000000e+04
7.737500000000000000e+04
7.740700000000000000e+04
7.742300000000000000e+04
7.743100000000000000e+04
7.743500000000000000e+04
7.743700000000000000e+04
7.743800000000000000e+04
7.747100000000000000e+04
7.748700000000000000e+04
7.749500000000000000e+04
7.751900000000000000e+04
7.753100000000000000e+04
7.755000000000000000e+04
7.755700000000000000e+04
7.755800000000000000e+04
7.756100000000000000e+04
7.759900000000000000e+04
7.762300000000000000e+04
7.762900000000000000e+04
7.764700000000000000e+04
7.765500000000000000e+04
7.765900000000000000e+04
7.766100000000000000e+04
7.767100000000000000e+04
7.767500000000000000e+04
7.767700000000000000e+04
7.767800000000000000e+04
7.768300000000000000e+04
7.768500000000000000e+04
7.768600000000000000e+04
7.768900000000000000e+04
7.769000000000000000e+04
7.771100000000000000e+04
7.771900000000000000e+04
7.772300000000000000e+04
7.774100000000000000e+04
7.774900000000000000e+04
7.775400000000000000e+04
7.775600000000000000e+04
7.777900000000000000e+04
7.778100000000000000e+04
7.778800000000000000e+04
7.779500000000000000e+04
7.779700000000000000e+04
7.779800000000000000e+04
7.827100000000000000e+04
7.830300000000000000e+04
7.833400000000000000e+04
7.846300000000000000e+04
7.857500000000000000e+04
7.858300000000000000e+04
7.858700000000000000e+04
7.858900000000000000e+04
7.868700000000000000e+04
7.870300000000000000e+04
7.871100000000000000e+04
7.871500000000000000e+04
7.871800000000000000e+04
7.875100000000000000e+04
7.876700000000000000e+04
7.877500000000000000e+04
7.878100000000000000e+04
7.878200000000000000e+04
7.879900000000000000e+04
7.881400000000000000e+04
7.882300000000000000e+04
7.882700000000000000e+04
7.882900000000000000e+04
7.883500000000000000e+04
7.897500000000000000e+04
7.903900000000000000e+04
7.907100000000000000e+04
7.908700000000000000e+04
7.909500000000000000e+04
7.910100000000000000e+04
7.916700000000000000e+04
7.921500000000000000e+04
7.923000000000000000e+04
7.928700000000000000e+04
7.931900000000000000e+04
7.932600000000000000e+04
7.933500000000000000e+04
7.933900000000000000e+04
7.934100000000000000e+04
7.934900000000000000e+04
7.935000000000000000e+04
7.935400000000000000e+04
7.942300000000000000e+04
7.947100000000000000e+04
7.948300000000000000e+04
7.948600000000000000e+04
7.954300000000000000e+04
7.954700000000000000e+04
7.957500000000000000e+04
7.957900000000000000e+04
7.959800000000000000e+04
7.960300000000000000e+04
7.960500000000000000e+04
7.961200000000000000e+04
7.966300000000000000e+04
7.967100000000000000e+04
7.969500000000000000e+04
7.970300000000000000e+04
7.970900000000000000e+04
7.971000000000000000e+04
7.973100000000000000e+04
7.973400000000000000e+04
7.973700000000000000e+04
7.973800000000000000e+04
7.974000000000000000e+04
7.977100000000000000e+04
7.978900000000000000e+04
7.979000000000000000e+04
7.980100000000000000e+04
7.984300000000000000e+04
7.984900000000000000e+04
7.985700000000000000e+04
7.999900000000000000e+04
8.011100000000000000e+04
8.019100000000000000e+04
8.024700000000000000e+04
8.025100000000000000e+04
8.025400000000000000e+04
8.028700000000000000e+04
8.035000000000000000e+04
8.037300000000000000e+04
8.049500000000000000e+04
8.059100000000000000e+04
8.060600000000000000e+04
8.062200000000000000e+04
8.062900000000000000e+04
8.063400000000000000e+04
8.067100000000000000e+04
8.070100000000000000e+04
8.070200000000000000e+04
8.072700000000000000e+04
8.073400000000000000e+04
8.076200000000000000e+04
8.078300000000000000e+04
8.079500000000000000e+04
8.080700000000000000e+04
8.082200000000000000e+04
8.085100000000000000e+04
8.102200000000000000e+04
8.114800000000000000e+04
8.118300000000000000e+04
8.120700000000000000e+04
8.121100000000000000e+04
8.126700000000000000e+04
8.130300000000000000e+04
8.137000000000000000e+04
8.138500000000000000e+04
8.146700000000000000e+04
8.148700000000000000e+04
8.149500000000000000e+04
8.151800000000000000e+04
8.152500000000000000e+04
8.152600000000000000e+04
8.153000000000000000e+04
8.153200000000000000e+04
8.159000000000000000e+04
8.161300000000000000e+04
8.161400000000000000e+04
8.163500000000000000e+04
8.163800000000000000e+04
8.165000000000000000e+04
8.168700000000000000e+04
8.170700000000000000e+04
8.171000000000000000e+04
8.172400000000000000e+04
8.173900000000000000e+04
8.175000000000000000e+04
8.176600000000000000e+04
8.177000000000000000e+04
8.180600000000000000e+04
8.181400000000000000e+04
8.182000000000000000e+04
8.182700000000000000e+04
8.183600000000000000e+04
8.184100000000000000e+04
8.184200000000000000e+04
8.184800000000000000e+04
8.186200000000000000e+04
8.187300000000000000e+04
8.188000000000000000e+04
8.189000000000000000e+04
8.243100000000000000e+04
8.268700000000000000e+04
8.281500000000000000e+04
8.287900000000000000e+04
8.291100000000000000e+04
8.292700000000000000e+04
8.293500000000000000e+04
8.293900000000000000e+04
8.294100000000000000e+04
8.294200000000000000e+04
8.319900000000000000e+04
8.332700000000000000e+04
8.339100000000000000e+04
8.342300000000000000e+04
8.343900000000000000e+04
8.344700000000000000e+04
8.345100000000000000e+04
8.345300000000000000e+04
8.345400000000000000e+04
8.358300000000000000e+04
8.364700000000000000e+04
8.367900000000000000e+04
8.369500000000000000e+04
8.370300000000000000e+04
8.370700000000000000e+04
8.370900000000000000e+04
8.371000000000000000e+04
8.377500000000000000e+04
8.380700000000000000e+04
8.382300000000000000e+04
8.383100000000000000e+04
8.383500000000000000e+04
8.383700000000000000e+04
8.383800000000000000e+04
8.387100000000000000e+04
8.388700000000000000e+04
8.389500000000000000e+04
8.389900000000000000e+04
8.390100000000000000e+04
8.390200000000000000e+04
8.391900000000000000e+04
8.392700000000000000e+04
8.393100000000000000e+04
8.393300000000000000e+04
8.394300000000000000e+04
8.394700000000000000e+04
8.394900000000000000e+04
8.395000000000000000e+04
8.395500000000000000e+04
8.395700000000000000e+04
8.396100000000000000e+04
8.396200000000000000e+04
8.396400000000000000e+04
8.422300000000000000e+04
8.441500000000000000e+04
8.444700000000000000e+04
8.446300000000000000e+04
8.447100000000000000e+04
8.447500000000000000e+04
8.447700000000000000e+04
8.447800000000000000e+04
8.460700000000000000e+04
8.467100000000000000e+04
8.470300000000000000e+04
8.472700000000000000e+04
8.473100000000000000e+04
8.473300000000000000e+04
8.483100000000000000e+04
8.489500000000000000e+04
8.491100000000000000e+04
8.492300000000000000e+04
8.492500000000000000e+04
8.495500000000000000e+04
8.495800000000000000e+04
8.496700000000000000e+04
8.497100000000000000e+04
8.497900000000000000e+04
8.498100000000000000e+04
8.498500000000000000e+04
8.498600000000000000e+04
8.511900000000000000e+04
8.518300000000000000e+04
8.523100000000000000e+04
8.524500000000000000e+04
8.524600000000000000e+04
8.535900000000000000e+04
8.537100000000000000e+04
8.542300000000000000e+04
8.543100000000000000e+04
8.545500000000000000e+04
8.546300000000000000e+04
8.546700000000000000e+04
8.547900000000000000e+04
8.548300000000000000e+04
8.550000000000000000e+04
8.556700000000000000e+04
8.559900000000000000e+04
8.561500000000000000e+04
8.562300000000000000e+04
8.562700000000000000e+04
8.562900000000000000e+04
8.566300000000000000e+04
8.568700000000000000e+04
8.571900000000000000e+04
8.572300000000000000e+04
8.572500000000000000e+04
8.572600000000000000e+04
8.573500000000000000e+04
8.574700000000000000e+04
8.575300000000000000e+04
8.575400000000000000e+04
8.579100000000000000e+04
8.581500000000000000e+04
8.581900000000000000e+04
8.582200000000000000e+04
8.584700000000000000e+04
8.585100000000000000e+04
8.585400000000000000e+04
8.586700000000000000e+04
8.587500000000000000e+04
8.587700000000000000e+04
8.588100000000000000e+04
8.588400000000000000e+04
8.591100000000000000e+04
8.591500000000000000e+04
8.591800000000000000e+04
8.592700000000000000e+04
8.593400000000000000e+04
8.593900000000000000e+04
8.594600000000000000e+04
8.594800000000000000e+04
8.596600000000000000e+04
8.597100000000000000e+04
8.597300000000000000e+04
8.598000000000000000e+04
8.599400000000000000e+04
8.599600000000000000e+04
8.600100000000000000e+04
8.600400000000000000e+04
8.627100000000000000e+04
8.649500000000000000e+04
8.652300000000000000e+04
8.665500000000000000e+04
8.671900000000000000e+04
8.676700000000000000e+04
8.684700000000000000e+04
8.687900000000000000e+04
8.689500000000000000e+04
8.690900000000000000e+04
8.694300000000000000e+04
8.696700000000000000e+04
8.697100000000000000e+04
8.697300000000000000e+04
8.700300000000000000e+04
8.700500000000000000e+04
8.700600000000000000e+04
8.702100000000000000e+04
8.702200000000000000e+04
8.702900000000000000e+04
8.703400000000000000e+04
8.729100000000000000e+04
8.729300000000000000e+04
8.741900000000000000e+04
8.742200000000000000e+04
8.747900000000000000e+04
8.748600000000000000e+04
8.751500000000000000e+04
8.751700000000000000e+04
8.753300000000000000e+04
8.753900000000000000e+04
8.754800000000000000e+04
8.761500000000000000e+04
8.766300000000000000e+04
8.767500000000000000e+04
8.767800000000000000e+04
8.775900000000000000e+04
8.777100000000000000e+04
8.777300000000000000e+04
8.778300000000000000e+04
8.779800000000000000e+04
8.780100000000000000e+04
8.785500000000000000e+04
8.790100000000000000e+04
8.790200000000000000e+04
8.791500000000000000e+04
8.792500000000000000e+04
8.792600000000000000e+04
8.793200000000000000e+04
8.798100000000000000e+04
8.799300000000000000e+04
8.800700000000000000e+04
8.801300000000000000e+04
8.802100000000000000e+04
8.803700000000000000e+04
8.804100000000000000e+04
8.804400000000000000e+04
8.805200000000000000e+04
8.831800000000000000e+04
8.844600000000000000e+04
8.849500000000000000e+04
8.850300000000000000e+04
8.853500000000000000e+04
8.855700000000000000e+04
8.856300000000000000e+04
8.870200000000000000e+04
8.876300000000000000e+04
8.876500000000000000e+04
8.880700000000000000e+04
8.881400000000000000e+04
8.887900000000000000e+04
8.894700000000000000e+04
8.895000000000000000e+04
8.895400000000000000e+04
8.898300000000000000e+04
8.904600000000000000e+04
8.927700000000000000e+04
8.937500000000000000e+04
8.955700000000000000e+04
8.957400000000000000e+04
8.957700000000000000e+04
8.959200000000000000e+04
8.964700000000000000e+04
8.965900000000000000e+04
8.966100000000000000e+04
8.968700000000000000e+04
8.970900000000000000e+04
8.982900000000000000e+04
8.989900000000000000e+04
8.993300000000000000e+04
8.995700000000000000e+04
8.999100000000000000e+04
8.999800000000000000e+04
9.001200000000000000e+04
9.002800000000000000e+04
9.004000000000000000e+04
9.006000000000000000e+04
9.008800000000000000e+04
9.036700000000000000e+04
9.087700000000000000e+04
9.094300000000000000e+04
9.097500000000000000e+04
9.100600000000000000e+04
9.103900000000000000e+04
9.106900000000000000e+04
9.107000000000000000e+04
9.109500000000000000e+04
9.109900000000000000e+04
9.110100000000000000e+04
9.110200000000000000e+04
9.111500000000000000e+04
9.112600000000000000e+04
9.112900000000000000e+04
9.126300000000000000e+04
9.132700000000000000e+04
9.138300000000000000e+04
9.138900000000000000e+04
9.151700000000000000e+04
9.156700000000000000e+04
9.158200000000000000e+04
9.162300000000000000e+04
9.162900000000000000e+04
9.163700000000000000e+04
9.163800000000000000e+04
9.164100000000000000e+04
9.164200000000000000e+04
9.175900000000000000e+04
9.177300000000000000e+04
9.180700000000000000e+04
9.183800000000000000e+04
9.186300000000000000e+04
9.188300000000000000e+04
9.189100000000000000e+04
9.189300000000000000e+04
9.189400000000000000e+04
9.189800000000000000e+04
9.193500000000000000e+04
9.196300000000000000e+04
9.196600000000000000e+04
9.198300000000000000e+04
9.199700000000000000e+04
9.201400000000000000e+04
9.201900000000000000e+04
9.204700000000000000e+04
9.205900000000000000e+04
9.206200000000000000e+04
9.207100000000000000e+04
9.207500000000000000e+04
9.207700000000000000e+04
9.208500000000000000e+04
9.209200000000000000e+04
9.210700000000000000e+04
9.211800000000000000e+04
9.213100000000000000e+04
9.213800000000000000e+04
9.215200000000000000e+04
9.239900000000000000e+04
9.254200000000000000e+04
9.259900000000000000e+04
9.260300000000000000e+04
9.260600000000000000e+04
9.263100000000000000e+04
9.263500000000000000e+04
9.265100000000000000e+04
9.266100000000000000e+04
9.266500000000000000e+04
9.279100000000000000e+04
9.295900000000000000e+04
9.297500000000000000e+04
9.299000000000000000e+04
9.300700000000000000e+04
9.302200000000000000e+04
9.303100000000000000e+04
9.303500000000000000e+04
9.307100000000000000e+04
9.308500000000000000e+04
9.310700000000000000e+04
9.310900000000000000e+04
9.312700000000000000e+04
9.313100000000000000e+04
9.313300000000000000e+04
9.316400000000000000e+04
9.317000000000000000e+04
9.330700000000000000e+04
9.334300000000000000e+04
9.335900000000000000e+04
9.341500000000000000e+04
9.350200000000000000e+04
9.352700000000000000e+04
9.353400000000000000e+04
9.354300000000000000e+04
9.355700000000000000e+04
9.356200000000000000e+04
9.359100000000000000e+04
9.361300000000000000e+04
9.362200000000000000e+04
9.362600000000000000e+04
9.366700000000000000e+04
9.367300000000000000e+04
9.377500000000000000e+04
9.378900000000000000e+04
9.382000000000000000e+04
9.385100000000000000e+04
9.386700000000000000e+04
9.387800000000000000e+04
9.388100000000000000e+04
9.388400000000000000e+04
9.393000000000000000e+04
9.398200000000000000e+04
9.399500000000000000e+04
9.399800000000000000e+04
9.401000000000000000e+04
9.404200000000000000e+04
9.406000000000000000e+04
9.406500000000000000e+04
9.406600000000000000e+04
9.412900000000000000e+04
9.414900000000000000e+04
9.415000000000000000e+04
9.416200000000000000e+04
9.418000000000000000e+04
9.458700000000000000e+04
9.467900000000000000e+04
9.468500000000000000e+04
9.470900000000000000e+04
9.471000000000000000e+04
9.484500000000000000e+04
9.494100000000000000e+04
9.496300000000000000e+04
9.496500000000000000e+04
9.496600000000000000e+04
9.503800000000000000e+04
9.508300000000000000e+04
9.509300000000000000e+04
9.511900000000000000e+04
9.513100000000000000e+04
9.513300000000000000e+04
9.514300000000000000e+04
9.515000000000000000e+04
9.517900000000000000e+04
9.518200000000000000e+04
9.520500000000000000e+04
9.520900000000000000e+04
9.521700000000000000e+04
9.541500000000000000e+04
9.554300000000000000e+04
9.554700000000000000e+04
9.557900000000000000e+04
9.560600000000000000e+04
9.564300000000000000e+04
9.566900000000000000e+04
9.567000000000000000e+04
9.567300000000000000e+04
9.585100000000000000e+04
9.586500000000000000e+04
9.586800000000000000e+04
9.588700000000000000e+04
9.591800000000000000e+04
9.592300000000000000e+04
9.594300000000000000e+04
9.595500000000000000e+04
9.596100000000000000e+04
9.596200000000000000e+04
9.597700000000000000e+04
9.604600000000000000e+04
9.609200000000000000e+04
9.610600000000000000e+04
9.611600000000000000e+04
9.615600000000000000e+04
9.616300000000000000e+04
9.617200000000000000e+04
9.618000000000000000e+04
9.622600000000000000e+04
9.624000000000000000e+04
9.631900000000000000e+04
9.637900000000000000e+04
9.650100000000000000e+04
9.674100000000000000e+04
9.683000000000000000e+04
9.688300000000000000e+04
9.696700000000000000e+04
9.698600000000000000e+04
9.700400000000000000e+04
9.714400000000000000e+04
9.717300000000000000e+04
9.725000000000000000e+04
9.725600000000000000e+04
9.737400000000000000e+04
9.739000000000000000e+04
9.740100000000000000e+04
9.743500000000000000e+04
9.743800000000000000e+04
9.749100000000000000e+04
9.759000000000000000e+04
9.767500000000000000e+04
9.768300000000000000e+04
9.776800000000000000e+04
9.777600000000000000e+04
9.782200000000000000e+04
9.794100000000000000e+04
9.797200000000000000e+04
9.799400000000000000e+04
9.808900000000000000e+04
9.810400000000000000e+04
9.812200000000000000e+04
9.818100000000000000e+04
9.881500000000000000e+04
9.907100000000000000e+04
9.919900000000000000e+04
9.926300000000000000e+04
9.929500000000000000e+04
9.931100000000000000e+04
9.931900000000000000e+04
9.932300000000000000e+04
9.932500000000000000e+04
9.932600000000000000e+04
9.958300000000000000e+04
9.971100000000000000e+04
9.977500000000000000e+04
9.980700000000000000e+04
9.982300000000000000e+04
9.983100000000000000e+04
9.983500000000000000e+04
9.983700000000000000e+04
9.983800000000000000e+04
9.996700000000000000e+04
1.000310000000000000e+05
1.000630000000000000e+05
1.000790000000000000e+05
1.000870000000000000e+05
1.000910000000000000e+05
1.000930000000000000e+05
1.001590000000000000e+05
1.001910000000000000e+05
1.002070000000000000e+05
1.002150000000000000e+05
1.002190000000000000e+05
1.002210000000000000e+05
1.002220000000000000e+05
1.002550000000000000e+05
1.002710000000000000e+05
1.002790000000000000e+05
1.002830000000000000e+05
1.002850000000000000e+05
1.002860000000000000e+05
1.003030000000000000e+05
1.003110000000000000e+05
1.003150000000000000e+05
1.003170000000000000e+05
1.003180000000000000e+05
1.003270000000000000e+05
1.003310000000000000e+05
1.003330000000000000e+05
1.003340000000000000e+05
1.003390000000000000e+05
1.003410000000000000e+05
1.003420000000000000e+05
1.003450000000000000e+05
1.003460000000000000e+05
1.006070000000000000e+05
1.007350000000000000e+05
1.007990000000000000e+05
1.008310000000000000e+05
1.008470000000000000e+05
1.008550000000000000e+05
1.008590000000000000e+05
1.008610000000000000e+05
1.008620000000000000e+05
1.009910000000000000e+05
1.010870000000000000e+05
1.011030000000000000e+05
1.011110000000000000e+05
1.011150000000000000e+05
1.011170000000000000e+05
1.011180000000000000e+05
1.011830000000000000e+05
1.012150000000000000e+05
1.012310000000000000e+05
1.012390000000000000e+05
1.012430000000000000e+05
1.012450000000000000e+05
1.012790000000000000e+05
1.012950000000000000e+05
1.013030000000000000e+05
1.013070000000000000e+05
1.013100000000000000e+05
1.013270000000000000e+05
1.013350000000000000e+05
1.013390000000000000e+05
1.013410000000000000e+05
1.013420000000000000e+05
1.013510000000000000e+05
1.013550000000000000e+05
1.013570000000000000e+05
1.013580000000000000e+05
1.013630000000000000e+05
1.013660000000000000e+05
1.013690000000000000e+05
1.015030000000000000e+05
1.015670000000000000e+05
1.016230000000000000e+05
1.016950000000000000e+05
1.017270000000000000e+05
1.017430000000000000e+05
1.017510000000000000e+05
1.017550000000000000e+05
1.017570000000000000e+05
1.017910000000000000e+05
1.018070000000000000e+05
1.018150000000000000e+05
1.018190000000000000e+05
1.018210000000000000e+05
1.018470000000000000e+05
1.018510000000000000e+05
1.018530000000000000e+05
1.018540000000000000e+05
1.018670000000000000e+05
1.018780000000000000e+05
1.018840000000000000e+05
1.019830000000000000e+05
1.019990000000000000e+05
1.020070000000000000e+05
1.020110000000000000e+05
1.020130000000000000e+05
1.020140000000000000e+05
1.020470000000000000e+05
1.020630000000000000e+05
1.020750000000000000e+05
1.020770000000000000e+05
1.020950000000000000e+05
1.021070000000000000e+05
1.021090000000000000e+05
1.021190000000000000e+05
1.021230000000000000e+05
1.021250000000000000e+05
1.021330000000000000e+05
1.021370000000000000e+05
1.021750000000000000e+05
1.021910000000000000e+05
1.021990000000000000e+05
1.022030000000000000e+05
1.022050000000000000e+05
1.022230000000000000e+05
1.022310000000000000e+05
1.022350000000000000e+05
1.022370000000000000e+05
1.022380000000000000e+05
1.022470000000000000e+05
1.022510000000000000e+05
1.022530000000000000e+05
1.022590000000000000e+05
1.022620000000000000e+05
1.022650000000000000e+05
1.022660000000000000e+05
1.022680000000000000e+05
1.022870000000000000e+05
1.022990000000000000e+05
1.023010000000000000e+05
1.023110000000000000e+05
1.023150000000000000e+05
1.023230000000000000e+05
1.023250000000000000e+05
1.023320000000000000e+05
1.023430000000000000e+05
1.023500000000000000e+05
1.023550000000000000e+05
1.023580000000000000e+05
1.023610000000000000e+05
1.023740000000000000e+05
1.023770000000000000e+05
1.023780000000000000e+05
1.023850000000000000e+05
1.023880000000000000e+05
1.028950000000000000e+05
1.029070000000000000e+05
1.029090000000000000e+05
1.029100000000000000e+05
1.031030000000000000e+05
1.031350000000000000e+05
1.031510000000000000e+05
1.031630000000000000e+05
1.031660000000000000e+05
1.032310000000000000e+05
1.032910000000000000e+05
1.032930000000000000e+05
1.033430000000000000e+05
1.033550000000000000e+05
1.033580000000000000e+05
1.033750000000000000e+05
1.033870000000000000e+05
1.034030000000000000e+05
1.034060000000000000e+05
1.034130000000000000e+05
1.034170000000000000e+05
1.035510000000000000e+05
1.036150000000000000e+05
1.036470000000000000e+05
1.036630000000000000e+05
1.036750000000000000e+05
1.036770000000000000e+05
1.038030000000000000e+05
1.038390000000000000e+05
1.038690000000000000e+05
1.038870000000000000e+05
1.039020000000000000e+05
1.039110000000000000e+05
1.039150000000000000e+05
1.039230000000000000e+05
1.039260000000000000e+05
1.039290000000000000e+05
1.039320000000000000e+05
1.040310000000000000e+05
1.040610000000000000e+05
1.041190000000000000e+05
1.041430000000000000e+05
1.041510000000000000e+05
1.041570000000000000e+05
1.041580000000000000e+05
1.041670000000000000e+05
1.041710000000000000e+05
1.041740000000000000e+05
1.042390000000000000e+05
1.042470000000000000e+05
1.042710000000000000e+05
1.042850000000000000e+05
1.042860000000000000e+05
1.042950000000000000e+05
1.043010000000000000e+05
1.043070000000000000e+05
1.043130000000000000e+05
1.043140000000000000e+05
1.043470000000000000e+05
1.043490000000000000e+05
1.043590000000000000e+05
1.043630000000000000e+05
1.043710000000000000e+05
1.043730000000000000e+05
1.043770000000000000e+05
1.043800000000000000e+05
1.043910000000000000e+05
1.043950000000000000e+05
1.043970000000000000e+05
1.043980000000000000e+05
1.044030000000000000e+05
1.044050000000000000e+05
1.044060000000000000e+05
1.044100000000000000e+05
1.044190000000000000e+05
1.044260000000000000e+05
1.044280000000000000e+05
1.044400000000000000e+05
1.045750000000000000e+05
1.046390000000000000e+05
1.046710000000000000e+05
1.046870000000000000e+05
1.046950000000000000e+05
1.049110000000000000e+05
1.049260000000000000e+05
1.049350000000000000e+05
1.049490000000000000e+05
1.050860000000000000e+05
1.051190000000000000e+05
1.051790000000000000e+05
1.051810000000000000e+05
1.051980000000000000e+05
1.052060000000000000e+05
1.052470000000000000e+05
1.052710000000000000e+05
1.052770000000000000e+05
1.052950000000000000e+05
1.053090000000000000e+05
1.053230000000000000e+05
1.053330000000000000e+05
1.054040000000000000e+05
1.054330000000000000e+05
1.054360000000000000e+05
1.054450000000000000e+05
1.054460000000000000e+05
1.055830000000000000e+05
1.056550000000000000e+05
1.056790000000000000e+05
1.057100000000000000e+05
1.057750000000000000e+05
1.057870000000000000e+05
1.058520000000000000e+05
1.058860000000000000e+05
1.058990000000000000e+05
1.059100000000000000e+05
1.059420000000000000e+05
1.059620000000000000e+05
1.060390000000000000e+05
1.060770000000000000e+05
1.060780000000000000e+05
1.060870000000000000e+05
1.061390000000000000e+05
1.061660000000000000e+05
1.061900000000000000e+05
1.062020000000000000e+05
1.062140000000000000e+05
1.062180000000000000e+05
1.062260000000000000e+05
1.062700000000000000e+05
1.062980000000000000e+05
1.063110000000000000e+05
1.063290000000000000e+05
1.063450000000000000e+05
1.063930000000000000e+05
1.063960000000000000e+05
1.064030000000000000e+05
1.064200000000000000e+05
1.064240000000000000e+05
1.064440000000000000e+05
1.064800000000000000e+05
1.067510000000000000e+05
1.068790000000000000e+05
1.069910000000000000e+05
1.069990000000000000e+05
1.070050000000000000e+05
1.071350000000000000e+05
1.071990000000000000e+05
1.072310000000000000e+05
1.072550000000000000e+05
1.072590000000000000e+05
1.073270000000000000e+05
1.073750000000000000e+05
1.073890000000000000e+05
1.074510000000000000e+05
1.074540000000000000e+05
1.074850000000000000e+05
1.074990000000000000e+05
1.075070000000000000e+05
1.075090000000000000e+05
1.075100000000000000e+05
1.076470000000000000e+05
1.077110000000000000e+05
1.077430000000000000e+05
1.077590000000000000e+05
1.077670000000000000e+05
1.077730000000000000e+05
1.078990000000000000e+05
1.079010000000000000e+05
1.079020000000000000e+05
1.079590000000000000e+05
1.079950000000000000e+05
1.079970000000000000e+05
1.079980000000000000e+05
1.080110000000000000e+05
1.080130000000000000e+05
1.080250000000000000e+05
1.080280000000000000e+05
1.080950000000000000e+05
1.081550000000000000e+05
1.081570000000000000e+05
1.081580000000000000e+05
1.082070000000000000e+05
1.082390000000000000e+05
1.082470000000000000e+05
1.082510000000000000e+05
1.082530000000000000e+05
1.082630000000000000e+05
1.082690000000000000e+05
1.082770000000000000e+05
1.082810000000000000e+05
1.083350000000000000e+05
1.083430000000000000e+05
1.083500000000000000e+05
1.083790000000000000e+05
1.083820000000000000e+05
1.084030000000000000e+05
1.084050000000000000e+05
1.084090000000000000e+05
1.084310000000000000e+05
1.084460000000000000e+05
1.084550000000000000e+05
1.084590000000000000e+05
1.084690000000000000e+05
1.084870000000000000e+05
1.084910000000000000e+05
1.084930000000000000e+05
1.084990000000000000e+05
1.085010000000000000e+05
1.085050000000000000e+05
1.085060000000000000e+05
1.085150000000000000e+05
1.085240000000000000e+05
1.085290000000000000e+05
1.087830000000000000e+05
1.087910000000000000e+05
1.087970000000000000e+05
1.089230000000000000e+05
1.089750000000000000e+05
1.089830000000000000e+05
1.089890000000000000e+05
1.090190000000000000e+05
1.090210000000000000e+05
1.090430000000000000e+05
1.090450000000000000e+05
1.091510000000000000e+05
1.091750000000000000e+05
1.091820000000000000e+05
1.092430000000000000e+05
1.092910000000000000e+05
1.092930000000000000e+05
1.093080000000000000e+05
1.093430000000000000e+05
1.093590000000000000e+05
1.093670000000000000e+05
1.093990000000000000e+05
1.094210000000000000e+05
1.094910000000000000e+05
1.094930000000000000e+05
1.095000000000000000e+05
1.095170000000000000e+05
1.095180000000000000e+05
1.095420000000000000e+05
1.095450000000000000e+05
1.096790000000000000e+05
1.098140000000000000e+05
1.098550000000000000e+05
1.099110000000000000e+05
1.099270000000000000e+05
1.099310000000000000e+05
1.099420000000000000e+05
1.099460000000000000e+05
1.099480000000000000e+05
1.100300000000000000e+05
1.100350000000000000e+05
1.100370000000000000e+05
1.100420000000000000e+05
1.101410000000000000e+05
1.101670000000000000e+05
1.101710000000000000e+05
1.101970000000000000e+05
1.102540000000000000e+05
1.102910000000000000e+05
1.103160000000000000e+05
1.103220000000000000e+05
1.103810000000000000e+05
1.103820000000000000e+05
1.104280000000000000e+05
1.104420000000000000e+05
1.104860000000000000e+05
1.104990000000000000e+05
1.105020000000000000e+05
1.105130000000000000e+05
1.105140000000000000e+05
1.105380000000000000e+05
1.105620000000000000e+05
1.107190000000000000e+05
1.108310000000000000e+05
1.109730000000000000e+05
1.110850000000000000e+05
1.112230000000000000e+05
1.113190000000000000e+05
1.113540000000000000e+05
1.114190000000000000e+05
1.114390000000000000e+05
1.114470000000000000e+05
1.114630000000000000e+05
1.114840000000000000e+05
1.115110000000000000e+05
1.115150000000000000e+05
1.115330000000000000e+05
1.115390000000000000e+05
1.115630000000000000e+05
1.115740000000000000e+05
1.115900000000000000e+05
1.116040000000000000e+05
1.117750000000000000e+05
1.118350000000000000e+05
1.118530000000000000e+05
1.118610000000000000e+05
1.118650000000000000e+05
1.119510000000000000e+05
1.119810000000000000e+05
1.119890000000000000e+05
1.120150000000000000e+05
1.120300000000000000e+05
1.120430000000000000e+05
1.120460000000000000e+05
1.120770000000000000e+05
1.120890000000000000e+05
1.121140000000000000e+05
1.121830000000000000e+05
1.121870000000000000e+05
1.122310000000000000e+05
1.122380000000000000e+05
1.122710000000000000e+05
1.123020000000000000e+05
1.123100000000000000e+05
1.123160000000000000e+05
1.123310000000000000e+05
1.123420000000000000e+05
1.123480000000000000e+05
1.123550000000000000e+05
1.123580000000000000e+05
1.123990000000000000e+05
1.124370000000000000e+05
1.124410000000000000e+05
1.124420000000000000e+05
1.124830000000000000e+05
1.124900000000000000e+05
1.125850000000000000e+05
1.128900000000000000e+05
1.129890000000000000e+05
1.130170000000000000e+05
1.130200000000000000e+05
1.130630000000000000e+05
1.131260000000000000e+05
1.131830000000000000e+05
1.132110000000000000e+05
1.132310000000000000e+05
1.132430000000000000e+05
1.132610000000000000e+05
1.132700000000000000e+05
1.132950000000000000e+05
1.133370000000000000e+05
1.133380000000000000e+05
1.134540000000000000e+05
1.134610000000000000e+05
1.134790000000000000e+05
1.135500000000000000e+05
1.135780000000000000e+05
1.135850000000000000e+05
1.136060000000000000e+05
1.136170000000000000e+05
1.137190000000000000e+05
1.138350000000000000e+05
1.138840000000000000e+05
1.138980000000000000e+05
1.139350000000000000e+05
1.139590000000000000e+05
1.139630000000000000e+05
1.139710000000000000e+05
1.139770000000000000e+05
1.140220000000000000e+05
1.142060000000000000e+05
1.142150000000000000e+05
1.142330000000000000e+05
1.142820000000000000e+05
1.143410000000000000e+05
1.143450000000000000e+05
1.143850000000000000e+05
1.144540000000000000e+05
1.144990000000000000e+05
1.145660000000000000e+05
1.145690000000000000e+05
1.145770000000000000e+05
1.146080000000000000e+05
1.146260000000000000e+05
1.146400000000000000e+05
1.149430000000000000e+05
1.150710000000000000e+05
1.151670000000000000e+05
1.151910000000000000e+05
1.151950000000000000e+05
1.151970000000000000e+05
1.153270000000000000e+05
1.154230000000000000e+05
1.155510000000000000e+05
1.155670000000000000e+05
1.155820000000000000e+05
1.156390000000000000e+05
1.156430000000000000e+05
1.156460000000000000e+05
1.156930000000000000e+05
1.156940000000000000e+05
1.156990000000000000e+05
1.157010000000000000e+05
1.157050000000000000e+05
1.158390000000000000e+05
1.159030000000000000e+05
1.159350000000000000e+05
1.159510000000000000e+05
1.159590000000000000e+05
1.160630000000000000e+05
1.160910000000000000e+05
1.160930000000000000e+05
1.160940000000000000e+05
1.161430000000000000e+05
1.161550000000000000e+05
1.161570000000000000e+05
1.161580000000000000e+05
1.161830000000000000e+05
1.161900000000000000e+05
1.161990000000000000e+05
1.162030000000000000e+05
1.162050000000000000e+05
1.162180000000000000e+05
1.162200000000000000e+05
1.162870000000000000e+05
1.163190000000000000e+05
1.163830000000000000e+05
1.163990000000000000e+05
1.164390000000000000e+05
1.164550000000000000e+05
1.164590000000000000e+05
1.164610000000000000e+05
1.164620000000000000e+05
1.164700000000000000e+05
1.164760000000000000e+05
1.165110000000000000e+05
1.165350000000000000e+05
1.165390000000000000e+05
1.165410000000000000e+05
1.165870000000000000e+05
1.165970000000000000e+05
1.165980000000000000e+05
1.166020000000000000e+05
1.166040000000000000e+05
1.166370000000000000e+05
1.166470000000000000e+05
1.166530000000000000e+05
1.166540000000000000e+05
1.166610000000000000e+05
1.166650000000000000e+05
1.166830000000000000e+05
1.166860000000000000e+05
1.166910000000000000e+05
1.167220000000000000e+05
1.167280000000000000e+05
1.169270000000000000e+05
1.169590000000000000e+05
1.170870000000000000e+05
1.171180000000000000e+05
1.171790000000000000e+05
1.172070000000000000e+05
1.172140000000000000e+05
1.172350000000000000e+05
1.172420000000000000e+05
1.174310000000000000e+05
1.174380000000000000e+05
1.174630000000000000e+05
1.174940000000000000e+05
1.175350000000000000e+05
1.175830000000000000e+05
1.176260000000000000e+05
1.176550000000000000e+05
1.176620000000000000e+05
1.176770000000000000e+05
1.176830000000000000e+05
1.176850000000000000e+05
1.177090000000000000e+05
1.177210000000000000e+05
1.177220000000000000e+05
1.177310000000000000e+05
1.177330000000000000e+05
1.177450000000000000e+05
1.177520000000000000e+05
1.179950000000000000e+05
1.180030000000000000e+05
1.180630000000000000e+05
1.180750000000000000e+05
1.181030000000000000e+05
1.181090000000000000e+05
1.181330000000000000e+05
1.181590000000000000e+05
1.182450000000000000e+05
1.183340000000000000e+05
1.184390000000000000e+05
1.184530000000000000e+05
1.184600000000000000e+05
1.184780000000000000e+05
1.185020000000000000e+05
1.185050000000000000e+05
1.185080000000000000e+05
1.185510000000000000e+05
1.185550000000000000e+05
1.185730000000000000e+05
1.185810000000000000e+05
1.185850000000000000e+05
1.186050000000000000e+05
1.186180000000000000e+05
1.186300000000000000e+05
1.186330000000000000e+05
1.186480000000000000e+05
1.186670000000000000e+05
1.186750000000000000e+05
1.186770000000000000e+05
1.186820000000000000e+05
1.186940000000000000e+05
1.186970000000000000e+05
1.187060000000000000e+05
1.187080000000000000e+05
1.187120000000000000e+05
1.187260000000000000e+05
1.187370000000000000e+05
1.187380000000000000e+05
1.192470000000000000e+05
1.192830000000000000e+05
1.192900000000000000e+05
1.194790000000000000e+05
1.195150000000000000e+05
1.195990000000000000e+05
1.196670000000000000e+05
1.196700000000000000e+05
1.197030000000000000e+05
1.197810000000000000e+05
1.197930000000000000e+05
1.197960000000000000e+05
1.199330000000000000e+05
1.199950000000000000e+05
1.199970000000000000e+05
1.201230000000000000e+05
1.201250000000000000e+05
1.201510000000000000e+05
1.201730000000000000e+05
1.201880000000000000e+05
1.202690000000000000e+05
1.202810000000000000e+05
1.203790000000000000e+05
1.204300000000000000e+05
1.204910000000000000e+05
1.205010000000000000e+05
1.205050000000000000e+05
1.205080000000000000e+05
1.205230000000000000e+05
1.205250000000000000e+05
1.205310000000000000e+05
1.205500000000000000e+05
1.206210000000000000e+05
1.206220000000000000e+05
1.206530000000000000e+05
1.206590000000000000e+05
1.206780000000000000e+05
1.206890000000000000e+05
1.207170000000000000e+05
1.207250000000000000e+05
1.207300000000000000e+05
1.207410000000000000e+05
1.207740000000000000e+05
1.208040000000000000e+05
1.210150000000000000e+05
1.210670000000000000e+05
1.211950000000000000e+05
1.212460000000000000e+05
1.212670000000000000e+05
1.212700000000000000e+05
1.213020000000000000e+05
1.213150000000000000e+05
1.213240000000000000e+05
1.215320000000000000e+05
1.215500000000000000e+05
1.216290000000000000e+05
1.216430000000000000e+05
1.216450000000000000e+05
1.216530000000000000e+05
1.217060000000000000e+05
1.217560000000000000e+05
1.217950000000000000e+05
1.219110000000000000e+05
1.219150000000000000e+05
1.219500000000000000e+05
1.220830000000000000e+05
1.220980000000000000e+05
1.221580000000000000e+05
1.222280000000000000e+05
1.222530000000000000e+05
1.224110000000000000e+05
1.224690000000000000e+05
1.225310000000000000e+05
1.225460000000000000e+05
1.225700000000000000e+05
1.226490000000000000e+05
1.226520000000000000e+05
1.227240000000000000e+05
1.227280000000000000e+05
1.227620000000000000e+05
1.230070000000000000e+05
1.230710000000000000e+05
1.231340000000000000e+05
1.232590000000000000e+05
1.232950000000000000e+05
1.233260000000000000e+05
1.233570000000000000e+05
1.233860000000000000e+05
1.235180000000000000e+05
1.236130000000000000e+05
1.236370000000000000e+05
1.236410000000000000e+05
1.237390000000000000e+05
1.237570000000000000e+05
1.237660000000000000e+05
1.238050000000000000e+05
1.238150000000000000e+05
1.238220000000000000e+05
1.238300000000000000e+05
1.240230000000000000e+05
1.240270000000000000e+05
1.240910000000000000e+05
1.240930000000000000e+05
1.240940000000000000e+05
1.241350000000000000e+05
1.241390000000000000e+05
1.241410000000000000e+05
1.241910000000000000e+05
1.242670000000000000e+05
1.242750000000000000e+05
1.242820000000000000e+05
1.242840000000000000e+05
1.243390000000000000e+05
1.243650000000000000e+05
1.243710000000000000e+05
1.244770000000000000e+05
1.244780000000000000e+05
1.244950000000000000e+05
1.245090000000000000e+05
1.245190000000000000e+05
1.245230000000000000e+05
1.245340000000000000e+05
1.245730000000000000e+05
1.246010000000000000e+05
1.246460000000000000e+05
1.247020000000000000e+05
1.247180000000000000e+05
1.247260000000000000e+05
1.247430000000000000e+05
1.248070000000000000e+05
1.248210000000000000e+05
1.248350000000000000e+05
1.248980000000000000e+05
1.251170000000000000e+05
1.251800000000000000e+05
1.252460000000000000e+05
1.252710000000000000e+05
1.252750000000000000e+05
1.253010000000000000e+05
1.253420000000000000e+05
1.253570000000000000e+05
1.254010000000000000e+05
1.254110000000000000e+05
1.255620000000000000e+05
1.256430000000000000e+05
1.257110000000000000e+05
1.257980000000000000e+05
1.258040000000000000e+05
1.258370000000000000e+05
1.258620000000000000e+05
1.258650000000000000e+05
1.258800000000000000e+05
1.258940000000000000e+05
1.258980000000000000e+05
1.259000000000000000e+05
1.259060000000000000e+05
1.261190000000000000e+05
1.261720000000000000e+05
1.261820000000000000e+05
1.262660000000000000e+05
1.263070000000000000e+05
1.263100000000000000e+05
1.264240000000000000e+05
1.265180000000000000e+05
1.265240000000000000e+05
1.266920000000000000e+05
1.267390000000000000e+05
1.267570000000000000e+05
1.267610000000000000e+05
1.268720000000000000e+05
1.273110000000000000e+05
1.273530000000000000e+05
1.273750000000000000e+05
1.274380000000000000e+05
1.274680000000000000e+05
1.276670000000000000e+05
1.278300000000000000e+05
1.278640000000000000e+05
1.279130000000000000e+05
1.279140000000000000e+05
1.279540000000000000e+05
1.279840000000000000e+05
1.281030000000000000e+05
1.281240000000000000e+05
1.281860000000000000e+05
1.281880000000000000e+05
1.282830000000000000e+05
1.283760000000000000e+05
1.283910000000000000e+05
1.284220000000000000e+05
1.284260000000000000e+05
1.284280000000000000e+05
1.285720000000000000e+05
1.287370000000000000e+05
1.287820000000000000e+05
1.288240000000000000e+05
1.288560000000000000e+05
1.289140000000000000e+05
1.289640000000000000e+05
1.290710000000000000e+05
1.292060000000000000e+05
1.293550000000000000e+05
1.294330000000000000e+05
1.294840000000000000e+05
1.295200000000000000e+05
1.295820000000000000e+05
1.295960000000000000e+05
1.296070000000000000e+05
1.296710000000000000e+05
1.297620000000000000e+05
1.298480000000000000e+05
1.298650000000000000e+05
1.298730000000000000e+05
1.301560000000000000e+05
1.301900000000000000e+05
1.302730000000000000e+05
1.303230000000000000e+05
1.305860000000000000e+05
1.305880000000000000e+05
1.306720000000000000e+05
1.308220000000000000e+05
1.308340000000000000e+05
