0 0 1.9999626281273
0 1 -3.491123594536262e-05
0 2 -3.157371328082915e-05
0 3 -7.497225252684844e-05
0 4 7.89279242502396e-06
0 5 2.660366976028157e-06
0 6 -7.612872362744989e-07
0 7 -7.922146411865125e-06
0 8 1.491372403552791e-05
0 9 -9.486149649521176e-06
0 10 -8.234589791807094e-06
0 11 5.765513442115489e-05
0 12 4.034472893475351e-05
0 13 2.810364025489873e-05
0 14 -4.820210776816887e-05
0 15 -7.819158900503992e-06
0 16 5.439898036493458e-05
0 17 9.074684295977014e-06
0 18 0.0002242581018000476
0 19 0.0001715763570964419
0 20 -0.0002390299705919001
0 21 -3.213953019070653e-06
0 22 7.570098946394662e-05
1 0 -3.491123594536271e-05
1 1 1.98896714487379
1 2 5.160007842260372e-05
1 3 -0.0007123553881338382
1 4 -0.0002197041169158636
1 5 0.0003701505060833743
1 6 0.0007479751624032004
1 7 0.0004327413886759523
1 8 -0.0006436716325151771
1 9 0.0009703765700723775
1 10 0.0005224370226962799
1 11 -0.0005132613059311431
1 12 -0.001673535285506309
1 13 -0.0004441782563705234
1 14 0.0004345334957099569
1 15 -0.001233225377917733
1 16 -0.001480076946742885
1 17 0.001003683709735899
1 18 -7.975912917291303e-05
1 19 -0.0009392000987349949
1 20 -0.0008768803511895915
1 21 -0.0002085887435140359
1 22 -0.0006907545747929405
2 0 -3.157371328082926e-05
2 1 5.160007842260482e-05
2 2 1.988612280108784
2 3 -0.0007535429345203079
2 4 9.388365014391631e-05
2 5 0.000691219036743412
2 6 -0.0005242848685212834
2 7 -0.0004549786919102097
2 8 0.001507493612643811
2 9 0.001472535772716351
2 10 0.0003108601677540585
2 11 -0.001414635324684131
2 12 0.001931420447571763
2 13 -0.0001679521372610476
2 14 0.000456815066962343
2 15 0.0003572804857377888
2 16 -0.0002767522316815641
2 17 -0.0007533573789171761
2 18 -0.001609314239279421
2 19 0.001111853911273383
2 20 0.000353071450260115
2 21 0.000495224891989653
2 22 0.0004225460392212466
3 0 -7.497225252684804e-05
3 1 -0.0007123553881338503
3 2 -0.0007535429345202989
3 3 1.984401362239301
3 4 0.0002987166019342431
3 5 -9.925080178205205e-05
3 6 0.0001576626386321811
3 7 -4.177685346442094e-05
3 8 -2.714785331693855e-05
3 9 -0.0007977983900470612
3 10 0.0001328988505033481
3 11 -0.002002474355493461
3 12 0.001495952163841161
3 13 0.0001797377550402426
3 14 0.0005506332029974351
3 15 -0.00152740224704086
3 16 -2.927747639663466e-05
3 17 -0.0009263340857478743
3 18 0.0007677914542493492
3 19 0.0001360238966526593
3 20 -0.0004866383132821426
3 21 0.0008111446896740384
3 22 0.0008611187002801834
4 0 7.892792425023999e-06
4 1 -0.0002197041169158477
4 2 9.388365014391744e-05
4 3 0.0002987166019342643
4 4 1.98028335008677
4 5 6.578990982765193e-05
4 6 -0.0002610902381513051
4 7 0.0002432002034104517
4 8 5.038180283739722e-05
4 9 -0.001067046160741019
4 10 0.001012351593545422
4 11 -0.0007337058343410149
4 12 -0.00123188582437949
4 13 0.001329475466394489
4 14 0.0003757384160092356
4 15 0.000154920598506869
4 16 -0.0008164613433028525
4 17 -0.0003685738888894874
4 18 -3.078825935430847e-06
4 19 -0.0004723697424965784
4 20 -0.0006701076771340028
4 21 0.0002445771888346303
4 22 -0.0003660273434445924
5 0 2.66036697602821e-06
5 1 0.0003701505060834011
5 2 0.0006912190367434319
5 3 -9.925080178203452e-05
5 4 6.578990982765326e-05
5 5 1.979232415926705
5 6 0.0001266836883889665
5 7 -0.001004517610783656
5 8 0.0004228413907618646
5 9 -0.001296007963808874
5 10 -0.000857207202981733
5 11 0.005241866292243934
5 12 -0.009987700677663726
5 13 0.0004550819528410972
5 14 -9.231810302936325e-05
5 15 -3.25352152185334e-05
5 16 -0.0001579613803747874
5 17 -7.55464115213271e-05
5 18 -0.000712455995180153
5 19 -0.002490763498376722
5 20 -0.001331457829040618
5 21 -0.001802092270199901
5 22 -0.001101924036982457
6 0 -7.612872362741267e-07
6 1 0.0007479751624032164
6 2 -0.0005242848685212917
6 3 0.0001576626386321833
6 4 -0.0002610902381513064
6 5 0.000126683688388965
6 6 1.980036327419928
6 7 -0.0001436715369180802
6 8 0.0007309801895905494
6 9 -0.001670410922610604
6 10 0.0001581677449738813
6 11 -0.0008395704623248512
6 12 0.003129069925213735
6 13 3.591398645035945e-05
6 14 -0.002604615772037593
6 15 0.003241791920219635
6 16 0.001692043074269833
6 17 -0.0004921776183561349
6 18 -0.0008120688134168035
6 19 -0.0007643782902933746
6 20 0.0006218672178643673
6 21 -0.0004148520024987979
6 22 -0.0008169909207795154
7 0 -7.922146411865169e-06
7 1 0.0004327413886759436
7 2 -0.0004549786919102032
7 3 -4.177685346444276e-05
7 4 0.0002432002034104487
7 5 -0.001004517610783577
7 6 -0.0001436715369180886
7 7 1.978248426370984
7 8 0.0009081461964795421
7 9 -0.0003974831302163923
7 10 0.0003815658336741109
7 11 0.002847595997578218
7 12 -0.002555161069681663
7 13 -0.0009240584996771054
7 14 0.0003515394885831217
7 15 0.0003004637008205228
7 16 -0.001035095772760107
7 17 -0.0009597394431605609
7 18 -4.385004468372591e-06
7 19 -0.001298034534571054
7 20 -0.0008277242143397513
7 21 -0.0002873903407174574
7 22 0.0001255479582138639
8 0 1.49137240355274e-05
8 1 -0.0006436716325151778
8 2 0.001507493612643827
8 3 -2.714785331693722e-05
8 4 5.038180283744364e-05
8 5 0.0004228413907618496
8 6 0.0007309801895905416
8 7 0.0009081461964795486
8 8 1.974005321725649
8 9 -0.00119810835017225
8 10 -0.0002019269123214448
8 11 -0.004639759742052961
8 12 -0.001756948480044944
8 13 0.001047144227045255
8 14 -0.0008522562530283108
8 15 -0.003229672133189478
8 16 -0.0004588134442632566
8 17 0.0002078166844320031
8 18 0.001243459929394842
8 19 0.0009842630508975197
8 20 -0.0001623337892997955
8 21 0.0004489586744986819
8 22 0.0003605514784694361
9 0 -9.486149649521289e-06
9 1 0.0009703765700723524
9 2 0.001472535772716296
9 3 -0.000797798390047087
9 4 -0.001067046160741013
9 5 -0.001296007963808858
9 6 -0.001670410922610637
9 7 -0.0003974831302164227
9 8 -0.00119810835017221
9 9 1.974261278461772
9 10 -0.00170566801767827
9 11 0.00321072782385766
9 12 0.0004574481739374909
9 13 0.000650658482643846
9 14 -0.002607183595096148
9 15 -0.0009436823069598149
9 16 0.001158739096369753
9 17 0.002056350205995205
9 18 0.0001680232305985841
9 19 0.0007656781605823004
9 20 0.0004415383207528082
9 21 -0.0002120409808370837
9 22 -0.0007294262629742017
10 0 -8.234589791806803e-06
10 1 0.0005224370226962836
10 2 0.0003108601677540858
10 3 0.0001328988505033924
10 4 0.001012351593545441
10 5 -0.0008572072029817107
10 6 0.0001581677449738816
10 7 0.000381565833674193
10 8 -0.000201926912321439
10 9 -0.001705668017678277
10 10 1.97528980510197
10 11 0.002121219150964829
10 12 0.002365816102139226
10 13 0.0007329665052179569
10 14 -0.001378084527624025
10 15 0.001414654944056611
10 16 0.0006355000094702477
10 17 0.000454405745845249
10 18 -7.768262901084056e-05
10 19 -0.0002588777180803234
10 20 0.0002660533557534462
10 21 -0.0003399877050777759
10 22 0.0004732997265348345
11 0 5.765513442115464e-05
11 1 -0.0005132613059311351
11 2 -0.001414635324684112
11 3 -0.00200247435549346
11 4 -0.0007337058343410157
11 5 0.005241866292243951
11 6 -0.000839570462324839
11 7 0.002847595997578142
11 8 -0.004639759742053044
11 9 0.003210727823857712
11 10 0.002121219150964935
11 11 0.004168551295678528
11 12 -0.002006115557630409
11 13 -0.0004721129009727295
11 14 0.001739261121504205
11 15 -0.004394419838273894
11 16 -0.0002902200825033604
11 17 -0.001834157307009403
11 18 0.001826862491664245
11 19 0.001500785184552443
11 20 -0.001464599101730117
11 21 0.00238592838361265
11 22 0.001485382372488257
12 0 4.034472893475373e-05
12 1 -0.001673535285506312
12 2 0.001931420447571757
12 3 0.00149595216384119
12 4 -0.001231885824379542
12 5 -0.009987700677663839
12 6 0.003129069925213683
12 7 -0.002555161069681624
12 8 -0.001756948480044912
12 9 0.0004574481739374845
12 10 0.002365816102139181
12 11 -0.002006115557630402
12 12 0.02281226888142443
12 13 0.002347491183708977
12 14 -0.001244711568458634
12 15 -0.004125733702001747
12 16 0.001109876916942588
12 17 -0.0005897861072554625
12 18 0.001005585362175223
12 19 -0.0002343990147623998
12 20 -0.0004058943100840102
12 21 0.0002259714442067386
12 22 0.0006301473705696011
13 0 2.810364025489918e-05
13 1 -0.0004441782563705194
13 2 -0.0001679521372610531
13 3 0.0001797377550402435
13 4 0.001329475466394499
13 5 0.0004550819528411094
13 6 3.591398645036031e-05
13 7 -0.0009240584996770944
13 8 0.001047144227045243
13 9 0.0006506584826438463
13 10 0.0007329665052179764
13 11 -0.0004721129009727261
13 12 0.002347491183709013
13 13 0.01817150771938715
13 14 0.003012606562656655
13 15 0.00221896097002356
13 16 -0.002406054789174172
13 17 -0.001018835520195031
13 18 0.001409868063168837
13 19 -0.002733939861604012
13 20 -0.002676814205953774
13 21 -0.001248391868696545
13 22 -0.0001531780780465062
14 0 -4.820210776816893e-05
14 1 0.0004345334957099536
14 2 0.000456815066962343
14 3 0.0005506332029974307
14 4 0.0003757384160092383
14 5 -9.231810302936287e-05
14 6 -0.002604615772037642
14 7 0.0003515394885831237
14 8 -0.0008522562530283277
14 9 -0.002607183595096197
14 10 -0.001378084527624019
14 11 0.001739261121504206
14 12 -0.001244711568458636
14 13 0.003012606562656669
14 14 0.01422621583084089
14 15 -0.002148643890618899
14 16 0.0003872225759679243
14 17 0.004357846516527848
14 18 -0.003516264870234852
14 19 0.004938245592592757
14 20 0.003344203905265047
14 21 0.002627540557221547
14 22 0.0005773418567356423
15 0 -7.819158900504328e-06
15 1 -0.001233225377917708
15 2 0.0003572804857377869
15 3 -0.001527402247040837
15 4 0.0001549205985068672
15 5 -3.253521521853502e-05
15 6 0.003241791920219597
15 7 0.0003004637008205251
15 8 -0.003229672133189551
15 9 -0.0009436823069598105
15 10 0.001414654944056596
15 11 -0.004394419838273878
15 12 -0.004125733702001783
15 13 0.002218960970023535
15 14 -0.002148643890618915
15 15 0.01994662942453538
15 16 0.001267905531573762
15 17 0.001216204265837964
15 18 -0.0006694921363416598
15 19 0.003054107782221609
15 20 0.003129859772765251
15 21 0.0005827381241173035
15 22 0.0009444835397262502
16 0 5.439898036493476e-05
16 1 -0.001480076946742878
16 2 -0.0002767522316815564
16 3 -2.92774763966342e-05
16 4 -0.0008164613433028708
16 5 -0.0001579613803747874
16 6 0.001692043074269823
16 7 -0.001035095772760123
16 8 -0.0004588134442632572
16 9 0.001158739096369783
16 10 0.0006355000094702421
16 11 -0.0002902200825033474
16 12 0.001109876916942595
16 13 -0.002406054789174189
16 14 0.0003872225759679325
16 15 0.001267905531573754
16 16 0.01903320666892746
16 17 9.072878710826901e-05
16 18 -0.0002297014578449378
16 19 -0.0007514777213135243
16 20 -0.002135596917030096
16 21 -0.000817315479983396
16 22 -0.001228256938714452
17 0 9.074684295976903e-06
17 1 0.001003683709735882
17 2 -0.0007533573789171801
17 3 -0.0009263340857478786
17 4 -0.0003685738888894829
17 5 -7.554641152132736e-05
17 6 -0.0004921776183561336
17 7 -0.0009597394431605605
17 8 0.0002078166844320041
17 9 0.002056350205995208
17 10 0.0004544057458452523
17 11 -0.001834157307009359
17 12 -0.000589786107255516
17 13 -0.00101883552019498
17 14 0.004357846516527963
17 15 0.001216204265837973
17 16 9.072878710829005e-05
17 17 0.01535155719474054
17 18 0.0008177948461451034
17 19 -0.00191179524793848
17 20 -0.001546222367758445
17 21 -0.0008761969940032578
17 22 0.0005088708604400726
18 0 0.0002242581018000459
18 1 -7.975912917291342e-05
18 2 -0.001609314239279417
18 3 0.0007677914542493342
18 4 -3.078825935430345e-06
18 5 -0.0007124559951801393
18 6 -0.0008120688134167938
18 7 -4.385004468373259e-06
18 8 0.001243459929394823
18 9 0.0001680232305985759
18 10 -7.768262901084087e-05
18 11 0.001826862491664239
18 12 0.001005585362175218
18 13 0.001409868063168838
18 14 -0.003516264870234816
18 15 -0.0006694921363416446
18 16 -0.0002297014578449455
18 17 0.0008177948461450977
18 18 0.01603267607469854
18 19 0.00254968326762563
18 20 -0.001053930859098038
18 21 -0.000426935516337738
18 22 -0.0001461537826427432
19 0 0.0001715763570964412
19 1 -0.000939200098734979
19 2 0.001111853911273381
19 3 0.0001360238966526534
19 4 -0.0004723697424965561
19 5 -0.002490763498376807
19 6 -0.0007643782902933827
19 7 -0.001298034534571079
19 8 0.0009842630508975121
19 9 0.0007656781605823056
19 10 -0.0002588777180803222
19 11 0.001500785184552413
19 12 -0.0002343990147623691
19 13 -0.002733939861603949
19 14 0.004938245592592802
19 15 0.003054107782221592
19 16 -0.0007514777213135219
19 17 -0.001911795247938478
19 18 0.002549683267625635
19 19 0.01525852021948836
19 20 -0.001569554134501877
19 21 -0.0003485861674986861
19 22 -0.0002613532611637233
20 0 -0.0002390299705918986
20 1 -0.0008768803511896017
20 2 0.000353071450260109
20 3 -0.0004866383132821267
20 4 -0.0006701076771340091
20 5 -0.001331457829040595
20 6 0.0006218672178643655
20 7 -0.0008277242143397625
20 8 -0.0001623337892997921
20 9 0.0004415383207528136
20 10 0.0002660533557534443
20 11 -0.001464599101730119
20 12 -0.0004058943100840104
20 13 -0.002676814205953723
20 14 0.003344203905265065
20 15 0.003129859772765163
20 16 -0.002135596917030078
20 17 -0.001546222367758471
20 18 -0.001053930859098043
20 19 -0.001569554134501884
20 20 0.01583972948442962
20 21 -0.0008655491221558914
20 22 -0.0006175395819812792
21 0 -3.213953019070698e-06
21 1 -0.000208588743514031
21 2 0.0004952248919896727
21 3 0.000811144689674042
21 4 0.0002445771888346308
21 5 -0.001802092270199864
21 6 -0.0004148520024987987
21 7 -0.0002873903407174638
21 8 0.0004489586744986952
21 9 -0.0002120409808370751
21 10 -0.0003399877050777761
21 11 0.002385928383612637
21 12 0.0002259714442066791
21 13 -0.001248391868696513
21 14 0.002627540557221589
21 15 0.0005827381241173086
21 16 -0.0008173154799834067
21 17 -0.0008761969940032485
21 18 -0.0004269355163377062
21 19 -0.0003485861674986875
21 20 -0.0008655491221558643
21 21 0.01809174191569134
21 22 -0.0004028495699756502
22 0 7.570098946394656e-05
22 1 -0.0006907545747929403
22 2 0.0004225460392212455
22 3 0.0008611187002801883
22 4 -0.0003660273434445904
22 5 -0.001101924036982434
22 6 -0.0008169909207795156
22 7 0.000125547958213868
22 8 0.0003605514784694439
22 9 -0.0007294262629741891
22 10 0.0004732997265348318
22 11 0.00148538237248826
22 12 0.000630147370569611
22 13 -0.0001531780780464949
22 14 0.0005773418567356437
22 15 0.0009444835397262635
22 16 -0.00122825693871449
22 17 0.0005088708604400782
22 18 -0.0001461537826427369
22 19 -0.0002613532611637085
22 20 -0.0006175395819813026
22 21 -0.0004028495699756473
22 22 0.01776705480212507
