0 0 1.999986750187897
0 1 -2.319828775992743e-05
0 2 8.740722793749531e-06
0 3 8.265997493466027e-07
0 4 -1.196819912909897e-05
0 5 -1.383639894658906e-05
0 6 6.916210111018899e-06
0 7 -8.724044046687045e-06
0 8 -1.564450196320012e-05
0 9 -5.113237842286599e-07
0 10 1.063356127429673e-06
0 11 -1.806829827076765e-06
0 12 1.143584211824436e-06
0 13 -1.337801781516097e-06
0 14 -3.163105361690415e-06
0 15 1.339860555998076e-06
0 16 -4.259247816732422e-06
0 17 3.339838963440138e-05
0 18 1.510966890781395e-05
0 19 2.592536396582366e-05
0 20 1.593800632691983e-05
0 21 -1.047794644340953e-05
0 22 -9.656237652515414e-06
0 23 -2.274794204078012e-05
0 24 -6.590756096626213e-06
0 25 1.699721599419887e-05
0 26 5.827688158022817e-05
0 27 -2.083014756334474e-05
1 0 -2.319828775992741e-05
1 1 1.990430843744269
1 2 -0.0006776706115526272
1 3 0.0002956304392517926
1 4 -0.002111821842590558
1 5 -0.0006820568018080726
1 6 1.95297833902019e-05
1 7 -0.000238742703788467
1 8 -0.001117104795118878
1 9 0.000208647912475418
1 10 0.0006792781881786443
1 11 0.0002126492909374499
1 12 -0.0003912987712421134
1 13 3.974992534796094e-05
1 14 0.0004767509030922035
1 15 -0.0001351847666369324
1 16 0.000750164954387093
1 17 -0.0008106491731183362
1 18 -0.001722611906802855
1 19 -0.003594368160938477
1 20 -0.0007129784091402934
1 21 9.550170996467446e-05
1 22 0.001813452816431652
1 23 1.983291916669741e-05
1 24 -0.0006851187802703432
1 25 -0.00135812624676941
1 26 -0.0007121514915372462
1 27 -1.357820894650201e-05
2 0 8.740722793749455e-06
2 1 -0.0006776706115526267
2 2 1.990331129679552
2 3 1.553967606731407e-05
2 4 0.001649237099055503
2 5 0.000959696367561425
2 6 -0.002027466927840249
2 7 0.001683400074014931
2 8 0.002342484337201584
2 9 -6.199587913094662e-05
2 10 -0.001692054065259271
2 11 -0.0001445240426431456
2 12 0.0007837512072988081
2 13 0.0007593328022901891
2 14 -0.0001989062184391987
2 15 -0.0004614797645243972
2 16 0.001944371731301829
2 17 0.003068342782731584
2 18 -0.0041589424644708
2 19 0.001224072531993947
2 20 0.0002666858464577122
2 21 0.002465693371909993
2 22 -0.0001843456797229422
2 23 0.003157364216911409
2 24 0.001729144608136487
2 25 -0.001232254215979561
2 26 0.000155951947280999
2 27 -0.004517162869046434
3 0 8.265997493465717e-07
3 1 0.0002956304392517856
3 2 1.553967606730873e-05
3 3 1.99212457427683
3 4 -0.00130274135023302
3 5 -0.00101590156080437
3 6 -0.002591274022932419
3 7 0.0007106927051131759
3 8 -0.001403636346215782
3 9 0.000272929202794816
3 10 0.004378478826304304
3 11 0.002391623374921724
3 12 -9.755468892666899e-05
3 13 -0.0005849753315186878
3 14 -9.368734397822917e-05
3 15 -0.0001804476819066019
3 16 -0.0005296936606631424
3 17 -0.0009167555914242896
3 18 0.001219294423157608
3 19 0.000575724576053885
3 20 -0.001411464163666689
3 21 -0.0007400563911883069
3 22 -0.0007339754732210242
3 23 0.001666334640224125
3 24 0.0002423356967131476
3 25 -0.003472344718179785
3 26 0.001356321844950517
3 27 0.001444088254272469
4 0 -1.196819912909898e-05
4 1 -0.002111821842590522
4 2 0.001649237099055456
4 3 -0.001302741350233015
4 4 1.988635700665265
4 5 0.002285934127390379
4 6 0.001875804243300655
4 7 8.68646470595644e-05
4 8 0.001073326170763927
4 9 -0.0001987221441581339
4 10 0.0005066621721205554
4 11 0.0002316320792129884
4 12 -0.001474702283100351
4 13 -0.0006014672260833546
4 14 0.003690325997833197
4 15 0.0005007415099009678
4 16 -0.001907670338547241
4 17 0.0002561439622734216
4 18 0.002173644027402163
4 19 -0.0006610880951290965
4 20 0.001585345925019474
4 21 0.0002701523042716693
4 22 -0.002684632021579838
4 23 -0.0007872322304484417
4 24 0.001892062817200337
4 25 0.005177776365262851
4 26 0.0008284016195999535
4 27 0.006213778009242733
5 0 -1.383639894658887e-05
5 1 -0.0006820568018080844
5 2 0.0009596963675614192
5 3 -0.001015901560804379
5 4 0.002285934127390378
5 5 1.984937620822127
5 6 0.0003160398143265179
5 7 -0.002241774718307885
5 8 -0.005944284677266789
5 9 8.04665673920732e-05
5 10 0.001062173956033726
5 11 -0.001346764573527631
5 12 -0.002646706140160352
5 13 -9.667295805280145e-05
5 14 -0.00507997800368298
5 15 -0.0004737215188298615
5 16 -0.0006524596776691113
5 17 -0.002200723962254159
5 18 0.002210942508522096
5 19 0.002034357844922069
5 20 0.001266573102952878
5 21 0.001601934849934027
5 22 0.001054609625137574
5 23 0.002412562636283372
5 24 -0.000387725671062592
5 25 -0.000744560662707745
5 26 -0.0005454283966658117
5 27 -0.007060267140979618
6 0 6.916210111019152e-06
6 1 1.952978339022783e-05
6 2 -0.002027466927840222
6 3 -0.002591274022932377
6 4 0.001875804243300639
6 5 0.0003160398143265275
6 6 1.981897743320328
6 7 -0.0001482277679134621
6 8 -0.001853955111315136
6 9 0.000633575719873935
6 10 0.001702981961704809
6 11 0.001312352527865248
6 12 -0.001214778671582836
6 13 -0.001585838611416441
6 14 0.001103586202060452
6 15 0.0008296931082018743
6 16 0.01112026237568381
6 17 -0.0003806733055233264
6 18 0.001827856491059641
6 19 -0.003567872237996878
6 20 -0.001049985614076351
6 21 -0.002849231776479254
6 22 0.00416596404111765
6 23 0.0008191914502044545
6 24 -0.001285143749224037
6 25 8.416449392943047e-05
6 26 -5.741482596424491e-06
6 27 -0.009524333183768918
7 0 -8.724044046686677e-06
7 1 -0.0002387427037884729
7 2 0.001683400074014916
7 3 0.0007106927051131703
7 4 8.686464705956413e-05
7 5 -0.00224177471830792
7 6 -0.0001482277679134635
7 7 1.98339468143534
7 8 0.001035524055044694
7 9 -0.0002147507507146848
7 10 -0.001598863834617808
7 11 -0.0003106272175995995
7 12 0.003273086590475687
7 13 -0.005262373657765673
7 14 -0.001038256655737147
7 15 0.004300514729192382
7 16 0.03026689637726304
7 17 0.003682247561036296
7 18 0.002259565542189111
7 19 0.003456561327378352
7 20 -0.005694508941243721
7 21 -0.005466144060387757
7 22 0.005572756023961144
7 23 0.002892921941958423
7 24 0.00224490019942869
7 25 0.001898977435623077
7 26 -0.0006706001882799794
7 27 -1.69650656435838e-05
8 0 -1.564450196320023e-05
8 1 -0.001117104795118886
8 2 0.00234248433720155
8 3 -0.001403636346215788
8 4 0.001073326170763912
8 5 -0.005944284677266843
8 6 -0.001853955111315128
8 7 0.001035524055044724
8 8 1.983822739201601
8 9 -6.160245489673734e-05
8 10 -0.001243836591354287
8 11 0.001126017228823537
8 12 0.004613073298695257
8 13 0.002595508261939528
8 14 -0.001846067100550568
8 15 -0.001530788467560221
8 16 -0.009403095516639821
8 17 -0.001406464978548476
8 18 0.001930505182848413
8 19 0.0007373704381477459
8 20 0.00148848294383441
8 21 0.002522719044528908
8 22 -0.003780391793046262
8 23 0.0004316970634978695
8 24 0.0004660825257355869
8 25 -0.001717336892410978
8 26 -0.001471445730419706
8 27 -0.009698868767463493
9 0 -5.113237842288022e-07
9 1 0.0002086479124754276
9 2 -6.199587913092364e-05
9 3 0.0002729292027948625
9 4 -0.0001987221441581397
9 5 8.046656739201929e-05
9 6 0.0006335757198739289
9 7 -0.0002147507507146384
9 8 -6.160245489676052e-05
9 9 1.982261873678113
9 10 -0.0007310172156266331
9 11 -0.0008106073898073582
9 12 0.001235418346270706
9 13 -0.005522633831860638
9 14 0.0002026899574041017
9 15 0.003186361142924505
9 16 0.01384634461542033
9 17 0.0006541761428018183
9 18 0.0008232440709341005
9 19 0.00027949370955618
9 20 -0.004249099219718663
9 21 0.001031685011312716
9 22 0.002531989667259361
9 23 -9.957657642786063e-05
9 24 -0.0006881100311005292
9 25 0.002378519269880998
9 26 0.0005175970154397353
9 27 0.0005307272036079896
10 0 1.063356127429333e-06
10 1 0.0006792781881786805
10 2 -0.001692054065259354
10 3 0.004378478826304428
10 4 0.0005066621721205617
10 5 0.001062173956033734
10 6 0.001702981961704806
10 7 -0.001598863834617764
10 8 -0.001243836591354294
10 9 -0.000731017215626633
10 10 1.978570946688175
10 11 -0.004299803730492088
10 12 -0.0008492547845888019
10 13 -0.001524885362573897
10 14 0.001557594841775472
10 15 0.001653027148418351
10 16 0.004732990230347135
10 17 0.002021491118311658
10 18 0.002511779473095516
10 19 -0.002511288474664662
10 20 -0.001108309674006166
10 21 -0.0004724138408576458
10 22 0.001126439838045982
10 23 -0.001119843207889782
10 24 0.002468445215076757
10 25 -0.004838309015571743
10 26 -0.001414647674647519
10 27 -0.006326277799191647
11 0 -1.806829827077219e-06
11 1 0.0002126492909374377
11 2 -0.0001445240426431278
11 3 0.002391623374921699
11 4 0.0002316320792129796
11 5 -0.001346764573527595
11 6 0.001312352527865255
11 7 -0.0003106272175995827
11 8 0.001126017228823522
11 9 -0.0008106073898073604
11 10 -0.004299803730492066
11 11 1.980999621645086
11 12 0.0007045567972982501
11 13 0.0003585818071870966
11 14 0.00118448919934691
11 15 0.0002743731341647167
11 16 -0.0009552376557126936
11 17 0.002915144915486385
11 18 0.001887216125171166
11 19 -0.004505998040474614
11 20 0.001423815602470629
11 21 -0.001691587052143076
11 22 0.0006931289322380047
11 23 -0.001283762216219617
11 24 -0.003099924468915687
11 25 6.956888400999568e-05
11 26 0.0004710942766848018
11 27 -0.004091752565010195
12 0 1.143584211824181e-06
12 1 -0.0003912987712420984
12 2 0.0007837512072988175
12 3 -9.755468892671312e-05
12 4 -0.001474702283100333
12 5 -0.002646706140160325
12 6 -0.00121477867158281
12 7 0.003273086590475618
12 8 0.004613073298695139
12 9 0.001235418346270823
12 10 -0.0008492547845888121
12 11 0.0007045567972982342
12 12 1.989763282665629
12 13 0.004565583448353223
12 14 0.001425970674180825
12 15 -0.003408346669800142
12 16 -0.009011830691827514
12 17 0.003833114447636933
12 18 -0.0005369282537418711
12 19 0.00476172861284505
12 20 0.001516010666666394
12 21 0.0006817642085796504
12 22 -0.0002984941109352863
12 23 -0.003022868577795625
12 24 -0.00046357142920168
12 25 0.0001753356110143258
12 26 0.001395109625929175
12 27 0.0006413668261580504
13 0 -1.337801781515755e-06
13 1 3.974992534798434e-05
13 2 0.0007593328022901504
13 3 -0.0005849753315186923
13 4 -0.000601467226083332
13 5 -9.667295805281784e-05
13 6 -0.001585838611416458
13 7 -0.00526237365776552
13 8 0.002595508261939631
13 9 -0.005522633831860848
13 10 -0.001524885362573853
13 11 0.0003585818071870992
13 12 0.004565583448353228
13 13 1.951816002555601
13 14 -0.0002511958206386897
13 15 0.02608715069010917
13 16 0.0577760415325005
13 17 0.003106038967764299
13 18 0.0009437191158586174
13 19 0.002335594070757475
13 20 -0.003959874564010733
13 21 -0.004902858713476597
13 22 0.003189961373059943
13 23 3.137331344591743e-05
13 24 0.0006594300227446826
13 25 0.001115615855764507
13 26 0.0003059217556742758
13 27 0.003766473750311899
14 0 -3.163105361690211e-06
14 1 0.0004767509030922236
14 2 -0.000198906218439216
14 3 -9.368734397824477e-05
14 4 0.003690325997833283
14 5 -0.005079978003682976
14 6 0.001103586202060429
14 7 -0.001038256655737184
14 8 -0.001846067100550553
14 9 0.000202689957404102
14 10 0.001557594841775482
14 11 0.001184489199346958
14 12 0.001425970674180845
14 13 -0.0002511958206386906
14 14 1.984209329621833
14 15 0.0003765259956689651
14 16 -0.005240313826462627
14 17 -0.006640378035359632
14 18 0.0130587228151675
14 19 -0.02930002148579091
14 20 0.006165381201280424
14 21 0.003224721923667006
14 22 0.01675845513763428
14 23 0.00168716516432179
14 24 0.00360036420333852
14 25 -0.004853880381944444
14 26 0.02243776950016147
14 27 -0.004978791156821306
15 0 1.339860555997964e-06
15 1 -0.000135184766636944
15 2 -0.0004614797645244321
15 3 -0.0001804476819066076
15 4 0.0005007415099009792
15 5 -0.0004737215188298462
15 6 0.0008296931082019013
15 7 0.004300514729192078
15 8 -0.001530788467560214
15 9 0.003186361142924926
15 10 0.001653027148418387
15 11 0.0002743731341647452
15 12 -0.003408346669800283
15 13 0.0260871506901106
15 14 0.0003765259956689477
15 15 1.948181311915389
15 16 0.02275990878940028
15 17 0.004667566424051479
15 18 0.002239010107497338
15 19 0.001358297264609081
15 20 -0.009103034279385325
15 21 -0.008787097282187312
15 22 0.0101312612472931
15 23 0.002210508083435431
15 24 0.001498619594911683
15 25 0.0006342437341075894
15 26 0.0006925971273538303
15 27 -0.0001703713691170914
16 0 -4.259247816732781e-06
16 1 0.0007501649543870607
16 2 0.001944371731301791
16 3 -0.0005296936606631475
16 4 -0.001907670338547293
16 5 -0.0006524596776690829
16 6 0.01112026237568432
16 7 0.03026689637726415
16 8 -0.009403095516639847
16 9 0.01384634461542056
16 10 0.00473299023034752
16 11 -0.0009552376557126968
16 12 -0.009011830691828742
16 13 0.05777604153250376
16 14 -0.005240313826462305
16 15 0.02275990878940061
16 16 0.0948555391352697
16 17 0.002790449943278789
16 18 0.002016777446627208
16 19 0.001552352883289813
16 20 -0.004280903261080131
16 21 -0.005089834907209013
16 22 0.003941134979814907
16 23 0.001251226695826728
16 24 0.001016951192443807
16 25 0.0004398700630332334
16 26 -0.001016265430003217
16 27 0.0002114914702830464
17 0 3.339838963440041e-05
17 1 -0.0008106491731183181
17 2 0.003068342782731715
17 3 -0.0009167555914243203
17 4 0.0002561439622734068
17 5 -0.002200723962254167
17 6 -0.0003806733055233266
17 7 0.003682247561036278
17 8 -0.001406464978548547
17 9 0.0006541761428017804
17 10 0.002021491118311497
17 11 0.00291514491548643
17 12 0.00383311444763712
17 13 0.003106038967764286
17 14 -0.006640378035359513
17 15 0.004667566424051691
17 16 0.002790449943278716
17 17 0.02342994322114991
17 18 -0.001385520812064175
17 19 0.00193358707046907
17 20 0.0009336284399548281
17 21 -0.0002343469843065013
17 22 0.0002733926796414149
17 23 -0.002400386054988603
17 24 -0.001861734182442819
17 25 0.005436393135832598
17 26 -0.0009931901525162886
17 27 -0.001150917005442798
18 0 1.510966890781435e-05
18 1 -0.001722611906802894
18 2 -0.004158942464470875
18 3 0.001219294423157616
18 4 0.002173644027402062
18 5 0.002210942508522014
18 6 0.001827856491059716
18 7 0.002259565542189224
18 8 0.001930505182848414
18 9 0.0008232440709340952
18 10 0.002511779473095358
18 11 0.001887216125171099
18 12 -0.0005369282537418806
18 13 0.0009437191158585402
18 14 0.01305872281516741
18 15 0.002239010107497246
18 16 0.002016777446627282
18 17 -0.001385520812064161
18 18 0.02124076746097007
18 19 -0.004059166302217001
18 20 0.0007148498193055467
18 21 -0.0005555295540413958
18 22 0.002223808883668935
18 23 -0.001384269493562983
18 24 -0.001002716766208805
18 25 0.002043698991715826
18 26 0.003800282260370965
18 27 -0.000751367908157879
19 0 2.592536396582333e-05
19 1 -0.003594368160938451
19 2 0.001224072531993963
19 3 0.0005757245760538905
19 4 -0.0006610880951291268
19 5 0.002034357844922082
19 6 -0.003567872237996768
19 7 0.003456561327378202
19 8 0.0007373704381477583
19 9 0.0002794937095561696
19 10 -0.002511288474664863
19 11 -0.004505998040474215
19 12 0.004761728612844738
19 13 0.002335594070757581
19 14 -0.02930002148579057
19 15 0.00135829726460906
19 16 0.001552352883289587
19 17 0.001933587070468942
19 18 -0.004059166302217128
19 19 0.02518283973770706
19 20 -0.0003714609510756924
19 21 1.286508120046117e-05
19 22 -0.002379965807483234
19 23 0.001928771464834237
19 24 -0.0006148888870520493
19 25 -0.0003317314696923388
19 26 -0.001669934468623954
19 27 -0.0005654583147371298
20 0 1.59380063269203e-05
20 1 -0.0007129784091402835
20 2 0.000266685846457723
20 3 -0.001411464163666643
20 4 0.001585345925019475
20 5 0.001266573102952808
20 6 -0.001049985614076366
20 7 -0.005694508941243655
20 8 0.00148848294383437
20 9 -0.004249099219718794
20 10 -0.001108309674006194
20 11 0.001423815602470596
20 12 0.001516010666666421
20 13 -0.003959874564010823
20 14 0.006165381201280683
20 15 -0.009103034279385289
20 16 -0.004280903261080068
20 17 0.0009336284399547434
20 18 0.0007148498193055844
20 19 -0.0003714609510756968
20 20 0.01780950783367176
20 21 -0.0002941609618878336
20 22 -0.0003145315824435021
20 23 -0.001365134208401653
20 24 -0.0001941476900758289
20 25 -0.001133867734353334
20 26 0.0008831748133181461
20 27 0.0003321415092382662
21 0 -1.047794644340956e-05
21 1 9.550170996466649e-05
21 2 0.002465693371909957
21 3 -0.0007400563911883048
21 4 0.0002701523042716451
21 5 0.001601934849933984
21 6 -0.002849231776479278
21 7 -0.005466144060387795
21 8 0.002522719044528836
21 9 0.001031685011312735
21 10 -0.0004724138408576404
21 11 -0.001691587052143054
21 12 0.0006817642085796428
21 13 -0.004902858713476566
21 14 0.003224721923667042
21 15 -0.00878709728218712
21 16 -0.005089834907209324
21 17 -0.0002343469843064431
21 18 -0.0005555295540414069
21 19 1.286508120045822e-05
21 20 -0.0002941609618878202
21 21 0.01718172773925669
21 22 -0.002466771409278669
21 23 -0.0009287626259354331
21 24 -0.001215835713642564
21 25 -0.003658662387919562
21 26 -0.0005991906208865751
21 27 0.0008789043541401264
22 0 -9.656237652516912e-06
22 1 0.001813452816431431
22 2 -0.000184345679722984
22 3 -0.0007339754732210123
22 4 -0.002684632021579791
22 5 0.001054609625137569
22 6 0.004165964041117701
22 7 0.005572756023961333
22 8 -0.003780391793046195
22 9 0.002531989667259385
22 10 0.001126439838045932
22 11 0.0006931289322379902
22 12 -0.0002984941109352836
22 13 0.003189961373060123
22 14 0.01675845513763483
22 15 0.01013126124729337
22 16 0.003941134979815217
22 17 0.0002733926796413631
22 18 0.00222380888366876
22 19 -0.002379965807483267
22 20 -0.0003145315824435486
22 21 -0.002466771409278756
22 22 0.01610237236590283
22 23 0.0009502253337584172
22 24 0.002325685978123272
22 25 -0.001774350145732846
22 26 0.001666524820147133
22 27 0.0005563768605521237
23 0 -2.274794204077966e-05
23 1 1.983291916669246e-05
23 2 0.003157364216911599
23 3 0.001666334640224206
23 4 -0.0007872322304484426
23 5 0.00241256263628342
23 6 0.0008191914502044591
23 7 0.002892921941958486
23 8 0.0004316970634979004
23 9 -9.957657642786037e-05
23 10 -0.001119843207889641
23 11 -0.001283762216219687
23 12 -0.003022868577795525
23 13 3.137331344592704e-05
23 14 0.001687165164321532
23 15 0.002210508083435516
23 16 0.001251226695826725
23 17 -0.002400386054988548
23 18 -0.001384269493562961
23 19 0.001928771464834204
23 20 -0.001365134208401647
23 21 -0.0009287626259354465
23 22 0.0009502253337584188
23 23 0.01600901446067136
23 24 -0.001396122094320445
23 25 -0.003257070705451916
23 26 -0.0008781256804890169
23 27 0.001078500704407866
24 0 -6.590756096626113e-06
24 1 -0.0006851187802703635
24 2 0.00172914460813652
24 3 0.00024233569671315
24 4 0.001892062817200325
24 5 -0.0003877256710625964
24 6 -0.001285143749224029
24 7 0.002244900199428755
24 8 0.0004660825257355816
24 9 -0.0006881100311005148
24 10 0.00246844521507656
24 11 -0.003099924468915575
24 12 -0.0004635714292016779
24 13 0.0006594300227446544
24 14 0.0036003642033385
24 15 0.001498619594911666
24 16 0.001016951192443755
24 17 -0.001861734182442786
24 18 -0.001002716766208819
24 19 -0.0006148888870520373
24 20 -0.0001941476900758113
24 21 -0.001215835713642609
24 22 0.002325685978123221
24 23 -0.001396122094320454
24 24 0.01191627926589395
24 25 0.001047165852896726
24 26 0.0001387110676112958
24 27 0.0005003250435585532
25 0 1.6997215994199e-05
25 1 -0.001358126246769396
25 2 -0.001232254215979584
25 3 -0.003472344718179796
25 4 0.005177776365262711
25 5 -0.0007445606627077734
25 6 8.416449392941312e-05
25 7 0.001898977435622963
25 8 -0.001717336892410983
25 9 0.002378519269880838
25 10 -0.004838309015571709
25 11 6.956888400999831e-05
25 12 0.0001753356110143306
25 13 0.001115615855764583
25 14 -0.004853880381944824
25 15 0.0006342437341075578
25 16 0.000439870063033229
25 17 0.005436393135832782
25 18 0.002043698991715824
25 19 -0.0003317314696923233
25 20 -0.001133867734353501
25 21 -0.003658662387919547
25 22 -0.00177435014573288
25 23 -0.003257070705452008
25 24 0.001047165852896716
25 25 0.008278986694908966
25 26 -0.0002119546702038006
25 27 0.001831988668765596
26 0 5.827688158022894e-05
26 1 -0.0007121514915372266
26 2 0.0001559519472809945
26 3 0.001356321844950464
26 4 0.0008284016195999601
26 5 -0.0005454283966657126
26 6 -5.741482596413649e-06
26 7 -0.0006706001882796981
26 8 -0.001471445730419744
26 9 0.0005175970154397247
26 10 -0.001414647674647475
26 11 0.0004710942766848175
26 12 0.001395109625929134
26 13 0.0003059217556742694
26 14 0.02243776950016072
26 15 0.0006925971273537931
26 16 -0.001016265430003277
26 17 -0.0009931901525162957
26 18 0.003800282260371159
26 19 -0.001669934468624071
26 20 0.0008831748133181598
26 21 -0.0005991906208865543
26 22 0.001666524820147149
26 23 -0.0008781256804889618
26 24 0.0001387110676113004
26 25 -0.0002119546702037815
26 26 0.01983536720334855
26 27 0.0006624546023943877
27 0 -2.083014756334447e-05
27 1 -1.35782089464941e-05
27 2 -0.00451716286904646
27 3 0.001444088254272467
27 4 0.006213778009242528
27 5 -0.007060267140979468
27 6 -0.009524333183768816
27 7 -1.696506564358078e-05
27 8 -0.009698868767463269
27 9 0.0005307272036079913
27 10 -0.006326277799191505
27 11 -0.004091752565009969
27 12 0.000641366826158053
27 13 0.003766473750311892
27 14 -0.004978791156821043
27 15 -0.0001703713691170772
27 16 0.0002114914702830952
27 17 -0.00115091700544284
27 18 -0.0007513679081577933
27 19 -0.0005654583147371164
27 20 0.0003321415092382584
27 21 0.0008789043541401334
27 22 0.0005563768605521069
27 23 0.001078500704407911
27 24 0.0005003250435585414
27 25 0.001831988668765657
27 26 0.0006624546023944148
27 27 0.0167935024587525
