00000000000011111111111
00000000000101111111111
00000000000110111111111
00000000000111011111111
00000000000111101111111
00000000000111110111111
00000000000111111011111
00000000000111111101111
00000000000111111110111
00000000000111111111011
00000000000111111111101
00000000000111111111110
00000000001001111111111
00000000001010111111111
00000000001011011111111
00000000001011101111111
00000000001011110111111
00000000001011111011111
00000000001011111101111
00000000001011111110111
00000000001011111111011
00000000001011111111101
00000000001011111111110
00000000001100111111111
00000000001101011111111
00000000001101101111111
00000000001101110111111
00000000001101111011111
00000000001101111101111
00000000001101111110111
00000000001101111111011
00000000001101111111101
00000000001101111111110
00000000001110011111111
00000000001110101111111
00000000001110110111111
00000000001110111011111
00000000001110111101111
00000000001110111110111
00000000001110111111011
00000000001110111111101
00000000001110111111110
00000000001111001111111
00000000001111010111111
00000000001111011011111
00000000001111011101111
00000000001111011110111
00000000001111011111011
00000000001111011111101
00000000001111011111110
00000000001111100111111
00000000001111101011111
00000000001111101101111
00000000001111101110111
00000000001111101111011
00000000001111101111101
00000000001111101111110
00000000001111110011111
00000000001111110101111
00000000001111110110111
00000000001111110111011
00000000001111110111101
00000000001111110111110
00000000001111111001111
00000000001111111010111
00000000001111111011011
00000000001111111011101
00000000001111111011110
00000000001111111100111
00000000001111111101011
00000000001111111101101
00000000001111111101110
00000000001111111110011
00000000001111111110101
00000000001111111110110
00000000001111111111001
00000000001111111111010
00000000001111111111100
00000000010001111111111
00000000010010111111111
00000000010011011111111
00000000010011101111111
00000000010011110111111
00000000010011111011111
00000000010011111101111
00000000010011111110111
00000000010011111111011
00000000010011111111101
00000000010011111111110
00000000010100111111111
00000000010101011111111
00000000010101101111111
00000000010101110111111
00000000010101111011111
00000000010101111101111
00000000010101111110111
00000000010101111111011
00000000010101111111101
00000000010101111111110
00000000010110011111111
00000000010110101111111
00000000010110110111111
00000000010110111011111
00000000010110111101111
00000000010110111110111
00000000010110111111011
00000000010110111111101
00000000010110111111110
00000000010111001111111
00000000010111010111111
00000000010111011011111
00000000010111011101111
00000000010111011110111
00000000010111011111011
00000000010111011111101
00000000010111011111110
00000000010111100111111
00000000010111101011111
00000000010111101101111
00000000010111101110111
00000000010111101111011
00000000010111101111101
00000000010111101111110
00000000010111110011111
00000000010111110101111
00000000010111110110111
00000000010111110111011
00000000010111110111101
00000000010111110111110
00000000010111111001111
00000000010111111010111
00000000010111111011011
00000000010111111011101
00000000010111111011110
00000000010111111100111
00000000010111111101011
00000000010111111101101
00000000010111111101110
00000000010111111110011
00000000010111111110101
00000000010111111110110
00000000010111111111001
00000000010111111111010
00000000010111111111100
00000000011000111111111
00000000011001011111111
00000000011001101111111
00000000011001110111111
00000000011001111011111
00000000011001111101111
00000000011001111110111
00000000011001111111011
00000000011001111111101
00000000011001111111110
00000000011010011111111
00000000011010101111111
00000000011010110111111
00000000011010111011111
00000000011010111101111
00000000011010111110111
00000000011010111111011
00000000011010111111101
00000000011010111111110
00000000011011001111111
00000000011011010111111
00000000011011011011111
00000000011011011101111
00000000011011011110111
00000000011011011111011
00000000011011011111101
00000000011011011111110
00000000011011100111111
00000000011011101011111
00000000011011101101111
00000000011011101110111
00000000011011101111011
00000000011011101111101
00000000011011101111110
00000000011011110011111
00000000011011110101111
00000000011011110110111
00000000011011110111011
00000000011011110111101
00000000011011110111110
00000000011011111001111
00000000011011111010111
00000000011011111011011
00000000011011111011101
00000000011011111011110
00000000011011111100111
00000000011011111101011
00000000011011111101101
00000000011011111101110
00000000011011111110011
00000000011011111110101
00000000011011111110110
00000000011011111111001
00000000011011111111010
00000000011011111111100
00000000100001111111111
00000000100010111111111
00000000100011011111111
00000000100011101111111
00000000100011110111111
00000000100011111011111
00000000100011111101111
00000000100011111110111
00000000100011111111011
00000000100011111111101
00000000100011111111110
00000000100100111111111
00000000100101011111111
00000000100101101111111
00000000100101110111111
00000000100101111011111
00000000100101111101111
00000000100101111110111
00000000100101111111011
00000000100101111111101
00000000100101111111110
00000000100110011111111
00000000100110101111111
00000000100110110111111
00000000100110111011111
00000000100110111101111
00000000100110111110111
00000000100110111111011
00000000100110111111101
00000000100110111111110
00000000100111001111111
00000000100111010111111
00000000100111011011111
00000000100111011101111
00000000100111011110111
00000000100111011111011
00000000100111011111101
00000000100111011111110
00000000100111100111111
00000000100111101011111
00000000100111101101111
00000000100111101110111
00000000100111101111011
00000000100111101111101
00000000100111101111110
00000000100111110011111
00000000100111110101111
00000000100111110110111
00000000100111110111011
00000000100111110111101
00000000100111110111110
00000000100111111001111
00000000100111111010111
00000000100111111011011
00000000100111111011101
00000000100111111011110
00000000100111111100111
00000000100111111101011
00000000100111111101101
00000000100111111101110
00000000100111111110011
00000000100111111110101
00000000100111111110110
00000000100111111111001
00000000100111111111010
00000000100111111111100
00000000101000111111111
00000000101001011111111
00000000101001101111111
00000000101001110111111
00000000101001111011111
00000000101001111101111
00000000101001111110111
00000000101001111111011
00000000101001111111101
00000000101001111111110
00000000101010011111111
00000000101010101111111
00000000101010110111111
00000000101010111011111
00000000101010111101111
00000000101010111110111
00000000101010111111011
00000000101010111111101
00000000101010111111110
00000000101011001111111
00000000101011010111111
00000000101011011011111
00000000101011011101111
00000000101011011110111
00000000101011011111011
00000000101011011111101
00000000101011011111110
00000000101011100111111
00000000101011101011111
00000000101011101101111
00000000101011101110111
00000000101011101111011
00000000101011101111101
00000000101011101111110
00000000101011110011111
00000000101011110101111
00000000101011110110111
00000000101011110111011
00000000101011110111101
00000000101011110111110
00000000101011111001111
00000000101011111010111
00000000101011111011011
00000000101011111011101
00000000101011111011110
00000000101011111100111
00000000101011111101011
00000000101011111101101
00000000101011111101110
00000000101011111110011
00000000101011111110101
00000000101011111110110
00000000101011111111001
00000000101011111111010
00000000101011111111100
00000000110000111111111
00000000110001011111111
00000000110001101111111
00000000110001110111111
00000000110001111011111
00000000110001111101111
00000000110001111110111
00000000110001111111011
00000000110001111111101
00000000110001111111110
00000000110010011111111
00000000110010101111111
00000000110010110111111
00000000110010111011111
00000000110010111101111
00000000110010111110111
00000000110010111111011
00000000110010111111101
00000000110010111111110
00000000110011001111111
00000000110011010111111
00000000110011011011111
00000000110011011101111
00000000110011011110111
00000000110011011111011
00000000110011011111101
00000000110011011111110
00000000110011100111111
00000000110011101011111
00000000110011101101111
00000000110011101110111
00000000110011101111011
00000000110011101111101
00000000110011101111110
00000000110011110011111
00000000110011110101111
00000000110011110110111
00000000110011110111011
00000000110011110111101
00000000110011110111110
00000000110011111001111
00000000110011111010111
00000000110011111011011
00000000110011111011101
00000000110011111011110
00000000110011111100111
00000000110011111101011
00000000110011111101101
00000000110011111101110
00000000110011111110011
00000000110011111110101
00000000110011111110110
00000000110011111111001
00000000110011111111010
00000000110011111111100
00000001000001111111111
00000001000010111111111
00000001000011011111111
00000001000011101111111
00000001000011110111111
00000001000011111011111
00000001000011111101111
00000001000011111110111
00000001000011111111011
00000001000011111111101
00000001000011111111110
00000001000100111111111
00000001000101011111111
00000001000101101111111
00000001000101110111111
00000001000101111011111
00000001000101111101111
00000001000101111110111
00000001000101111111011
00000001000101111111101
00000001000101111111110
00000001000110011111111
00000001000110101111111
00000001000110110111111
00000001000110111011111
00000001000110111101111
00000001000110111110111
00000001000110111111011
00000001000110111111101
00000001000110111111110
00000001000111001111111
00000001000111010111111
00000001000111011011111
00000001000111011101111
00000001000111011110111
00000001000111011111011
00000001000111011111101
00000001000111011111110
00000001000111100111111
00000001000111101011111
00000001000111101101111
00000001000111101110111
00000001000111101111011
00000001000111101111101
00000001000111101111110
00000001000111110011111
00000001000111110101111
00000001000111110110111
00000001000111110111011
00000001000111110111101
00000001000111110111110
00000001000111111001111
00000001000111111010111
00000001000111111011011
00000001000111111011101
00000001000111111011110
00000001000111111100111
00000001000111111101011
00000001000111111101101
00000001000111111101110
00000001000111111110011
00000001000111111110101
00000001000111111110110
00000001000111111111001
00000001000111111111010
00000001000111111111100
00000001001000111111111
00000001001001011111111
00000001001001101111111
00000001001001110111111
00000001001001111011111
00000001001001111101111
00000001001001111110111
00000001001001111111011
00000001001001111111101
00000001001001111111110
00000001001010011111111
00000001001010101111111
00000001001010110111111
00000001001010111011111
00000001001010111101111
00000001001010111110111
00000001001010111111011
00000001001010111111101
00000001001010111111110
00000001001011001111111
00000001001011010111111
00000001001011011011111
00000001001011011101111
00000001001011011110111
00000001001011011111011
00000001001011011111101
00000001001011011111110
00000001001011100111111
00000001001011101011111
00000001001011101101111
00000001001011101110111
00000001001011101111011
00000001001011101111101
00000001001011101111110
00000001001011110011111
00000001001011110101111
00000001001011110110111
00000001001011110111011
00000001001011110111101
00000001001011110111110
00000001001011111001111
00000001001011111010111
00000001001011111011011
00000001001011111011101
00000001001011111011110
00000001001011111100111
00000001001011111101011
00000001001011111101101
00000001001011111101110
00000001001011111110011
00000001001011111110101
00000001001011111110110
00000001001011111111001
00000001001011111111010
00000001001011111111100
00000001010000111111111
00000001010001011111111
00000001010001101111111
00000001010001110111111
00000001010001111011111
00000001010001111101111
00000001010001111110111
00000001010001111111011
00000001010001111111101
00000001010001111111110
00000001010010011111111
00000001010010101111111
00000001010010110111111
00000001010010111011111
00000001010010111101111
00000001010010111110111
00000001010010111111011
00000001010010111111101
00000001010010111111110
00000001010011001111111
00000001010011010111111
00000001010011011011111
00000001010011011101111
00000001010011011110111
00000001010011011111011
00000001010011011111101
00000001010011011111110
00000001010011100111111
00000001010011101011111
00000001010011101101111
00000001010011101110111
00000001010011101111011
00000001010011101111101
00000001010011101111110
00000001010011110011111
00000001010011110101111
00000001010011110110111
00000001010011110111011
00000001010011110111101
00000001010011110111110
00000001010011111001111
00000001010011111010111
00000001010011111011011
00000001010011111011101
00000001010011111011110
00000001010011111100111
00000001010011111101011
00000001010011111101101
00000001010011111101110
00000001010011111110011
00000001010011111110101
00000001010011111110110
00000001010011111111001
00000001010011111111010
00000001010011111111100
00000001100000111111111
00000001100001011111111
00000001100001101111111
00000001100001110111111
00000001100001111011111
00000001100001111101111
00000001100001111110111
00000001100001111111011
00000001100001111111101
00000001100001111111110
00000001100010011111111
00000001100010101111111
00000001100010110111111
00000001100010111011111
00000001100010111101111
00000001100010111110111
00000001100010111111011
00000001100010111111101
00000001100010111111110
00000001100011001111111
00000001100011010111111
00000001100011011011111
00000001100011011101111
00000001100011011110111
00000001100011011111011
00000001100011011111101
00000001100011011111110
00000001100011100111111
00000001100011101011111
00000001100011101101111
00000001100011101110111
00000001100011101111011
00000001100011101111101
00000001100011101111110
00000001100011110011111
00000001100011110101111
00000001100011110110111
00000001100011110111011
00000001100011110111101
00000001100011110111110
00000001100011111001111
00000001100011111010111
00000001100011111011011
00000001100011111011101
00000001100011111011110
00000001100011111100111
00000001100011111101011
00000001100011111101101
00000001100011111101110
00000001100011111110011
00000001100011111110101
00000001100011111110110
00000001100011111111001
00000001100011111111010
00000001100011111111100
00000010000001111111111
00000010000010111111111
00000010000011011111111
00000010000011101111111
00000010000011110111111
00000010000011111011111
00000010000011111101111
00000010000011111110111
00000010000011111111011
00000010000011111111101
00000010000011111111110
00000010000100111111111
00000010000101011111111
00000010000101101111111
00000010000101110111111
00000010000101111011111
00000010000101111101111
00000010000101111110111
00000010000101111111011
00000010000101111111101
00000010000101111111110
00000010000110011111111
00000010000110101111111
00000010000110110111111
00000010000110111011111
00000010000110111101111
00000010000110111110111
00000010000110111111011
00000010000110111111101
00000010000110111111110
00000010000111001111111
00000010000111010111111
00000010000111011011111
00000010000111011101111
00000010000111011110111
00000010000111011111011
00000010000111011111101
00000010000111011111110
00000010000111100111111
00000010000111101011111
00000010000111101101111
00000010000111101110111
00000010000111101111011
00000010000111101111101
00000010000111101111110
00000010000111110011111
00000010000111110101111
00000010000111110110111
00000010000111110111011
00000010000111110111101
00000010000111110111110
00000010000111111001111
00000010000111111010111
00000010000111111011011
00000010000111111011101
00000010000111111011110
00000010000111111100111
00000010000111111101011
00000010000111111101101
00000010000111111101110
00000010000111111110011
00000010000111111110101
00000010000111111110110
00000010000111111111001
00000010000111111111010
00000010000111111111100
00000010001000111111111
00000010001001011111111
00000010001001101111111
00000010001001110111111
00000010001001111011111
00000010001001111101111
00000010001001111110111
00000010001001111111011
00000010001001111111101
00000010001001111111110
00000010001010011111111
00000010001010101111111
00000010001010110111111
00000010001010111011111
00000010001010111101111
00000010001010111110111
00000010001010111111011
00000010001010111111101
00000010001010111111110
00000010001011001111111
00000010001011010111111
00000010001011011011111
00000010001011011101111
00000010001011011110111
00000010001011011111011
00000010001011011111101
00000010001011011111110
00000010001011100111111
00000010001011101011111
00000010001011101101111
00000010001011101110111
00000010001011101111011
00000010001011101111101
00000010001011101111110
00000010001011110011111
00000010001011110101111
00000010001011110110111
00000010001011110111011
00000010001011110111101
00000010001011110111110
00000010001011111001111
00000010001011111010111
00000010001011111011011
00000010001011111011101
00000010001011111011110
00000010001011111100111
00000010001011111101011
00000010001011111101101
00000010001011111101110
00000010001011111110011
00000010001011111110101
00000010001011111110110
00000010001011111111001
00000010001011111111010
00000010001011111111100
00000010010000111111111
00000010010001011111111
00000010010001101111111
00000010010001110111111
00000010010001111011111
00000010010001111101111
00000010010001111110111
00000010010001111111011
00000010010001111111101
00000010010001111111110
00000010010010011111111
00000010010010101111111
00000010010010110111111
00000010010010111011111
00000010010010111101111
00000010010010111110111
00000010010010111111011
00000010010010111111101
00000010010010111111110
00000010010011001111111
00000010010011010111111
00000010010011011011111
00000010010011011101111
00000010010011011110111
00000010010011011111011
00000010010011011111101
00000010010011011111110
00000010010011100111111
00000010010011101011111
00000010010011101101111
00000010010011101110111
00000010010011101111011
00000010010011101111101
00000010010011101111110
00000010010011110011111
00000010010011110101111
00000010010011110110111
00000010010011110111011
00000010010011110111101
00000010010011110111110
00000010010011111001111
00000010010011111010111
00000010010011111011011
00000010010011111011101
00000010010011111011110
00000010010011111100111
00000010010011111101011
00000010010011111101101
00000010010011111101110
00000010010011111110011
00000010010011111110101
00000010010011111110110
00000010010011111111001
00000010010011111111010
00000010010011111111100
00000010100000111111111
00000010100001011111111
00000010100001101111111
00000010100001110111111
00000010100001111011111
00000010100001111101111
00000010100001111110111
00000010100001111111011
00000010100001111111101
00000010100001111111110
00000010100010011111111
00000010100010101111111
00000010100010110111111
00000010100010111011111
00000010100010111101111
00000010100010111110111
00000010100010111111011
00000010100010111111101
00000010100010111111110
00000010100011001111111
00000010100011010111111
00000010100011011011111
00000010100011011101111
00000010100011011110111
00000010100011011111011
00000010100011011111101
00000010100011011111110
00000010100011100111111
00000010100011101011111
00000010100011101101111
00000010100011101110111
00000010100011101111011
00000010100011101111101
00000010100011101111110
00000010100011110011111
00000010100011110101111
00000010100011110110111
00000010100011110111011
00000010100011110111101
00000010100011110111110
00000010100011111001111
00000010100011111010111
00000010100011111011011
00000010100011111011101
00000010100011111011110
00000010100011111100111
00000010100011111101011
00000010100011111101101
00000010100011111101110
00000010100011111110011
00000010100011111110101
00000010100011111110110
00000010100011111111001
00000010100011111111010
00000010100011111111100
00000011000000111111111
00000011000001011111111
00000011000001101111111
00000011000001110111111
00000011000001111011111
00000011000001111101111
00000011000001111110111
00000011000001111111011
00000011000001111111101
00000011000001111111110
00000011000010011111111
00000011000010101111111
00000011000010110111111
00000011000010111011111
00000011000010111101111
00000011000010111110111
00000011000010111111011
00000011000010111111101
00000011000010111111110
00000011000011001111111
00000011000011010111111
00000011000011011011111
00000011000011011101111
00000011000011011110111
00000011000011011111011
00000011000011011111101
00000011000011011111110
00000011000011100111111
00000011000011101011111
00000011000011101101111
00000011000011101110111
00000011000011101111011
00000011000011101111101
00000011000011101111110
00000011000011110011111
00000011000011110101111
00000011000011110110111
00000011000011110111011
00000011000011110111101
00000011000011110111110
00000011000011111001111
00000011000011111010111
00000011000011111011011
00000011000011111011101
00000011000011111011110
00000011000011111100111
00000011000011111101011
00000011000011111101101
00000011000011111101110
00000011000011111110011
00000011000011111110101
00000011000011111110110
00000011000011111111001
00000011000011111111010
00000011000011111111100
00000100000001111111111
00000100000010111111111
00000100000011011111111
00000100000011101111111
00000100000011110111111
00000100000011111011111
00000100000011111101111
00000100000011111110111
00000100000011111111011
00000100000011111111101
00000100000011111111110
00000100000100111111111
00000100000101011111111
00000100000101101111111
00000100000101110111111
00000100000101111011111
00000100000101111101111
00000100000101111110111
00000100000101111111011
00000100000101111111101
00000100000101111111110
00000100000110011111111
00000100000110101111111
00000100000110110111111
00000100000110111011111
00000100000110111101111
00000100000110111110111
00000100000110111111011
00000100000110111111101
00000100000110111111110
00000100000111001111111
00000100000111010111111
00000100000111011011111
00000100000111011101111
00000100000111011110111
00000100000111011111011
00000100000111011111101
00000100000111011111110
00000100000111100111111
00000100000111101011111
00000100000111101101111
00000100000111101110111
00000100000111101111011
00000100000111101111101
00000100000111101111110
00000100000111110011111
00000100000111110101111
00000100000111110110111
00000100000111110111011
00000100000111110111101
00000100000111110111110
00000100000111111001111
00000100000111111010111
00000100000111111011011
00000100000111111011101
00000100000111111011110
00000100000111111100111
00000100000111111101011
00000100000111111101101
00000100000111111101110
00000100000111111110011
00000100000111111110101
00000100000111111110110
00000100000111111111001
00000100000111111111100
00000100001000111111111
00000100001001011111111
00000100001001101111111
00000100001001110111111
00000100001001111011111
00000100001001111101111
00000100001001111110111
00000100001001111111011
00000100001001111111101
00000100001001111111110
00000100001010011111111
00000100001010101111111
00000100001010110111111
00000100001010111011111
00000100001010111101111
00000100001010111110111
00000100001010111111011
00000100001010111111101
00000100001010111111110
00000100001011001111111
00000100001011010111111
00000100001011011011111
00000100001011011101111
00000100001011011110111
00000100001011011111011
00000100001011011111101
00000100001011011111110
00000100001011100111111
00000100001011101011111
00000100001011101101111
00000100001011101110111
00000100001011101111011
00000100001011101111101
00000100001011101111110
00000100001011110011111
00000100001011110101111
00000100001011110110111
00000100001011110111011
00000100001011110111101
00000100001011110111110
00000100001011111001111
00000100001011111010111
00000100001011111011011
00000100001011111011101
00000100001011111011110
00000100001011111100111
00000100001011111101011
00000100001011111101101
00000100001011111101110
00000100001011111110011
00000100001011111110101
00000100001011111110110
00000100001011111111001
00000100001011111111010
00000100001011111111100
00000100010000111111111
00000100010001011111111
00000100010001101111111
00000100010001110111111
00000100010001111011111
00000100010001111101111
00000100010001111110111
00000100010001111111011
00000100010001111111101
00000100010001111111110
00000100010010011111111
00000100010010101111111
00000100010010110111111
00000100010010111011111
00000100010010111101111
00000100010010111110111
00000100010010111111011
00000100010010111111101
00000100010010111111110
00000100010011001111111
00000100010011010111111
00000100010011011011111
00000100010011011101111
00000100010011011110111
00000100010011011111011
00000100010011011111101
00000100010011011111110
00000100010011100111111
00000100010011101011111
00000100010011101101111
00000100010011101110111
00000100010011101111011
00000100010011101111101
00000100010011101111110
00000100010011110011111
00000100010011110101111
00000100010011110110111
00000100010011110111011
00000100010011110111101
00000100010011110111110
00000100010011111001111
00000100010011111010111
00000100010011111011011
00000100010011111011101
00000100010011111011110
00000100010011111100111
00000100010011111101011
00000100010011111101101
00000100010011111101110
00000100010011111110011
00000100010011111110101
00000100010011111110110
00000100010011111111001
00000100010011111111010
00000100010011111111100
00000100100000111111111
00000100100001011111111
00000100100001101111111
00000100100001110111111
00000100100001111011111
00000100100001111101111
00000100100001111110111
00000100100001111111011
00000100100001111111101
00000100100001111111110
00000100100010011111111
00000100100010101111111
00000100100010110111111
00000100100010111011111
00000100100010111101111
00000100100010111110111
00000100100010111111011
00000100100010111111101
00000100100010111111110
00000100100011001111111
00000100100011010111111
00000100100011011011111
00000100100011011101111
00000100100011011110111
00000100100011011111011
00000100100011011111101
00000100100011011111110
00000100100011100111111
00000100100011101011111
00000100100011101101111
00000100100011101110111
00000100100011101111011
00000100100011101111101
00000100100011101111110
00000100100011110011111
00000100100011110101111
00000100100011110110111
00000100100011110111011
00000100100011110111101
00000100100011110111110
00000100100011111001111
00000100100011111010111
00000100100011111011011
00000100100011111011101
00000100100011111011110
00000100100011111100111
00000100100011111101011
00000100100011111101101
00000100100011111101110
00000100100011111110011
00000100100011111110101
00000100100011111110110
00000100100011111111001
00000100100011111111010
00000100100011111111100
00000101000000111111111
00000101000001011111111
00000101000001101111111
00000101000001110111111
00000101000001111011111
00000101000001111101111
00000101000001111110111
00000101000001111111011
00000101000001111111101
00000101000001111111110
00000101000010011111111
00000101000010101111111
00000101000010110111111
00000101000010111011111
00000101000010111101111
00000101000010111110111
00000101000010111111011
00000101000010111111101
00000101000010111111110
00000101000011001111111
00000101000011010111111
00000101000011011011111
00000101000011011101111
00000101000011011110111
00000101000011011111011
00000101000011011111101
00000101000011011111110
00000101000011100111111
00000101000011101011111
00000101000011101101111
00000101000011101110111
00000101000011101111011
00000101000011101111101
00000101000011101111110
00000101000011110011111
00000101000011110101111
00000101000011110110111
00000101000011110111011
00000101000011110111101
00000101000011110111110
00000101000011111001111
00000101000011111010111
00000101000011111011011
00000101000011111011101
00000101000011111011110
00000101000011111100111
00000101000011111101011
00000101000011111101101
00000101000011111101110
00000101000011111110011
00000101000011111110101
00000101000011111110110
00000101000011111111001
00000101000011111111010
00000101000011111111100
00000110000000111111111
00000110000001011111111
00000110000001101111111
00000110000001110111111
00000110000001111011111
00000110000001111101111
00000110000001111110111
00000110000001111111011
00000110000001111111101
00000110000001111111110
00000110000010011111111
00000110000010101111111
00000110000010110111111
00000110000010111011111
00000110000010111101111
00000110000010111110111
00000110000010111111011
00000110000010111111101
00000110000010111111110
00000110000011001111111
00000110000011010111111
00000110000011011011111
00000110000011011101111
00000110000011011110111
00000110000011011111011
00000110000011011111101
00000110000011011111110
00000110000011100111111
00000110000011101011111
00000110000011101101111
00000110000011101110111
00000110000011101111011
00000110000011101111101
00000110000011101111110
00000110000011110011111
00000110000011110101111
00000110000011110110111
00000110000011110111011
00000110000011110111101
00000110000011110111110
00000110000011111001111
00000110000011111010111
00000110000011111011011
00000110000011111011101
00000110000011111011110
00000110000011111100111
00000110000011111101011
00000110000011111101101
00000110000011111101110
00000110000011111110011
00000110000011111110101
00000110000011111110110
00000110000011111111001
00000110000011111111010
00000110000011111111100
00001000000001111111111
00001000000010111111111
00001000000011011111111
00001000000011101111111
00001000000011110111111
00001000000011111011111
00001000000011111101111
00001000000011111110111
00001000000011111111011
00001000000011111111101
00001000000011111111110
00001000000100111111111
00001000000101011111111
00001000000101101111111
00001000000101110111111
00001000000101111011111
00001000000101111101111
00001000000101111110111
00001000000101111111011
00001000000101111111101
00001000000101111111110
00001000000110011111111
00001000000110101111111
00001000000110110111111
00001000000110111011111
00001000000110111101111
00001000000110111110111
00001000000110111111011
00001000000110111111101
00001000000110111111110
00001000000111001111111
00001000000111010111111
00001000000111011011111
00001000000111011101111
00001000000111011110111
00001000000111011111011
00001000000111011111101
00001000000111011111110
00001000000111100111111
00001000000111101011111
00001000000111101101111
00001000000111101110111
00001000000111101111011
00001000000111101111101
00001000000111101111110
00001000000111110011111
00001000000111110101111
00001000000111110110111
00001000000111110111011
00001000000111110111101
00001000000111110111110
00001000000111111001111
00001000000111111010111
00001000000111111011011
00001000000111111011101
00001000000111111011110
00001000000111111100111
00001000000111111101011
00001000000111111101101
00001000000111111101110
00001000000111111110011
00001000000111111110101
00001000000111111110110
00001000000111111111001
00001000000111111111010
00001000000111111111100
00001000001000111111111
00001000001001011111111
00001000001001101111111
00001000001001110111111
00001000001001111011111
00001000001001111101111
00001000001001111110111
00001000001001111111011
00001000001001111111101
00001000001001111111110
00001000001010011111111
00001000001010101111111
00001000001010110111111
00001000001010111011111
00001000001010111101111
00001000001010111110111
00001000001010111111011
00001000001010111111101
00001000001010111111110
00001000001011001111111
00001000001011010111111
00001000001011011011111
00001000001011011101111
00001000001011011110111
00001000001011011111011
00001000001011011111101
00001000001011011111110
00001000001011100111111
00001000001011101011111
00001000001011101101111
00001000001011101110111
00001000001011101111011
00001000001011101111101
00001000001011101111110
00001000001011110011111
00001000001011110101111
00001000001011110110111
00001000001011110111011
00001000001011110111101
00001000001011110111110
00001000001011111001111
00001000001011111010111
00001000001011111011011
00001000001011111011101
00001000001011111011110
00001000001011111100111
00001000001011111101011
00001000001011111101101
00001000001011111101110
00001000001011111110011
00001000001011111110101
00001000001011111110110
00001000001011111111001
00001000001011111111010
00001000001011111111100
00001000010000111111111
00001000010001011111111
00001000010001101111111
00001000010001110111111
00001000010001111011111
00001000010001111101111
00001000010001111110111
00001000010001111111011
00001000010001111111101
00001000010001111111110
00001000010010011111111
00001000010010101111111
00001000010010110111111
00001000010010111011111
00001000010010111101111
00001000010010111110111
00001000010010111111011
00001000010010111111101
00001000010010111111110
00001000010011001111111
00001000010011010111111
00001000010011011011111
00001000010011011101111
00001000010011011110111
00001000010011011111011
00001000010011011111101
00001000010011011111110
00001000010011100111111
00001000010011101011111
00001000010011101101111
00001000010011101110111
00001000010011101111011
00001000010011101111101
00001000010011101111110
00001000010011110011111
00001000010011110101111
00001000010011110110111
00001000010011110111011
00001000010011110111101
00001000010011110111110
00001000010011111001111
00001000010011111010111
00001000010011111011011
00001000010011111011101
00001000010011111011110
00001000010011111100111
00001000010011111101011
00001000010011111101101
00001000010011111101110
00001000010011111110011
00001000010011111110101
00001000010011111110110
00001000010011111111001
00001000010011111111010
00001000010011111111100
00001000100000111111111
00001000100001011111111
00001000100001101111111
00001000100001110111111
00001000100001111011111
00001000100001111101111
00001000100001111110111
00001000100001111111011
00001000100001111111101
00001000100001111111110
00001000100010011111111
00001000100010101111111
00001000100010110111111
00001000100010111011111
00001000100010111101111
00001000100010111110111
00001000100010111111011
00001000100010111111101
00001000100010111111110
00001000100011001111111
00001000100011010111111
00001000100011011011111
00001000100011011101111
00001000100011011110111
00001000100011011111011
00001000100011011111101
00001000100011011111110
00001000100011100111111
00001000100011101011111
00001000100011101101111
00001000100011101110111
00001000100011101111011
00001000100011101111101
00001000100011101111110
00001000100011110011111
00001000100011110101111
00001000100011110110111
00001000100011110111011
00001000100011110111101
00001000100011110111110
00001000100011111001111
00001000100011111010111
00001000100011111011011
00001000100011111011101
00001000100011111011110
00001000100011111100111
00001000100011111101011
00001000100011111101101
00001000100011111101110
00001000100011111110011
00001000100011111110101
00001000100011111110110
00001000100011111111001
00001000100011111111010
00001000100011111111100
00001001000000111111111
00001001000001011111111
00001001000001101111111
00001001000001110111111
00001001000001111011111
00001001000001111101111
00001001000001111110111
00001001000001111111011
00001001000001111111101
00001001000001111111110
00001001000010011111111
00001001000010101111111
00001001000010110111111
00001001000010111011111
00001001000010111101111
00001001000010111110111
00001001000010111111011
00001001000010111111101
00001001000010111111110
00001001000011001111111
00001001000011010111111
00001001000011011011111
00001001000011011101111
00001001000011011110111
00001001000011011111011
00001001000011011111101
00001001000011011111110
00001001000011100111111
00001001000011101011111
00001001000011101101111
00001001000011101110111
00001001000011101111011
00001001000011101111101
00001001000011101111110
00001001000011110011111
00001001000011110101111
00001001000011110110111
00001001000011110111011
00001001000011110111101
00001001000011110111110
00001001000011111001111
00001001000011111010111
00001001000011111011011
00001001000011111011101
00001001000011111011110
00001001000011111100111
00001001000011111101011
00001001000011111101101
00001001000011111101110
00001001000011111110011
00001001000011111110101
00001001000011111110110
00001001000011111111001
00001001000011111111010
00001001000011111111100
00001010000000111111111
00001010000001011111111
00001010000001101111111
00001010000001110111111
00001010000001111011111
00001010000001111101111
00001010000001111110111
00001010000001111111011
00001010000001111111101
00001010000001111111110
00001010000010011111111
00001010000010101111111
00001010000010110111111
00001010000010111011111
00001010000010111101111
00001010000010111110111
00001010000010111111011
00001010000010111111101
00001010000010111111110
00001010000011001111111
00001010000011010111111
00001010000011011011111
00001010000011011101111
00001010000011011110111
00001010000011011111011
00001010000011011111101
00001010000011011111110
00001010000011100111111
00001010000011101011111
00001010000011101101111
00001010000011101110111
00001010000011101111011
00001010000011101111101
00001010000011101111110
00001010000011110011111
00001010000011110101111
00001010000011110110111
00001010000011110111011
00001010000011110111101
00001010000011110111110
00001010000011111001111
00001010000011111010111
00001010000011111011011
00001010000011111011101
00001010000011111011110
00001010000011111100111
00001010000011111101011
00001010000011111101101
00001010000011111101110
00001010000011111110011
00001010000011111110101
00001010000011111110110
00001010000011111111001
00001010000011111111010
00001010000011111111100
00001100000000111111111
00001100000001011111111
00001100000001101111111
00001100000001110111111
00001100000001111011111
00001100000001111101111
00001100000001111110111
00001100000001111111011
00001100000001111111101
00001100000001111111110
00001100000010011111111
00001100000010101111111
00001100000010110111111
00001100000010111011111
00001100000010111101111
00001100000010111110111
00001100000010111111011
00001100000010111111101
00001100000010111111110
00001100000011001111111
00001100000011010111111
00001100000011011011111
00001100000011011101111
00001100000011011110111
00001100000011011111011
00001100000011011111101
00001100000011011111110
00001100000011100111111
00001100000011101011111
00001100000011101101111
00001100000011101110111
00001100000011101111011
00001100000011101111101
00001100000011101111110
00001100000011110011111
00001100000011110101111
00001100000011110110111
00001100000011110111011
00001100000011110111101
00001100000011110111110
00001100000011111001111
00001100000011111010111
00001100000011111011011
00001100000011111011101
00001100000011111011110
00001100000011111100111
00001100000011111101011
00001100000011111101101
00001100000011111101110
00001100000011111110011
00001100000011111110101
00001100000011111110110
00001100000011111111001
00001100000011111111010
00001100000011111111100
00010000000001111111111
00010000000010111111111
00010000000011011111111
00010000000011101111111
00010000000011110111111
00010000000011111011111
00010000000011111101111
00010000000011111110111
00010000000011111111011
00010000000011111111101
00010000000011111111110
00010000000100111111111
00010000000101011111111
00010000000101101111111
00010000000101110111111
00010000000101111011111
00010000000101111101111
00010000000101111110111
00010000000101111111011
00010000000101111111101
00010000000101111111110
00010000000110011111111
00010000000110101111111
00010000000110110111111
00010000000110111011111
00010000000110111101111
00010000000110111110111
00010000000110111111011
00010000000110111111101
00010000000110111111110
00010000000111001111111
00010000000111010111111
00010000000111011011111
00010000000111011101111
00010000000111011110111
00010000000111011111011
00010000000111011111101
00010000000111011111110
00010000000111100111111
00010000000111101011111
00010000000111101101111
00010000000111101110111
00010000000111101111011
00010000000111101111101
00010000000111101111110
00010000000111110011111
00010000000111110101111
00010000000111110110111
00010000000111110111011
00010000000111110111101
00010000000111110111110
00010000000111111001111
00010000000111111010111
00010000000111111011011
00010000000111111011101
00010000000111111011110
00010000000111111100111
00010000000111111101011
00010000000111111101101
00010000000111111101110
00010000000111111110011
00010000000111111110101
00010000000111111110110
00010000000111111111001
00010000000111111111010
00010000000111111111100
00010000001000111111111
00010000001001011111111
00010000001001101111111
00010000001001110111111
00010000001001111011111
00010000001001111101111
00010000001001111110111
00010000001001111111011
00010000001001111111101
00010000001001111111110
00010000001010011111111
00010000001010101111111
00010000001010110111111
00010000001010111011111
00010000001010111101111
00010000001010111110111
00010000001010111111011
00010000001010111111101
00010000001010111111110
00010000001011001111111
00010000001011010111111
00010000001011011011111
00010000001011011101111
00010000001011011110111
00010000001011011111011
00010000001011011111101
00010000001011011111110
00010000001011100111111
00010000001011101011111
00010000001011101101111
00010000001011101110111
00010000001011101111011
00010000001011101111101
00010000001011101111110
00010000001011110011111
00010000001011110101111
00010000001011110110111
00010000001011110111011
00010000001011110111101
00010000001011110111110
00010000001011111001111
00010000001011111010111
00010000001011111011011
00010000001011111011101
00010000001011111011110
00010000001011111100111
00010000001011111101011
00010000001011111101101
00010000001011111101110
00010000001011111110011
00010000001011111110101
00010000001011111110110
00010000001011111111001
00010000001011111111010
00010000001011111111100
00010000010000111111111
00010000010001011111111
00010000010001101111111
00010000010001110111111
00010000010001111011111
00010000010001111101111
00010000010001111110111
00010000010001111111011
00010000010001111111101
00010000010001111111110
00010000010010011111111
00010000010010101111111
00010000010010110111111
00010000010010111011111
00010000010010111101111
00010000010010111110111
00010000010010111111011
00010000010010111111101
00010000010010111111110
00010000010011001111111
00010000010011010111111
00010000010011011011111
00010000010011011101111
00010000010011011110111
00010000010011011111011
00010000010011011111101
00010000010011011111110
00010000010011100111111
00010000010011101011111
00010000010011101101111
00010000010011101110111
00010000010011101111011
00010000010011101111101
00010000010011101111110
00010000010011110011111
00010000010011110101111
00010000010011110110111
00010000010011110111011
00010000010011110111101
00010000010011110111110
00010000010011111001111
00010000010011111010111
00010000010011111011011
00010000010011111011101
00010000010011111011110
00010000010011111100111
00010000010011111101011
00010000010011111101101
00010000010011111101110
00010000010011111110011
00010000010011111110101
00010000010011111110110
00010000010011111111001
00010000010011111111010
00010000010011111111100
00010000100000111111111
00010000100001011111111
00010000100001101111111
00010000100001110111111
00010000100001111011111
00010000100001111101111
00010000100001111110111
00010000100001111111011
00010000100001111111101
00010000100001111111110
00010000100010011111111
00010000100010101111111
00010000100010110111111
00010000100010111011111
00010000100010111101111
00010000100010111110111
00010000100010111111011
00010000100010111111101
00010000100010111111110
00010000100011001111111
00010000100011010111111
00010000100011011011111
00010000100011011101111
00010000100011011110111
00010000100011011111011
00010000100011011111101
00010000100011011111110
00010000100011100111111
00010000100011101011111
00010000100011101101111
00010000100011101110111
00010000100011101111011
00010000100011101111101
00010000100011101111110
00010000100011110011111
00010000100011110101111
00010000100011110110111
00010000100011110111011
00010000100011110111101
00010000100011110111110
00010000100011111001111
00010000100011111010111
00010000100011111011011
00010000100011111011101
00010000100011111011110
00010000100011111100111
00010000100011111101011
00010000100011111101101
00010000100011111101110
00010000100011111110011
00010000100011111110101
00010000100011111110110
00010000100011111111001
00010000100011111111010
00010000100011111111100
00010001000000111111111
00010001000001011111111
00010001000001101111111
00010001000001110111111
00010001000001111011111
00010001000001111101111
00010001000001111110111
00010001000001111111011
00010001000001111111101
00010001000001111111110
00010001000010011111111
00010001000010101111111
00010001000010110111111
00010001000010111011111
00010001000010111101111
00010001000010111110111
00010001000010111111011
00010001000010111111101
00010001000010111111110
00010001000011001111111
00010001000011010111111
00010001000011011011111
00010001000011011101111
00010001000011011110111
00010001000011011111011
00010001000011011111101
00010001000011011111110
00010001000011100111111
00010001000011101011111
00010001000011101101111
00010001000011101110111
00010001000011101111011
00010001000011101111101
00010001000011101111110
00010001000011110011111
00010001000011110101111
00010001000011110110111
00010001000011110111011
00010001000011110111101
00010001000011110111110
00010001000011111001111
00010001000011111010111
00010001000011111011011
00010001000011111011101
00010001000011111011110
00010001000011111100111
00010001000011111101011
00010001000011111101101
00010001000011111101110
00010001000011111110011
00010001000011111110101
00010001000011111110110
00010001000011111111001
00010001000011111111010
00010001000011111111100
00010010000000111111111
00010010000001011111111
00010010000001101111111
00010010000001110111111
00010010000001111011111
00010010000001111101111
00010010000001111110111
00010010000001111111011
00010010000001111111101
00010010000001111111110
00010010000010011111111
00010010000010101111111
00010010000010110111111
00010010000010111011111
00010010000010111101111
00010010000010111110111
00010010000010111111011
00010010000010111111101
00010010000010111111110
00010010000011001111111
00010010000011010111111
00010010000011011011111
00010010000011011101111
00010010000011011110111
00010010000011011111011
00010010000011011111101
00010010000011011111110
00010010000011100111111
00010010000011101011111
00010010000011101101111
00010010000011101110111
00010010000011101111011
00010010000011101111101
00010010000011101111110
00010010000011110011111
00010010000011110101111
00010010000011110110111
00010010000011110111011
00010010000011110111101
00010010000011110111110
00010010000011111001111
00010010000011111010111
00010010000011111011011
00010010000011111011101
00010010000011111011110
00010010000011111100111
00010010000011111101011
00010010000011111101101
00010010000011111101110
00010010000011111110011
00010010000011111110101
00010010000011111110110
00010010000011111111001
00010010000011111111010
00010010000011111111100
00010100000000111111111
00010100000001011111111
00010100000001101111111
00010100000001110111111
00010100000001111011111
00010100000001111101111
00010100000001111110111
00010100000001111111011
00010100000001111111101
00010100000001111111110
00010100000010011111111
00010100000010101111111
00010100000010110111111
00010100000010111011111
00010100000010111101111
00010100000010111110111
00010100000010111111011
00010100000010111111101
00010100000010111111110
00010100000011001111111
00010100000011010111111
00010100000011011011111
00010100000011011101111
00010100000011011110111
00010100000011011111011
00010100000011011111101
00010100000011011111110
00010100000011100111111
00010100000011101011111
00010100000011101101111
00010100000011101110111
00010100000011101111011
00010100000011101111101
00010100000011101111110
00010100000011110011111
00010100000011110101111
00010100000011110110111
00010100000011110111011
00010100000011110111101
00010100000011110111110
00010100000011111001111
00010100000011111010111
00010100000011111011011
00010100000011111011101
00010100000011111011110
00010100000011111100111
00010100000011111101011
00010100000011111101101
00010100000011111101110
00010100000011111110011
00010100000011111110101
00010100000011111110110
00010100000011111111001
00010100000011111111010
00010100000011111111100
00011000000000111111111
00011000000001011111111
00011000000001101111111
00011000000001110111111
00011000000001111011111
00011000000001111101111
00011000000001111110111
00011000000001111111011
00011000000001111111101
00011000000001111111110
00011000000010011111111
00011000000010101111111
00011000000010110111111
00011000000010111011111
00011000000010111101111
00011000000010111110111
00011000000010111111011
00011000000010111111101
00011000000010111111110
00011000000011001111111
00011000000011010111111
00011000000011011011111
00011000000011011101111
00011000000011011110111
00011000000011011111011
00011000000011011111101
00011000000011011111110
00011000000011100111111
00011000000011101011111
00011000000011101101111
00011000000011101110111
00011000000011101111011
00011000000011101111101
00011000000011101111110
00011000000011110011111
00011000000011110101111
00011000000011110110111
00011000000011110111011
00011000000011110111101
00011000000011110111110
00011000000011111001111
00011000000011111010111
00011000000011111011011
00011000000011111011101
00011000000011111011110
00011000000011111100111
00011000000011111101011
00011000000011111101101
00011000000011111101110
00011000000011111110011
00011000000011111110101
00011000000011111110110
00011000000011111111001
00011000000011111111010
00011000000011111111100
00100000000001111111111
00100000000010111111111
00100000000011011111111
00100000000011101111111
00100000000011110111111
00100000000011111011111
00100000000011111101111
00100000000011111110111
00100000000011111111011
00100000000011111111101
00100000000011111111110
00100000000100111111111
00100000000101011111111
00100000000101101111111
00100000000101110111111
00100000000101111011111
00100000000101111101111
00100000000101111110111
00100000000101111111011
00100000000101111111101
00100000000101111111110
00100000000110011111111
00100000000110101111111
00100000000110110111111
00100000000110111011111
00100000000110111101111
00100000000110111110111
00100000000110111111011
00100000000110111111101
00100000000110111111110
00100000000111001111111
00100000000111010111111
00100000000111011011111
00100000000111011101111
00100000000111011110111
00100000000111011111011
00100000000111011111101
00100000000111011111110
00100000000111100111111
00100000000111101011111
00100000000111101101111
00100000000111101110111
00100000000111101111011
00100000000111101111101
00100000000111101111110
00100000000111110011111
00100000000111110101111
00100000000111110110111
00100000000111110111011
00100000000111110111101
00100000000111110111110
00100000000111111001111
00100000000111111010111
00100000000111111011011
00100000000111111011101
00100000000111111011110
00100000000111111100111
00100000000111111101011
00100000000111111101101
00100000000111111101110
00100000000111111110011
00100000000111111110101
00100000000111111110110
00100000000111111111001
00100000000111111111010
00100000000111111111100
00100000001000111111111
00100000001001011111111
00100000001001101111111
00100000001001110111111
00100000001001111011111
00100000001001111101111
00100000001001111110111
00100000001001111111011
00100000001001111111101
00100000001001111111110
00100000001010011111111
00100000001010101111111
00100000001010110111111
00100000001010111011111
00100000001010111101111
00100000001010111110111
00100000001010111111011
00100000001010111111101
00100000001010111111110
00100000001011001111111
00100000001011010111111
00100000001011011011111
00100000001011011101111
00100000001011011110111
00100000001011011111011
00100000001011011111101
00100000001011011111110
00100000001011100111111
00100000001011101011111
00100000001011101101111
00100000001011101110111
00100000001011101111011
00100000001011101111101
00100000001011101111110
00100000001011110011111
00100000001011110101111
00100000001011110110111
00100000001011110111011
00100000001011110111101
00100000001011110111110
00100000001011111001111
00100000001011111010111
00100000001011111011011
00100000001011111011101
00100000001011111011110
00100000001011111100111
00100000001011111101011
00100000001011111101101
00100000001011111101110
00100000001011111110011
00100000001011111110101
00100000001011111110110
00100000001011111111001
00100000001011111111010
00100000001011111111100
00100000010000111111111
00100000010001011111111
00100000010001101111111
00100000010001110111111
00100000010001111011111
00100000010001111101111
00100000010001111110111
00100000010001111111011
00100000010001111111101
00100000010001111111110
00100000010010011111111
00100000010010101111111
00100000010010110111111
00100000010010111011111
00100000010010111101111
00100000010010111110111
00100000010010111111011
00100000010010111111101
00100000010010111111110
00100000010011001111111
00100000010011010111111
00100000010011011011111
00100000010011011101111
00100000010011011110111
00100000010011011111011
00100000010011011111101
00100000010011011111110
00100000010011100111111
00100000010011101011111
00100000010011101101111
00100000010011101110111
00100000010011101111011
00100000010011101111101
00100000010011101111110
00100000010011110011111
00100000010011110101111
00100000010011110110111
00100000010011110111011
00100000010011110111101
00100000010011110111110
00100000010011111001111
00100000010011111010111
00100000010011111011011
00100000010011111011101
00100000010011111011110
00100000010011111100111
00100000010011111101011
00100000010011111101101
00100000010011111101110
00100000010011111110011
00100000010011111110101
00100000010011111110110
00100000010011111111001
00100000010011111111010
00100000010011111111100
00100000100000111111111
00100000100001011111111
00100000100001101111111
00100000100001110111111
00100000100001111011111
00100000100001111101111
00100000100001111110111
00100000100001111111011
00100000100001111111101
00100000100001111111110
00100000100010011111111
00100000100010101111111
00100000100010110111111
00100000100010111011111
00100000100010111101111
00100000100010111110111
00100000100010111111011
00100000100010111111101
00100000100010111111110
00100000100011001111111
00100000100011010111111
00100000100011011011111
00100000100011011101111
00100000100011011110111
00100000100011011111011
00100000100011011111101
00100000100011011111110
00100000100011100111111
00100000100011101011111
00100000100011101101111
00100000100011101110111
00100000100011101111011
00100000100011101111101
00100000100011101111110
00100000100011110011111
00100000100011110101111
00100000100011110110111
00100000100011110111011
00100000100011110111101
00100000100011110111110
00100000100011111001111
00100000100011111010111
00100000100011111011011
00100000100011111011101
00100000100011111011110
00100000100011111100111
00100000100011111101011
00100000100011111101101
00100000100011111101110
00100000100011111110011
00100000100011111110101
00100000100011111110110
00100000100011111111001
00100000100011111111010
00100000100011111111100
00100001000000111111111
00100001000001011111111
00100001000001101111111
00100001000001110111111
00100001000001111011111
00100001000001111101111
00100001000001111110111
00100001000001111111011
00100001000001111111101
00100001000001111111110
00100001000010011111111
00100001000010101111111
00100001000010110111111
00100001000010111011111
00100001000010111101111
00100001000010111110111
00100001000010111111011
00100001000010111111101
00100001000010111111110
00100001000011001111111
00100001000011010111111
00100001000011011011111
00100001000011011101111
00100001000011011110111
00100001000011011111011
00100001000011011111101
00100001000011011111110
00100001000011100111111
00100001000011101011111
00100001000011101101111
00100001000011101110111
00100001000011101111011
00100001000011101111101
00100001000011101111110
00100001000011110011111
00100001000011110101111
00100001000011110110111
00100001000011110111011
00100001000011110111101
00100001000011110111110
00100001000011111001111
00100001000011111010111
00100001000011111011011
00100001000011111011101
00100001000011111011110
00100001000011111100111
00100001000011111101011
00100001000011111101101
00100001000011111101110
00100001000011111110011
00100001000011111110101
00100001000011111110110
00100001000011111111001
00100001000011111111010
00100001000011111111100
00100010000000111111111
00100010000001011111111
00100010000001101111111
00100010000001110111111
00100010000001111011111
00100010000001111101111
00100010000001111110111
00100010000001111111011
00100010000001111111101
00100010000001111111110
00100010000010011111111
00100010000010101111111
00100010000010110111111
00100010000010111011111
00100010000010111101111
00100010000010111110111
00100010000010111111011
00100010000010111111101
00100010000010111111110
00100010000011001111111
00100010000011010111111
00100010000011011011111
00100010000011011101111
00100010000011011110111
00100010000011011111011
00100010000011011111101
00100010000011011111110
00100010000011100111111
00100010000011101011111
00100010000011101101111
00100010000011101110111
00100010000011101111011
00100010000011101111101
00100010000011101111110
00100010000011110011111
00100010000011110101111
00100010000011110110111
00100010000011110111011
00100010000011110111101
00100010000011110111110
00100010000011111001111
00100010000011111010111
00100010000011111011011
00100010000011111011101
00100010000011111011110
00100010000011111100111
00100010000011111101011
00100010000011111101101
00100010000011111101110
00100010000011111110011
00100010000011111110101
00100010000011111110110
00100010000011111111001
00100010000011111111010
00100010000011111111100
00100100000000111111111
00100100000001011111111
00100100000001101111111
00100100000001110111111
00100100000001111011111
00100100000001111101111
00100100000001111110111
00100100000001111111011
00100100000001111111101
00100100000001111111110
00100100000010011111111
00100100000010101111111
00100100000010110111111
00100100000010111011111
00100100000010111101111
00100100000010111110111
00100100000010111111011
00100100000010111111101
00100100000010111111110
00100100000011001111111
00100100000011010111111
00100100000011011011111
00100100000011011101111
00100100000011011110111
00100100000011011111011
00100100000011011111101
00100100000011011111110
00100100000011100111111
00100100000011101011111
00100100000011101101111
00100100000011101110111
00100100000011101111011
00100100000011101111101
00100100000011101111110
00100100000011110011111
00100100000011110101111
00100100000011110110111
00100100000011110111011
00100100000011110111101
00100100000011110111110
00100100000011111001111
00100100000011111010111
00100100000011111011011
00100100000011111011101
00100100000011111011110
00100100000011111100111
00100100000011111101011
00100100000011111101101
00100100000011111101110
00100100000011111110011
00100100000011111110101
00100100000011111110110
00100100000011111111001
00100100000011111111010
00100100000011111111100
00101000000000111111111
00101000000001011111111
00101000000001101111111
00101000000001110111111
00101000000001111011111
00101000000001111101111
00101000000001111110111
00101000000001111111011
00101000000001111111101
00101000000001111111110
00101000000010011111111
00101000000010101111111
00101000000010110111111
00101000000010111011111
00101000000010111101111
00101000000010111110111
00101000000010111111011
00101000000010111111101
00101000000010111111110
00101000000011001111111
00101000000011010111111
00101000000011011011111
00101000000011011101111
00101000000011011110111
00101000000011011111011
00101000000011011111101
00101000000011011111110
00101000000011100111111
00101000000011101011111
00101000000011101101111
00101000000011101110111
00101000000011101111011
00101000000011101111101
00101000000011101111110
00101000000011110011111
00101000000011110101111
00101000000011110110111
00101000000011110111011
00101000000011110111101
00101000000011110111110
00101000000011111001111
00101000000011111010111
00101000000011111011011
00101000000011111011101
00101000000011111011110
00101000000011111100111
00101000000011111101011
00101000000011111101101
00101000000011111101110
00101000000011111110011
00101000000011111110101
00101000000011111110110
00101000000011111111001
00101000000011111111010
00101000000011111111100
00110000000000111111111
00110000000001011111111
00110000000001101111111
00110000000001110111111
00110000000001111011111
00110000000001111101111
00110000000001111110111
00110000000001111111011
00110000000001111111101
00110000000001111111110
00110000000010011111111
00110000000010101111111
00110000000010110111111
00110000000010111011111
00110000000010111101111
00110000000010111110111
00110000000010111111011
00110000000010111111101
00110000000010111111110
00110000000011001111111
00110000000011010111111
00110000000011011011111
00110000000011011101111
00110000000011011110111
00110000000011011111011
00110000000011011111101
00110000000011011111110
00110000000011100111111
00110000000011101011111
00110000000011101101111
00110000000011101110111
00110000000011101111011
00110000000011101111101
00110000000011101111110
00110000000011110011111
00110000000011110101111
00110000000011110110111
00110000000011110111011
00110000000011110111101
00110000000011110111110
00110000000011111001111
00110000000011111010111
00110000000011111011011
00110000000011111011101
00110000000011111011110
00110000000011111100111
00110000000011111101011
00110000000011111101101
00110000000011111101110
00110000000011111110011
00110000000011111110101
00110000000011111110110
00110000000011111111001
00110000000011111111010
00110000000011111111100
01000000000001111111111
01000000000010111111111
01000000000011011111111
01000000000011101111111
01000000000011110111111
01000000000011111011111
01000000000011111101111
01000000000011111110111
01000000000011111111011
01000000000011111111101
01000000000011111111110
01000000000100111111111
01000000000101011111111
01000000000101101111111
01000000000101110111111
01000000000101111011111
01000000000101111101111
01000000000101111110111
01000000000101111111011
01000000000101111111101
01000000000101111111110
01000000000110011111111
01000000000110101111111
01000000000110110111111
01000000000110111011111
01000000000110111101111
01000000000110111110111
01000000000110111111011
01000000000110111111101
01000000000110111111110
01000000000111001111111
01000000000111010111111
01000000000111011011111
01000000000111011101111
01000000000111011110111
01000000000111011111011
01000000000111011111101
01000000000111011111110
01000000000111100111111
01000000000111101011111
01000000000111101101111
01000000000111101110111
01000000000111101111011
01000000000111101111101
01000000000111101111110
01000000000111110011111
01000000000111110101111
01000000000111110110111
01000000000111110111011
01000000000111110111101
01000000000111110111110
01000000000111111001111
01000000000111111010111
01000000000111111011011
01000000000111111011101
01000000000111111011110
01000000000111111100111
01000000000111111101011
01000000000111111101101
01000000000111111101110
01000000000111111110011
01000000000111111110101
01000000000111111110110
01000000000111111111001
01000000000111111111010
01000000000111111111100
01000000001000111111111
01000000001001011111111
01000000001001101111111
01000000001001110111111
01000000001001111011111
01000000001001111101111
01000000001001111110111
01000000001001111111011
01000000001001111111101
01000000001001111111110
01000000001010011111111
01000000001010101111111
01000000001010110111111
01000000001010111011111
01000000001010111101111
01000000001010111110111
01000000001010111111011
01000000001010111111101
01000000001010111111110
01000000001011001111111
01000000001011010111111
01000000001011011011111
01000000001011011101111
01000000001011011110111
01000000001011011111011
01000000001011011111101
01000000001011011111110
01000000001011100111111
01000000001011101011111
01000000001011101101111
01000000001011101110111
01000000001011101111011
01000000001011101111101
01000000001011101111110
01000000001011110011111
01000000001011110101111
01000000001011110110111
01000000001011110111011
01000000001011110111101
01000000001011110111110
01000000001011111001111
01000000001011111010111
01000000001011111011011
01000000001011111011101
01000000001011111011110
01000000001011111100111
01000000001011111101011
01000000001011111101101
01000000001011111101110
01000000001011111110011
01000000001011111110101
01000000001011111110110
01000000001011111111001
01000000001011111111010
01000000001011111111100
01000000010000111111111
01000000010001011111111
01000000010001101111111
01000000010001110111111
01000000010001111011111
01000000010001111101111
01000000010001111110111
01000000010001111111011
01000000010001111111101
01000000010001111111110
01000000010010011111111
01000000010010101111111
01000000010010110111111
01000000010010111011111
01000000010010111101111
01000000010010111110111
01000000010010111111011
01000000010010111111101
01000000010010111111110
01000000010011001111111
01000000010011010111111
01000000010011011011111
01000000010011011101111
01000000010011011110111
01000000010011011111011
01000000010011011111101
01000000010011011111110
01000000010011100111111
01000000010011101011111
01000000010011101101111
01000000010011101110111
01000000010011101111011
01000000010011101111101
01000000010011101111110
01000000010011110011111
01000000010011110101111
01000000010011110110111
01000000010011110111011
01000000010011110111101
01000000010011110111110
01000000010011111001111
01000000010011111010111
01000000010011111011011
01000000010011111011101
01000000010011111011110
01000000010011111100111
01000000010011111101011
01000000010011111101101
01000000010011111101110
01000000010011111110011
01000000010011111110101
01000000010011111110110
01000000010011111111001
01000000010011111111010
01000000010011111111100
01000000100000111111111
01000000100001011111111
01000000100001101111111
01000000100001110111111
01000000100001111011111
01000000100001111101111
01000000100001111110111
01000000100001111111011
01000000100001111111101
01000000100001111111110
01000000100010011111111
01000000100010101111111
01000000100010110111111
01000000100010111011111
01000000100010111101111
01000000100010111110111
01000000100010111111011
01000000100010111111101
01000000100010111111110
01000000100011001111111
01000000100011010111111
01000000100011011011111
01000000100011011101111
01000000100011011110111
01000000100011011111011
01000000100011011111101
01000000100011011111110
01000000100011100111111
01000000100011101011111
01000000100011101101111
01000000100011101110111
01000000100011101111011
01000000100011101111101
01000000100011101111110
01000000100011110011111
01000000100011110101111
01000000100011110110111
01000000100011110111011
01000000100011110111101
01000000100011110111110
01000000100011111001111
01000000100011111010111
01000000100011111011011
01000000100011111011101
01000000100011111011110
01000000100011111100111
01000000100011111101011
01000000100011111101101
01000000100011111101110
01000000100011111110011
01000000100011111110101
01000000100011111110110
01000000100011111111001
01000000100011111111010
01000000100011111111100
01000001000000111111111
01000001000001011111111
01000001000001101111111
01000001000001110111111
01000001000001111011111
01000001000001111101111
01000001000001111110111
01000001000001111111011
01000001000001111111101
01000001000001111111110
01000001000010011111111
01000001000010101111111
01000001000010110111111
01000001000010111011111
01000001000010111101111
01000001000010111110111
01000001000010111111011
01000001000010111111101
01000001000010111111110
01000001000011001111111
01000001000011010111111
01000001000011011011111
01000001000011011101111
01000001000011011110111
01000001000011011111011
01000001000011011111101
01000001000011011111110
01000001000011100111111
01000001000011101011111
01000001000011101101111
01000001000011101110111
01000001000011101111011
01000001000011101111101
01000001000011101111110
01000001000011110011111
01000001000011110101111
01000001000011110110111
01000001000011110111011
01000001000011110111101
01000001000011110111110
01000001000011111001111
01000001000011111010111
01000001000011111011011
01000001000011111011101
01000001000011111011110
01000001000011111100111
01000001000011111101011
01000001000011111101101
01000001000011111101110
01000001000011111110011
01000001000011111110101
01000001000011111110110
01000001000011111111001
01000001000011111111010
01000001000011111111100
01000010000000111111111
01000010000001011111111
01000010000001101111111
01000010000001110111111
01000010000001111011111
01000010000001111101111
01000010000001111110111
01000010000001111111011
01000010000001111111101
01000010000001111111110
01000010000010011111111
01000010000010101111111
01000010000010110111111
01000010000010111011111
01000010000010111101111
01000010000010111110111
01000010000010111111011
01000010000010111111101
01000010000010111111110
01000010000011001111111
01000010000011010111111
01000010000011011011111
01000010000011011101111
01000010000011011110111
01000010000011011111011
01000010000011011111101
01000010000011011111110
01000010000011100111111
01000010000011101011111
01000010000011101101111
01000010000011101110111
01000010000011101111011
01000010000011101111101
01000010000011101111110
01000010000011110011111
01000010000011110101111
01000010000011110110111
01000010000011110111011
01000010000011110111101
01000010000011110111110
01000010000011111001111
01000010000011111010111
01000010000011111011011
01000010000011111011101
01000010000011111011110
01000010000011111100111
01000010000011111101011
01000010000011111101101
01000010000011111101110
01000010000011111110011
01000010000011111110101
01000010000011111110110
01000010000011111111001
01000010000011111111010
01000010000011111111100
01000100000000111111111
01000100000001011111111
01000100000001101111111
01000100000001110111111
01000100000001111011111
01000100000001111101111
01000100000001111110111
01000100000001111111011
01000100000001111111101
01000100000001111111110
01000100000010011111111
01000100000010101111111
01000100000010110111111
01000100000010111011111
01000100000010111101111
01000100000010111110111
01000100000010111111011
01000100000010111111101
01000100000010111111110
01000100000011001111111
01000100000011010111111
01000100000011011011111
01000100000011011101111
01000100000011011110111
01000100000011011111011
01000100000011011111101
01000100000011011111110
01000100000011100111111
01000100000011101011111
01000100000011101101111
01000100000011101110111
01000100000011101111011
01000100000011101111101
01000100000011101111110
01000100000011110011111
01000100000011110101111
01000100000011110110111
01000100000011110111011
01000100000011110111101
01000100000011110111110
01000100000011111001111
01000100000011111010111
01000100000011111011011
01000100000011111011101
01000100000011111011110
01000100000011111100111
01000100000011111101011
01000100000011111101101
01000100000011111101110
01000100000011111110011
01000100000011111110101
01000100000011111110110
01000100000011111111001
01000100000011111111010
01000100000011111111100
01001000000000111111111
01001000000001011111111
01001000000001101111111
01001000000001110111111
01001000000001111011111
01001000000001111101111
01001000000001111110111
01001000000001111111011
01001000000001111111101
01001000000001111111110
01001000000010011111111
01001000000010101111111
01001000000010110111111
01001000000010111011111
01001000000010111101111
01001000000010111110111
01001000000010111111011
01001000000010111111101
01001000000010111111110
01001000000011001111111
01001000000011010111111
01001000000011011011111
01001000000011011101111
01001000000011011110111
01001000000011011111011
01001000000011011111101
01001000000011011111110
01001000000011100111111
01001000000011101011111
01001000000011101101111
01001000000011101110111
01001000000011101111011
01001000000011101111101
01001000000011101111110
01001000000011110011111
01001000000011110101111
01001000000011110110111
01001000000011110111011
01001000000011110111101
01001000000011110111110
01001000000011111001111
01001000000011111010111
01001000000011111011011
01001000000011111011101
01001000000011111011110
01001000000011111100111
01001000000011111101011
01001000000011111101101
01001000000011111101110
01001000000011111110011
01001000000011111110101
01001000000011111110110
01001000000011111111001
01001000000011111111010
01001000000011111111100
01010000000000111111111
01010000000001011111111
01010000000001101111111
01010000000001110111111
01010000000001111011111
01010000000001111101111
01010000000001111110111
01010000000001111111011
01010000000001111111101
01010000000001111111110
01010000000010011111111
01010000000010101111111
01010000000010110111111
01010000000010111011111
01010000000010111101111
01010000000010111110111
01010000000010111111011
01010000000010111111101
01010000000010111111110
01010000000011001111111
01010000000011010111111
01010000000011011011111
01010000000011011101111
01010000000011011110111
01010000000011011111011
01010000000011011111101
01010000000011011111110
01010000000011100111111
01010000000011101011111
01010000000011101101111
01010000000011101110111
01010000000011101111011
01010000000011101111101
01010000000011101111110
01010000000011110011111
01010000000011110101111
01010000000011110110111
01010000000011110111011
01010000000011110111101
01010000000011110111110
01010000000011111001111
01010000000011111010111
01010000000011111011011
01010000000011111011101
01010000000011111011110
01010000000011111100111
01010000000011111101011
01010000000011111101101
01010000000011111101110
01010000000011111110011
01010000000011111110101
01010000000011111110110
01010000000011111111001
01010000000011111111010
01010000000011111111100
01100000000000111111111
01100000000001011111111
01100000000001101111111
01100000000001110111111
01100000000001111011111
01100000000001111101111
01100000000001111110111
01100000000001111111011
01100000000001111111101
01100000000001111111110
01100000000010011111111
01100000000010101111111
01100000000010110111111
01100000000010111011111
01100000000010111101111
01100000000010111110111
01100000000010111111011
01100000000010111111101
01100000000010111111110
01100000000011001111111
01100000000011010111111
01100000000011011011111
01100000000011011101111
01100000000011011110111
01100000000011011111011
01100000000011011111101
01100000000011011111110
01100000000011100111111
01100000000011101011111
01100000000011101101111
01100000000011101110111
01100000000011101111011
01100000000011101111101
01100000000011101111110
01100000000011110011111
01100000000011110101111
01100000000011110110111
01100000000011110111011
01100000000011110111101
01100000000011110111110
01100000000011111001111
01100000000011111010111
01100000000011111011011
01100000000011111011101
01100000000011111011110
01100000000011111100111
01100000000011111101011
01100000000011111101101
01100000000011111101110
01100000000011111110011
01100000000011111110101
01100000000011111110110
01100000000011111111001
01100000000011111111010
01100000000011111111100
10000000000001111111111
10000000000010111111111
10000000000011011111111
10000000000011101111111
10000000000011110111111
10000000000011111011111
10000000000011111101111
10000000000011111110111
10000000000011111111011
10000000000011111111101
10000000000011111111110
10000000000100111111111
10000000000101011111111
10000000000101101111111
10000000000101110111111
10000000000101111011111
10000000000101111101111
10000000000101111110111
10000000000101111111011
10000000000101111111101
10000000000101111111110
10000000000110011111111
10000000000110101111111
10000000000110110111111
10000000000110111011111
10000000000110111101111
10000000000110111110111
10000000000110111111011
10000000000110111111101
10000000000110111111110
10000000000111001111111
10000000000111010111111
10000000000111011011111
10000000000111011101111
10000000000111011110111
10000000000111011111011
10000000000111011111101
10000000000111011111110
10000000000111100111111
10000000000111101011111
10000000000111101101111
10000000000111101110111
10000000000111101111011
10000000000111101111101
10000000000111101111110
10000000000111110011111
10000000000111110101111
10000000000111110110111
10000000000111110111011
10000000000111110111101
10000000000111110111110
10000000000111111001111
10000000000111111010111
10000000000111111011011
10000000000111111011101
10000000000111111011110
10000000000111111100111
10000000000111111101011
10000000000111111101101
10000000000111111101110
10000000000111111110011
10000000000111111110101
10000000000111111110110
10000000000111111111001
10000000000111111111010
10000000000111111111100
10000000001000111111111
10000000001001011111111
10000000001001101111111
10000000001001110111111
10000000001001111011111
10000000001001111101111
10000000001001111110111
10000000001001111111011
10000000001001111111101
10000000001001111111110
10000000001010011111111
10000000001010101111111
10000000001010110111111
10000000001010111011111
10000000001010111101111
10000000001010111110111
10000000001010111111011
10000000001010111111101
10000000001010111111110
10000000001011001111111
10000000001011010111111
10000000001011011011111
10000000001011011101111
10000000001011011110111
10000000001011011111011
10000000001011011111101
10000000001011011111110
10000000001011100111111
10000000001011101011111
10000000001011101101111
10000000001011101110111
10000000001011101111011
10000000001011101111101
10000000001011101111110
10000000001011110011111
10000000001011110101111
10000000001011110110111
10000000001011110111011
10000000001011110111101
10000000001011110111110
10000000001011111001111
10000000001011111010111
10000000001011111011011
10000000001011111011101
10000000001011111011110
10000000001011111100111
10000000001011111101011
10000000001011111101101
10000000001011111101110
10000000001011111110011
10000000001011111110101
10000000001011111110110
10000000001011111111001
10000000001011111111010
10000000001011111111100
10000000010000111111111
10000000010001011111111
10000000010001101111111
10000000010001110111111
10000000010001111011111
10000000010001111101111
10000000010001111110111
10000000010001111111011
10000000010001111111101
10000000010001111111110
10000000010010011111111
10000000010010101111111
10000000010010110111111
10000000010010111011111
10000000010010111101111
10000000010010111110111
10000000010010111111011
10000000010010111111101
10000000010010111111110
10000000010011001111111
10000000010011010111111
10000000010011011011111
10000000010011011101111
10000000010011011110111
10000000010011011111011
10000000010011011111101
10000000010011011111110
10000000010011100111111
10000000010011101011111
10000000010011101101111
10000000010011101110111
10000000010011101111011
10000000010011101111101
10000000010011101111110
10000000010011110011111
10000000010011110101111
10000000010011110110111
10000000010011110111011
10000000010011110111101
10000000010011110111110
10000000010011111001111
10000000010011111010111
10000000010011111011011
10000000010011111011101
10000000010011111011110
10000000010011111100111
10000000010011111101011
10000000010011111101101
10000000010011111101110
10000000010011111110011
10000000010011111110101
10000000010011111110110
10000000010011111111001
10000000010011111111010
10000000010011111111100
10000000100000111111111
10000000100001011111111
10000000100001101111111
10000000100001110111111
10000000100001111011111
10000000100001111101111
10000000100001111110111
10000000100001111111011
10000000100001111111101
10000000100001111111110
10000000100010011111111
10000000100010101111111
10000000100010110111111
10000000100010111011111
10000000100010111101111
10000000100010111110111
10000000100010111111011
10000000100010111111101
10000000100010111111110
10000000100011001111111
10000000100011010111111
10000000100011011011111
10000000100011011101111
10000000100011011110111
10000000100011011111011
10000000100011011111101
10000000100011011111110
10000000100011100111111
10000000100011101011111
10000000100011101101111
10000000100011101110111
10000000100011101111011
10000000100011101111101
10000000100011101111110
10000000100011110011111
10000000100011110101111
10000000100011110110111
10000000100011110111011
10000000100011110111101
10000000100011110111110
10000000100011111001111
10000000100011111010111
10000000100011111011011
10000000100011111011101
10000000100011111011110
10000000100011111100111
10000000100011111101011
10000000100011111101101
10000000100011111101110
10000000100011111110011
10000000100011111110101
10000000100011111110110
10000000100011111111001
10000000100011111111010
10000000100011111111100
10000001000000111111111
10000001000001011111111
10000001000001101111111
10000001000001110111111
10000001000001111011111
10000001000001111101111
10000001000001111110111
10000001000001111111011
10000001000001111111101
10000001000001111111110
10000001000010011111111
10000001000010101111111
10000001000010110111111
10000001000010111011111
10000001000010111101111
10000001000010111110111
10000001000010111111011
10000001000010111111101
10000001000010111111110
10000001000011001111111
10000001000011010111111
10000001000011011011111
10000001000011011101111
10000001000011011110111
10000001000011011111011
10000001000011011111101
10000001000011011111110
10000001000011100111111
10000001000011101011111
10000001000011101101111
10000001000011101110111
10000001000011101111011
10000001000011101111101
10000001000011101111110
10000001000011110011111
10000001000011110101111
10000001000011110110111
10000001000011110111011
10000001000011110111101
10000001000011110111110
10000001000011111001111
10000001000011111010111
10000001000011111011011
10000001000011111011101
10000001000011111011110
10000001000011111100111
10000001000011111101011
10000001000011111101101
10000001000011111101110
10000001000011111110011
10000001000011111110101
10000001000011111110110
10000001000011111111001
10000001000011111111010
10000001000011111111100
10000010000000111111111
10000010000001011111111
10000010000001101111111
10000010000001110111111
10000010000001111011111
10000010000001111101111
10000010000001111110111
10000010000001111111011
10000010000001111111101
10000010000001111111110
10000010000010011111111
10000010000010101111111
10000010000010110111111
10000010000010111011111
10000010000010111101111
10000010000010111110111
10000010000010111111011
10000010000010111111101
10000010000010111111110
10000010000011001111111
10000010000011010111111
10000010000011011011111
10000010000011011101111
10000010000011011110111
10000010000011011111011
10000010000011011111101
10000010000011011111110
10000010000011100111111
10000010000011101011111
10000010000011101101111
10000010000011101110111
10000010000011101111011
10000010000011101111101
10000010000011101111110
10000010000011110011111
10000010000011110101111
10000010000011110110111
10000010000011110111011
10000010000011110111101
10000010000011110111110
10000010000011111001111
10000010000011111010111
10000010000011111011011
10000010000011111011101
10000010000011111011110
10000010000011111100111
10000010000011111101011
10000010000011111101101
10000010000011111101110
10000010000011111110011
10000010000011111110101
10000010000011111110110
10000010000011111111001
10000010000011111111010
10000010000011111111100
10000100000000111111111
10000100000001011111111
10000100000001101111111
10000100000001110111111
10000100000001111011111
10000100000001111101111
10000100000001111110111
10000100000001111111011
10000100000001111111101
10000100000001111111110
10000100000010011111111
10000100000010101111111
10000100000010110111111
10000100000010111011111
10000100000010111101111
10000100000010111110111
10000100000010111111011
10000100000010111111101
10000100000010111111110
10000100000011001111111
10000100000011010111111
10000100000011011011111
10000100000011011101111
10000100000011011110111
10000100000011011111011
10000100000011011111101
10000100000011011111110
10000100000011100111111
10000100000011101011111
10000100000011101101111
10000100000011101110111
10000100000011101111011
10000100000011101111101
10000100000011101111110
10000100000011110011111
10000100000011110101111
10000100000011110110111
10000100000011110111011
10000100000011110111101
10000100000011110111110
10000100000011111001111
10000100000011111010111
10000100000011111011011
10000100000011111011101
10000100000011111011110
10000100000011111100111
10000100000011111101011
10000100000011111101101
10000100000011111101110
10000100000011111110011
10000100000011111110101
10000100000011111110110
10000100000011111111001
10000100000011111111010
10000100000011111111100
10001000000000111111111
10001000000001011111111
10001000000001101111111
10001000000001110111111
10001000000001111011111
10001000000001111101111
10001000000001111110111
10001000000001111111011
10001000000001111111101
10001000000001111111110
10001000000010011111111
10001000000010101111111
10001000000010110111111
10001000000010111011111
10001000000010111101111
10001000000010111110111
10001000000010111111011
10001000000010111111101
10001000000010111111110
10001000000011001111111
10001000000011010111111
10001000000011011011111
10001000000011011101111
10001000000011011110111
10001000000011011111011
10001000000011011111101
10001000000011011111110
10001000000011100111111
10001000000011101011111
10001000000011101101111
10001000000011101110111
10001000000011101111011
10001000000011101111101
10001000000011101111110
10001000000011110011111
10001000000011110101111
10001000000011110110111
10001000000011110111011
10001000000011110111101
10001000000011110111110
10001000000011111001111
10001000000011111010111
10001000000011111011011
10001000000011111011101
10001000000011111011110
10001000000011111100111
10001000000011111101011
10001000000011111101101
10001000000011111101110
10001000000011111110011
10001000000011111110101
10001000000011111110110
10001000000011111111001
10001000000011111111010
10001000000011111111100
10010000000000111111111
10010000000001011111111
10010000000001101111111
10010000000001110111111
10010000000001111011111
10010000000001111101111
10010000000001111110111
10010000000001111111011
10010000000001111111101
10010000000001111111110
10010000000010011111111
10010000000010101111111
10010000000010110111111
10010000000010111011111
10010000000010111101111
10010000000010111110111
10010000000010111111011
10010000000010111111101
10010000000010111111110
10010000000011001111111
10010000000011010111111
10010000000011011011111
10010000000011011101111
10010000000011011110111
10010000000011011111011
10010000000011011111101
10010000000011011111110
10010000000011100111111
10010000000011101011111
10010000000011101101111
10010000000011101110111
10010000000011101111011
10010000000011101111101
10010000000011101111110
10010000000011110011111
10010000000011110101111
10010000000011110110111
10010000000011110111011
10010000000011110111101
10010000000011110111110
10010000000011111001111
10010000000011111010111
10010000000011111011011
10010000000011111011101
10010000000011111011110
10010000000011111100111
10010000000011111101011
10010000000011111101101
10010000000011111101110
10010000000011111110011
10010000000011111110101
10010000000011111110110
10010000000011111111001
10010000000011111111010
10010000000011111111100
10100000000000111111111
10100000000001011111111
10100000000001101111111
10100000000001110111111
10100000000001111011111
10100000000001111101111
10100000000001111110111
10100000000001111111011
10100000000001111111101
10100000000001111111110
10100000000010011111111
10100000000010101111111
10100000000010110111111
10100000000010111011111
10100000000010111101111
10100000000010111110111
10100000000010111111011
10100000000010111111101
10100000000010111111110
10100000000011001111111
10100000000011010111111
10100000000011011011111
10100000000011011101111
10100000000011011110111
10100000000011011111011
10100000000011011111101
10100000000011011111110
10100000000011100111111
10100000000011101011111
10100000000011101101111
10100000000011101110111
10100000000011101111011
10100000000011101111101
10100000000011101111110
10100000000011110011111
10100000000011110101111
10100000000011110110111
10100000000011110111011
10100000000011110111101
10100000000011110111110
10100000000011111001111
10100000000011111010111
10100000000011111011011
10100000000011111011101
10100000000011111011110
10100000000011111100111
10100000000011111101011
10100000000011111101101
10100000000011111101110
10100000000011111110011
10100000000011111110101
10100000000011111110110
10100000000011111111001
10100000000011111111010
10100000000011111111100
11000000000000111111111
11000000000001011111111
11000000000001101111111
11000000000001110111111
11000000000001111011111
11000000000001111101111
11000000000001111110111
11000000000001111111011
11000000000001111111101
11000000000001111111110
11000000000010011111111
11000000000010101111111
11000000000010110111111
11000000000010111011111
11000000000010111101111
11000000000010111110111
11000000000010111111011
11000000000010111111101
11000000000010111111110
11000000000011001111111
11000000000011010111111
11000000000011011011111
11000000000011011101111
11000000000011011110111
11000000000011011111011
11000000000011011111101
11000000000011011111110
11000000000011100111111
11000000000011101011111
11000000000011101101111
11000000000011101110111
11000000000011101111011
11000000000011101111101
11000000000011101111110
11000000000011110011111
11000000000011110101111
11000000000011110110111
11000000000011110111011
11000000000011110111101
11000000000011110111110
11000000000011111001111
11000000000011111010111
11000000000011111011011
11000000000011111011101
11000000000011111011110
11000000000011111100111
11000000000011111101011
11000000000011111101101
11000000000011111101110
11000000000011111110011
11000000000011111110101
11000000000011111110110
11000000000011111111001
11000000000011111111010
11000000000011111111100
