 &FCI NORB=   9,NELEC=10,MS2=0,
  ORBSYM=1,1,1,1,1,1,1,1,1
  ISYM=1,
 &END
 0.5567624886152995    1    1    1    1
 -0.07661109786172242    2    1    1    1
 0.04377376949539605    2    1    2    1
 0.2581103891357961    2    2    1    1
 0.07900236412659568    2    2    2    1
 0.5869236219015131    2    2    2    2
 0.02027719670047961    3    1    1    1
 0.002661035453286301    3    1    2    1
 -0.03469337302885368    3    1    2    2
 0.1237325601365123    3    1    3    1
 0.03606603781091235    3    2    1    1
 -0.01876535899272408    3    2    2    1
 -0.02278024561412751    3    2    2    2
 -0.02401590913680252    3    2    3    1
 0.01486879964846988    3    2    3    2
 0.5367342967840442    3    3    1    1
 -0.07590808742434146    3    3    2    1
 0.2456052628151769    3    3    2    2
 0.01714422933796267    3    3    3    1
 0.03933407987787101    3    3    3    2
 0.5587700617408859    3    3    3    3
 0.01054708337605034    4    1    1    1
 -0.007465542155092103    4    1    2    1
 0.03407969030327941    4    1    2    2
 -0.001777868032884931    4    1    3    1
 0.0006522656728938957    4    1    3    2
 0.02707129491994511    4    1    3    3
 0.1064824062052948    4    1    4    1
 -0.03812274173301149    4    2    1    1
 0.0181540379687046    4    2    2    1
 0.02197859330558051    4    2    2    2
 -0.0005085088432728254    4    2    3    1
 -0.007463588527605102    4    2    3    2
 -0.03761017827337959    4    2    3    3
 -0.01741875245321823    4    2    4    1
 0.01125388723378198    4    2    4    2
 -0.004279432987385858    4    3    1    1
 0.0003246346447115894    4    3    2    1
 -0.02411467252744149    4    3    2    2
 0.02554518593820036    4    3    3    1
 -0.00695964891595097    4    3    3    2
 -0.01178719641214776    4    3    3    3
 -0.03075126995543038    4    3    4    1
 0.006810600238814486    4    3    4    2
 0.04143945945026155    4    3    4    3
 0.5077332711641341    4    4    1    1
 -0.06851984480797957    4    4    2    1
 0.2298947774764057    4    4    2    2
 -0.02543487995226034    4    4    3    1
 0.03914511443512549    4    4    3    2
 0.4742689880619015    4    4    3    3
 -0.04759767206855495    4    4    4    1
 -0.03041599462444523    4    4    4    2
 0.006713925914104485    4    4    4    3
 0.5532678647777599    4    4    4    4
 0.001770241921296323    5    1    1    1
 -0.001701416310051139    5    1    2    1
 -0.003164713566233809    5    1    2    2
 -9.158931156467222e-05    5    1    3    1
 0.0003782885564477379    5    1    3    2
 -0.0004851248390282703    5    1    3    3
 -1.298810635551153e-05    5    1    4    1
 -0.0002418657492538973    5    1    4    2
 0.0001042217354217672    5    1    4    3
 -0.0004986659035085576    5    1    4    4
 0.1058816018010446    5    1    5    1
 -0.001566315397933609    5    2    1    1
 0.001232072209345557    5    2    2    1
 0.003031907989361262    5    2    2    2
 -0.0002588387540106219    5    2    3    1
 -0.0004334635787703577    5    2    3    2
 -0.0008842211614865933    5    2    3    3
 0.0001755499184511714    5    2    4    1
 0.0003597937718254555    5    2    4    2
 -3.447715468648804e-06    5    2    4    3
 -0.0007947421164829677    5    2    4    4
 -0.02620215198285133    5    2    5    1
 0.007662087627723473    5    2    5    2
 -0.0004615163105528846    5    3    1    1
 0.0002721230842646523    5    3    2    1
 0.0009082048206187173    5    3    2    2
 -0.0003683100788771642    5    3    3    1
 -0.0002105975650191146    5    3    3    2
 -0.0001740338921521604    5    3    3    3
 9.531572787492799e-05    5    3    4    1
 0.0002370033677838633    5    3    4    2
 0.0004306409554622344    5    3    4    3
 -0.000814752605612908    5    3    4    4
 0.00214088767470504    5    3    5    1
 0.003337361537333682    5    3    5    2
 0.02599496937349611    5    3    5    3
 0.001010604067825257    5    4    1    1
 -0.0001612888850474772    5    4    2    1
 -7.268692708434083e-05    5    4    2    2
 -1.017083632633889e-05    5    4    3    1
 0.0002834529386616502    5    4    3    2
 0.001421250605504699    5    4    3    3
 -0.0004799921633277846    5    4    4    1
 -0.0001097734346055993    5    4    4    2
 -0.0004508262852146756    5    4    4    3
 0.0008842437131991699    5    4    4    4
 -0.007589231796031036    5    4    5    1
 -0.0009180360553482621    5    4    5    2
 0.001041850138056443    5    4    5    3
 0.02328586742943125    5    4    5    4
 0.5740323724300596    5    5    1    1
 -0.09012372980442696    5    5    2    1
 0.2290916561978206    5    5    2    2
 0.01630922954028998    5    5    3    1
 0.03962071153155151    5    5    3    2
 0.5305267968288307    5    5    3    3
 -0.009040767210661636    5    5    4    1
 -0.03723321526314301    5    5    4    2
 0.001161523204566176    5    5    4    3
 0.5096198633189181    5    5    4    4
 -0.009858198208836213    5    5    5    1
 0.0008468201132826272    5    5    5    2
 -0.0003365001125753554    5    5    5    3
 0.002580424116787472    5    5    5    4
 0.6615699415049414    5    5    5    5
 0.03074522486535729    6    1    1    1
 -0.006841284729971176    6    1    2    1
 0.003359967200360254    6    1    2    2
 0.001063628714047085    6    1    3    1
 0.003457732958098481    6    1    3    2
 0.02172421183552179    6    1    3    3
 -0.00860055597263365    6    1    4    1
 -0.001241503471669906    6    1    4    2
 8.586006575773692e-05    6    1    4    3
 0.02394275214032732    6    1    4    4
 0.02739238712746312    6    1    5    1
 -0.007990219784137042    6    1    5    2
 -0.006204314170017588    6    1    5    3
 -0.003373875463776304    6    1    5    4
 0.0382397856902629    6    1    5    5
 0.02093993081878084    6    1    6    1
 -0.01097859145672625    6    2    1    1
 0.003774583117730904    6    2    2    1
 0.004632369876576671    6    2    2    2
 -0.0003984913178429725    6    2    3    1
 -0.001796399627103813    6    2    3    2
 -0.009272348908854831    6    2    3    3
 0.002830785407386651    6    2    4    1
 0.001079813707726691    6    2    4    2
 -0.001497261653011463    6    2    4    3
 -0.01039924821655031    6    2    4    4
 -0.01029813425690899    6    2    5    1
 0.002804534233959427    6    2    5    2
 0.001488622185942051    6    2    5    3
 -0.0001491367870497446    6    2    5    4
 -0.01264176578037694    6    2    5    5
 -0.004267984809163123    6    2    6    1
 0.002489101109314732    6    2    6    2
 0.003473837906619546    6    3    1    1
 0.0007148487959622889    6    3    2    1
 0.004674726344132863    6    3    2    2
 -0.004470754423066185    6    3    3    1
 0.0007866043657070017    6    3    3    2
 -0.0002047757119727489    6    3    3    3
 -0.001569345549225454    6    3    4    1
 -0.0006079112043154664    6    3    4    2
 -0.005593134334934664    6    3    4    3
 0.01008625898004154    6    3    4    4
 -0.0138938265440654    6    3    5    1
 0.003860609680395083    6    3    5    2
 0.001123562123920599    6    3    5    3
 -0.001516554985028233    6    3    5    4
 0.002775667362408607    6    3    5    5
 0.002684323993281814    6    3    6    1
 0.001697040242108492    6    3    6    2
 0.0145536388075372    6    3    6    3
 -0.02801440570481744    6    4    1    1
 0.0050328766418306    6    4    2    1
 -0.008835597354302453    6    4    2    2
 -0.002378245877091791    6    4    3    1
 -0.002825197591059902    6    4    3    2
 -0.02793498393389672    6    4    3    3
 -0.004084686657105836    6    4    4    1
 0.002388903176377045    6    4    4    2
 0.006908649224943896    6    4    4    3
 -0.01457688748645096    6    4    4    4
 -0.00449472343054577    6    4    5    1
 0.0001228775844178672    6    4    5    2
 -0.002026773835714698    6    4    5    3
 0.005557149281188813    6    4    5    4
 -0.03060611302940794    6    4    5    5
 -0.00568179764037644    6    4    6    1
 0.0006531543563005677    6    4    6    2
 0.002348976798094501    6    4    6    3
 0.01308486009458119    6    4    6    4
 0.09547821061082178    6    5    1    1
 -0.02142592750851791    6    5    2    1
 0.02346190768393443    6    5    2    2
 -0.02633536292400584    6    5    3    1
 0.01732880990738242    6    5    3    2
 0.06981295869786082    6    5    3    3
 -0.007846665319744534    6    5    4    1
 -0.007692113724965534    6    5    4    2
 -0.00613253887384869    6    5    4    3
 0.08865977298272885    6    5    4    4
 0.01560822371329528    6    5    5    1
 -0.004163299202310962    6    5    5    2
 -0.000697896891996284    6    5    5    3
 -0.004027819427900417    6    5    5    4
 0.1211241852081963    6    5    5    5
 0.02283789793495523    6    5    6    1
 -0.005566449557646088    6    5    6    2
 0.006823800676755646    6    5    6    3
 -0.01013043135013351    6    5    6    4
 0.07162823056877772    6    5    6    5
 0.3673739585419231    6    6    1    1
 -0.04406711798099326    6    6    2    1
 0.1784160833544542    6    6    2    2
 0.06456115231799053    6    6    3    1
 0.004973222461414838    6    6    3    2
 0.3815309863675572    6    6    3    3
 5.42607147453257e-05    6    6    4    1
 -0.01956450506289802    6    6    4    2
 0.0174167470059868    6    6    4    3
 0.3280217361716387    6    6    4    4
 0.02334570985524387    6    6    5    1
 -0.005240345542576012    6    6    5    2
 0.004306791755097249    6    6    5    3
 -0.003743875986990481    6    6    5    4
 0.3884623434807677    6    6    5    5
 0.006539679396570364    6    6    6    1
 -0.007747515903443678    6    6    6    2
 -0.02056079865399582    6    6    6    3
 -0.01381843173003038    6    6    6    4
 -0.02044284244097645    6    6    6    5
 0.4667354842910668    6    6    6    6
 -0.03397751437761896    7    1    1    1
 0.01062475966171432    7    1    2    1
 0.003915475555725697    7    1    2    2
 0.01060245606026837    7    1    3    1
 -0.009288329848148024    7    1    3    2
 -0.0324167392619353    7    1    3    3
 0.01853601800666973    7    1    4    1
 1.412634999819781e-05    7    1    4    2
 0.00236135159123151    7    1    4    3
 -0.02362250640999305    7    1    4    4
 0.002497331825095049    7    1    5    1
 -0.0004564996025736703    7    1    5    2
 -0.001198821780642134    7    1    5    3
 -0.001290443665097573    7    1    5    4
 -0.05445533047189846    7    1    5    5
 -0.008754362514201077    7    1    6    1
 0.001863746356094801    7    1    6    2
 0.003067590851651641    7    1    6    3
 0.009629967177803265    7    1    6    4
 -0.0179038615318539    7    1    6    5
 -0.01504140969925284    7    1    6    6
 0.02595435270113227    7    1    7    1
 0.02422364379593249    7    2    1    1
 0.00179933753906581    7    2    2    1
 0.03506372880077471    7    2    2    2
 -0.01157089841460943    7    2    3    1
 0.001776744517714358    7    2    3    2
 0.02304897436032733    7    2    3    3
 -0.004270278524283593    7    2    4    1
 0.001454602039231539    7    2    4    2
 -0.001697319020790392    7    2    4    3
 0.02379544885156522    7    2    4    4
 -0.001291594667899864    7    2    5    1
 0.0004327912954007407    7    2    5    2
 0.0003450925760698036    7    2    5    3
 -9.007072032535092e-06    7    2    5    4
 0.02812027097175601    7    2    5    5
 0.002345375198323074    7    2    6    1
 -0.0003947789611630846    7    2    6    2
 0.0003531421767352782    7    2    6    3
 -0.00160047843071903    7    2    6    4
 0.007725699406108727    7    2    6    5
 0.01049417428974517    7    2    6    6
 -0.004369832069572385    7    2    7    1
 0.01348646047549317    7    2    7    2
 0.04653227501978863    7    3    1    1
 -0.0155637505467739    7    3    2    1
 0.003721283816142793    7    3    2    2
 -0.01046636832821319    7    3    3    1
 0.00970030407090707    7    3    3    2
 0.04693127794294372    7    3    3    3
 0.00966438930561331    7    3    4    1
 -0.005630663882334986    7    3    4    2
 0.005469660915716754    7    3    4    3
 0.0281139674276182    7    3    4    4
 -0.00264291741874484    7    3    5    1
 0.0004436406483453944    7    3    5    2
 0.0004085901002095631    7    3    5    3
 0.000270152919258318    7    3    5    4
 0.05319495463145024    7    3    5    5
 0.007598255538804697    7    3    6    1
 -0.001728274309819961    7    3    6    2
 -0.001308417291490398    7    3    6    3
 -0.006679235721488707    7    3    6    4
 0.020390805243783    7    3    6    5
 0.01009472584190019    7    3    6    6
 -0.01159745574155083    7    3    7    1
 0.003232216494744032    7    3    7    2
 0.02672661538922486    7    3    7    3
 0.05242894402255297    7    4    1    1
 -0.009735637802780616    7    4    2    1
 0.02237838238004323    7    4    2    2
 0.01124789324617949    7    4    3    1
 0.002548936359546556    7    4    3    2
 0.05257619997611863    7    4    3    3
 0.02535154043728777    7    4    4    1
 -0.006460100451301916    7    4    4    2
 -0.01246088453842012    7    4    4    3
 0.01197969127676348    7    4    4    4
 -0.002119853304162655    7    4    5    1
 4.844471054116228e-05    7    4    5    2
 -6.848843828371165e-06    7    4    5    3
 0.002039936817100524    7    4    5    4
 0.05793705474522336    7    4    5    5
 0.01021231702051026    7    4    6    1
 -0.0004720326280718078    7    4    6    2
 -0.00269322799673624    7    4    6    3
 -0.02017560361803849    7    4    6    4
 0.01270440956609437    7    4    6    5
 0.02391917308660777    7    4    6    6
 -0.01685782695379609    7    4    7    1
 0.002886565446863516    7    4    7    2
 0.01914272010371916    7    4    7    3
 0.05186973426900986    7    4    7    4
 0.009885328590559591    7    5    1    1
 -0.001772301028268907    7    5    2    1
 0.003435799781705482    7    5    2    2
 -0.004867225346655385    7    5    3    1
 0.002301926545379591    7    5    3    2
 0.007588737943966558    7    5    3    3
 -0.002345658437569335    7    5    4    1
 -0.0006434694807594372    7    5    4    2
 -0.0004635124896215545    7    5    4    3
 0.01199939974790955    7    5    4    4
 -0.02945603711668836    7    5    5    1
 0.007457660717247082    7    5    5    2
 0.006145522346352415    7    5    5    3
 0.009500441021616627    7    5    5    4
 0.01591311813698312    7    5    5    5
 -0.008047416006705296    7    5    6    1
 0.002650880566401147    7    5    6    2
 0.005720512578004096    7    5    6    3
 0.00249302622602497    7    5    6    4
 0.002652924672475599    7    5    6    5
 -0.01277373318635542    7    5    6    6
 -0.00285946449494518    7    5    7    1
 0.001371946024348449    7    5    7    2
 0.00319702077197965    7    5    7    3
 0.001202156811557633    7    5    7    4
 0.01587910377409298    7    5    7    5
 -0.02104106689014683    7    6    1    1
 0.003268790615830633    7    6    2    1
 -0.007065051305522083    7    6    2    2
 0.02125667913409    7    6    3    1
 -0.006921199875715627    7    6    3    2
 -0.01000565827864349    7    6    3    3
 0.01909417501116449    7    6    4    1
 -0.0003834623904518273    7    6    4    2
 -0.002557386706033806    7    6    4    3
 -0.04418934250677506    7    6    4    4
 -0.01086817755373205    7    6    5    1
 0.003138312352204185    7    6    5    2
 0.004817623005296796    7    6    5    3
 0.003602340850988244    7    6    5    4
 -0.01996099960881388    7    6    5    5
 -0.008941216234178265    7    6    6    1
 0.002210090985426181    7    6    6    2
 -0.005608540589337603    7    6    6    3
 -0.001584947859350875    7    6    6    4
 -0.02733480840325764    7    6    6    5
 0.03051794026567536    7    6    6    6
 0.0005916934706819163    7    6    7    1
 -0.002831212960020863    7    6    7    2
 -0.003277898482559506    7    6    7    3
 0.01114321985392423    7    6    7    4
 -0.0007313727143483029    7    6    7    5
 0.02783194404896507    7    6    7    6
 0.3449182209857302    7    7    1    1
 -0.02485239391842349    7    7    2    1
 0.242410280979035    7    7    2    2
 -0.005490122262841529    7    7    3    1
 0.01341425400001324    7    7    3    2
 0.3402999088216047    7    7    3    3
 -0.03426109003692727    7    7    4    1
 -0.008279908021914086    7    7    4    2
 0.01935534176704359    7    7    4    3
 0.3675856432687611    7    7    4    4
 -0.002053690302261745    7    7    5    1
 0.0006784791252179912    7    7    5    2
 0.001281063613365878    7    7    5    3
 0.0006667849993678961    7    7    5    4
 0.3484929128575156    7    7    5    5
 0.006239321954677342    7    7    6    1
 -0.004940516525729236    7    7    6    2
 -0.000250842408948805    7    7    6    3
 0.0002392703273209752    7    7    6    4
 0.02772697151381848    7    7    6    5
 0.3022941086891556    7    7    6    6
 -0.01085124429603567    7    7    7    1
 0.0114936443250297    7    7    7    2
 0.01108764776834119    7    7    7    3
 -0.01172869485604835    7    7    7    4
 0.004388127124315782    7    7    7    5
 -0.01622589659501431    7    7    7    6
 0.3291606612542701    7    7    7    7
 -0.0379034572687033    8    1    1    1
 0.0165349769045939    8    1    2    1
 -0.009427615220766895    8    1    2    2
 0.01528823424268769    8    1    3    1
 -0.008014980423698404    8    1    3    2
 -0.02531229366091491    8    1    3    3
 -0.01756346521873993    8    1    4    1
 0.006873275997393851    8    1    4    2
 -0.01595089721541532    8    1    4    3
 -0.02088526241602809    8    1    4    4
 0.001031646237483705    8    1    5    1
 -0.000451177147801211    8    1    5    2
 -0.001704196818761831    8    1    5    3
 0.000813570994799017    8    1    5    4
 -0.05466274385172117    8    1    5    5
 -0.003857827212461201    8    1    6    1
 0.002011633843270712    8    1    6    2
 0.005986079484155226    8    1    6    3
 -0.001797544299449447    8    1    6    4
 -0.01997176761670608    8    1    6    5
 -0.01313966623962969    8    1    6    6
 0.007741076850552328    8    1    7    1
 -0.005044980436307784    8    1    7    2
 -0.02496867996962449    8    1    7    3
 -0.002533910256746475    8    1    7    4
 -0.002431281674491623    8    1    7    5
 0.002194024948794789    8    1    7    6
 -0.01726822693679067    8    1    7    7
 0.05321054320960481    8    1    8    1
 0.04425540511229118    8    2    1    1
 -0.02617222047285486    8    2    2    1
 -0.04989848907612141    8    2    2    2
 -0.00055763306163811    8    2    3    1
 0.01120001583400356    8    2    3    2
 0.0402632400465287    8    2    3    3
 0.0005734295112252572    8    2    4    1
 -0.009882510461107167    8    2    4    2
 0.004143528061897301    8    2    4    3
 0.03838042763771599    8    2    4    4
 -0.0007317468775977519    8    2    5    1
 -0.0002778552324497785    8    2    5    2
 0.0003153999428609506    8    2    5    3
 -0.0001005793205283742    8    2    5    4
 0.05520124474406296    8    2    5    5
 0.00511009291170579    8    2    6    1
 -0.002690338144876062    8    2    6    2
 -0.001001591669581447    8    2    6    3
 -0.00253418396774894    8    2    6    4
 0.01623220074668768    8    2    6    5
 0.02112625287110364    8    2    6    6
 -0.009240461696171376    8    2    7    1
 -0.00216335190689503    8    2    7    2
 0.01290165682581143    8    2    7    3
 0.004923929466343391    8    2    7    4
 0.00192629075415421    8    2    7    5
 -0.003233419173854748    8    2    7    6
 0.01487750902006078    8    2    7    7
 -0.01754849618479418    8    2    8    1
 0.02072993005420419    8    2    8    2
 0.05666516837902155    8    3    1    1
 -0.01686766282320245    8    3    2    1
 -0.01854878150093256    8    3    2    2
 0.0179346199919989    8    3    3    1
 0.007710869896637984    8    3    3    2
 0.04191602697011722    8    3    3    3
 -0.04361310458934669    8    3    4    1
 4.787430546896818e-05    8    3    4    2
 0.02385940497700717    8    3    4    3
 0.04591768737010781    8    3    4    4
 -0.003652840636777471    8    3    5    1
 0.0006401129642296692    8    3    5    2
 0.0005635601134022799    8    3    5    3
 -0.0001366708712978986    8    3    5    4
 0.08222620014501951    8    3    5    5
 0.01422042202402807    8    3    6    1
 -0.003909135046058597    8    3    6    2
 -0.003685508788696237    8    3    6    3
 -0.001951986235297675    8    3    6    4
 0.02254018673383107    8    3    6    5
 0.03439177542232356    8    3    6    6
 -0.02827739994852838    8    3    7    1
 0.006958292127754645    8    3    7    2
 0.01880340940092639    8    3    7    3
 -0.000503718873984653    8    3    7    4
 0.003211668167676538    8    3    7    5
 -0.005431367603122622    8    3    7    6
 0.0348871736270935    8    3    7    7
 -0.03479232000164422    8    3    8    1
 0.02126611055239607    8    3    8    2
 0.0846081234810043    8    3    8    3
 -0.05472104122261057    8    4    1    1
 0.01441751766352861    8    4    2    1
 0.01622130864608481    8    4    2    2
 -0.0443625815768314    8    4    3    1
 0.001553724724845827    8    4    3    2
 -0.02815961531539168    8    4    3    3
 0.01682371565632024    8    4    4    1
 0.006301397662623394    8    4    4    2
 -0.01768969683808056    8    4    4    3
 -0.04006465285571647    8    4    4    4
 0.002001698604404785    8    4    5    1
 -0.0002762963290090403    8    4    5    2
 -0.0004336734703626004    8    4    5    3
 0.0003242505820367389    8    4    5    4
 -0.069222538629191    8    4    5    5
 -0.01069419338808836    8    4    6    1
 0.002662726089224339    8    4    6    2
 0.00233474849315639    8    4    6    3
 0.003294711453133855    8    4    6    4
 -0.01419605717422559    8    4    6    5
 -0.03705293200530735    8    4    6    6
 0.01110628995356859    8    4    7    1
 -5.1572247979673e-05    8    4    7    2
 -0.01086768126848308    8    4    7    3
 -0.007101356556416411    8    4    7    4
 -0.001187933291658145    8    4    7    5
 -0.0008504555564803762    8    4    7    6
 -0.01813484495238553    8    4    7    7
 0.02714534589124496    8    4    8    1
 -0.01725560576207127    8    4    8    2
 -0.05629408223031689    8    4    8    3
 0.06449627962359726    8    4    8    4
 0.004427059222651741    8    5    1    1
 -0.001121136411781407    8    5    2    1
 0.002771379690539478    8    5    2    2
 -0.004735260173711586    8    5    3    1
 0.001606979654142193    8    5    3    2
 0.004425677654728614    8    5    3    3
 0.001859710481084071    8    5    4    1
 -0.0007832137827250654    8    5    4    2
 -0.001595508395830788    8    5    4    3
 0.005042979006963945    8    5    4    4
 -0.03008221149882723    8    5    5    1
 0.01087184630357953    8    5    5    2
 0.01165986087869669    8    5    5    3
 -0.007220655828029949    8    5    5    4
 0.008623574100987163    8    5    5    5
 -0.009853072500031505    8    5    6    1
 0.004151404882099113    8    5    6    2
 0.006748016939433225    8    5    6    3
 -0.002464763756451724    8    5    6    4
 0.0006973989007457003    8    5    6    5
 -0.007601294551377706    8    5    6    6
 -0.00169039322178286    8    5    7    1
 0.0009492959576722123    8    5    7    2
 0.00236217170918246    8    5    7    3
 0.0008718278381277648    8    5    7    4
 0.009889800400633687    8    5    7    5
 0.003316243402751288    8    5    7    6
 0.002172512649867935    8    5    7    7
 -0.002251769983403807    8    5    8    1
 0.001169286485492605    8    5    8    2
 0.0003557906865305433    8    5    8    3
 0.0006032209557947087    8    5    8    4
 0.02398537091147192    8    5    8    5
 -9.959285256247994e-06    8    6    1    1
 0.0005281659134580059    8    6    2    1
 -0.01041888449147206    8    6    2    2
 0.01810741622577248    8    6    3    1
 -0.003411829297150593    8    6    3    2
 -0.003088406928445275    8    6    3    3
 -0.01072798504119566    8    6    4    1
 0.001071182132782248    8    6    4    2
 0.007034324993602138    8    6    4    3
 -0.0003018766077032656    8    6    4    4
 -0.01236733771377784    8    6    5    1
 0.00438747648859157    8    6    5    2
 0.00475864883198471    8    6    5    3
 -0.002111449333958509    8    6    5    4
 0.003544430295715344    8    6    5    5
 -0.003292396922827862    8    6    6    1
 0.00142442569591903    8    6    6    2
 0.001466322631033651    8    6    6    3
 -0.0008640762185851916    8    6    6    4
 -0.006677659477004491    8    6    6    5
 0.01245272825570527    8    6    6    6
 -0.001122094223136574    8    6    7    1
 -0.00136758533808811    8    6    7    2
 -0.001216867756624893    8    6    7    3
 -0.001315790627667062    8    6    7    4
 0.003944935302622644    8    6    7    5
 0.00294378460427712    8    6    7    6
 0.002723748263153072    8    6    7    7
 0.0005077785786405444    8    6    8    1
 0.001064505841232538    8    6    8    2
 0.01197996718720493    8    6    8    3
 -0.01353905742316359    8    6    8    4
 0.007805037742410825    8    6    8    5
 0.009401914422261019    8    6    8    6
 0.03557940788800268    8    7    1    1
 -0.01331433371547914    8    7    2    1
 0.006064354814835382    8    7    2    2
 -0.03757749526157315    8    7    3    1
 0.01435170796237322    8    7    3    2
 0.04295510946697436    8    7    3    3
 0.01140048301005965    8    7    4    1
 -0.005544104485675793    8    7    4    2
 -0.01316729514261104    8    7    4    3
 0.03342650250761998    8    7    4    4
 -0.001499229955329668    8    7    5    1
 0.0003501937862115982    8    7    5    2
 0.0008409141348213977    8    7    5    3
 0.0003172388083772535    8    7    5    4
 0.03952925136774804    8    7    5    5
 0.002323560022151847    8    7    6    1
 -0.00120237026193085    8    7    6    2
 0.00172794125018746    8    7    6    3
 -0.004458611834916026    8    7    6    4
 0.02035854285206698    8    7    6    5
 -0.003712618517693339    8    7    6    6
 -0.008867064995816968    8    7    7    1
 0.006335380447298498    8    7    7    2
 0.01247887875312438    8    7    7    3
 0.008220846747982385    8    7    7    4
 0.003414386023476066    8    7    7    5
 -0.006911307051008057    8    7    7    6
 0.008083322684440579    8    7    7    7
 -0.00714091327918223    8    7    8    1
 0.007699921610221869    8    7    8    2
 -0.004589620074322715    8    7    8    3
 0.01708787970391454    8    7    8    4
 0.003663005373697131    8    7    8    5
 -0.008188336563709438    8    7    8    6
 0.02478978768148051    8    7    8    7
 0.5072861368375228    8    8    1    1
 -0.06563798642839376    8    8    2    1
 0.3061830395507376    8    8    2    2
 -0.07295988654380671    8    8    3    1
 0.04862252309140058    8    8    3    2
 0.5202242971829297    8    8    3    3
 0.0638505477746569    8    8    4    1
 -0.04122364232142758    8    8    4    2
 -0.06645842218157812    8    8    4    3
 0.4788251296698205    8    8    4    4
 -0.001654401178495768    8    8    5    1
 -0.0002478076832000635    8    8    5    2
 -0.0007845034052992426    8    8    5    3
 0.001849917998116178    8    8    5    4
 0.4975801340276333    8    8    5    5
 0.01916554594617668    8    8    6    1
 -0.00646062681601412    8    8    6    2
 0.0131692929504527    8    8    6    3
 -0.03233782716310796    8    8    6    4
 0.09142885706091616    8    8    6    5
 0.3029479652747354    8    8    6    6
 -0.02537248562719474    8    8    7    1
 0.02842617694061084    8    8    7    2
 0.03706387599292563    8    8    7    3
 0.06025505416059435    8    8    7    4
 0.01166591210501691    8    8    7    5
 -0.02420755022758883    8    8    7    6
 0.3154916255359583    8    8    7    7
 -0.006949471533927604    8    8    8    1
 0.02937729405972898    8    8    8    2
 -0.02557399352281453    8    8    8    3
 0.02602234724756805    8    8    8    4
 0.01012954347021902    8    8    8    5
 -0.02364817538500795    8    8    8    6
 0.0761186465269071    8    8    8    7
 0.6470185652015112    8    8    8    8
 0.04176688592571245    9    1    1    1
 -0.01241408495082214    9    1    2    1
 0.001022943424449198    9    1    2    2
 0.01645176338753896    9    1    3    1
 1.234803420274433e-05    9    1    3    2
 0.018465994408137    9    1    3    3
 0.02232900045104112    9    1    4    1
 -0.01135013359461965    9    1    4    2
 -0.007645645384397327    9    1    4    3
 0.02988718800319835    9    1    4    4
 0.0004352188064114601    9    1    5    1
 -0.0003807997558999142    9    1    5    2
 -0.001632047325059696    9    1    5    3
 -0.001198345114735034    9    1    5    4
 0.04669034305169241    9    1    5    5
 0.005841223262577739    9    1    6    1
 -0.001075685606091237    9    1    6    2
 0.008241686257124936    9    1    6    3
 0.002249689395532743    9    1    6    4
 0.0224275190550556    9    1    6    5
 -0.009492848966991676    9    1    6    6
 0.008355424064134158    9    1    7    1
 -0.002424618279292723    9    1    7    2
 -0.001590840423753732    9    1    7    3
 -0.001915147348191988    9    1    7    4
 0.001352232695639944    9    1    7    5
 -0.005882064430858716    9    1    7    6
 0.001678135723964132    9    1    7    7
 -0.01067468914553145    9    1    8    1
 0.008535195088214174    9    1    8    2
 0.004618863024944089    9    1    8    3
 -0.0221635383960646    9    1    8    4
 0.0009463590657142221    9    1    8    5
 8.281482658864533e-05    9    1    8    6
 -0.002470214941659157    9    1    8    7
 0.03059863324577146    9    1    8    8
 0.04970034594442255    9    1    9    1
 -0.02379493644022895    9    2    1    1
 0.000853790158286981    9    2    2    1
 -0.02339455048139764    9    2    2    2
 -0.00629572693158341    9    2    3    1
 0.001138911242050592    9    2    3    2
 -0.01741016962907772    9    2    3    3
 -0.01432021973381417    9    2    4    1
 0.0032929599678449    9    2    4    2
 0.004033528891896884    9    2    4    3
 -0.01430144951651969    9    2    4    4
 -2.787204799673171e-05    9    2    5    1
 -7.351912206660859e-07    9    2    5    2
 0.0002018301971215826    9    2    5    3
 0.0001977479993597776    9    2    5    4
 -0.02264244453873718    9    2    5    5
 -0.00135963925830829    9    2    6    1
 0.0001775933400170395    9    2    6    2
 -0.00120401683728738    9    2    6    3
 0.001509863119253554    9    2    6    4
 -0.00623586298971415    9    2    6    5
 -0.007025431363143283    9    2    6    6
 -0.003333293383193963    9    2    7    1
 -0.005308457021247448    9    2    7    2
 -0.0002019455359796563    9    2    7    3
 -0.005401968712425558    9    2    7    4
 -0.0003232242158286341    9    2    7    5
 -0.0007232949924933014    9    2    7    6
 -0.000976012850004492    9    2    7    7
 0.004979449841468572    9    2    8    1
 0.0003004849295782172    9    2    8    2
 0.00173488091832244    9    2    8    3
 0.006489866134118985    9    2    8    4
 -0.000289161939478286    9    2    8    5
 0.0005955965670305862    9    2    8    6
 -0.0002797037951892115    9    2    8    7
 -0.02319145185248381    9    2    8    8
 -0.01204161575859328    9    2    9    1
 0.009002395622845154    9    2    9    2
 0.05932508817311996    9    3    1    1
 -0.01367450577296866    9    3    2    1
 0.02028722945908709    9    3    2    2
 -0.03305114103945674    9    3    3    1
 0.01351829918994573    9    3    3    2
 0.04774040747407322    9    3    3    3
 -0.01521000405566699    9    3    4    1
 -0.002003744594153271    9    3    4    2
 -0.005534719727051325    9    3    4    3
 0.06030519301982288    9    3    4    4
 -0.003090385423975225    9    3    5    1
 0.0004117016649454932    9    3    5    2
 -0.000749022699708786    9    3    5    3
 0.0005444232900466305    9    3    5    4
 0.07281566420554066    9    3    5    5
 0.01490086396551369    9    3    6    1
 -0.002369671349334296    9    3    6    2
 0.008510959868379166    9    3    6    3
 -0.006658131830058848    9    3    6    4
 0.04361632246292202    9    3    6    5
 -0.02920360495330415    9    3    6    6
 -0.01894176260789204    9    3    7    1
 0.009890007336438062    9    3    7    2
 0.01611994436116243    9    3    7    3
 0.01156737513930937    9    3    7    4
 0.006138736127615525    9    3    7    5
 -0.01832237137636027    9    3    7    6
 0.01754010900945486    9    3    7    7
 -0.01000769434689721    9    3    8    1
 0.009848952253168083    9    3    8    2
 0.02139435516550395    9    3    8    3
 -0.002358673195487571    9    3    8    4
 0.003749683718851543    9    3    8    5
 -0.005248933575850157    9    3    8    6
 0.02025123523926391    9    3    8    7
 0.07157797193885193    9    3    8    8
 0.02086849497223132    9    3    9    1
 -0.002380722395161847    9    3    9    2
 0.0636605363547738    9    3    9    3
 0.08204764381424907    9    4    1    1
 -0.0235431134438504    9    4    2    1
 0.01500509733672293    9    4    2    2
 -0.01143163683850087    9    4    3    1
 0.01157859323636539    9    4    3    2
 0.06571621764232743    9    4    3    3
 0.01652479436682501    9    4    4    1
 -0.01139111314184382    9    4    4    2
 -0.003378440143838869    9    4    4    3
 0.06236867680227078    9    4    4    4
 -0.002636919641946687    9    4    5    1
 0.0002084842222709419    9    4    5    2
 -9.296454039202564e-06    9    4    5    3
 0.001065672274293912    9    4    5    4
 0.09338185077668543    9    4    5    5
 0.01325757176512501    9    4    6    1
 -0.00230289016325812    9    4    6    2
 0.0001138175274265873    9    4    6    3
 -0.01388990847874026    9    4    6    4
 0.03450333528133495    9    4    6    5
 0.01300308280930627    9    4    6    6
 -0.01843583853742817    9    4    7    1
 0.004978695650278038    9    4    7    2
 0.02302652255552507    9    4    7    3
 0.03420136168401149    9    4    7    4
 0.004145986836958344    9    4    7    5
 -0.003482943804518811    9    4    7    6
 0.01437666367930809    9    4    7    7
 -0.02664833182650136    9    4    8    1
 0.01685130836410588    9    4    8    2
 0.01969048641079849    9    4    8    3
 -0.02083046272980864    9    4    8    4
 0.002893591833722975    9    4    8    5
 -0.002591639584922568    9    4    8    6
 0.0134511435349746    9    4    8    7
 0.07734482721903638    9    4    8    8
 0.01967994666650598    9    4    9    1
 -0.008716287086471895    9    4    9    2
 0.03493383432830505    9    4    9    3
 0.05279358261632523    9    4    9    4
 0.001780407438499914    9    5    1    1
 -0.0006517185333587263    9    5    2    1
 0.0001370783682316391    9    5    2    2
 -0.00337576178408323    9    5    3    1
 0.000874714705841927    9    5    3    2
 0.0003314057081081353    9    5    3    3
 -0.003069047564458033    9    5    4    1
 0.0002808352668041593    9    5    4    2
 0.0002177491402897266    9    5    4    3
 0.003700666406364961    9    5    4    4
 0.01923403235103038    9    5    5    1
 -0.005240771600582852    9    5    5    2
 0.008878366066791939    9    5    5    3
 0.009558805795065973    9    5    5    4
 0.00115739058780939    9    5    5    5
 0.007850443396868849    9    5    6    1
 -0.001796070998140111    9    5    6    2
 0.004320164342476024    9    5    6    3
 0.003872303781926937    9    5    6    4
 0.004930487463045178    9    5    6    5
 -0.0007790622736623554    9    5    6    6
 -0.0008572487365650324    9    5    7    1
 0.0004672116501277731    9    5    7    2
 0.0008706937353462822    9    5    7    3
 -0.0002165307927317606    9    5    7    4
 0.00166513768917805    9    5    7    5
 -0.0009746768099717849    9    5    7    6
 0.002000320650088847    9    5    7    7
 -0.000218005418495387    9    5    8    1
 0.0003529597426649914    9    5    8    2
 0.001511564522871367    9    5    8    3
 0.0005651744158200736    9    5    8    4
 -0.006260063997986984    9    5    8    5
 -0.002990944563692224    9    5    8    6
 0.0008977142623671219    9    5    8    7
 0.001417572004057813    9    5    8    8
 -0.0004551665678258052    9    5    9    1
 0.0003633779442674998    9    5    9    2
 0.002192917502067993    9    5    9    3
 0.0006426105141577185    9    5    9    4
 0.02020500611792736    9    5    9    5
 0.009638812126391975    9    6    1    1
 -0.00124392119564983    9    6    2    1
 0.002484860865880123    9    6    2    2
 0.01913979131535909    9    6    3    1
 -0.002645426389806178    9    6    3    2
 0.01471581883471227    9    6    3    3
 0.0166616313824175    9    6    4    1
 -0.00250771456630508    9    6    4    2
 -0.003275837710453587    9    6    4    3
 -0.01357868481315594    9    6    4    4
 0.01634520579034219    9    6    5    1
 -0.00323250099116598    9    6    5    2
 0.01011139145425675    9    6    5    3
 0.006329367013582162    9    6    5    4
 0.007339376597317243    9    6    5    5
 -0.003082462787870955    9    6    6    1
 -0.001468811722703204    9    6    6    2
 -0.01095076146017391    9    6    6    3
 -0.005824585762342337    9    6    6    4
 -0.00480374706811874    9    6    6    5
 0.02472142229463424    9    6    6    6
 -0.0001144913689337331    9    6    7    1
 -0.002327348112559277    9    6    7    2
 -7.699151760521021e-05    9    6    7    3
 0.01054266963926597    9    6    7    4
 -0.001134239387047453    9    6    7    5
 0.00987388404156107    9    6    7    6
 -0.007706216117627617    9    6    7    7
 0.0005787313222268227    9    6    8    1
 1.591418578722548e-05    9    6    8    2
 -0.004216777963975734    9    6    8    3
 -0.003059491210311332    9    6    8    4
 -0.004236348179230747    9    6    8    5
 0.0008609501955329803    9    6    8    6
 -0.002438899460708951    9    6    8    7
 0.005112738824094439    9    6    8    8
 0.001147772644208406    9    6    9    1
 -0.002721161361294226    9    6    9    2
 -0.008916871471165282    9    6    9    3
 0.001943739519640617    9    6    9    4
 0.003005739949582013    9    6    9    5
 0.02594958597230671    9    6    9    6
 0.08041082532271113    9    7    1    1
 -0.02561272040765651    9    7    2    1
 -0.02378520432309304    9    7    2    2
 -0.01903877723261413    9    7    3    1
 0.01661939912148817    9    7    3    2
 0.06919651076617583    9    7    3    3
 -0.03422041901901209    9    7    4    1
 -0.006343609169422896    9    7    4    2
 0.0117683039616004    9    7    4    3
 0.1065002897090938    9    7    4    4
 0.0001930687656987976    9    7    5    1
 -0.0003532255926088468    9    7    5    2
 0.001008284394239322    9    7    5    3
 0.0009179204776259394    9    7    5    4
 0.08987246450063645    9    7    5    5
 0.007548626762971343    9    7    6    1
 -0.004604379922081556    9    7    6    2
 0.00198286612958365    9    7    6    3
 0.00084799704950273    9    7    6    4
 0.0321474450312953    9    7    6    5
 0.02345250028851869    9    7    6    6
 -0.01342050179381822    9    7    7    1
 0.01052762278977341    9    7    7    2
 0.008041520768896174    9    7    7    3
 -0.01042496148394195    9    7    7    4
 0.005141465546845136    9    7    7    5
 -0.02059749606639292    9    7    7    6
 0.04987361749087717    9    7    7    7
 -0.0131641905560569    9    7    8    1
 0.01693448081962894    9    7    8    2
 0.03067113760329192    9    7    8    3
 -0.01312682964486954    9    7    8    4
 0.001965267488835683    9    7    8    5
 -0.0002049785490890015    9    7    8    6
 0.01501070999146179    9    7    8    7
 0.06209540261905075    9    7    8    8
 0.01052910932005569    9    7    9    1
 -0.002143683187919133    9    7    9    2
 0.03536199961021726    9    7    9    3
 0.02013411712934241    9    7    9    4
 0.002416617771805197    9    7    9    5
 -0.009537498464011895    9    7    9    6
 0.05884372529454039    9    7    9    7
 -0.02753868017892869    9    8    1    1
 0.009735371922931302    9    8    2    1
 -0.003082866870346674    9    8    2    2
 0.002152111342250999    9    8    3    1
 -0.002396446158996757    9    8    3    2
 -0.01731531514615981    9    8    3    3
 -0.02631915976853915    9    8    4    1
 0.009699255590036888    9    8    4    2
 0.01089083984092595    9    8    4    3
 -0.02367149162175761    9    8    4    4
 0.0004407599939210043    9    8    5    1
 0.0001125195466594399    9    8    5    2
 0.001313996038422803    9    8    5    3
 0.0007493568056477576    9    8    5    4
 -0.02609826353219948    9    8    5    5
 -0.0004918801454883594    9    8    6    1
 0.0001879062612539469    9    8    6    2
 -0.003442673209204294    9    8    6    3
 0.0009222862114314619    9    8    6    4
 -0.009815170103707596    9    8    6    5
 -0.00126971165186231    9    8    6    6
 -0.006246681006109191    9    8    7    1
 0.0006790204501547281    9    8    7    2
 0.001889465835615764    9    8    7    3
 -0.004731179959855284    9    8    7    4
 -0.0004436798009157008    9    8    7    5
 0.0007894582932069402    9    8    7    6
 0.001322725948202967    9    8    7    7
 0.005963566278789786    9    8    8    1
 -0.005167606350957361    9    8    8    2
 0.01404388833489495    9    8    8    3
 0.004449106694386995    9    8    8    4
 -0.001129344114894616    9    8    8    5
 0.003357472301274454    9    8    8    6
 -0.003140783032482034    9    8    8    7
 -0.04392847009991626    9    8    8    8
 -0.02227153275664345    9    8    9    1
 0.009111599567450071    9    8    9    2
 -0.002862396366402893    9    8    9    3
 -0.01546625456714915    9    8    9    4
 0.000608241773217624    9    8    9    5
 -0.0008631379045316016    9    8    9    6
 -0.003820791421575273    9    8    9    7
 0.02228209647323968    9    8    9    8
 0.4924881646968152    9    9    1    1
 -0.06477529146815571    9    9    2    1
 0.233872509122837    9    9    2    2
 0.05407356098135048    9    9    3    1
 0.02132680530145371    9    9    3    2
 0.487586851405707    9    9    3    3
 0.02142457423229829    9    9    4    1
 -0.03320857863195603    9    9    4    2
 0.02242601632588371    9    9    4    3
 0.4431657332177168    9    9    4    4
 -0.0005732694462409682    9    9    5    1
 -0.0005201430980814479    9    9    5    2
 0.000983924976743695    9    9    5    3
 0.001023099104507389    9    9    5    4
 0.4942772486758497    9    9    5    5
 0.01834415934303603    9    9    6    1
 -0.009128584119423366    9    9    6    2
 -0.005355373503973491    9    9    6    3
 -0.0195433548008003    9    9    6    4
 0.05358385130775049    9    9    6    5
 0.3938603078073079    9    9    6    6
 -0.01650330374141267    9    9    7    1
 0.01306943845040246    9    9    7    2
 0.04729194322927282    9    9    7    3
 0.04430522482078289    9    9    7    4
 0.005736408213686766    9    9    7    5
 -0.004903990439658876    9    9    7    6
 0.3404302419707496    9    9    7    7
 -0.04561644838234433    9    9    8    1
 0.04038556762755156    9    9    8    2
 0.0492827263857195    9    9    8    3
 -0.05892806090906314    9    9    8    4
 0.002401171179076664    9    9    8    5
 0.006790633856768806    9    9    8    6
 0.01597973139761698    9    9    8    7
 0.4229211700513087    9    9    8    8
 0.02719410772639403    9    9    9    1
 -0.01914711052472657    9    9    9    2
 0.01854869536479891    9    9    9    3
 0.06314698455995806    9    9    9    4
 -0.0006635165250644084    9    9    9    5
 0.01582929500554739    9    9    9    6
 0.05462791820833063    9    9    9    7
 -0.01954045232114204    9    9    9    8
 0.5099586861162184    9    9    9    9
 -5.075514709615914    1    1  0  0
 0.3990752442357503    2    1  0  0
 -3.058887427707932    2    2  0  0
 0.002840879569755539    3    1  0  0
 -0.2334085645894874    3    2  0  0
 -4.502694590527671    3    3  0  0
 -0.0310598552217472    4    1  0  0
 0.2190264447315419    4    2  0  0
 0.05133882869613145    4    3  0  0
 -4.360433052102024    4    4  0  0
 0.01676873487222155    5    1  0  0
 0.0005900419394863437    5    2  0  0
 0.0002707830202721536    5    3  0  0
 -0.007405556701545473    5    4  0  0
 -4.509260027062256    5    5  0  0
 -0.1944513580605824    6    1  0  0
 0.0741225088120484    6    2  0  0
 -0.03633820390337172    6    3  0  0
 0.1882174668641782    6    4  0  0
 -0.6390724638347985    6    5  0  0
 -2.724623544845232    6    6  0  0
 0.2343641780671115    7    1  0  0
 -0.2121178614331757    7    2  0  0
 -0.3039925468978835    7    3  0  0
 -0.3476602298888447    7    4  0  0
 -0.07635300602422965    7    5  0  0
 0.1765439994673858    7    6  0  0
 -2.482703263167226    7    7  0  0
 0.2369833060886519    8    1  0  0
 -0.2648831388025814    8    2  0  0
 -0.3539782083616843    8    3  0  0
 0.3010212715037501    8    4  0  0
 -0.04031615935194012    8    5  0  0
 0.01430783024216901    8    6  0  0
 -0.2879396739015601    8    7  0  0
 -3.616953623874115    8    8  0  0
 -0.2303384264589947    9    1  0  0
 0.1641650074130088    9    2  0  0
 -0.4501162427388457    9    3  0  0
 -0.5450243937133907    9    4  0  0
 -0.01230533326551035    9    5  0  0
 -0.03563001176701266    9    6  0  0
 -0.5893563611738094    9    7  0  0
 0.1793428589205394    9    8  0  0
 -3.232307319089496    9    9  0  0
 0  0  0  0  0
