0 0 1.999964861305881
0 1 -1.52095904319185e-05
0 2 -3.732332244352935e-05
0 3 -8.682111015513042e-05
0 4 2.172144578477499e-05
0 5 -1.050583392180523e-05
0 6 -8.106347474794131e-07
0 7 -1.788010213336525e-05
0 8 2.49009971680258e-05
0 9 6.365679973917124e-06
0 10 -4.025142363210013e-06
0 11 3.385424001735513e-06
0 12 -3.242609330568234e-06
0 13 -2.841051392157228e-06
0 14 -0.0001185478425186798
0 15 0.000142055645540319
0 16 -7.407366313591804e-05
0 17 0.0001324761920935977
0 18 0.0001854020096914688
0 19 -0.0001386744924903154
0 20 0.0001616718603441183
0 21 9.848958737065854e-05
0 22 3.777214912006494e-05
0 23 0.0001384725751050706
0 24 -7.087878651222805e-05
1 0 -1.520959043191846e-05
1 1 1.993974039164768
1 2 -0.0009617826619210268
1 3 -0.001717906675907445
1 4 -0.002342740418700593
1 5 0.002841731786074053
1 6 -0.0009266921674059912
1 7 8.410530689066737e-05
1 8 -0.001460065952155669
1 9 0.0003343310182439383
1 10 0.0002469853348666621
1 11 0.001164465731127143
1 12 -0.001195338832707589
1 13 0.0006269685906509688
1 14 -0.001547882791518951
1 15 -0.0003823149957891555
1 16 -0.000172350285930619
1 17 0.0002437510389371699
1 18 -0.0007063318887789299
1 19 -0.0004461847164720054
1 20 -1.10968800903605e-05
1 21 0.0005726027455110496
1 22 0.0006228715977997085
1 23 -0.001957346529730847
1 24 -0.0008251523338794762
2 0 -3.732332244352942e-05
2 1 -0.0009617826619210226
2 2 1.989761790428651
2 3 -0.00127650632267919
2 4 0.0006700644832371202
2 5 -0.001787169297093394
2 6 -5.732929866513816e-05
2 7 0.001795448311324663
2 8 -0.0006378785277460484
2 9 -0.0001093788720315743
2 10 0.001136249835452974
2 11 0.002037933333487126
2 12 0.0003049944572047792
2 13 -0.0003412882482376155
2 14 -0.001408302756449257
2 15 -0.0005175513987479645
2 16 0.0002605887697288352
2 17 -0.002347004602218294
2 18 0.0007823288947752539
2 19 0.0002888204428020088
2 20 -0.001549349594997767
2 21 -0.0002136648691205137
2 22 -0.0010121978204246
2 23 0.000558778078085658
2 24 0.0008120312155417258
3 0 -8.682111015513102e-05
3 1 -0.001717906675907413
3 2 -0.001276506322679182
3 3 1.984833140848035
3 4 -9.769692252403083e-05
3 5 0.0009717233974759591
3 6 -5.317734941097224e-05
3 7 -0.00143738823932517
3 8 0.000380380367404687
3 9 6.201760416536448e-05
3 10 0.0003875931448892059
3 11 0.00107192684884368
3 12 0.0004491683693715942
3 13 -0.0005867273705137986
3 14 -0.002002910644661991
3 15 0.001700991682190321
3 16 0.0004652462357462158
3 17 -0.0006202957329697327
3 18 -0.0005748741555756278
3 19 -0.0009883923254098838
3 20 5.594021137552687e-05
3 21 -0.001324808177813701
3 22 0.0007530649329185661
3 23 0.0011620381432712
3 24 -0.0001793001108488132
4 0 2.172144578477555e-05
4 1 -0.002342740418700586
4 2 0.0006700644832371088
4 3 -9.769692252404759e-05
4 4 1.985332488561599
4 5 -0.0004142759993465956
4 6 0.0004195825822065876
4 7 0.002446216921154612
4 8 -0.002724912425731081
4 9 -0.002378484804965527
4 10 -0.0004538811463826604
4 11 0.007354714611888824
4 12 8.904208147524729e-05
4 13 -0.0005428344162907709
4 14 0.002879258991524795
4 15 0.001547807355848116
4 16 0.0004520473443489376
4 17 -0.003695080680881351
4 18 2.396479583288232e-05
4 19 -0.0006019897893457247
4 20 -0.0001056941520713214
4 21 -0.002209533809145798
4 22 -0.001926022443991829
4 23 0.003291710362309472
4 24 0.005376273831304219
5 0 -1.050583392180549e-05
5 1 0.002841731786074059
5 2 -0.001787169297093379
5 3 0.000971723397475962
5 4 -0.0004142759993466142
5 5 1.987584948107253
5 6 0.000121544478367344
5 7 -0.002525452260534455
5 8 0.004589574449976866
5 9 0.003761774467988897
5 10 0.004566187758556681
5 11 -0.002388402942614162
5 12 0.001098036136790352
5 13 0.00399119260771349
5 14 -0.003809151277719586
5 15 0.004587174735525485
5 16 0.0003699629163036775
5 17 -0.002021806580905131
5 18 0.0003809023971847798
5 19 -0.002362316626515882
5 20 0.0004713771275633666
5 21 -0.003533377386974538
5 22 -0.001762558402257792
5 23 0.005337417230165808
5 24 0.007883247099026325
6 0 -8.106347474796395e-07
6 1 -0.0009266921674059886
6 2 -5.73292986651247e-05
6 3 -5.317734941099347e-05
6 4 0.0004195825822065817
6 5 0.0001215444783673423
6 6 1.979122847018691
6 7 -0.0004908819377347366
6 8 -0.001077359483445337
6 9 0.000465731770582144
6 10 -0.0003279127943902336
6 11 0.001660165603609293
6 12 0.001614215080233104
6 13 0.01177553110840958
6 14 -0.001534768998925599
6 15 -0.0001215341234496035
6 16 -0.003932956206267855
6 17 -0.001133963438540414
6 18 -0.001218882369121042
6 19 0.002303167105147263
6 20 -0.00027004414178469
6 21 0.001023707303225609
6 22 0.001305338547850483
6 23 0.0001528405276123146
6 24 1.487688276267212e-06
7 0 -1.78801021333651e-05
7 1 8.41053068906757e-05
7 2 0.001795448311324669
7 3 -0.001437388239325161
7 4 0.002446216921154604
7 5 -0.002525452260534455
7 6 -0.0004908819377347477
7 7 1.982660188043731
7 8 -0.001788177420283054
7 9 -0.001708226364423707
7 10 -0.002561926647055572
7 11 -0.00134859616533931
7 12 -1.034895558815218e-05
7 13 7.623444259063877e-05
7 14 0.00543786119161466
7 15 0.003432816694351913
7 16 -0.002639611090687704
7 17 -0.001509356134283318
7 18 0.001682866312154699
7 19 -0.002394155959594599
7 20 -0.0003548673214474918
7 21 -0.003486868053017926
7 22 -0.001209969464603465
7 23 0.004734343266935807
7 24 0.006433143065906163
8 0 2.490099716802577e-05
8 1 -0.00146006595215566
8 2 -0.0006378785277460536
8 3 0.0003803803674046933
8 4 -0.002724912425730978
8 5 0.004589574449976873
8 6 -0.001077359483445303
8 7 -0.001788177420283044
8 8 1.978912012630629
8 9 0.000775247158630779
8 10 0.002721328669918149
8 11 0.003828836997786684
8 12 0.0008667523923086086
8 13 0.007256763056486269
8 14 0.004063414320263437
8 15 -0.001664094343811574
8 16 0.000524293302255664
8 17 -0.00253531763285178
8 18 -0.0007978432379277002
8 19 0.001199081429252856
8 20 -0.00153656546173645
8 21 -0.0002005310895914469
8 22 8.047262445823377e-07
8 23 0.0001841180927017751
8 24 0.004821391349529025
9 0 6.365679973917763e-06
9 1 0.0003343310182439413
9 2 -0.0001093788720315569
9 3 6.201760416539367e-05
9 4 -0.00237848480496544
9 5 0.003761774467988846
9 6 0.0004657317705821008
9 7 -0.001708226364423668
9 8 0.0007752471586307344
9 9 1.977645933128246
9 10 0.0004135209986207709
9 11 -0.0007042193328787072
9 12 -0.0007819051341017108
9 13 -0.01873504054379603
9 14 -0.0002993378433249907
9 15 0.001247289851567061
9 16 0.0007427127731306429
9 17 -0.0008687867450195586
9 18 0.0001391499995752751
9 19 -0.00340429033100569
9 20 -0.001484786564614478
9 21 -0.0009507789935916842
9 22 -0.003527066756999077
9 23 0.0006359374228873346
9 24 0.003078269935776482
10 0 -4.025142363210909e-06
10 1 0.0002469853348666373
10 2 0.001136249835452959
10 3 0.0003875931448891885
10 4 -0.0004538811463826434
10 5 0.004566187758556588
10 6 -0.0003279127943902604
10 7 -0.002561926647055645
10 8 0.002721328669918053
10 9 0.0004135209986207613
10 10 1.974082983536589
10 11 0.002683515083980152
10 12 0.0001451967913951253
10 13 0.003252841168776398
10 14 -0.001191652186226236
10 15 -0.001617825950304719
10 16 -0.0009643284054030893
10 17 0.0006841627744826652
10 18 0.0002347667869949629
10 19 -0.0005587836461873328
10 20 -0.001694565752456642
10 21 0.002498854316307041
10 22 0.0004565726004063645
10 23 -0.001174548361160279
10 24 -0.0003042088459923735
11 0 3.385424001735944e-06
11 1 0.001164465731127136
11 2 0.002037933333487117
11 3 0.001071926848843716
11 4 0.007354714611888732
11 5 -0.002388402942614176
11 6 0.001660165603609264
11 7 -0.001348596165339372
11 8 0.003828836997786739
11 9 -0.0007042193328787641
11 10 0.00268351508398012
11 11 1.986229772514857
11 12 -0.0009156406143016189
11 13 -0.004023467118554658
11 14 0.00751400606104757
11 15 -0.009678951306644677
11 16 0.002291889063964064
11 17 -3.659985707928223e-05
11 18 -0.001153617676874015
11 19 0.005780269016419464
11 20 0.004350816434642843
11 21 0.001329776746852034
11 22 0.0005718385930314266
11 23 -0.0003755032069631704
11 24 -0.005608232612003158
12 0 -3.24260933056803e-06
12 1 -0.001195338832707563
12 2 0.0003049944572047752
12 3 0.0004491683693715918
12 4 8.904208147524061e-05
12 5 0.001098036136790333
12 6 0.001614215080233069
12 7 -1.034895558814902e-05
12 8 0.0008667523923086227
12 9 -0.0007819051341014698
12 10 0.0001451967913950852
12 11 -0.0009156406143015991
12 12 1.971634551012634
12 13 0.08251206097504453
12 14 -0.003966758386336663
12 15 0.00237289308233772
12 16 -0.006457834462712518
12 17 -0.001898507134894793
12 18 -0.001878181076671815
12 19 0.005493973327622253
12 20 -0.0001717977290985502
12 21 0.002502825604821738
12 22 0.005117364568785929
12 23 0.001512751319659711
12 24 0.0009597034800079877
13 0 -2.841051392157307e-06
13 1 0.0006269685906510189
13 2 -0.0003412882482376127
13 3 -0.0005867273705137989
13 4 -0.0005428344162907374
13 5 0.003991192607713627
13 6 0.01177553110840952
13 7 7.623444259063976e-05
13 8 0.00725676305648632
13 9 -0.01873504054379611
13 10 0.003252841168776326
13 11 -0.004023467118554717
13 12 0.08251206097504984
13 13 0.02444973252416725
13 14 -0.0004394174350186774
13 15 0.0004852389610673434
13 16 -0.0009348391359775537
13 17 -0.0001472059928314031
13 18 -0.0004209102720886826
13 19 5.145409579281442e-05
13 20 -0.0001097952259387939
13 21 0.0005817328252210696
13 22 0.001095012241268233
13 23 -0.0001110240875795294
13 24 0.00146303987070201
14 0 -0.0001185478425186811
14 1 -0.001547882791518995
14 2 -0.001408302756449205
14 3 -0.002002910644662024
14 4 0.002879258991524772
14 5 -0.003809151277719507
14 6 -0.001534768998925638
14 7 0.005437861191614674
14 8 0.004063414320263439
14 9 -0.0002993378433249781
14 10 -0.001191652186226243
14 11 0.007514006061047443
14 12 -0.003966758386336771
14 13 -0.0004394174350186369
14 14 0.02291216110024009
14 15 -0.002704555340586032
14 16 0.004129110139328204
14 17 -0.0009108863708703024
14 18 -0.002090860808511512
14 19 0.001477772474297889
14 20 0.004624598924624808
14 21 0.000775079265547658
14 22 0.0001889191086721152
14 23 -0.003319907395966008
14 24 0.003802639887371445
15 0 0.0001420556455403165
15 1 -0.0003823149957891894
15 2 -0.0005175513987479879
15 3 0.001700991682190327
15 4 0.001547807355848132
15 5 0.004587174735525444
15 6 -0.000121534123449602
15 7 0.003432816694351917
15 8 -0.00166409434381159
15 9 0.001247289851567036
15 10 -0.001617825950304745
15 11 -0.009678951306644538
15 12 0.002372893082337694
15 13 0.0004852389610673704
15 14 -0.002704555340586044
15 15 0.0236943761427515
15 16 0.001696932421365261
15 17 -0.002362487674590403
15 18 -0.0002729474529137363
15 19 4.298609144095406e-05
15 20 0.002076902638941622
15 21 0.001417395165442241
15 22 0.00215173120708055
15 23 0.002164997923797186
15 24 -0.001454434045384881
16 0 -7.407366313591687e-05
16 1 -0.0001723502859306125
16 2 0.0002605887697288397
16 3 0.0004652462357462271
16 4 0.0004520473443489427
16 5 0.0003699629163036626
16 6 -0.0039329562062677
16 7 -0.002639611090687613
16 8 0.0005242933022556748
16 9 0.0007427127731306777
16 10 -0.0009643284054031184
16 11 0.002291889063964111
16 12 -0.006457834462712635
16 13 -0.0009348391359775707
16 14 0.004129110139328278
16 15 0.001696932421365239
16 16 0.02016386707540607
16 17 0.0003282106215502514
16 18 0.003033753564206639
16 19 -0.002420150967668538
16 20 -0.002410939914981719
16 21 -0.001087169662599543
16 22 -0.002247066467891396
16 23 -0.003137921067112219
16 24 -0.0006025328535903232
17 0 0.0001324761920935964
17 1 0.0002437510389371746
17 2 -0.002347004602218297
17 3 -0.0006202957329697204
17 4 -0.003695080680881241
17 5 -0.002021806580905162
17 6 -0.001133963438540418
17 7 -0.001509356134283324
17 8 -0.0025353176328518
17 9 -0.000868786745019562
17 10 0.0006841627744826495
17 11 -3.65998570792771e-05
17 12 -0.001898507134894742
17 13 -0.0001472059928314024
17 14 -0.0009108863708702702
17 15 -0.002362487674590348
17 16 0.0003282106215502497
17 17 0.01827017944701206
17 18 0.002498134727448344
17 19 0.0007364438447750661
17 20 -0.001185466446521962
17 21 0.0005815813808915879
17 22 -0.0008183935984327209
17 23 0.002574237470893633
17 24 -0.0006524790817128865
18 0 0.0001854020096914699
18 1 -0.0007063318887789232
18 2 0.0007823288947752653
18 3 -0.0005748741555756281
18 4 2.396479583288537e-05
18 5 0.0003809023971847816
18 6 -0.001218882369121005
18 7 0.00168286631215469
18 8 -0.0007978432379277243
18 9 0.000139149999575284
18 10 0.0002347667869949648
18 11 -0.001153617676874041
18 12 -0.00187818107667181
18 13 -0.0004209102720886712
18 14 -0.002090860808511511
18 15 -0.000272947452913743
18 16 0.003033753564206619
18 17 0.002498134727448307
18 18 0.01279422144288658
18 19 -0.002582043482425951
18 20 -5.055446651322488e-05
18 21 0.004442698628354387
18 22 0.00273202827526161
18 23 0.003745069017784687
18 24 0.001913281570874412
19 0 -0.0001386744924903178
19 1 -0.0004461847164720218
19 2 0.0002888204428020062
19 3 -0.0009883923254098851
19 4 -0.0006019897893457088
19 5 -0.002362316626515854
19 6 0.002303167105147293
19 7 -0.002394155959594619
19 8 0.001199081429252871
19 9 -0.003404290331005726
19 10 -0.0005587836461873406
19 11 0.005780269016419324
19 12 0.005493973327622382
19 13 5.145409579281144e-05
19 14 0.001477772474297896
19 15 4.298609144093198e-05
19 16 -0.002420150967668492
19 17 0.0007364438447750671
19 18 -0.002582043482425946
19 19 0.01542296005579497
19 20 -0.00377581469479001
19 21 0.00259438983459869
19 22 0.00227492466158411
19 23 -0.001284888120348159
19 24 0.003255252997160149
20 0 0.0001616718603441149
20 1 -1.109688009035905e-05
20 2 -0.00154934959499774
20 3 5.594021137553667e-05
20 4 -0.0001056941520713188
20 5 0.0004713771275633274
20 6 -0.0002700441417846836
20 7 -0.0003548673214474872
20 8 -0.001536565461736471
20 9 -0.001484786564614501
20 10 -0.001694565752456638
20 11 0.004350816434642864
20 12 -0.0001717977290985404
20 13 -0.0001097952259387837
20 14 0.004624598924624707
20 15 0.002076902638941672
20 16 -0.002410939914981753
20 17 -0.001185466446522014
20 18 -5.055446651324857e-05
20 19 -0.003775814694790032
20 20 0.01538842843955742
20 21 0.00260992579683425
20 22 0.0003955864769489141
20 23 0.001192716870206677
20 24 -0.001321135241654418
21 0 9.848958737065886e-05
21 1 0.0005726027455110358
21 2 -0.0002136648691205169
21 3 -0.001324808177813711
21 4 -0.002209533809145819
21 5 -0.003533377386974496
21 6 0.001023707303225622
21 7 -0.00348686805301794
21 8 -0.0002005310895914523
21 9 -0.0009507789935916963
21 10 0.002498854316306992
21 11 0.001329776746852004
21 12 0.002502825604821754
21 13 0.0005817328252210801
21 14 0.000775079265547666
21 15 0.001417395165442245
21 16 -0.001087169662599554
21 17 0.0005815813808915635
21 18 0.004442698628354379
21 19 0.002594389834598652
21 20 0.002609925796834278
21 21 0.01363889383023333
21 22 -0.002000167746276348
21 23 -0.002682509931857304
21 24 -0.0007854707026135792
22 0 3.777214912006444e-05
22 1 0.0006228715977997143
22 2 -0.00101219782042461
22 3 0.000753064932918593
22 4 -0.001926022443991824
22 5 -0.001762558402257755
22 6 0.001305338547850491
22 7 -0.001209969464603495
22 8 8.047262445824986e-07
22 9 -0.003527066756999128
22 10 0.0004565726004063645
22 11 0.0005718385930314177
22 12 0.00511736456878592
22 13 0.001095012241268238
22 14 0.0001889191086720989
22 15 0.002151731207080548
22 16 -0.002247066467891387
22 17 -0.0008183935984327369
22 18 0.00273202827526169
22 19 0.002274924661584124
22 20 0.0003955864769489421
22 21 -0.002000167746276362
22 22 0.01817532756492416
22 23 -0.0008834356432599513
22 24 -0.0008745654330553024
23 0 0.0001384725751050699
23 1 -0.001957346529730798
23 2 0.0005587780780856515
23 3 0.001162038143271226
23 4 0.003291710362309444
23 5 0.005337417230165701
23 6 0.0001528405276123042
23 7 0.004734343266935689
23 8 0.0001841180927017612
23 9 0.0006359374228873285
23 10 -0.001174548361160298
23 11 -0.0003755032069631653
23 12 0.001512751319659714
23 13 -0.0001110240875795376
23 14 -0.003319907395965945
23 15 0.002164997923797151
23 16 -0.003137921067112238
23 17 0.002574237470893667
23 18 0.003745069017784682
23 19 -0.001284888120348171
23 20 0.001192716870206679
23 21 -0.00268250993185729
23 22 -0.0008834356432599556
23 23 0.009492595556347466
23 24 0.001451815824502123
24 0 -7.087878651222711e-05
24 1 -0.0008251523338794564
24 2 0.000812031215541732
24 3 -0.0001793001108488561
24 4 0.005376273831304073
24 5 0.007883247099026467
24 6 1.487688276258566e-06
24 7 0.006433143065905955
24 8 0.00482139134952911
24 9 0.003078269935776545
24 10 -0.0003042088459923741
24 11 -0.00560823261200329
24 12 0.0009597034800079979
24 13 0.00146303987070204
24 14 0.003802639887371418
24 15 -0.001454434045384917
24 16 -0.0006025328535903422
24 17 -0.0006524790817128735
24 18 0.001913281570874386
24 19 0.00325525299716012
24 20 -0.001321135241654414
24 21 -0.0007854707026135637
24 22 -0.0008745654330552925
24 23 0.001451815824502138
24 24 0.01385770043899255
