 &FCI NORB=   9,NELEC=10,MS2=0,
  ORBSYM=1,1,1,1,1,1,1,1,1
  ISYM=1,
 &END
 0.3801072369045467    1    1    1    1
 0.04934977769471252    2    1    1    1
 0.06449304815757947    2    1    2    1
 0.3319966023240923    2    2    1    1
 0.05427029446604202    2    2    2    1
 0.3573488883929328    2    2    2    2
 -0.01803226592971461    3    1    1    1
 -0.006850986171293266    3    1    2    1
 -0.005883582580513035    3    1    2    2
 0.07570517657001574    3    1    3    1
 -0.009101920363624807    3    2    1    1
 0.005988795042607887    3    2    2    1
 0.0107777348002646    3    2    2    2
 0.05230977246447932    3    2    3    1
 0.05114294888708918    3    2    3    2
 0.3986098334157304    3    3    1    1
 0.09574325324824791    3    3    2    1
 0.3582213147202221    3    3    2    2
 -0.04924884619888246    3    3    3    1
 -0.02771444197451569    3    3    3    2
 0.5048832833277174    3    3    3    3
 0.01616766614785216    4    1    1    1
 0.006958178204622175    4    1    2    1
 -0.01030997710469872    4    1    2    2
 0.003504761824679974    4    1    3    1
 -0.00296262415973806    4    1    3    2
 0.01950448004488777    4    1    3    3
 0.06636431885289262    4    1    4    1
 -0.01578943349424094    4    2    1    1
 -0.02205169248512094    4    2    2    1
 -0.03529418894187776    4    2    2    2
 -0.005064597305085338    4    2    3    1
 -0.01385074239950639    4    2    3    2
 -0.02350424920234782    4    2    3    3
 0.03115344701078787    4    2    4    1
 0.03636571694099507    4    2    4    2
 0.0006604559621972361    4    3    1    1
 -0.004020623867778269    4    3    2    1
 -0.01372697866551596    4    3    2    2
 0.008032670673123554    4    3    3    1
 -0.0003361142113685231    4    3    3    2
 -0.004773237906797259    4    3    3    3
 0.03076241304058619    4    3    4    1
 0.01922166283661203    4    3    4    2
 0.0316619884350339    4    3    4    3
 0.3808662762157587    4    4    1    1
 0.08382824573119549    4    4    2    1
 0.33739525142574    4    4    2    2
 0.02702425015026027    4    4    3    1
 0.02567657586162024    4    4    3    2
 0.4013025803638696    4    4    3    3
 0.0666089550704049    4    4    4    1
 -0.01116337968050594    4    4    4    2
 0.03084772431882784    4    4    4    3
 0.4981933956550159    4    4    4    4
 -0.04356791306192908    5    1    1    1
 -0.008958745372825429    5    1    2    1
 0.0107961133116582    5    1    2    2
 -0.004862753838006526    5    1    3    1
 0.005855395060000185    5    1    3    2
 -0.04289355094466608    5    1    3    3
 0.0011259678383038    5    1    4    1
 0.002081505140583166    5    1    4    2
 0.00109865982949506    5    1    4    3
 -0.03625877606806074    5    1    4    4
 0.06439722844764831    5    1    5    1
 0.02772856093258395    5    2    1    1
 0.04616059123279809    5    2    2    1
 0.05532230970515775    5    2    2    2
 0.0106474855116575    5    2    3    1
 0.02209006058496862    5    2    3    2
 0.04916060289305862    5    2    3    3
 0.003042991347925489    5    2    4    1
 -0.02250573999161944    5    2    4    2
 -0.005923438991787918    5    2    4    3
 0.05916810832501247    5    2    4    4
 0.01252881627193981    5    2    5    1
 0.05492998848359485    5    2    5    2
 -0.003840951256491856    5    3    1    1
 0.01116486025007642    5    3    2    1
 0.02058816923074626    5    3    2    2
 -0.01627840127274769    5    3    3    1
 0.000875621214930883    5    3    3    2
 0.01046817096522665    5    3    3    3
 0.001890727943285538    5    3    4    1
 -0.005804165491260881    5    3    4    2
 -0.001069595692483124    5    3    4    3
 0.001212136982633472    5    3    4    4
 0.02816630348214045    5    3    5    1
 0.01831401769452102    5    3    5    2
 0.03051224685825172    5    3    5    3
 0.01144296906210651    5    4    1    1
 -0.001003099927527513    5    4    2    1
 -0.01238587301585514    5    4    2    2
 0.002914715859491671    5    4    3    1
 -0.004930208188849966    5    4    3    2
 0.006716601757488339    5    4    3    3
 -0.002997967930589978    5    4    4    1
 0.008180789299670539    5    4    4    2
 0.001326751972287736    5    4    4    3
 0.009266212884504861    5    4    4    4
 -0.02500364649209231    5    4    5    1
 -0.01410060850564064    5    4    5    2
 -0.01828405144037928    5    4    5    3
 0.02827363472375435    5    4    5    4
 0.3643570665384886    5    5    1    1
 0.0628614836561522    5    5    2    1
 0.3307207552391764    5    5    2    2
 0.02450944227693735    5    5    3    1
 0.02408700591239831    5    5    3    2
 0.3739603259478864    5    5    3    3
 -0.01197289676811147    5    5    4    1
 -0.03866687515737133    5    5    4    2
 -0.01744273915744729    5    5    4    3
 0.3735264479714852    5    5    4    4
 -0.06797009069237857    5    5    5    1
 0.04820803729889712    5    5    5    2
 -0.02151153239285053    5    5    5    3
 0.0232583102623759    5    5    5    4
 0.4319865797987474    5    5    5    5
 -0.02751812308423043    6    1    1    1
 -0.008704158695991485    6    1    2    1
 -0.01091210673534866    6    1    2    2
 0.004616178277349664    6    1    3    1
 0.0002450125729698043    6    1    3    2
 -0.009491957537179479    6    1    3    3
 -0.01379829078617019    6    1    4    1
 0.001102239711266938    6    1    4    2
 0.001883763068330052    6    1    4    3
 -0.02903395512471274    6    1    4    4
 0.01499306819588317    6    1    5    1
 -0.009219431798981763    6    1    5    2
 -0.0005955442649137829    6    1    5    3
 0.002993626641220731    6    1    5    4
 -0.03108571559826627    6    1    5    5
 0.03477896173981516    6    1    6    1
 0.00272903381597938    6    2    1    1
 -0.001738885565716942    6    2    2    1
 -0.007537157340015576    6    2    2    2
 -0.001702361292008856    6    2    3    1
 -0.007194859925542297    6    2    3    2
 0.01692029505798672    6    2    3    3
 0.0008225732699646787    6    2    4    1
 0.005550752955237765    6    2    4    2
 0.004151360288668494    6    2    4    3
 -0.0006121721711530539    6    2    4    4
 -0.00999235718708978    6    2    5    1
 -0.01196868309827718    6    2    5    2
 -0.006360462605834501    6    2    5    3
 0.008828976221481676    6    2    5    4
 -0.00477101252106493    6    2    5    5
 0.01069354435935105    6    2    6    1
 0.01883781450589181    6    2    6    2
 0.01706913155807181    6    3    1    1
 0.007508495922456596    6    3    2    1
 0.003834859779053087    6    3    2    2
 0.03573432798465261    6    3    3    1
 0.02991649653293791    6    3    3    2
 -0.01058333637834775    6    3    3    3
 0.01370808915716284    6    3    4    1
 0.001231772439297073    6    3    4    2
 0.007505650763124362    6    3    4    3
 0.04924766028728093    6    3    4    4
 -0.01457129704278399    6    3    5    1
 0.005909650078308492    6    3    5    2
 -0.01202640637559726    6    3    5    3
 0.01059707538897167    6    3    5    4
 0.02981715763913303    6    3    5    5
 -0.01743923081820191    6    3    6    1
 -0.004622956249454789    6    3    6    2
 0.05846535267527547    6    3    6    3
 -0.03282909252934194    6    4    1    1
 -0.005701554480951536    6    4    2    1
 -0.01089699999027797    6    4    2    2
 0.009923157573797936    6    4    3    1
 0.008108382001228541    6    4    3    2
 -0.02866644866200273    6    4    3    3
 -0.002803856991019086    6    4    4    1
 0.001029862955779901    6    4    4    2
 0.01124163097265142    6    4    4    3
 -0.01532179075822311    6    4    4    4
 0.01994208981110239    6    4    5    1
 0.005471068052839388    6    4    5    2
 0.009969546953359151    6    4    5    3
 -0.006789845410274963    6    4    5    4
 -0.02793015352654617    6    4    5    5
 0.0175510279116077    6    4    6    1
 -0.001859219190640449    6    4    6    2
 -0.009162619422806903    6    4    6    3
 0.03773041717108919    6    4    6    4
 0.01745323197937723    6    5    1    1
 -0.006579644592251889    6    5    2    1
 -0.0127883813842719    6    5    2    2
 -0.006824390983864941    6    5    3    1
 -0.008384285625124225    6    5    3    2
 0.005322437317781127    6    5    3    3
 0.01631080663637074    6    5    4    1
 0.01223715284022721    6    5    4    2
 0.01108420660752965    6    5    4    3
 0.01201271643679351    6    5    4    4
 -0.02072688608158005    6    5    5    1
 -0.01534234508252899    6    5    5    2
 -0.005502688722574683    6    5    5    3
 0.004788779715963958    6    5    5    4
 0.005500374360423399    6    5    5    5
 -0.01324178566809007    6    5    6    1
 0.004680787091167617    6    5    6    2
 0.01134844662052665    6    5    6    3
 -0.01304832049377479    6    5    6    4
 0.02974498013649125    6    5    6    5
 0.3659979141166827    6    6    1    1
 0.06855856056432931    6    6    2    1
 0.3252857035067225    6    6    2    2
 -0.02725193230942664    6    6    3    1
 -0.01014457561784022    6    6    3    2
 0.4141210678748036    6    6    3    3
 0.03053294364609414    6    6    4    1
 -0.01703703578204869    6    6    4    2
 -0.002262246354679163    6    6    4    3
 0.3879807684352773    6    6    4    4
 -0.03994270082961364    6    6    5    1
 0.04043799837202918    6    6    5    2
 0.00812208222467216    6    6    5    3
 0.001944258948787763    6    6    5    4
 0.3538074011100252    6    6    5    5
 -0.03237021950898677    6    6    6    1
 0.003686867925330795    6    6    6    2
 0.01057485170645259    6    6    6    3
 -0.03201980905962333    6    6    6    4
 0.01522358820116436    6    6    6    5
 0.3971077358563886    6    6    6    6
 0.01055895915184565    7    1    1    1
 0.003413403214456445    7    1    2    1
 0.005954393084032786    7    1    2    2
 0.006834431731144594    7    1    3    1
 0.006510529046987558    7    1    3    2
 0.03000908746346091    7    1    3    3
 0.006936697618049424    7    1    4    1
 0.003248553949277692    7    1    4    2
 0.0001617936138247708    7    1    4    3
 0.002528008527511014    7    1    4    4
 -0.004657783240028121    7    1    5    1
 0.0006275633253123577    7    1    5    2
 -0.001631530705406702    7    1    5    3
 -0.004219476643253604    7    1    5    4
 0.007312746104851665    7    1    5    5
 0.003960688530560997    7    1    6    1
 0.008641415064219414    7    1    6    2
 -0.005473805948503577    7    1    6    3
 -0.009964787530480324    7    1    6    4
 0.002971195563499372    7    1    6    5
 0.0141509316610911    7    1    6    6
 0.03086922278119064    7    1    7    1
 0.00416437412818019    7    2    1    1
 0.000724605198246872    7    2    2    1
 -0.0001828954682110259    7    2    2    2
 0.01233297052103118    7    2    3    1
 0.008511944537615944    7    2    3    2
 0.01632652600828433    7    2    3    3
 0.00796537093399872    7    2    4    1
 0.005504306866619083    7    2    4    2
 0.00144247689690008    7    2    4    3
 0.006508093328514497    7    2    4    4
 -0.004581723502084598    7    2    5    1
 -0.0007917922702965091    7    2    5    2
 -0.001180457134860631    7    2    5    3
 0.002689585623175355    7    2    5    4
 0.00510557879135075    7    2    5    5
 0.006678600209560056    7    2    6    1
 0.007064519214079189    7    2    6    2
 0.002852080805355212    7    2    6    3
 -0.004074126455477249    7    2    6    4
 0.003324623464945039    7    2    6    5
 0.006332653173939541    7    2    6    6
 0.01544622823034419    7    2    7    1
 0.01683379900394399    7    2    7    2
 0.04213637600375673    7    3    1    1
 0.02657296784142008    7    3    2    1
 0.04147241154287467    7    3    2    2
 0.0378919923167011    7    3    3    1
 0.0341676207270304    7    3    3    2
 0.03925162710902176    7    3    3    3
 0.003225283206134438    7    3    4    1
 -0.01352090211766226    7    3    4    2
 0.003343145103696152    7    3    4    3
 0.05877032604200252    7    3    4    4
 -0.01321648411159469    7    3    5    1
 0.02284680018785351    7    3    5    2
 -0.007604494264357537    7    3    5    3
 0.001094569670527558    7    3    5    4
 0.05845640490334636    7    3    5    5
 -0.01602381210530952    7    3    6    1
 -0.003220412378841059    7    3    6    2
 0.04603600734131053    7    3    6    3
 -0.01732914179654875    7    3    6    4
 0.006370813813409213    7    3    6    5
 0.03426402877591996    7    3    6    6
 0.01754898740593743    7    3    7    1
 0.01135569598461252    7    3    7    2
 0.07948531907339598    7    3    7    3
 0.02872627732289318    7    4    1    1
 0.01276325431293613    7    4    2    1
 0.0280347104342859    7    4    2    2
 -0.004429388301836998    7    4    3    1
 -0.001179501175043726    7    4    3    2
 0.03328606433784401    7    4    3    3
 -0.02245631927850897    7    4    4    1
 -0.01763541151061561    7    4    4    2
 -0.01445976406320204    7    4    4    3
 -0.003629233476402165    7    4    4    4
 -0.01515837558140907    7    4    5    1
 0.008319442266193624    7    4    5    2
 -0.004354323094560157    7    4    5    3
 0.00178359998127054    7    4    5    4
 0.04496130913724515    7    4    5    5
 -0.01216515728022429    7    4    6    1
 -0.003223454538641727    7    4    6    2
 -0.004862548208405675    7    4    6    3
 -0.02447580075959136    7    4    6    4
 -0.0005412485909162371    7    4    6    5
 0.02062311619483672    7    4    6    6
 0.01364268325889705    7    4    7    1
 0.001772169361949757    7    4    7    2
 0.02682485803386623    7    4    7    3
 0.05310688546524737    7    4    7    4
 -0.01006597999045315    7    5    1    1
 -0.007539345876954271    7    5    2    1
 -0.01167242864709181    7    5    2    2
 -0.0004293498163699685    7    5    3    1
 0.001233687014165508    7    5    3    2
 -0.01683345378407037    7    5    3    3
 -0.01209568562935624    7    5    4    1
 0.001419608839444199    7    5    4    2
 -0.004745160066560263    7    5    4    3
 -0.01853721836311939    7    5    4    4
 -0.004794027805975089    7    5    5    1
 -0.00763425324174266    7    5    5    2
 -0.002804241357163479    7    5    5    3
 0.01303349385603817    7    5    5    4
 0.002239406952149692    7    5    5    5
 0.003719720337041009    7    5    6    1
 0.003186792717452087    7    5    6    2
 0.00171292976902258    7    5    6    3
 0.0004797788292070007    7    5    6    4
 -0.001963402468973224    7    5    6    5
 -0.01443178111763437    7    5    6    6
 -0.008534074572188537    7    5    7    1
 6.711905787810263e-05    7    5    7    2
 -0.0104344289299245    7    5    7    3
 0.002240061630903136    7    5    7    4
 0.02076136534470873    7    5    7    5
 0.03531434509681221    7    6    1    1
 0.0248430957228151    7    6    2    1
 0.04051944000185079    7    6    2    2
 -0.0245267644184265    7    6    3    1
 -0.0101775186644399    7    6    3    2
 0.07348710965658495    7    6    3    3
 -0.01707657978137407    7    6    4    1
 -0.01485777340938756    7    6    4    2
 -0.01645504602765659    7    6    4    3
 0.004598714750241592    7    6    4    4
 -0.001609000362460705    7    6    5    1
 0.01381507475003694    7    6    5    2
 0.00967295861261922    7    6    5    3
 -0.002947961516792201    7    6    5    4
 0.02952325189916248    7    6    5    5
 0.001218130250068767    7    6    6    1
 0.002621459866676928    7    6    6    2
 -0.01381187873451473    7    6    6    3
 -0.0128128555753991    7    6    6    4
 -0.004177863758061623    7    6    6    5
 0.03821205741762345    7    6    6    6
 0.01409793385952551    7    6    7    1
 0.006282648736164892    7    6    7    2
 0.01467008135122699    7    6    7    3
 0.02443724232870116    7    6    7    4
 -0.00292179932851106    7    6    7    5
 0.04460354046472729    7    6    7    6
 0.3883708388614714    7    7    1    1
 0.08389905217339917    7    7    2    1
 0.3394005303146674    7    7    2    2
 0.02468633445583867    7    7    3    1
 0.02074331972470623    7    7    3    2
 0.4430000812299399    7    7    3    3
 0.0480045502405046    7    7    4    1
 -0.01276693504369244    7    7    4    2
 0.02670352817347096    7    7    4    3
 0.4596710590614445    7    7    4    4
 -0.05236335235296877    7    7    5    1
 0.04967587612689899    7    7    5    2
 -0.01076508618995123    7    7    5    3
 0.01465774768101653    7    7    5    4
 0.3880021478262282    7    7    5    5
 -0.01529737416694093    7    7    6    1
 0.01428327942995327    7    7    6    2
 0.04679034717622994    7    7    6    3
 -0.01789221566222081    7    7    6    4
 0.01544399453473424    7    7    6    5
 0.3966730029715289    7    7    6    6
 0.02851375129616996    7    7    7    1
 0.02163130791915915    7    7    7    2
 0.08478036182072482    7    7    7    3
 0.01544404326099159    7    7    7    4
 -0.02087716425003157    7    7    7    5
 0.03060578588081308    7    7    7    6
 0.5051003686009664    7    7    7    7
 -0.01224605595591835    8    1    1    1
 -0.002396453744071909    8    1    2    1
 -0.001837696884899841    8    1    2    2
 -0.0009174193793747254    8    1    3    1
 -0.002732872088075053    8    1    3    2
 -0.01022586766754285    8    1    3    3
 0.006051513246853359    8    1    4    1
 0.01195479820410846    8    1    4    2
 -0.003204817085899652    8    1    4    3
 -0.01580187905573333    8    1    4    4
 0.01295864486429697    8    1    5    1
 0.006142029936614517    8    1    5    2
 -0.002045523383748595    8    1    5    3
 0.004035620215751642    8    1    5    4
 -0.005750140696231291    8    1    5    5
 0.001815911694140335    8    1    6    1
 -0.00282736496279116    8    1    6    2
 -0.004752811282373556    8    1    6    3
 -0.003531335609470311    8    1    6    4
 -0.009519877570899917    8    1    6    5
 -0.01210022805624335    8    1    6    6
 -9.568389795116359e-05    8    1    7    1
 0.002344606756258784    8    1    7    2
 -0.007139306169887645    8    1    7    3
 0.005473411404576909    8    1    7    4
 0.009725679293986551    8    1    7    5
 -0.0002500345521780614    8    1    7    6
 -0.01775771799136151    8    1    7    7
 0.03275885685146664    8    1    8    1
 0.004184753713143118    8    2    1    1
 0.008085557913505135    8    2    2    1
 0.008548602891582135    8    2    2    2
 -0.003975537571310824    8    2    3    1
 -0.002318602248215643    8    2    3    2
 0.008778665724540771    8    2    3    3
 0.02169124866110774    8    2    4    1
 0.01278398720524769    8    2    4    2
 0.007273148965659709    8    2    4    3
 0.01232302948478913    8    2    4    4
 0.01283557256680042    8    2    5    1
 0.01094717339242862    8    2    5    2
 0.004387267677007347    8    2    5    3
 -9.74046148952541e-05    8    2    5    4
 -0.0008980868149298945    8    2    5    5
 -0.005508632278013681    8    2    6    1
 -0.002340199366024631    8    2    6    2
 0.002712280770075329    8    2    6    3
 -0.002797163121387354    8    2    6    4
 0.000879354897025115    8    2    6    5
 0.008583532837787363    8    2    6    6
 0.003165860033080854    8    2    7    1
 0.002356921503390294    8    2    7    2
 0.004320210953252278    8    2    7    3
 -0.002186078444738196    8    2    7    4
 -0.002252695218402348    8    2    7    5
 0.0002437043726075828    8    2    7    6
 0.01036210713053371    8    2    7    7
 0.01483030035726435    8    2    8    1
 0.02219541908801697    8    2    8    2
 -0.004467049957443191    8    3    1    1
 -0.00652209920956178    8    3    2    1
 -0.008875449298578522    8    3    2    2
 -0.002108871694562487    8    3    3    1
 -0.001973445703431912    8    3    3    2
 -0.01001730293025319    8    3    3    3
 -0.008401459595929512    8    3    4    1
 0.002091150458708401    8    3    4    2
 -0.0009469830497591792    8    3    4    3
 -0.01919370297890092    8    3    4    4
 -0.007652660717142486    8    3    5    1
 -0.005440014437645476    8    3    5    2
 -0.002575153977536388    8    3    5    3
 0.008246173368943831    8    3    5    4
 0.007140248015881011    8    3    5    5
 -0.001048702137146957    8    3    6    1
 0.001328071718090908    8    3    6    2
 -0.002408330525399063    8    3    6    3
 -0.001726090537078082    8    3    6    4
 0.002466531496586552    8    3    6    5
 -0.009633548253035109    8    3    6    6
 -0.002761092761188139    8    3    7    1
 0.0006053621347436018    8    3    7    2
 -0.005074433230162818    8    3    7    3
 0.01231232387599604    8    3    7    4
 0.01397852179418992    8    3    7    5
 -0.0003769490323779899    8    3    7    6
 -0.01406991653401118    8    3    7    7
 0.00866500003887663    8    3    8    1
 -0.0003251164472079143    8    3    8    2
 0.01693931033447195    8    3    8    3
 0.04099666688889364    8    4    1    1
 0.0325786111184695    8    4    2    1
 0.05216337488736784    8    4    2    2
 -0.0101296082658301    8    4    3    1
 0.004453948105904747    8    4    3    2
 0.05421571078139707    8    4    3    3
 -0.01044251362482456    8    4    4    1
 -0.01827226723380036    8    4    4    2
 -0.01329107733660384    8    4    4    3
 0.03821369923578379    8    4    4    4
 0.004347511959344745    8    4    5    1
 0.02329334426251411    8    4    5    2
 0.01221979405574489    8    4    5    3
 -0.00154449806617893    8    4    5    4
 0.03586531986863581    8    4    5    5
 -0.01244110233650208    8    4    6    1
 -0.005572915079714928    8    4    6    2
 0.005356355022453947    8    4    6    3
 -0.02091409367572726    8    4    6    4
 -0.003242086696446884    8    4    6    5
 0.04215620029510951    8    4    6    6
 0.01016990887851712    8    4    7    1
 0.0004918677115620911    8    4    7    2
 0.0330805569112279    8    4    7    3
 0.03089805656461084    8    4    7    4
 -0.007514564368465116    8    4    7    5
 0.02962540275767363    8    4    7    6
 0.03569718403556423    8    4    7    7
 -0.004307914302457257    8    4    8    1
 0.004394132461122989    8    4    8    2
 -0.005213928215633492    8    4    8    3
 0.05769897228307953    8    4    8    4
 0.04671013918817108    8    5    1    1
 0.03037350754319456    8    5    2    1
 0.04431817625235047    8    5    2    2
 -0.01276930238415876    8    5    3    1
 -0.001967084457579248    8    5    3    2
 0.05961655721654164    8    5    3    3
 0.01889225909051002    8    5    4    1
 -0.0001071333795940355    8    5    4    2
 0.009416534568052921    8    5    4    3
 0.05855127962286256    8    5    4    4
 0.004121601090458233    8    5    5    1
 0.02123398622787614    8    5    5    2
 0.01688507177474283    8    5    5    3
 -0.007900311144536241    8    5    5    4
 0.01943421809453003    8    5    5    5
 -0.01533955148059468    8    5    6    1
 -0.001943451732658492    8    5    6    2
 0.0104651666013664    8    5    6    3
 -0.01094216268335915    8    5    6    4
 0.01419778659193575    8    5    6    5
 0.05164044973864073    8    5    6    6
 0.01260737560596476    8    5    7    1
 0.002463698763272642    8    5    7    2
 0.03202506920716689    8    5    7    3
 0.004274331034572297    8    5    7    4
 -0.02274231547998695    8    5    7    5
 0.01882630560471757    8    5    7    6
 0.0596786946692499    8    5    7    7
 -0.01830701486433058    8    5    8    1
 0.01397725078215478    8    5    8    2
 -0.01592949373788541    8    5    8    3
 0.04182799396347456    8    5    8    4
 0.07398428062154455    8    5    8    5
 -0.005838004083613681    8    6    1    1
 -0.009372497787309596    8    6    2    1
 -0.008524808236493377    8    6    2    2
 -0.002931929889799253    8    6    3    1
 -0.001243584605485998    8    6    3    2
 -0.01140388887174924    8    6    3    3
 -0.01968773829819943    8    6    4    1
 -0.007612818494034922    8    6    4    2
 -0.0077465813412906    8    6    4    3
 -0.03395386227938885    8    6    4    4
 -0.01155570921041473    8    6    5    1
 -0.006386959022448633    8    6    5    2
 -0.001406136420067189    8    6    5    3
 0.0001877071301859786    8    6    5    4
 0.00756106617252568    8    6    5    5
 -0.002392779848301868    8    6    6    1
 -0.0001005306925312899    8    6    6    2
 -0.007814449297258943    8    6    6    3
 -0.001364339155409    8    6    6    4
 0.002192576973857371    8    6    6    5
 -0.008906401818030688    8    6    6    6
 0.0008775995365376501    8    6    7    1
 -0.001158410384039065    8    6    7    2
 -0.003419950878939741    8    6    7    3
 0.01560885842360571    8    6    7    4
 0.006910854013586896    8    6    7    5
 0.003337313516100237    8    6    7    6
 -0.02327942376845782    8    6    7    7
 -0.004726931276821606    8    6    8    1
 -0.008396575244588185    8    6    8    2
 0.01100160166991965    8    6    8    3
 -0.004997041105775212    8    6    8    4
 -0.01065647740458669    8    6    8    5
 0.02190198876853761    8    6    8    6
 0.002068205307137477    8    7    1    1
 0.008499836919757482    8    7    2    1
 0.008236151835547325    8    7    2    2
 -0.005469632725623745    8    7    3    1
 0.001587291328506283    8    7    3    2
 0.004787591620318821    8    7    3    3
 0.02463060357122324    8    7    4    1
 0.007551066383123175    8    7    4    2
 0.02220567494443081    8    7    4    3
 0.03911795052858956    8    7    4    4
 0.02163791215304465    8    7    5    1
 0.008616653937711664    8    7    5    2
 0.02163773406925088    8    7    5    3
 -0.01008595727902404    8    7    5    4
 -0.02742341927173805    8    7    5    5
 0.001001471190689975    8    7    6    1
 -0.00213836194010667    8    7    6    2
 0.002006919096466411    8    7    6    3
 0.01639853366370575    8    7    6    4
 0.004800453108916286    8    7    6    5
 0.008698682904835341    8    7    6    6
 -0.006923810304297533    8    7    7    1
 -0.002191919641485448    8    7    7    2
 -0.003989675934220844    8    7    7    3
 -0.02141391799314945    8    7    7    4
 -0.005937685693417042    8    7    7    5
 -0.008315409031754485    8    7    7    6
 0.0182207387663043    8    7    7    7
 -0.009581845761699025    8    7    8    1
 0.006756807785316741    8    7    8    2
 -0.006617507938125392    8    7    8    3
 0.003727041484908964    8    7    8    4
 0.02528578350165731    8    7    8    5
 -0.01254683351424983    8    7    8    6
 0.0439660312111158    8    7    8    7
 0.4012249770772928    8    8    1    1
 0.0839324823443173    8    8    2    1
 0.3461293529626117    8    8    2    2
 0.01839685058726968    8    8    3    1
 0.01542912692190757    8    8    3    2
 0.4182834967133065    8    8    3    3
 0.01344542030784678    8    8    4    1
 -0.02541061300224548    8    8    4    2
 -0.002775971868549816    8    8    4    3
 0.4454483102645554    8    8    4    4
 -0.0772431851630406    8    8    5    1
 0.05125969546639074    8    8    5    2
 -0.02591628065091399    8    8    5    3
 0.04283166390578856    8    8    5    4
 0.4470300256396474    8    8    5    5
 -0.03501864496369221    8    8    6    1
 0.003546941582068653    8    8    6    2
 0.05111488376980399    8    8    6    3
 -0.04015233163584612    8    8    6    4
 0.01294705851080911    8    8    6    5
 0.393974884261463    8    8    6    6
 0.00174003839640761    8    8    7    1
 0.007573667671781792    8    8    7    2
 0.0710719335096852    8    8    7    3
 0.03886500261793614    8    8    7    4
 0.005506061016621701    8    8    7    5
 0.02929972654537253    8    8    7    6
 0.4561018456110261    8    8    7    7
 -0.002011290639725546    8    8    8    1
 0.009025279897714018    8    8    8    2
 0.004380690005351513    8    8    8    3
 0.05245582512162827    8    8    8    4
 0.0419475427196598    8    8    8    5
 -0.01079628506945666    8    8    8    6
 -0.01360032222372345    8    8    8    7
 0.5324980492382385    8    8    8    8
 0.02244605022390232    9    1    1    1
 0.01808844230940302    9    1    2    1
 0.0277450794669358    9    1    2    2
 0.001920931872917375    9    1    3    1
 0.003493672141703747    9    1    3    2
 0.02079517828769438    9    1    3    3
 -0.004871168816006712    9    1    4    1
 -0.007081443528294154    9    1    4    2
 0.0006711089853549771    9    1    4    3
 0.03004071757427193    9    1    4    4
 0.001221698168891276    9    1    5    1
 0.009301938246604684    9    1    5    2
 -0.0008698752362610076    9    1    5    3
 0.007256629172716761    9    1    5    4
 0.02033022289820565    9    1    5    5
 -0.004411374127710422    9    1    6    1
 0.001734446020981797    9    1    6    2
 0.02095602374932472    9    1    6    3
 -0.008855125088610704    9    1    6    4
 0.002524054091381529    9    1    6    5
 0.01491391248748929    9    1    6    6
 -0.004876034441928179    9    1    7    1
 -0.003162938553369003    9    1    7    2
 0.02699549127440971    9    1    7    3
 0.007796276887480449    9    1    7    4
 -0.0002759638912842112    9    1    7    5
 0.008160842592448751    9    1    7    6
 0.03238957080255588    9    1    7    7
 -0.002578248310224298    9    1    8    1
 0.005089454902635812    9    1    8    2
 -0.002265305302224301    9    1    8    3
 0.02329213309017434    9    1    8    4
 0.02246845864274036    9    1    8    5
 -0.00751871888204927    9    1    8    6
 0.005024711178658108    9    1    8    7
 0.04317558771488601    9    1    8    8
 0.02841252168048496    9    1    9    1
 0.04895463775206337    9    2    1    1
 0.02598254168101536    9    2    2    1
 0.03511553055402516    9    2    2    2
 -0.001989683986408258    9    2    3    1
 -0.002287825126786202    9    2    3    2
 0.04961105307082268    9    2    3    3
 0.005883483283863122    9    2    4    1
 -0.001660097192368764    9    2    4    2
 0.006884850771014086    9    2    4    3
 0.0574131764391488    9    2    4    4
 -0.01462933834872016    9    2    5    1
 0.007598142448859995    9    2    5    2
 -0.01017001943920227    9    2    5    3
 0.01591831034417121    9    2    5    4
 0.04097322686598322    9    2    5    5
 -0.007478881768276342    9    2    6    1
 0.008265745953238576    9    2    6    2
 0.03025309409938031    9    2    6    3
 -0.02368192205315568    9    2    6    4
 0.017639620429774    9    2    6    5
 0.03748122500984492    9    2    6    6
 -0.0001635496953523763    9    2    7    1
 0.001065905238494814    9    2    7    2
 0.03708531902083936    9    2    7    3
 0.0129117117460529    9    2    7    4
 -0.001353557008356291    9    2    7    5
 0.01123453205306475    9    2    7    6
 0.06890782395602781    9    2    7    7
 -0.0007541070309033083    9    2    8    1
 0.01031334086564491    9    2    8    2
 -0.0008249063539268328    9    2    8    3
 0.0261825737480339    9    2    8    4
 0.03298442349339672    9    2    8    5
 -0.01098770320471951    9    2    8    6
 0.002764237825159465    9    2    8    7
 0.08186983688826713    9    2    8    8
 0.03684341359913127    9    2    9    1
 0.06663334173696944    9    2    9    2
 0.007967503330254314    9    3    1    1
 -0.001486187823766751    9    3    2    1
 -0.00321989374241602    9    3    2    2
 -0.01394678325573782    9    3    3    1
 -0.01382477442333643    9    3    3    2
 0.03304867938283847    9    3    3    3
 0.004925215200853666    9    3    4    1
 0.01061345271384951    9    3    4    2
 0.001651411205594899    9    3    4    3
 -0.004409733759827988    9    3    4    4
 -0.004936105562065552    9    3    5    1
 -0.01425139267083902    9    3    5    2
 -0.0004290043337616333    9    3    5    3
 0.006903615798178849    9    3    5    4
 -0.0116818676749851    9    3    5    5
 0.01600306667406197    9    3    6    1
 0.01994082334504593    9    3    6    2
 -0.01511132624334299    9    3    6    3
 -0.007973312512299427    9    3    6    4
 0.008436795345805416    9    3    6    5
 0.01170694264061927    9    3    6    6
 0.01797945388465575    9    3    7    1
 0.01425800843487839    9    3    7    2
 -0.01010236314718445    9    3    7    3
 -0.00213044220618552    9    3    7    4
 0.0005129350185854612    9    3    7    5
 0.01396675133331568    9    3    7    6
 0.01479217675934259    9    3    7    7
 -0.0005351215234824614    9    3    8    1
 0.001630399837080083    9    3    8    2
 0.0001139280398415203    9    3    8    3
 0.0008847385286382687    9    3    8    4
 0.007815579405834086    9    3    8    5
 -0.002725852079199058    9    3    8    6
 0.0002798427823922965    9    3    8    7
 -0.002011740414940276    9    3    8    8
 -0.001266919764612092    9    3    9    1
 0.01018898517079353    9    3    9    2
 0.03614163116495289    9    3    9    3
 -0.02668362771001783    9    4    1    1
 -0.006429224811681115    9    4    2    1
 -0.006962557960922269    9    4    2    2
 0.006316998874299512    9    4    3    1
 0.01005663747012354    9    4    3    2
 -0.02650100932215419    9    4    3    3
 0.002359659197773099    9    4    4    1
 0.003421117635225549    9    4    4    2
 -0.005799937152259357    9    4    4    3
 -0.02757195704593826    9    4    4    4
 0.01968178850097819    9    4    5    1
 0.01239206955537482    9    4    5    2
 0.009959686374142525    9    4    5    3
 -0.01007369871530198    9    4    5    4
 -0.01309903713228366    9    4    5    5
 -0.0004228300426582814    9    4    6    1
 -0.01367940091377478    9    4    6    2
 -0.01125213969451986    9    4    6    3
 0.01344112573338657    9    4    6    4
 -0.01679091648435098    9    4    6    5
 -0.01897268207578762    9    4    6    6
 0.0009891676656624345    9    4    7    1
 0.001496223759603743    9    4    7    2
 -0.01066636654354839    9    4    7    3
 -0.002806105613210903    9    4    7    4
 0.002169949401989735    9    4    7    5
 -0.00269735679781416    9    4    7    6
 -0.0352048669755956    9    4    7    7
 0.0166511743929689    9    4    8    1
 0.007829786330177373    9    4    8    2
 0.002360330236982575    9    4    8    3
 -0.007450454463038396    9    4    8    4
 -0.01524622760696393    9    4    8    5
 0.003414182210677418    9    4    8    6
 -0.00279836012679978    9    4    8    7
 -0.03357552705791939    9    4    8    8
 -0.01846903936317219    9    4    9    1
 -0.03557337531590888    9    4    9    2
 -0.01365700069739181    9    4    9    3
 0.03721158346568067    9    4    9    4
 0.02015394413907336    9    5    1    1
 0.0008549819183429411    9    5    2    1
 -0.001516045416910776    9    5    2    2
 -0.00638176451816463    9    5    3    1
 -0.01495418109431353    9    5    3    2
 0.01984007568796687    9    5    3    3
 0.0175580494091439    9    5    4    1
 0.01807575302743576    9    5    4    2
 0.01066057546402932    9    5    4    3
 0.01647368264316904    9    5    4    4
 -0.01372446093802246    9    5    5    1
 -0.01044420278897523    9    5    5    2
 -0.01537207609405759    9    5    5    3
 0.01603318554193383    9    5    5    4
 0.0113936091574988    9    5    5    5
 -0.002373566281333912    9    5    6    1
 0.01431667434413721    9    5    6    2
 0.0107074384609374    9    5    6    3
 -0.0174316949231599    9    5    6    4
 0.01800749790092415    9    5    6    5
 0.01320530412772895    9    5    6    6
 0.003485169605099946    9    5    7    1
 0.004288279236544782    9    5    7    2
 0.005597948315078221    9    5    7    3
 0.002165729050111834    9    5    7    4
 0.004123354344813603    9    5    7    5
 -0.001860729887236191    9    5    7    6
 0.02952047056119594    9    5    7    7
 0.01285300046866674    9    5    8    1
 0.01490792684852845    9    5    8    2
 0.005945429855141775    9    5    8    3
 -0.004719687447247327    9    5    8    4
 0.005649466241145324    9    5    8    5
 -0.005986407204959615    9    5    8    6
 -0.005463991016437453    9    5    8    7
 0.0376279963112081    9    5    8    8
 0.01420481530528223    9    5    9    1
 0.03862571587211599    9    5    9    2
 0.01770844338068109    9    5    9    3
 -0.02032544027001087    9    5    9    4
 0.04499171504852375    9    5    9    5
 0.003357329738970311    9    6    1    1
 0.01400990168378663    9    6    2    1
 0.02763483981033594    9    6    2    2
 0.03808353937204873    9    6    3    1
 0.04104115667077608    9    6    3    2
 -0.009418726813794029    9    6    3    3
 -0.010566343314134    9    6    4    1
 -0.02565593515117003    9    6    4    2
 -0.009667972605000873    9    6    4    3
 0.02725754879863688    9    6    4    4
 0.006265436203815079    9    6    5    1
 0.03129813901046576    9    6    5    2
 0.008563639386917539    9    6    5    3
 -0.01596351857164099    9    6    5    4
 0.03482470573561529    9    6    5    5
 -0.008181260048074526    9    6    6    1
 -0.01510081991710769    9    6    6    2
 0.01815825985805244    9    6    6    3
 0.005764132344048392    9    6    6    4
 -0.0116721272617934    9    6    6    5
 0.003297721059463746    9    6    6    6
 0.00368444104640791    9    6    7    1
 0.002433037294587094    9    6    7    2
 0.03080647526521576    9    6    7    3
 0.008345003265417003    9    6    7    4
 -0.006155395145873525    9    6    7    5
 -1.526483459153097e-05    9    6    7    6
 0.01608366054824506    9    6    7    7
 -0.007920271007374424    9    6    8    1
 -0.007176515386596617    9    6    8    2
 -0.005332275177456423    9    6    8    3
 0.0134281331015263    9    6    8    4
 0.003199832360915839    9    6    8    5
 0.00234306793172761    9    6    8    6
 0.0002244270968109004    9    6    8    7
 0.01573402992307151    9    6    8    8
 0.0003964309167196097    9    6    9    1
 -0.01149250123576286    9    6    9    2
 -0.02176163819150752    9    6    9    3
 0.01355911416324041    9    6    9    4
 -0.02908953680250883    9    6    9    5
 0.0549639095611569    9    6    9    6
 -0.0274050723768145    9    7    1    1
 -0.011168566548906    9    7    2    1
 -0.0151395352072313    9    7    2    2
 0.04046120073424276    9    7    3    1
 0.03291632510239742    9    7    3    2
 -0.04233256970007258    9    7    3    3
 0.002355559106411141    9    7    4    1
 0.002333273607172818    9    7    4    2
 0.0005876815664518083    9    7    4    3
 -0.006562405315480734    9    7    4    4
 0.006004361132533426    9    7    5    1
 0.003546771573080667    9    7    5    2
 -0.003248195466888589    9    7    5    3
 0.0004803187207703242    9    7    5    4
 -0.004290781320044898    9    7    5    5
 0.006713072914795132    9    7    6    1
 -0.001450043542071338    9    7    6    2
 0.01818530192790524    9    7    6    3
 0.01074671495410007    9    7    6    4
 -0.008169635649916343    9    7    6    5
 -0.0265648854122289    9    7    6    6
 0.005521168548240674    9    7    7    1
 0.01132843826042172    9    7    7    2
 0.01259260775211561    9    7    7    3
 -0.01110684669354852    9    7    7    4
 0.005991193326297399    9    7    7    5
 -0.015507949954972    9    7    7    6
 -0.008054944222575322    9    7    7    7
 0.00543553425678017    9    7    8    1
 -0.0004073867636767496    9    7    8    2
 0.000918427220038541    9    7    8    3
 -0.01241785671191116    9    7    8    4
 -0.01686038571640629    9    7    8    5
 -0.0003177055807946714    9    7    8    6
 -0.002977224599796401    9    7    8    7
 -0.01320603284815706    9    7    8    8
 -0.007401345578278573    9    7    9    1
 -0.01595067430163498    9    7    9    2
 -0.004451999426020794    9    7    9    3
 0.01688112937338822    9    7    9    4
 -0.01034209755510143    9    7    9    5
 0.02394310473722641    9    7    9    6
 0.03713381585731141    9    7    9    7
 -0.001257178580028017    9    8    1    1
 0.01181960890967067    9    8    2    1
 0.01770281286165782    9    8    2    2
 -0.002398233606985344    9    8    3    1
 0.003523428486049373    9    8    3    2
 0.007684945138894016    9    8    3    3
 0.02816654544846469    9    8    4    1
 0.01136741767344158    9    8    4    2
 0.008024309680625039    9    8    4    3
 0.0168372151280719    9    8    4    4
 0.02929839987063368    9    8    5    1
 0.02500321893349246    9    8    5    2
 0.0171293018780431    9    8    5    3
 -0.01594008567186673    9    8    5    4
 -0.01166650790769936    9    8    5    5
 -0.006931151058783178    9    8    6    1
 -0.01030097145215567    9    8    6    2
 -0.002537426678622506    9    8    6    3
 0.007193001323362065    9    8    6    4
 -0.004642103176813839    9    8    6    5
 0.009844905472170453    9    8    6    6
 0.004745972123689914    9    8    7    1
 0.0017563030893129    9    8    7    2
 0.002688756802720656    9    8    7    3
 -0.00919970995914097    9    8    7    4
 -0.01118645741091113    9    8    7    5
 0.0006558261608044801    9    8    7    6
 0.00734616926300579    9    8    7    7
 0.01637248089616111    9    8    8    1
 0.02485833143307184    9    8    8    2
 -0.00722383060098603    9    8    8    3
 0.005009569224429975    9    8    8    4
 0.0218084314846845    9    8    8    5
 -0.012213324976079    9    8    8    6
 0.01656506164982677    9    8    8    7
 -0.01161654778138326    9    8    8    8
 -0.001285790992742294    9    8    9    1
 -0.003077125062863161    9    8    9    2
 -0.005258867700225896    9    8    9    3
 0.022131460870119    9    8    9    4
 0.002528381751450789    9    8    9    5
 0.005353921188606015    9    8    9    6
 0.00339985211724305    9    8    9    7
 0.04516317893127308    9    8    9    8
 0.3799588719190076    9    9    1    1
 0.1188803811180675    9    9    2    1
 0.4169908049291297    9    9    2    2
 -0.003132260729689421    9    9    3    1
 0.03017215603573097    9    9    3    2
 0.4408651370502721    9    9    3    3
 -0.02115786615785166    9    9    4    1
 -0.07660627555286333    9    9    4    2
 -0.02837020859222414    9    9    4    3
 0.4184149470612939    9    9    4    4
 -0.001738095619865561    9    9    5    1
 0.1112900624465235    9    9    5    2
 0.03364633085096726    9    9    5    3
 -0.02075913344947345    9    9    5    4
 0.4127281502981931    9    9    5    5
 -0.02606259291247565    9    9    6    1
 -0.02154727188519114    9    9    6    2
 0.009371019551470836    9    9    6    3
 -0.01263992005399589    9    9    6    4
 -0.02977739278834577    9    9    6    5
 0.3995996612809742    9    9    6    6
 0.00431559358407528    9    9    7    1
 -0.006140864153994086    9    9    7    2
 0.07142400625004622    9    9    7    3
 0.05139871368644121    9    9    7    4
 -0.02046364633291969    9    9    7    5
 0.0673999168811894    9    9    7    6
 0.4191196379738846    9    9    7    7
 -0.01208135567815506    9    9    8    1
 0.004673944882825073    9    9    8    2
 -0.01570531037014049    9    9    8    3
 0.09082848685263918    9    9    8    4
 0.06747243466005366    9    9    8    5
 -0.008682866772159828    9    9    8    6
 0.01099718875941939    9    9    8    7
 0.4398785821263201    9    9    8    8
 0.04089478156774223    9    9    9    1
 0.04526559184004964    9    9    9    2
 -0.0246894906943748    9    9    9    3
 -0.003872583889663743    9    9    9    4
 -0.02612526753763701    9    9    9    5
 0.07053571499402506    9    9    9    6
 -0.02332449810482138    9    9    9    7
 0.02478721270693379    9    9    9    8
 0.5939069264124243    9    9    9    9
 -4.289808883527042    1    1  0  0
 -0.4924940016847373    2    1  0  0
 -3.62595645453702    2    2  0  0
 0.04089840400056188    3    1  0  0
 -0.03370192128669686    3    2  0  0
 -3.986250874961183    3    3  0  0
 -0.1162425018665016    4    1  0  0
 0.194900139817917    4    2  0  0
 0.006314005294295894    4    3  0  0
 -3.863984864614642    4    4  0  0
 0.2751346531859047    5    1  0  0
 -0.375547226163589    5    2  0  0
 -0.006321289766901776    5    3  0  0
 -0.06652128660015877    5    4  0  0
 -3.640540936191339    5    5  0  0
 0.1990303079539802    6    1  0  0
 -0.01409531610567543    6    2  0  0
 -0.1861940830940877    6    3  0  0
 0.2200141498367305    6    4  0  0
 -0.06529213637639751    6    5  0  0
 -2.942532143782412    6    6  0  0
 -0.09080116232471426    7    1  0  0
 -0.0517149331633381    7    2  0  0
 -0.4428403855629918    7    3  0  0
 -0.2375699638821621    7    4  0  0
 0.1007082528259159    7    5  0  0
 -0.3362637109519181    7    6  0  0
 -3.227455016165772    7    7  0  0
 0.07913293219239265    8    1  0  0
 -0.05873339857283411    8    2  0  0
 0.06116714579478063    8    3  0  0
 -0.3947076529261763    8    4  0  0
 -0.4180402964646223    8    5  0  0
 0.09467006931636396    8    6  0  0
 -0.04823041457980981    8    7  0  0
 -3.2926181851327    8    8  0  0
 -0.2195975156981524    9    1  0  0
 -0.43177919993794    9    2  0  0
 -0.03189959373449164    9    3  0  0
 0.1852177629104257    9    4  0  0
 -0.1229798269910521    9    5  0  0
 -0.1471197253230334    9    6  0  0
 0.1788654842202725    9    7  0  0
 -0.05255454090842419    9    8  0  0
 -3.223866939208137    9    9  0  0
 0  0  0  0  0
