0 0 1.99996490022703
0 1 -6.897567099576479e-06
0 2 -5.243099273236587e-05
0 3 -7.33672879817402e-05
0 4 3.299866416273974e-06
0 5 2.223962429145186e-05
0 6 -2.393925228916566e-05
0 7 -2.156815808289391e-05
0 8 1.218126666851369e-05
0 9 -1.138782445303031e-05
0 10 -2.228312600610238e-06
0 11 2.237519832591409e-05
0 12 -1.479529628693691e-05
0 13 -0.0001117180671280272
0 14 -1.074510360846434e-05
0 15 0.0001157322674999637
0 16 5.903247644243803e-05
0 17 -4.889345479919596e-05
0 18 -0.0001054598815399092
0 19 -0.000189709853583406
0 20 0.0002757049978881533
0 21 7.596722210830967e-06
0 22 -3.44999591501116e-05
0 23 5.121784285315342e-05
1 0 -6.897567099576399e-06
1 1 1.992548631401502
1 2 -0.0003194910416979545
1 3 -0.0009931247053857296
1 4 -0.002667288757016277
1 5 -0.000255919055239863
1 6 0.001316278590535049
1 7 0.0009389303428696415
1 8 -0.0006939908361564204
1 9 0.000763440196681643
1 10 -0.0004808859077601602
1 11 -0.0002227155271768086
1 12 0.0005563488414454942
1 13 -0.0002069810868934546
1 14 -0.001908382057896386
1 15 0.0002917711225673483
1 16 -0.001351643982182358
1 17 0.0005903890574885213
1 18 -0.001663439814683178
1 19 -8.940793443997161e-05
1 20 0.000434971467270255
1 21 2.408810629732831e-05
1 22 -0.0006409860424907993
1 23 -0.002535546268221964
2 0 -5.243099273236495e-05
2 1 -0.0003194910416979556
2 2 1.986906753239605
2 3 -0.0002905837264825513
2 4 0.0002498448574838701
2 5 0.0002880560491380896
2 6 -0.0002195787868516449
2 7 -0.0008238820727808028
2 8 0.000536627323389674
2 9 -0.002382863823728444
2 10 -0.000176899846593437
2 11 0.0006676219092305753
2 12 -0.0002147975192112026
2 13 0.002088354124048565
2 14 -3.591530378052428e-05
2 15 -0.0002386447859374291
2 16 0.0001901759997402347
2 17 0.000350313576146986
2 18 0.00136712443223348
2 19 0.002518913182757522
2 20 -0.0003719594372888194
2 21 0.0003305581717208354
2 22 0.001121703122760378
2 23 0.0008643422836427923
3 0 -7.336728798174142e-05
3 1 -0.0009931247053857396
3 2 -0.0002905837264825526
3 3 1.984148286815808
3 4 0.000298656328917065
3 5 0.000297648812007094
3 6 -0.0006662073025142242
3 7 -0.0002267036831311079
3 8 0.0001962182226116361
3 9 -0.0002168402839535275
3 10 -0.0001966532410148498
3 11 0.002490986336320772
3 12 -0.0002951126927942816
3 13 0.0001239965097336906
3 14 -0.0005813671643265385
3 15 -0.0002891869654840487
3 16 0.002042351592464161
3 17 -0.0004498512431077105
3 18 0.001726837129849436
3 19 0.0005978261970439897
3 20 -0.00246793073539693
3 21 -0.000448598055753674
3 22 0.0001602846135849081
3 23 0.00259944040363488
4 0 3.299866416273709e-06
4 1 -0.002667288757016327
4 2 0.0002498448574838761
4 3 0.0002986563289170758
4 4 1.985180570603541
4 5 -0.002248759971516944
4 6 0.0007135161714976882
4 7 0.0005068990241107265
4 8 0.0005629231412831133
4 9 -0.001380531662270236
4 10 -0.001021391043077459
4 11 -0.0002769232053465616
4 12 0.0006888295316626429
4 13 -0.003509534884523436
4 14 -0.0001450341661680052
4 15 0.00234746054948707
4 16 0.001084376254611057
4 17 0.0004167376004717009
4 18 0.003505906561453197
4 19 0.001427085548104428
4 20 -0.0001133171406490471
4 21 0.0005560149833479443
4 22 0.005628592789384483
4 23 -0.001950008550547962
5 0 2.22396242914519e-05
5 1 -0.0002559190552398854
5 2 0.0002880560491380701
5 3 0.0002976488120070928
5 4 -0.002248759971516959
5 5 1.978747886934616
5 6 -0.001320346126364994
5 7 0.001569424945675692
5 8 0.001836636133621467
5 9 0.001023090597833618
5 10 -0.003284762162914195
5 11 0.004342514943810936
5 12 0.00248364637771359
5 13 0.0002832627939011862
5 14 0.001139596912642082
5 15 0.0001412066927783581
5 16 0.0008157813376920137
5 17 -0.001693463207524309
5 18 0.001800250240634947
5 19 0.0001426016623950064
5 20 -0.001247696588368913
5 21 -0.0005998357446245239
5 22 0.0007624254183635335
5 23 0.003110999214957012
6 0 -2.393925228916635e-05
6 1 0.001316278590535067
6 2 -0.0002195787868516465
6 3 -0.0006662073025142207
6 4 0.0007135161714977194
6 5 -0.001320346126365007
6 6 1.977988931354291
6 7 0.001254064720107201
6 8 0.001404389768270032
6 9 -0.0002529772127304946
6 10 -0.003450346580009545
6 11 -0.006188511093986908
6 12 0.002810234915702633
6 13 0.0005078706106938205
6 14 -0.0020689890597469
6 15 -6.464703681353187e-05
6 16 -0.002270596598082198
6 17 -0.0001971714864061165
6 18 -0.00519084930128185
6 19 0.0005614904211626445
6 20 0.001510317787486834
6 21 -0.0008453986841303342
6 22 -0.002850148198637274
6 23 -0.003751089299264062
7 0 -2.156815808289356e-05
7 1 0.0009389303428696173
7 2 -0.0008238820727808002
7 3 -0.000226703683131083
7 4 0.000506899024110735
7 5 0.001569424945675573
7 6 0.001254064720107174
7 7 1.975033071718194
7 8 -0.002184513352179688
7 9 -0.001886850309969353
7 10 0.005612471975167902
7 11 -0.003183670499953557
7 12 -0.002762342139442383
7 13 0.001170961258374144
7 14 -0.003342855833654381
7 15 -0.0009768120850360711
7 16 -0.002561320629119712
7 17 0.0007682833833177113
7 18 -0.001569276313289715
7 19 0.0004898497633391241
7 20 0.002202403971443359
7 21 0.002173251112120781
7 22 -0.00269899761061361
7 23 -0.0005679601480181168
8 0 1.218126666851237e-05
8 1 -0.0006939908361564112
8 2 0.0005366273233897196
8 3 0.0001962182226116342
8 4 0.0005629231412830998
8 5 0.001836636133621588
8 6 0.001404389768270035
8 7 -0.00218451335217961
8 8 1.973906803340208
8 9 -0.0001978991119181759
8 10 0.007180051192875143
8 11 0.002699574603438362
8 12 -0.003702160023368158
8 13 -0.0004294693165165878
8 14 0.004109924844078383
8 15 0.0008493252641029955
8 16 0.002913343745263685
8 17 -0.0002518046054747292
8 18 0.002228755313114133
8 19 -0.0003683374713474602
8 20 -0.001822527246163036
8 21 0.002427436072763406
8 22 0.002491491404089528
8 23 0.0003279820006277094
9 0 -1.138782445303077e-05
9 1 0.0007634401966816408
9 2 -0.002382863823728511
9 3 -0.0002168402839535349
9 4 -0.001380531662270185
9 5 0.001023090597833614
9 6 -0.0002529772127304903
9 7 -0.001886850309969281
9 8 -0.0001978991119182532
9 9 1.969505379395281
9 10 0.001424075419076912
9 11 0.0002170336536928727
9 12 -0.0009439881544516583
9 13 0.006497978068902502
9 14 0.0004354958779446363
9 15 0.000321920437047843
9 16 -0.002169546067188305
9 17 0.001333871229336727
9 18 0.0008855426669904622
9 19 -0.0002230151315011255
9 20 -0.0007969868520063025
9 21 5.819628367357319e-05
9 22 0.001034588649951842
9 23 0.001514236014385442
10 0 -2.22831260061065e-06
10 1 -0.0004808859077601657
10 2 -0.0001768998465934194
10 3 -0.0001966532410148524
10 4 -0.001021391043077478
10 5 -0.00328476216291373
10 6 -0.003450346580009157
10 7 0.005612471975167396
10 8 0.007180051192875517
10 9 0.001424075419076885
10 10 1.949174471611132
10 11 0.001734931663303005
10 12 0.01037331771885711
10 13 0.0007716174545942297
10 14 0.001014264962234584
10 15 0.0005288998793687727
10 16 0.0001197278162130477
10 17 -0.000575214537262382
10 18 0.001211830393953952
10 19 -7.175963793339142e-05
10 20 -0.0004395154537495251
10 21 0.0004073749257197786
10 22 0.0009287422040696127
10 23 -3.406201980661819e-05
11 0 2.237519832591349e-05
11 1 -0.0002227155271767988
11 2 0.0006676219092305656
11 3 0.002490986336320682
11 4 -0.0002769232053465351
11 5 0.004342514943810999
11 6 -0.006188511093986909
11 7 -0.003183670499953578
11 8 0.00269957460343842
11 9 0.0002170336536928868
11 10 0.001734931663303077
11 11 1.984105413232274
11 12 -0.001387317652872577
11 13 0.003427416278875783
11 14 0.02145785912920289
11 15 0.008591029277828108
11 16 0.01168730036287526
11 17 -0.002468256479217335
11 18 0.01875041780621955
11 19 0.001896733173817391
11 20 -0.01046967217878834
11 21 0.001480065680104617
11 22 0.02068155450145647
11 23 -0.00535456072731207
12 0 -1.479529628693717e-05
12 1 0.0005563488414454868
12 2 -0.0002147975192112064
12 3 -0.0002951126927942673
12 4 0.0006888295316626423
12 5 0.002483646377713663
12 6 0.002810234915702797
12 7 -0.0027623421394424
12 8 -0.003702160023367944
12 9 -0.0009439881544516736
12 10 0.0103733177188575
12 11 -0.001387317652872677
12 12 0.05643618657000637
12 13 -0.001512748644578202
12 14 -0.0002613027125129573
12 15 0.00042451905283697
12 16 -0.0006902608353123478
12 17 -0.00196834277939551
12 18 -3.313565036969999e-05
12 19 0.000564351358172083
12 20 -7.793447741287516e-05
12 21 -0.001787249115382234
12 22 0.0005307795459748542
12 23 0.0007077959687443019
13 0 -0.0001117180671280253
13 1 -0.0002069810868934564
13 2 0.002088354124048512
13 3 0.0001239965097336898
13 4 -0.003509534884523439
13 5 0.0002832627939011803
13 6 0.0005078706106938078
13 7 0.001170961258374109
13 8 -0.0004294693165165971
13 9 0.006497978068902453
13 10 0.0007716174545942384
13 11 0.003427416278875751
13 12 -0.00151274864457819
13 13 0.00879176764485032
13 14 0.002383910959900593
13 15 -0.005053980036503422
13 16 -0.008019729348152836
13 17 0.003167959797011793
13 18 0.004469845002422874
13 19 0.003205319403696818
13 20 0.0008494663828468812
13 21 0.0004483437968492345
13 22 0.002092586031651583
13 23 0.00108946169380105
14 0 -1.074510360846483e-05
14 1 -0.001908382057896412
14 2 -3.591530378051979e-05
14 3 -0.0005813671643265496
14 4 -0.0001450341661680087
14 5 0.001139596912642023
14 6 -0.002068989059746918
14 7 -0.003342855833654395
14 8 0.004109924844078198
14 9 0.0004354958779446387
14 10 0.001014264962234601
14 11 0.02145785912920287
14 12 -0.0002613027125130073
14 13 0.002383910959900467
14 14 0.02525599681558153
14 15 -0.002408501956825237
14 16 0.002873136627148365
14 17 -0.0008250893796437797
14 18 0.002049767785264739
14 19 -0.0007327707922108839
14 20 -0.0002236702897639721
14 21 0.0007688680874450165
14 22 0.004752189052827697
14 23 -0.0007519433892447371
15 0 0.0001157322674999648
15 1 0.0002917711225673515
15 2 -0.0002386447859374292
15 3 -0.00028918696548405
15 4 0.00234746054948712
15 5 0.0001412066927783594
15 6 -6.464703681354302e-05
15 7 -0.0009768120850361646
15 8 0.0008493252641029957
15 9 0.0003219204370478439
15 10 0.0005288998793687617
15 11 0.008591029277827903
15 12 0.0004245190528369493
15 13 -0.005053980036503182
15 14 -0.002408501956825206
15 15 0.006002521580363358
15 16 0.006312615456269812
15 17 -0.004363315330142926
15 18 -0.001937479173335714
15 19 -0.0003993392387429606
15 20 0.002581883164365153
15 21 0.0003294766849985141
15 22 0.001280307122141898
15 23 0.0001080659385253929
16 0 5.903247644243671e-05
16 1 -0.001351643982182409
16 2 0.0001901759997402357
16 3 0.002042351592464118
16 4 0.001084376254610836
16 5 0.0008157813376919979
16 6 -0.002270596598082189
16 7 -0.002561320629119759
16 8 0.002913343745263496
16 9 -0.002169546067188362
16 10 0.0001197278162130481
16 11 0.01168730036287552
16 12 -0.0006902608353123563
16 13 -0.008019729348152798
16 14 0.002873136627148468
16 15 0.006312615456269904
16 16 0.02143228411099667
16 17 0.001177447125619478
16 18 0.004325409042408195
16 19 0.0008966164504020857
16 20 -0.0004704196427783873
16 21 -0.0003405923325344502
16 22 -0.001052900626327795
16 23 0.0008301758571080949
17 0 -4.889345479919708e-05
17 1 0.0005903890574885172
17 2 0.0003503135761469803
17 3 -0.0004498512431077096
17 4 0.0004167376004716992
17 5 -0.001693463207524342
17 6 -0.0001971714864061161
17 7 0.0007682833833177246
17 8 -0.0002518046054747242
17 9 0.001333871229336739
17 10 -0.0005752145372624083
17 11 -0.002468256479217293
17 12 -0.001968342779395512
17 13 0.003167959797011709
17 14 -0.000825089379643747
17 15 -0.004363315330142959
17 16 0.001177447125619545
17 17 0.02131112099293463
17 18 -0.001243805083224205
17 19 -0.0003965004585856605
17 20 0.0004723791855046184
17 21 0.001027714110498931
17 22 -0.000533131310166669
17 23 -2.688297647744875e-05
18 0 -0.0001054598815399091
18 1 -0.00166343981468317
18 2 0.001367124432233479
18 3 0.001726837129849439
18 4 0.003505906561453022
18 5 0.001800250240635007
18 6 -0.005190849301281578
18 7 -0.001569276313289716
18 8 0.002228755313114146
18 9 0.0008855426669904713
18 10 0.001211830393953889
18 11 0.01875041780621858
18 12 -3.313565036969788e-05
18 13 0.004469845002422775
18 14 0.002049767785264753
18 15 -0.00193747917333576
18 16 0.004325409042408311
18 17 -0.001243805083224171
18 18 0.02007997933216039
18 19 -0.002106247737862709
18 20 -0.002088253829814926
18 21 0.001031611036554537
18 22 0.003870836885447405
18 23 -0.001025838393594156
19 0 -0.0001897098535834046
19 1 -8.940793443997171e-05
19 2 0.002518913182757606
19 3 0.0005978261970439828
19 4 0.001427085548104423
19 5 0.0001426016623950073
19 6 0.0005614904211626328
19 7 0.0004898497633391165
19 8 -0.0003683374713474639
19 9 -0.0002230151315011266
19 10 -7.175963793338183e-05
19 11 0.001896733173817463
19 12 0.0005643513581721029
19 13 0.003205319403696885
19 14 -0.0007327707922109156
19 15 -0.0003993392387429656
19 16 0.0008966164504021298
19 17 -0.0003965004585856676
19 18 -0.002106247737862691
19 19 0.01966954773011371
19 20 -0.001092109454664826
19 21 -0.0002444032130646363
19 22 -0.0001970197217913113
19 23 -0.0001954108604442236
20 0 0.0002757049978881536
20 1 0.0004349714672702623
20 2 -0.0003719594372888209
20 3 -0.00246793073539698
20 4 -0.0001133171406490424
20 5 -0.001247696588368898
20 6 0.001510317787486864
20 7 0.002202403971443402
20 8 -0.001822527246162977
20 9 -0.0007969868520062383
20 10 -0.0004395154537495217
20 11 -0.01046967217878809
20 12 -7.793447741287559e-05
20 13 0.0008494663828468648
20 14 -0.0002236702897639583
20 15 0.002581883164365171
20 16 -0.0004704196427783768
20 17 0.0004723791855046004
20 18 -0.002088253829814955
20 19 -0.001092109454664794
20 20 0.01971867413033362
20 21 -0.0002217937896695702
20 22 -0.001826131572720932
20 23 -0.0003765247386352054
21 0 7.596722210830791e-06
21 1 2.408810629732761e-05
21 2 0.0003305581717208282
21 3 -0.0004485980557536603
21 4 0.0005560149833479329
21 5 -0.0005998357446245078
21 6 -0.000845398684130351
21 7 0.002173251112120739
21 8 0.002427436072763336
21 9 5.819628367357372e-05
21 10 0.0004073749257197846
21 11 0.001480065680104701
21 12 -0.001787249115382275
21 13 0.0004483437968492409
21 14 0.0007688680874450134
21 15 0.0003294766849985089
21 16 -0.0003405923325344227
21 17 0.001027714110498888
21 18 0.00103161103655453
21 19 -0.000244403213064648
21 20 -0.0002217937896695572
21 21 0.01926222512016286
21 22 -0.001461827652142924
21 23 0.0004866406206436544
22 0 -3.449995915011163e-05
22 1 -0.0006409860424907708
22 2 0.001121703122760293
22 3 0.0001602846135849061
22 4 0.0056285927893843
22 5 0.0007624254183635419
22 6 -0.002850148198637232
22 7 -0.002698997610613717
22 8 0.00249149140408951
22 9 0.001034588649951829
22 10 0.000928742204069662
22 11 0.02068155450145678
22 12 0.0005307795459748088
22 13 0.002092586031651551
22 14 0.004752189052827656
22 15 0.001280307122141924
22 16 -0.00105290062632783
22 17 -0.0005331313101666728
22 18 0.003870836885447402
22 19 -0.0001970197217913006
22 20 -0.001826131572720888
22 21 -0.001461827652142923
22 22 0.01193095655118885
22 23 0.002955691265232019
23 0 5.121784285315321e-05
23 1 -0.00253554626822198
23 2 0.0008643422836428329
23 3 0.002599440403634875
23 4 -0.001950008550548048
23 5 0.003110999214957074
23 6 -0.003751089299264046
23 7 -0.0005679601480181047
23 8 0.0003279820006277174
23 9 0.001514236014385413
23 10 -3.406201980662033e-05
23 11 -0.005354560727312019
23 12 0.0007077959687443892
23 13 0.001089461693801029
23 14 -0.0007519433892447675
23 15 0.0001080659385253964
23 16 0.0008301758571079511
23 17 -2.688297647744944e-05
23 18 -0.001025838393594154
23 19 -0.000195410860444229
23 20 -0.000376524738635228
23 21 0.0004866406206436349
23 22 0.002955691265231956
23 23 0.01289763938995846
