 &FCI NORB=   8,NELEC= 8,MS2=0,
  ORBSYM=1,1,1,1,1,1,1,1
  ISYM=1,
 &END
 0.510528727676828    1    1    1    1
 4.32574913996453e-05    2    1    1    1
 0.1193176919381739    2    1    2    1
 0.4751082957097177    2    2    1    1
 0.05665991164369428    2    2    2    1
 0.5123410276921725    2    2    2    2
 -0.01769686370693963    3    1    1    1
 0.006313104022331935    3    1    2    1
 -0.01279340490335608    3    1    2    2
 0.08743241556945527    3    1    3    1
 0.008057889919989757    3    2    1    1
 -0.01396799100955433    3    2    2    1
 -0.0001674236856650898    3    2    2    2
 -0.02814461934716722    3    2    3    1
 0.02437211908923683    3    2    3    2
 0.4638754587030118    3    3    1    1
 -0.0329127925773809    3    3    2    1
 0.4045212941416825    3    3    2    2
 0.07305901744953194    3    3    3    1
 -0.02235793064387818    3    3    3    2
 0.5740530237436644    3    3    3    3
 0.01328944354616605    4    1    1    1
 -0.004578972593762089    4    1    2    1
 0.02408734245986627    4    1    2    2
 -0.002569214076305308    4    1    3    1
 0.004738391349013322    4    1    3    2
 0.003063280545856811    4    1    3    3
 0.10202933298698    4    1    4    1
 -0.009271912111084952    4    2    1    1
 0.02282412612141078    4    2    2    1
 -0.001221461152528572    4    2    2    2
 0.004900291960620406    4    2    3    1
 -0.007775132405122974    4    2    3    2
 -0.009381710893841643    4    2    3    3
 -0.03676377307127861    4    2    4    1
 0.03388662254319667    4    2    4    2
 -0.005771552825359413    4    3    1    1
 0.005429703246756615    4    3    2    1
 -0.009782287003390174    4    3    2    2
 -0.001174154198210406    4    3    3    1
 -0.003065020040827507    4    3    3    2
 -0.007526029708879867    4    3    3    3
 -0.02755282586341263    4    3    4    1
 0.01681655232789665    4    3    4    2
 0.02694308356155356    4    3    4    3
 0.4751634693954524    4    4    1    1
 -0.04344579600585995    4    4    2    1
 0.4086309673352453    4    4    2    2
 -0.03074629628210693    4    4    3    1
 0.02064145652661797    4    4    3    2
 0.4232456915794257    4    4    3    3
 -0.03388540956247155    4    4    4    1
 -0.0007045523379688335    4    4    4    2
 0.0091225841847699    4    4    4    3
 0.5216611110526468    4    4    4    4
 -0.02945681223004122    5    1    1    1
 -0.01102295766174553    5    1    2    1
 0.004105021810544998    5    1    2    2
 0.003756381523014088    5    1    3    1
 -0.00307277991534732    5    1    3    2
 -0.02773356771967371    5    1    3    3
 -0.01494503983443105    5    1    4    1
 -0.0008397133664977155    5    1    4    2
 -0.009862563674524509    5    1    4    3
 -0.02608603209769412    5    1    4    4
 0.05840965283730577    5    1    5    1
 -0.04498249772293644    5    2    1    1
 0.05836072294138459    5    2    2    1
 0.004784122174591374    5    2    2    2
 -0.002807861572349545    5    2    3    1
 -0.01054417971299042    5    2    3    2
 -0.0565867265607817    5    2    3    3
 -0.006328347820935441    5    2    4    1
 0.01600624819741876    5    2    4    2
 0.008426141989316634    5    2    4    3
 -0.0547831185192184    5    2    4    4
 0.01901973415812892    5    2    5    1
 0.07697176142287712    5    2    5    2
 0.01075078954967429    5    3    1    1
 -0.005104687553610572    5    3    2    1
 -0.002771562016945146    5    3    2    2
 -0.01779188232502114    5    3    3    1
 -0.001890076055841299    5    3    3    2
 -0.006209593399599704    5    3    3    3
 -0.0242539623971018    5    3    4    1
 0.009616956466003024    5    3    4    2
 0.001837965097769176    5    3    4    3
 0.02327934309808977    5    3    4    4
 -0.003963462887650689    5    3    5    1
 -0.004981694510611028    5    3    5    2
 0.0255318841086794    5    3    5    3
 -0.05812238060250857    5    4    1    1
 -0.006712659479026756    5    4    2    1
 -0.03992362496965221    5    4    2    2
 -0.02318546221038453    5    4    3    1
 0.009056923836652492    5    4    3    2
 -0.06328547890383018    5    4    3    3
 -0.01638514619055328    5    4    4    1
 -0.001955518522054642    5    4    4    2
 0.007933896877038825    5    4    4    3
 -0.03492197154089067    5    4    4    4
 0.02068076462166702    5    4    5    1
 0.02290694955569172    5    4    5    2
 -0.0006436854813089377    5    4    5    3
 0.05814612185909161    5    4    5    4
 0.5006973882377223    5    5    1    1
 0.03489364903179708    5    5    2    1
 0.4904616431197494    5    5    2    2
 -0.01330490958601027    5    5    3    1
 0.001264913074939    5    5    3    2
 0.4364106361264352    5    5    3    3
 0.02352153333175112    5    5    4    1
 0.006671037632597462    5    5    4    2
 -0.004882825503623951    5    5    4    3
 0.4571834104790261    5    5    4    4
 -0.03334596673291632    5    5    5    1
 -0.02504401187030452    5    5    5    2
 0.00969020807104696    5    5    5    3
 -0.06981845817268005    5    5    5    4
 0.5396815942109571    5    5    5    5
 0.05197708349479296    6    1    1    1
 0.000428336175291659    6    1    2    1
 0.02547144916998459    6    1    2    2
 -0.007226065258743595    6    1    3    1
 0.00607343244977307    6    1    3    2
 0.04584098024208005    6    1    3    3
 -0.01462646233100875    6    1    4    1
 -0.009822408089833515    6    1    4    2
 -0.009244030017896518    6    1    4    3
 0.04252132530691312    6    1    4    4
 -0.01048778942620028    6    1    5    1
 -0.03456457223023524    6    1    5    2
 0.009096879715010473    6    1    5    3
 -0.02359817068288084    6    1    5    4
 0.03576596723401148    6    1    5    5
 0.05396190172237154    6    1    6    1
 0.01776576259934527    6    2    1    1
 -0.02438030236379149    6    2    2    1
 -0.02116883557569208    6    2    2    2
 0.007528469833834104    6    2    3    1
 0.003115488817263273    6    2    3    2
 0.03259272037408828    6    2    3    3
 -0.02168886250890865    6    2    4    1
 -0.004641981535899027    6    2    4    2
 0.008069393266092531    6    2    4    3
 0.03938729633120018    6    2    4    4
 -0.02678383564490116    6    2    5    1
 -0.0393172107298559    6    2    5    2
 0.009928842580005939    6    2    5    3
 -0.005364091581139048    6    2    5    4
 -0.001720633871630169    6    2    5    5
 0.02299381040908829    6    2    6    1
 0.04553819935007603    6    2    6    2
 -0.01513606923810661    6    3    1    1
 0.01019608698075765    6    3    2    1
 -0.00568947704393352    6    3    2    2
 0.01251015927160148    6    3    3    1
 0.00239145416263186    6    3    3    2
 -0.01448643400055531    6    3    3    3
 -0.02342559091537748    6    3    4    1
 0.01202728845113294    6    3    4    2
 0.001347380207647101    6    3    4    3
 0.004340228121561586    6    3    4    4
 0.007630171698700077    6    3    5    1
 0.01074641741230188    6    3    5    2
 0.003702826437561535    6    3    5    3
 0.007718301551043266    6    3    5    4
 -0.007329048523850541    6    3    5    5
 -0.009388318326362846    6    3    6    1
 0.002186133593161797    6    3    6    2
 0.02551318963740378    6    3    6    3
 -0.06189333190770822    6    4    1    1
 -0.0247425074562416    6    4    2    1
 -0.062066994426189    6    4    2    2
 -0.02174581817984725    6    4    3    1
 0.01033669679718804    6    4    3    2
 -0.06246542841670717    6    4    3    3
 -0.007944243373602005    6    4    4    1
 0.01194761466463004    6    4    4    2
 0.01370152606159662    6    4    4    3
 -0.02366053096201452    6    4    4    4
 -0.004248857336372139    6    4    5    1
 0.01068888086469385    6    4    5    2
 0.005334695177831757    6    4    5    3
 0.04772489841098937    6    4    5    4
 -0.05989228748930222    6    4    5    5
 -0.04487239017941914    6    4    6    1
 0.001333010771781071    6    4    6    2
 0.0129515556576703    6    4    6    3
 0.08373064012224449    6    4    6    4
 -0.01023562556315765    6    5    1    1
 -0.06360572778406848    6    5    2    1
 -0.05578532069322922    6    5    2    2
 0.006046970133496308    6    5    3    1
 0.009585874250378159    6    5    3    2
 0.01508452092759751    6    5    3    3
 -0.03211627008594814    6    5    4    1
 0.00224957864257366    6    5    4    2
 0.00967265464435914    6    5    4    3
 0.04881637178883997    6    5    4    4
 -0.003555573592429025    6    5    5    1
 -0.03518608096657735    6    5    5    2
 0.009078462056418747    6    5    5    3
 0.00682142566576148    6    5    5    4
 -0.03010542322499801    6    5    5    5
 -0.001133774604076532    6    5    6    1
 0.03123378393854858    6    5    6    2
 0.01228113832327829    6    5    6    3
 0.02837271116160225    6    5    6    4
 0.06870543239841803    6    5    6    5
 0.4677128827535931    6    6    1    1
 0.03332155868938947    6    6    2    1
 0.4398656306140737    6    6    2    2
 -0.02270606601321384    6    6    3    1
 0.005718690236338014    6    6    3    2
 0.4114719702917332    6    6    3    3
 -0.07585904575353344    6    6    4    1
 0.02198195016247472    6    6    4    2
 0.02278742727191075    6    6    4    3
 0.4877737843907801    6    6    4    4
 -0.02268937538695241    6    6    5    1
 -0.01215511288199794    6    6    5    2
 0.03165679198284387    6    6    5    3
 -0.02545035602096627    6    6    5    4
 0.4698734706518884    6    6    5    5
 0.05339946389052734    6    6    6    1
 0.03667821063350601    6    6    6    2
 0.01666080392916607    6    6    6    3
 -0.04071463948900957    6    6    6    4
 0.01251131239027451    6    6    6    5
 0.556921706559029    6    6    6    6
 -0.02110120636728338    7    1    1    1
 0.008656756541420183    7    1    2    1
 -0.01431939721862041    7    1    2    2
 0.02097629287728414    7    1    3    1
 0.00781819597581194    7    1    3    2
 -0.0173126626027264    7    1    3    3
 0.003648608538065722    7    1    4    1
 -0.008403571310582695    7    1    4    2
 -0.006624845047144885    7    1    4    3
 -0.0008603157142145113    7    1    4    4
 0.001576073270076911    7    1    5    1
 -0.004406175202552918    7    1    5    2
 -0.01251352466625406    7    1    5    3
 0.009261328745774624    7    1    5    4
 -0.01638846194882055    7    1    5    5
 -0.00313528630782323    7    1    6    1
 0.007998594958703774    7    1    6    2
 0.01958935936610263    7    1    6    3
 0.006601294995249347    7    1    6    4
 0.01149076618373708    7    1    6    5
 -0.00667598529507269    7    1    6    6
 0.04889243936630307    7    1    7    1
 0.04004951759397381    7    2    1    1
 -0.006396287411178255    7    2    2    1
 0.02328446537399942    7    2    2    2
 0.0227126519602941    7    2    3    1
 -0.003209059266216182    7    2    3    2
 0.0622916219712479    7    2    3    3
 -0.01729771925332995    7    2    4    1
 0.00725675953027665    7    2    4    2
 0.006248194706541627    7    2    4    3
 0.02850118293999003    7    2    4    4
 -0.01298009006223611    7    2    5    1
 -0.02268199741808902    7    2    5    2
 0.002555738809024106    7    2    5    3
 -0.0269087639043043    7    2    5    4
 0.03122436879553203    7    2    5    5
 0.01986441243919018    7    2    6    1
 0.02063098782214524    7    2    6    2
 0.0007273769847170065    7    2    6    3
 -0.02352570343694219    7    2    6    4
 0.008065158271076827    7    2    6    5
 0.03826492170554035    7    2    6    6
 -0.01225305358667203    7    2    7    1
 0.04093747003954922    7    2    7    2
 0.07101597508329177    7    3    1    1
 0.02756971319065708    7    3    2    1
 0.06112550044105714    7    3    2    2
 -0.02468578699310824    7    3    3    1
 0.0147908375265638    7    3    3    2
 0.01597013442422024    7    3    3    3
 -0.01215517094045885    7    3    4    1
 0.008624534424110068    7    3    4    2
 0.00369284574468654    7    3    4    3
 0.05274292058938035    7    3    4    4
 -0.01882777932783037    7    3    5    1
 -0.006398124852352029    7    3    5    2
 0.01545898429341343    7    3    5    3
 -0.02820261990825036    7    3    5    4
 0.07734907137232083    7    3    5    5
 0.03315986028561536    7    3    6    1
 0.005819446870789335    7    3    6    2
 0.003141125856669677    7    3    6    3
 -0.03292808993020377    7    3    6    4
 -0.01598927545754535    7    3    6    5
 0.08032258007919159    7    3    6    6
 -0.008721587986892395    7    3    7    1
 0.02104232527124461    7    3    7    2
 0.08432722229624345    7    3    7    3
 0.003593464193411987    7    4    1    1
 -0.0199815401697451    7    4    2    1
 0.004106827387060089    7    4    2    2
 -0.01193205668271924    7    4    3    1
 0.008560799703244078    7    4    3    2
 -0.001962149661762068    7    4    3    3
 0.03813701051050244    7    4    4    1
 -0.02019352512910168    7    4    4    2
 -0.01052845033580048    7    4    4    3
 -0.009761859462146163    7    4    4    4
 0.007367877096283759    7    4    5    1
 -0.01621225749603845    7    4    5    2
 -0.01578669566179767    7    4    5    3
 0.002148198184528045    7    4    5    4
 -0.001187809957123924    7    4    5    5
 0.002815752051446927    7    4    6    1
 -0.01203759932239584    7    4    6    2
 -0.0191708520965762    7    4    6    3
 -0.005884917531147325    7    4    6    4
 -0.008102698824866967    7    4    6    5
 -0.04292648475120821    7    4    6    6
 0.002602055713962689    7    4    7    1
 -0.01430489400041601    7    4    7    2
 -0.01272545943934589    7    4    7    3
 0.04034453747670648    7    4    7    4
 -0.007206120007194484    7    5    1    1
 -0.02388947564988351    7    5    2    1
 -0.02416773317152609    7    5    2    2
 -0.01564179985329024    7    5    3    1
 0.004665887828964624    7    5    3    2
 -0.001300859815481663    7    5    3    3
 0.02165060449768389    7    5    4    1
 -0.02152478007972025    7    5    4    2
 -0.01713986256508546    7    5    4    3
 -0.006199288381887992    7    5    4    4
 -0.0002511045505481222    7    5    5    1
 -0.01373165220404046    7    5    5    2
 0.003149347283483713    7    5    5    3
 0.004815955012525307    7    5    5    4
 -0.02143513054621839    7    5    5    5
 0.01093410619256384    7    5    6    1
 0.001555684220583613    7    5    6    2
 -0.01341726777576665    7    5    6    3
 -0.001493134733343823    7    5    6    4
 0.00317730504865198    7    5    6    5
 -0.0317245667357204    7    5    6    6
 -0.002166950413828374    7    5    7    1
 -0.01561784713829064    7    5    7    2
 -0.01395784354115928    7    5    7    3
 0.01611012954409612    7    5    7    4
 0.03445808226842142    7    5    7    5
 0.01232743655982731    7    6    1    1
 0.02396141848521564    7    6    2    1
 0.0329267391156756    7    6    2    2
 0.03594449501264874    7    6    3    1
 -0.006809744421294098    7    6    3    2
 0.03241550859548731    7    6    3    3
 0.01801781069130151    7    6    4    1
 -0.01245204464789181    7    6    4    2
 -0.01888578331867475    7    6    4    3
 -0.0130876344427815    7    6    4    4
 0.01116129806687443    7    6    5    1
 0.003218376661721853    7    6    5    2
 -0.01565945614936112    7    6    5    3
 -0.01653265472982256    7    6    5    4
 0.01696747533154409    7    6    5    5
 0.009966769217232345    7    6    6    1
 -0.005808080446766452    7    6    6    2
 0.007559247599930381    7    6    6    3
 -0.03674949921162886    7    6    6    4
 -0.02116877718199797    7    6    6    5
 -0.004708271852521754    7    6    6    6
 0.02179732988562395    7    6    7    1
 0.006909877178321281    7    6    7    2
 -0.003005273915931632    7    6    7    3
 0.002100916155711217    7    6    7    4
 -0.0005220282119980084    7    6    7    5
 0.04688916321838611    7    6    7    6
 0.4804316424557186    7    7    1    1
 -0.03203755806345673    7    7    2    1
 0.4297399229742085    7    7    2    2
 -0.00250373467835526    7    7    3    1
 0.01452391480060935    7    7    3    2
 0.48426634573599    7    7    3    3
 0.01247094435872296    7    7    4    1
 -0.02131431854384112    7    7    4    2
 -0.01422854793745032    7    7    4    3
 0.4536662097118017    7    7    4    4
 -0.02417440382097236    7    7    5    1
 -0.06445806974848546    7    7    5    2
 0.001616381132628522    7    7    5    3
 -0.04843824039401974    7    7    5    4
 0.4606856261292396    7    7    5    5
 0.06102375657672934    7    7    6    1
 0.02818167930098698    7    7    6    2
 -0.01600683181500009    7    7    6    3
 -0.05655544089264224    7    7    6    4
 0.008278139062846841    7    7    6    5
 0.4398312798529876    7    7    6    6
 -0.01409341783177967    7    7    7    1
 0.04702688486356138    7    7    7    2
 0.05453224696074125    7    7    7    3
 0.01347568846185951    7    7    7    4
 0.006727400322295219    7    7    7    5
 0.01821604738913923    7    7    7    6
 0.5056332074793698    7    7    7    7
 0.05378345020227123    8    1    1    1
 -0.01168456916824795    8    1    2    1
 0.04420994215639639    8    1    2    2
 0.01530134355492299    8    1    3    1
 -0.003253425083876381    8    1    3    2
 0.04070834594915878    8    1    3    3
 0.004625032833441394    8    1    4    1
 0.005299935617433944    8    1    4    2
 0.003865165227428168    8    1    4    3
 0.04401760831879387    8    1    4    4
 -0.006836872223580686    8    1    5    1
 -0.0181611938298262    8    1    5    2
 0.0053189190870225    8    1    5    3
 -0.03588026294177799    8    1    5    4
 0.06228218676573112    8    1    5    5
 0.004117464632767195    8    1    6    1
 0.006463015793825071    8    1    6    2
 0.002645968667416646    8    1    6    3
 -0.02305282373600167    8    1    6    4
 0.005398974270196602    8    1    6    5
 0.03655644965947735    8    1    6    6
 -0.007551469118673583    8    1    7    1
 0.02595784757244781    8    1    7    2
 0.03581173892313456    8    1    7    3
 -0.008666896048487076    8    1    7    4
 -0.01826262628685985    8    1    7    5
 0.003450041717569153    8    1    7    6
 0.03899995307275904    8    1    7    7
 0.05223432916537333    8    1    8    1
 -0.04240206793821423    8    2    1    1
 0.01081743189943278    8    2    2    1
 -0.03689888631988423    8    2    2    2
 -0.002662244014218136    8    2    3    1
 0.00650611295490269    8    2    3    2
 -0.02764314968957645    8    2    3    3
 0.01463152641078733    8    2    4    1
 -0.006740310572387558    8    2    4    2
 -0.00672535842980997    8    2    4    3
 -0.03612757559073439    8    2    4    4
 -0.002992752312031008    8    2    5    1
 0.01199314397370453    8    2    5    2
 -0.01325509367063064    8    2    5    3
 0.02036660385205718    8    2    5    4
 -0.04165510953893277    8    2    5    5
 -0.008831122266221798    8    2    6    1
 -0.008518166056296716    8    2    6    2
 0.0004881249634445819    8    2    6    3
 0.01905521005633798    8    2    6    4
 -0.002887369299282218    8    2    6    5
 -0.04354150995193209    8    2    6    6
 0.01865416002614378    8    2    7    1
 -0.0224760774213767    8    2    7    2
 -0.02735149408803007    8    2    7    3
 0.01272128913129632    8    2    7    4
 0.01398358456160846    8    2    7    5
 0.004488052704125749    8    2    7    6
 -0.02704547146584792    8    2    7    7
 -0.03695540857904781    8    2    8    1
 0.03853560320441319    8    2    8    2
 0.05115186206693002    8    3    1    1
 -0.004136065455437606    8    3    2    1
 0.04509031401011496    8    3    2    2
 -0.03083755460819082    8    3    3    1
 0.01879101233248189    8    3    3    2
 -0.019512297898072    8    3    3    3
 0.009916392718892943    8    3    4    1
 -0.008875191589346422    8    3    4    2
 -0.00313738219597133    8    3    4    3
 0.05776123198783024    8    3    4    4
 -0.001602490772666989    8    3    5    1
 -0.01847730609769838    8    3    5    2
 0.01057665234130128    8    3    5    3
 -0.006806954692238158    8    3    5    4
 0.05885985281730065    8    3    5    5
 0.01437955786698896    8    3    6    1
 0.00337245770810058    8    3    6    2
 0.003803609385468457    8    3    6    3
 -0.008793701798769545    8    3    6    4
 0.001478640516912925    8    3    6    5
 0.04950673717009733    8    3    6    6
 0.01946853807319503    8    3    7    1
 -0.01010645108251364    8    3    7    2
 0.05414319099870001    8    3    7    3
 0.009777150051655159    8    3    7    4
 -0.001901367213323261    8    3    7    5
 -0.004483551867554003    8    3    7    6
 0.03133797505874933    8    3    7    7
 0.03074657360242827    8    3    8    1
 -0.01835056404596664    8    3    8    2
 0.08848605787799992    8    3    8    3
 0.01875584968954893    8    4    1    1
 0.01690558427443536    8    4    2    1
 0.01322515044371302    8    4    2    2
 0.009910343593523639    8    4    3    1
 -0.007758222352607986    8    4    3    2
 0.01685892477794871    8    4    3    3
 0.0004344059266846779    8    4    4    1
 0.007096617059586772    8    4    4    2
 0.01526232676371068    8    4    4    3
 0.01216776627055305    8    4    4    4
 -0.02597843891382069    8    4    5    1
 0.008243648208298255    8    4    5    2
 0.001623982975547236    8    4    5    3
 -0.01525126456203696    8    4    5    4
 0.02521426219390483    8    4    5    5
 -0.00569319907066186    8    4    6    1
 0.009522281206596426    8    4    6    2
 -0.0004329389039610272    8    4    6    3
 -0.005341771101240452    8    4    6    4
 -0.004204787663674453    8    4    6    5
 0.02657717955244714    8    4    6    6
 -0.008602284798077023    8    4    7    1
 0.01502827636654379    8    4    7    2
 0.01568264048148909    8    4    7    3
 -0.01716569351735898    8    4    7    4
 -0.01597053429169024    8    4    7    5
 -0.004894179937209958    8    4    7    6
 0.002610905027104309    8    4    7    7
 0.02005940887175301    8    4    8    1
 -0.01422381018094897    8    4    8    2
 -0.001719395151286361    8    4    8    3
 0.03232917070643836    8    4    8    4
 0.0003380789436762368    8    5    1    1
 -0.009765282504002748    8    5    2    1
 -0.00120478075729656    8    5    2    2
 0.01196644958674497    8    5    3    1
 -0.01293120990559461    8    5    3    2
 0.02153307962041202    8    5    3    3
 -0.04588719116188466    8    5    4    1
 0.01839717120218664    8    5    4    2
 0.007838104187660153    8    5    4    3
 0.007289085527345376    8    5    4    4
 0.01889372616783511    8    5    5    1
 -0.003079374175651992    8    5    5    2
 0.01665713716571404    8    5    5    3
 0.001193559221805787    8    5    5    4
 -0.007092571067000952    8    5    5    5
 0.006274320283335789    8    5    6    1
 0.007630286487651765    8    5    6    2
 0.00703706321090385    8    5    6    3
 -0.002151978274641234    8    5    6    4
 0.01189194619613419    8    5    6    5
 0.02852391825359479    8    5    6    6
 -0.01756695827765684    8    5    7    1
 0.01772719075685257    8    5    7    2
 -0.000729203369103607    8    5    7    3
 -0.02036050839293945    8    5    7    4
 -0.01089539231607018    8    5    7    5
 -0.006737726478264117    8    5    7    6
 0.0006286624313472973    8    5    7    7
 0.007502746908650362    8    5    8    1
 -0.02220818028486728    8    5    8    2
 -0.01601758072833174    8    5    8    3
 -0.003228139754641597    8    5    8    4
 0.04353021674034109    8    5    8    5
 -0.02420280057986094    8    6    1    1
 -0.0004585843911521618    8    6    2    1
 -0.02259370739280663    8    6    2    2
 0.01226402157928446    8    6    3    1
 -0.003266139717582576    8    6    3    2
 -0.002867378184459242    8    6    3    3
 -0.02232787752794444    8    6    4    1
 0.01372429874826257    8    6    4    2
 0.003484803454919966    8    6    4    3
 -0.01154322739676992    8    6    4    4
 0.006934914455185077    8    6    5    1
 0.006232805314918923    8    6    5    2
 0.002736353449684717    8    6    5    3
 0.005661260266370415    8    6    5    4
 -0.02222410844323019    8    6    5    5
 -0.006966980640082249    8    6    6    1
 -0.0005630922342202371    8    6    6    2
 0.01196582657571573    8    6    6    3
 0.01298882858490651    8    6    6    4
 0.01221959966111366    8    6    6    5
 -0.005232079931325944    8    6    6    6
 0.001949402875558431    8    6    7    1
 0.003695539208890632    8    6    7    2
 -0.009626077053424697    8    6    7    3
 -0.01222230022939989    8    6    7    4
 -0.006604160568973786    8    6    7    5
 -0.001974493318041473    8    6    7    6
 -0.01644868797382772    8    6    7    7
 -0.00574096159310427    8    6    8    1
 0.004219077862191587    8    6    8    2
 -0.01799980771944476    8    6    8    3
 -0.004774648883306335    8    6    8    4
 0.01383567482547757    8    6    8    5
 0.01590765625399495    8    6    8    6
 -0.01060894810218325    8    7    1    1
 0.03456365046521363    8    7    2    1
 -0.01204159097514088    8    7    2    2
 0.06309423389026739    8    7    3    1
 -0.03066071176928821    8    7    3    2
 0.07160489296838371    8    7    3    3
 -0.01976607156206052    8    7    4    1
 0.01951510534806978    8    7    4    2
 0.01134843839316289    8    7    4    3
 -0.03041326698076348    8    7    4    4
 -0.01742649323384502    8    7    5    1
 0.01605846460700432    8    7    5    2
 -0.007324985223535802    8    7    5    3
 -0.02180024202846739    8    7    5    4
 -0.005959602386831511    8    7    5    5
 -0.0002508954362754577    8    7    6    1
 0.007331114951156814    8    7    6    2
 0.003734229575111276    8    7    6    3
 -0.01908158397502772    8    7    6    4
 -0.008114977456454656    8    7    6    5
 0.003161990979827726    8    7    6    6
 -0.003717416249151494    8    7    7    1
 0.02507721162935954    8    7    7    2
 -0.01454759917393015    8    7    7    3
 -0.02423766941457993    8    7    7    4
 -0.0162433462466632    8    7    7    5
 0.01821176583629277    8    7    7    6
 -0.003803441642959243    8    7    7    7
 -0.001140446925295791    8    7    8    1
 0.003944772896452179    8    7    8    2
 -0.05449526457206867    8    7    8    3
 0.02166476986460683    8    7    8    4
 0.01701356463875755    8    7    8    5
 0.01584320307713525    8    7    8    6
 0.09077886497622703    8    7    8    7
 0.4687027151553888    8    8    1    1
 -0.06971505082905979    8    8    2    1
 0.4139331128350287    8    8    2    2
 0.05674918751913509    8    8    3    1
 -0.01550911688523898    8    8    3    2
 0.5403912189929334    8    8    3    3
 0.0374866229639555    8    8    4    1
 -0.02921640002138541    8    8    4    2
 -0.01568273241299899    8    8    4    3
 0.4359293253305793    8    8    4    4
 -0.01516981584352761    8    8    5    1
 -0.07928802436429384    8    8    5    2
 -0.01202203507128616    8    8    5    3
 -0.06747212324818624    8    8    5    4
 0.4498013354031606    8    8    5    5
 0.03599261316730127    8    8    6    1
 0.03011452426674507    8    8    6    2
 -0.02421860088054908    8    8    6    3
 -0.06294374667251795    8    8    6    4
 0.02355731337426961    8    8    6    5
 0.3875403790764805    8    8    6    6
 -0.01514584661650599    8    8    7    1
 0.054189648062606    8    8    7    2
 0.0004911934566880526    8    8    7    3
 0.02088625501855059    8    8    7    4
 0.006200406758444605    8    8    7    5
 0.03265842756840506    8    8    7    6
 0.4921300891649938    8    8    7    7
 0.06042197670886182    8    8    8    1
 -0.04201518633688812    8    8    8    2
 0.003713307597828148    8    8    8    3
 0.01289602379588214    8    8    8    4
 0.01182364097291182    8    8    8    5
 -0.01805259191572186    8    8    8    6
 0.03048577926887697    8    8    8    7
 0.5890336269639461    8    8    8    8
 -4.086593504104295    1    1  0  0
 0.03110561561294159    2    1  0  0
 -3.44698239404744    2    2  0  0
 -0.00980356824463364    3    1  0  0
 -0.01174368221344362    3    2  0  0
 -3.511174855810738    3    3  0  0
 -0.01205530807194038    4    1  0  0
 0.03158926686576095    4    2  0  0
 0.01916677870018087    4    3  0  0
 -3.430828998381923    4    4  0  0
 0.153069645899135    5    1  0  0
 0.293051887171725    5    2  0  0
 -0.05516145337353952    5    3  0  0
 0.3604841172604261    5    4  0  0
 -2.890224425816218    5    5  0  0
 -0.2994589787630782    6    1  0  0
 -0.1435552304729694    6    2  0  0
 0.05704797657914533    6    3  0  0
 0.3785910274291885    6    4  0  0
 0.005862831772393889    6    5  0  0
 -2.709762376161024    6    6  0  0
 0.09314091009503572    7    1  0  0
 -0.2817150494437722    7    2  0  0
 -0.3785002373529033    7    3  0  0
 0.01288384365785203    7    4  0  0
 0.07424926108210968    7    5  0  0
 -0.114412189816573    7    6  0  0
 -2.770046802917558    7    7  0  0
 -0.3312410049105525    8    1  0  0
 0.263447583889193    8    2  0  0
 -0.2514247908709861    8    3  0  0
 -0.1151003130973457    8    4  0  0
 -0.05542926713888581    8    5  0  0
 0.1164753639684921    8    6  0  0
 -0.0301322228793015    8    7  0  0
 -2.722320614589861    8    8  0  0
 0  0  0  0  0
