0 0 1.99996399424856
0 1 -2.054239374989062e-05
0 2 -3.765881500742127e-06
0 3 -1.662494839405198e-05
0 4 -4.465567647604129e-05
0 5 -8.795030610383671e-07
0 6 -1.099252985032877e-05
0 7 8.415508960416758e-06
0 8 -8.900264131070376e-07
0 9 2.826079097682859e-05
0 10 8.153583337298507e-06
0 11 6.268440403558655e-06
0 12 4.379594488319186e-06
0 13 -1.663820696343237e-05
0 14 -0.0002717763524973556
0 15 -5.890677478942985e-05
0 16 5.133630323584036e-05
0 17 4.134953276485005e-05
0 18 -4.972919622334214e-05
0 19 -7.009800949898739e-05
0 20 0.0001502539336828195
0 21 0.0006454147292655461
0 22 -6.18339689230591e-05
0 23 -1.784234948398019e-05
1 0 -2.054239374989058e-05
1 1 1.991148598884739
1 2 0.0001258593777375435
1 3 0.0002955895527869228
1 4 -0.0002189575882221672
1 5 -1.021462655814092e-05
1 6 -0.0001397879009206653
1 7 7.581620035329348e-05
1 8 -6.838495594089044e-05
1 9 0.0006541706303060547
1 10 1.154109236064341e-05
1 11 0.000168335811836784
1 12 -0.0001843668472728045
1 13 0.001758626809368094
1 14 -0.003264781261817423
1 15 -0.002440192416452943
1 16 -0.00203215989363777
1 17 -0.000643258200900772
1 18 0.0009638522731451151
1 19 0.0003058130414962264
1 20 -0.0007564648398564477
1 21 -0.002533900975823226
1 22 0.001379058453578244
1 23 0.0006157371557134646
2 0 -3.765881500742065e-06
2 1 0.0001258593777375425
2 2 1.990075979176873
2 3 3.197061850350005e-05
2 4 -3.615679372188817e-05
2 5 -5.170141766651118e-05
2 6 0.0001393938202884662
2 7 -0.0003857504859344427
2 8 0.0004384752946907085
2 9 0.0003676170038339739
2 10 0.0003851279133011845
2 11 0.0006880872259094502
2 12 -0.0002617427158260582
2 13 0.001228879865875989
2 14 0.0003872184985705183
2 15 -0.001822418015921178
2 16 0.001738959494253718
2 17 0.00370642168398876
2 18 0.0008304849211319562
2 19 -0.0007675940706864002
2 20 0.0004536918889638356
2 21 -0.0009748635090122094
2 22 -0.001632163399480708
2 23 0.002549614518777406
3 0 -1.662494839405172e-05
3 1 0.0002955895527869232
3 2 3.197061850349861e-05
3 3 1.989350077549625
3 4 -0.0005040804349992073
3 5 -0.0001958439970208435
3 6 -0.0006116068421588056
3 7 0.001523361825327575
3 8 0.0004811748162762646
3 9 0.0001612690135347083
3 10 0.0005000697028548296
3 11 0.0001215162351043677
3 12 0.000655831297926881
3 13 0.001335217031179792
3 14 -0.0008625457019883396
3 15 0.0006523787168105645
3 16 0.000159288024958634
3 17 0.0005797627976542315
3 18 -0.003682448295233381
3 19 -0.0007985640417448835
3 20 -0.0004740695518490635
3 21 -0.003317462693002038
3 22 -0.002207332079130563
3 23 -0.00333775494026206
4 0 -4.46556764760409e-05
4 1 -0.0002189575882221373
4 2 -3.615679372187711e-05
4 3 -0.0005040804349992113
4 4 1.982010584803795
4 5 -6.011718673152978e-06
4 6 6.979283377626983e-05
4 7 -5.890906706567935e-05
4 8 -0.0002124708683708308
4 9 0.0007468186726216189
4 10 0.0002161372101435795
4 11 7.748450786865363e-05
4 12 -8.740654664565083e-05
4 13 0.002567057871315244
4 14 0.005929854111793068
4 15 0.003249064629769267
4 16 0.001406101587290598
4 17 -0.0009857128434469088
4 18 0.000459167390378805
4 19 0.00102848635568117
4 20 -0.00101536004762228
4 21 -0.004435881902371512
4 22 0.001193504371714603
4 23 0.00170666739140272
5 0 -8.795030610384916e-07
5 1 -1.021462655815023e-05
5 2 -5.170141766651105e-05
5 3 -0.0001958439970208443
5 4 -6.011718673173487e-06
5 5 1.978477037676222
5 6 -0.0001509932318128016
5 7 -0.0003073741155234757
5 8 0.001352276460514426
5 9 0.000147909063351637
5 10 0.0009232471930294744
5 11 0.0004615530949565616
5 12 6.419068214246596e-05
5 13 0.001027891730495629
5 14 -0.001805473374121861
5 15 0.003765730199947002
5 16 -0.004842822480138559
5 17 -0.0007082018993541928
5 18 0.001329209430672689
5 19 0.0002452253648272359
5 20 0.00165165005850964
5 21 -0.001698021790008382
5 22 -0.007790276971117682
5 23 0.003062846072413072
6 0 -1.099252985032841e-05
6 1 -0.0001397879009206626
6 2 0.0001393938202884871
6 3 -0.0006116068421587873
6 4 6.979283377626867e-05
6 5 -0.0001509932318128031
6 6 1.979538487036318
6 7 0.002017478560577815
6 8 0.0007195311211929596
6 9 -7.241237365518425e-05
6 10 -9.719421356295534e-05
6 11 2.345244362535804e-05
6 12 0.0002782320004131886
6 13 0.0007197867161264882
6 14 0.005006698671053061
6 15 -0.003567259255486164
6 16 -0.00489082018972458
6 17 0.001463951856494967
6 18 -0.001934076080513099
6 19 -0.0002055494813922776
6 20 -0.0004142606565292505
6 21 -0.001660456715148352
6 22 -0.002126746533606308
6 23 -0.004887854846289897
7 0 8.415508960416521e-06
7 1 7.581620035330879e-05
7 2 -0.0003857504859344365
7 3 0.001523361825327563
7 4 -5.890906706566798e-05
7 5 -0.0003073741155234588
7 6 0.002017478560577768
7 7 1.97528469126211
7 8 -0.0004966252715530225
7 9 7.740708284347306e-05
7 10 -0.0003703460743752055
7 11 0.0001808801876860208
7 12 -0.0009891889669973188
7 13 0.005852585033105947
7 14 -0.004785037117121622
7 15 0.003932578339703086
7 16 0.003708777969166853
7 17 -0.001719738954446208
7 18 -0.004943946651489173
7 19 0.001559737489720403
7 20 0.0004799225773581389
7 21 0.004216463468501547
7 22 0.005256896361928189
7 23 0.01548513791270419
8 0 -8.900264131071572e-07
8 1 -6.838495594090352e-05
8 2 0.0004384752946907068
8 3 0.000481174816276266
8 4 -0.0002124708683708481
8 5 0.001352276460514416
8 6 0.0007195311211929473
8 7 -0.0004966252715529699
8 8 1.977070074314534
8 9 0.0001165819956357666
8 10 -0.000407010491268914
8 11 -0.0002370092323136564
8 12 0.0001210527529458911
8 13 -0.005707982897364053
8 14 -0.0007650528276839335
8 15 0.0004095073613291248
8 16 0.003132916416457584
8 17 0.004378449487611583
8 18 -0.0007359558106246087
8 19 0.0003345028029721073
8 20 0.004598340370731479
8 21 0.0009143815106898926
8 22 0.009756367526202668
8 23 -0.0005607305826523562
9 0 2.826079097682565e-05
9 1 0.0006541706303060499
9 2 0.000367617003833982
9 3 0.0001612690135347077
9 4 0.0007468186726215533
9 5 0.0001479090633516314
9 6 -7.24123736551963e-05
9 7 7.740708284342487e-05
9 8 0.0001165819956357824
9 9 1.974222133981205
9 10 -0.0006200826943131754
9 11 -0.001030679332199098
9 12 -0.003740561985242296
9 13 0.09016032478761223
9 14 -0.001927057085716324
9 15 -0.002131149200646731
9 16 -0.0008013640347282342
9 17 0.001863759207368476
9 18 -0.000536713691305112
9 19 0.004800798318534371
9 20 0.001184911561228461
9 21 0.004412670955720689
9 22 -0.0007360077166907713
9 23 -0.002093807875877776
10 0 8.153583337297138e-06
10 1 1.154109236065557e-05
10 2 0.0003851279133011708
10 3 0.0005000697028548901
10 4 0.0002161372101435687
10 5 0.0009232471930294305
10 6 -9.719421356295429e-05
10 7 -0.0003703460743751997
10 8 -0.0004070104912688909
10 9 -0.0006200826943131581
10 10 1.976992501906732
10 11 -0.0004281890848813023
10 12 -0.0006714113983892162
10 13 0.01531618330613397
10 14 -0.004273405837170671
10 15 0.0005686723263426504
10 16 0.004936477802967143
10 17 0.002132035351371101
10 18 -0.00487866859078862
10 19 -2.590158924183441e-05
10 20 -0.002138167756220844
10 21 0.001928060207850712
10 22 0.004973046372267717
10 23 -0.001146683627754327
11 0 6.268440403559266e-06
11 1 0.0001683358118367855
11 2 0.0006880872259094368
11 3 0.0001215162351043668
11 4 7.748450786865531e-05
11 5 0.000461553094956571
11 6 2.345244362535213e-05
11 7 0.0001808801876860016
11 8 -0.0002370092323136558
11 9 -0.001030679332199099
11 10 -0.0004281890848813028
11 11 1.978398569560376
11 12 0.0003190839923422066
11 13 0.003989921158201023
11 14 -0.000107200404204445
11 15 0.001211839393488913
11 16 -7.022516868010297e-05
11 17 -0.00185667187925241
11 18 -0.0002219668800822453
11 19 0.0007765850294824195
11 20 -0.00019477680291193
11 21 0.0005141588802143568
11 22 0.0002330629126765148
11 23 -1.427836496293582e-05
12 0 4.379594488319125e-06
12 1 -0.0001843668472727939
12 2 -0.0002617427158260636
12 3 0.000655831297926852
12 4 -8.740654664564999e-05
12 5 6.419068214245772e-05
12 6 0.0002782320004131897
12 7 -0.0009891889669972824
12 8 0.0001210527529458795
12 9 -0.003740561985242333
12 10 -0.00067141139838921
12 11 0.0003190839923421701
12 12 1.972283997350605
12 13 0.02220608065009047
12 14 -0.002259136806489772
12 15 -0.001991049806275587
12 16 0.0009415275049987437
12 17 0.004212312934202345
12 18 0.0002129474418457274
12 19 0.009348203784576598
12 20 -0.00136112682617518
12 21 0.0008289795351755448
12 22 0.0002856225830315814
12 23 0.0003658572411127042
13 0 -1.66382069634321e-05
13 1 0.00175862680936808
13 2 0.001228879865876031
13 3 0.001335217031179761
13 4 0.002567057871315089
13 5 0.001027891730495615
13 6 0.0007197867161265498
13 7 0.005852585033106185
13 8 -0.005707982897364417
13 9 0.09016032478760683
13 10 0.0153161833061334
13 11 0.003989921158201251
13 12 0.02220608065008946
13 13 0.06656703147543844
13 14 -0.001068428341665044
13 15 -0.0009187213222598676
13 16 -0.0003356477008015672
13 17 0.001793836135201796
13 18 -0.001025975612487213
13 19 0.005628280454206358
13 20 -0.0004546953838655351
13 21 0.001009395445040931
13 22 -0.0004800684099690839
13 23 -0.0003682566271681115
14 0 -0.0002717763524973369
14 1 -0.003264781261817396
14 2 0.0003872184985705227
14 3 -0.0008625457019882482
14 4 0.005929854111793288
14 5 -0.001805473374121849
14 6 0.005006698671053108
14 7 -0.00478503711712183
14 8 -0.0007650528276839088
14 9 -0.001927057085716357
14 10 -0.00427340583717073
14 11 -0.0001072004042044436
14 12 -0.00225913680648982
14 13 -0.001068428341665015
14 14 0.02033331147879974
14 15 -0.0004972714441833664
14 16 -0.0009572766827415218
14 17 9.773941704270497e-05
14 18 -0.0007834037187778239
14 19 0.002044654712478328
14 20 -0.0003984862832709447
14 21 -0.002872084467472479
14 22 -0.0003830926161660231
14 23 -0.001226661984751106
15 0 -5.890677478943012e-05
15 1 -0.002440192416452803
15 2 -0.001822418015921102
15 3 0.0006523787168105845
15 4 0.003249064629769236
15 5 0.003765730199946863
15 6 -0.003567259255486093
15 7 0.003932578339703079
15 8 0.0004095073613291378
15 9 -0.002131149200646794
15 10 0.0005686723263426393
15 11 0.001211839393488885
15 12 -0.001991049806275532
15 13 -0.0009187213222598776
15 14 -0.0004972714441833149
15 15 0.01971529851187862
15 16 -7.174694012672341e-05
15 17 0.00133199780728913
15 18 0.0005602820998067214
15 19 -0.000448144714062859
15 20 -0.0002941603212056892
15 21 -0.0003589248012808461
15 22 4.911128965837623e-06
15 23 0.001013104196803148
16 0 5.133630323584125e-05
16 1 -0.002032159893637903
16 2 0.001738959494253615
16 3 0.0001592880249586403
16 4 0.001406101587290571
16 5 -0.004842822480138731
16 6 -0.004890820189724606
16 7 0.003708777969166954
16 8 0.003132916416457604
16 9 -0.000801364034728226
16 10 0.00493647780296738
16 11 -7.022516868010603e-05
16 12 0.0009415275049987977
16 13 -0.00033564770080157
16 14 -0.0009572766827414852
16 15 -7.174694012675721e-05
16 16 0.0192322208012526
16 17 -0.0006144482128109265
16 18 0.0007149431050506828
16 19 -0.0002596243964117334
16 20 -0.0001452703046175857
16 21 0.001223207115099819
16 22 0.001593601053995965
16 23 0.0005635702521800431
17 0 4.134953276484792e-05
17 1 -0.0006432582009007613
17 2 0.003706421683988715
17 3 0.0005797627976542256
17 4 -0.0009857128434468667
17 5 -0.0007082018993542231
17 6 0.001463951856494981
17 7 -0.001719738954446209
17 8 0.004378449487611465
17 9 0.001863759207368468
17 10 0.002132035351371057
17 11 -0.001856671879252396
17 12 0.004212312934202326
17 13 0.001793836135201779
17 14 9.773941704271367e-05
17 15 0.00133199780728917
17 16 -0.0006144482128109034
17 17 0.01726279688156943
17 18 0.0006877409641881651
17 19 -0.004755133426716851
17 20 0.0003707673726094898
17 21 4.986097839340999e-05
17 22 0.0005518287558028236
17 23 -0.0003558274294524106
18 0 -4.972919622334151e-05
18 1 0.00096385227314511
18 2 0.000830484921131967
18 3 -0.003682448295233516
18 4 0.0004591673903787902
18 5 0.001329209430672634
18 6 -0.00193407608051306
18 7 -0.0049439466514889
18 8 -0.0007359558106245472
18 9 -0.0005367136913051081
18 10 -0.00487866859078879
18 11 -0.0002219668800822374
18 12 0.0002129474418457306
18 13 -0.001025975612487216
18 14 -0.0007834037187778565
18 15 0.0005602820998066976
18 16 0.0007149431050507115
18 17 0.000687740964188169
18 18 0.01800197920267741
18 19 0.001610108444520421
18 20 6.678972374357442e-05
18 21 -0.0002780900584190962
18 22 -0.0005694337467110745
18 23 0.0001397438342773895
19 0 -7.009800949898659e-05
19 1 0.0003058130414962326
19 2 -0.0007675940706864221
19 3 -0.0007985640417448764
19 4 0.001028486355681156
19 5 0.0002452253648272444
19 6 -0.0002055494813922796
19 7 0.001559737489720424
19 8 0.0003345028029721073
19 9 0.004800798318534381
19 10 -2.590158924186023e-05
19 11 0.0007765850294823627
19 12 0.009348203784576419
19 13 0.005628280454206668
19 14 0.002044654712478288
19 15 -0.0004481447140628754
19 16 -0.0002596243964117348
19 17 -0.004755133426716863
19 18 0.001610108444520328
19 19 0.003614188892292881
19 20 0.001683013069513153
19 21 -0.0009292428017327188
19 22 0.0009920190833322363
19 23 0.0007185865278144783
20 0 0.0001502539336828161
20 1 -0.0007564648398564452
20 2 0.0004536918889638375
20 3 -0.0004740695518490508
20 4 -0.001015360047622271
20 5 0.001651650058509591
20 6 -0.0004142606565292384
20 7 0.0004799225773581244
20 8 0.00459834037073137
20 9 0.001184911561228442
20 10 -0.002138167756220762
20 11 -0.0001947768029119245
20 12 -0.001361126826175153
20 13 -0.0004546953838655396
20 14 -0.0003984862832710113
20 15 -0.0002941603212057256
20 16 -0.0001452703046175906
20 17 0.0003707673726094864
20 18 6.678972374357173e-05
20 19 0.001683013069513159
20 20 0.01772356400181985
20 21 0.001105260063150264
20 22 -0.0004846568278228641
20 23 0.0004759676170453957
21 0 0.0006454147292655721
21 1 -0.00253390097582315
21 2 -0.0009748635090122209
21 3 -0.003317462693002117
21 4 -0.004435881902371557
21 5 -0.001698021790008468
21 6 -0.001660456715148408
21 7 0.004216463468501465
21 8 0.0009143815106898896
21 9 0.004412670955720592
21 10 0.001928060207850702
21 11 0.0005141588802143433
21 12 0.0008289795351756165
21 13 0.001009395445040973
21 14 -0.002872084467472448
21 15 -0.0003589248012808593
21 16 0.00122320711509978
21 17 4.986097839342951e-05
21 18 -0.0002780900584190848
21 19 -0.0009292428017327748
21 20 0.001105260063150228
21 21 0.02089116008192121
21 22 0.0003294639072774849
21 23 0.0002091130235704802
22 0 -6.183396892305772e-05
22 1 0.00137905845357815
22 2 -0.001632163399480629
22 3 -0.002207332079130581
22 4 0.001193504371714654
22 5 -0.007790276971117455
22 6 -0.002126746533606306
22 7 0.005256896361928597
22 8 0.009756367526202053
22 9 -0.0007360077166907804
22 10 0.004973046372267788
22 11 0.0002330629126765174
22 12 0.0002856225830316098
22 13 -0.000480068409969073
22 14 -0.0003830926161660415
22 15 4.911128965800137e-06
22 16 0.001593601053995949
22 17 0.0005518287558027729
22 18 -0.000569433746711078
22 19 0.0009920190833322777
22 20 -0.0004846568278228551
22 21 0.0003294639072774766
22 22 0.0157875589487013
22 23 0.0001373473807699519
23 0 -1.784234948398047e-05
23 1 0.0006157371557135043
23 2 0.002549614518777528
23 3 -0.003337754940261967
23 4 0.001706667391402672
23 5 0.003062846072412903
23 6 -0.004887854846289974
23 7 0.01548513791270441
23 8 -0.0005607305826523254
23 9 -0.00209380787587769
23 10 -0.001146683627754282
23 11 -1.427836496292899e-05
23 12 0.000365857241112709
23 13 -0.000368256627168121
23 14 -0.001226661984751082
23 15 0.001013104196803134
23 16 0.0005635702521800754
23 17 -0.0003558274294524132
23 18 0.0001397438342774077
23 19 0.0007185865278144574
23 20 0.0004759676170453877
23 21 0.0002091130235704712
23 22 0.0001373473807699695
23 23 0.01605416180508609
