0000001111111111
0000010111111111
0000011011111111
0000011101111111
0000011110111111
0000011111011111
0000011111101111
0000011111110111
0000011111111011
0000011111111101
0000011111111110
0000100111111111
0000101011111111
0000101101111111
0000101110111111
0000101111011111
0000101111101111
0000101111110111
0000101111111011
0000101111111101
0000101111111110
0000110110111111
0000111001111111
0000111011110111
0000111011111011
0000111011111101
0000111111010111
0000111111011011
0000111111011101
0001000111111111
0001001011111111
0001001101111111
0001001110111111
0001001111011111
0001001111101111
0001001111110111
0001001111111011
0001001111111101
0001001111111110
0001011001111111
0001011011110111
0001011011111011
0001011011111101
0001011011111110
0001011110101111
0001011111010111
0001011111011011
0001011111011101
0001100111101111
0001101011011111
0001101101110111
0001101101111011
0001101101111101
0001101111110011
0001101111110101
0010000111111111
0010001011111111
0010001101111111
0010001110111111
0010001111011111
0010001111101111
0010001111110111
0010001111111011
0010001111111101
0010001111111110
0010010111101111
0010011011011111
0010011101110111
0010011101111011
0010011111110101
0010011111111001
0010011111111010
0010100110111111
0010101001111111
0010101011111101
0010101101011111
0010101110101111
0010101111010111
0011000110111111
0011001011110111
0011001011111011
0011001101011111
0011001111011011
0011001111011101
0100000111111111
0100001011111111
0100001101111111
0100001110111111
0100001111011111
0100001111101111
0100001111110111
0100001111111011
0100001111111101
0100001111111110
0100011011101111
0100011110110111
0100011111001111
0100100101111111
0100100111110111
0100101010111111
0100101101101111
0100101110011111
0100101111100111
0100101111101101
0101000101111111
0101000111110111
0101000111111101
0101001010111111
0101001101101111
0101001110011111
0101001111100111
0101001111101011
0101001111101101
0110000111011111
0110001011101111
0110001100111111
0110001110110111
0110001110111101
0110001111001111
1000000111111111
1000001011111111
1000001101111111
1000001110111111
1000001111011111
1000001111101111
1000001111110111
1000001111111011
1000001111111101
1000001111111110
1000011001111111
1000011011111011
1000011011111110
1000011101011111
1000011111011011
1000011111011101
1000011111011110
1000100111101111
1000101101110111
1000101101111011
1000101101111101
1000101111110011
1000101111110101
1001000111101111
1001001011011111
1001001101110111
1001001101111011
1001001101111101
1001001111110011
1001001111110101
1001001111110110
1001001111111010
1010001001111111
1010001011110111
1010001011111011
1010001110101111
1010001111011011
1010001111011101
1100000101111111
1100000111110111
1100000111111011
1100000111111101
1100001101101111
1100001111100111
1100001111101011
1100001111101101
1100001111101110
