 &FCI NORB=   9,NELEC=10,MS2=0,
  ORBSYM=1,1,1,1,1,1,1,1,1
  ISYM=1,
 &END
 0.4428053839405489    1    1    1    1
 0.03722283856176165    2    1    1    1
 0.05624634163766331    2    1    2    1
 0.3575165526238817    2    2    1    1
 0.06631875016930028    2    2    2    1
 0.4094254575587861    2    2    2    2
 0.04055768814166565    3    1    1    1
 0.0007689828648691384    3    1    2    1
 -0.002982796112472537    3    1    2    2
 0.105982575285823    3    1    3    1
 -0.01014412118862811    3    2    1    1
 -0.01413021037654785    3    2    2    1
 -0.02085938110056375    3    2    2    2
 0.01454980761269502    3    2    3    1
 0.0162217217506281    3    2    3    2
 0.444323184258979    3    3    1    1
 0.04169980103955879    3    3    2    1
 0.3391154524765161    3    3    2    2
 0.06001414460738533    3    3    3    1
 -0.01190758986344393    3    3    3    2
 0.4911872404013792    3    3    3    3
 0.02335849250358424    4    1    1    1
 -0.005746982742615054    4    1    2    1
 0.001818770310247138    4    1    2    2
 -0.0008355558018590112    4    1    3    1
 -0.0002684489884713642    4    1    3    2
 0.02119851266543114    4    1    3    3
 0.07480743424567295    4    1    4    1
 -0.01640158616483556    4    2    1    1
 -0.01406088984458743    4    2    2    1
 -0.0146144123366933    4    2    2    2
 -0.001922327033439946    4    2    3    1
 0.003485956184461772    4    2    3    2
 -0.01642057325308835    4    2    3    3
 0.01443781570956037    4    2    4    1
 0.0187636140906531    4    2    4    2
 -0.01095549139119544    4    3    1    1
 0.001054066844923605    4    3    2    1
 -0.005999400038319618    4    3    2    2
 0.009885025485174405    4    3    3    1
 6.787358360811883e-05    4    3    3    2
 -0.008128262266626309    4    3    3    3
 -0.04123071291120332    4    3    4    1
 -0.007008161181090478    4    3    4    2
 0.04155906249564253    4    3    4    3
 0.4180088873860262    4    4    1    1
 0.04411001741652291    4    4    2    1
 0.3405835809278876    4    4    2    2
 -0.03305903008518508    4    4    3    1
 -0.01964202609295627    4    4    3    2
 0.4079433593076474    4    4    3    3
 0.03697069436512496    4    4    4    1
 -0.01762502348081878    4    4    4    2
 -0.02762215361882963    4    4    4    3
 0.4891840679668863    4    4    4    4
 -0.05375768067187329    5    1    1    1
 0.009268813493358747    5    1    2    1
 0.02343058736881783    5    1    2    2
 -0.003046012997095312    5    1    3    1
 -1.709042845531817e-05    5    1    3    2
 -0.06500376607555773    5    1    3    3
 0.00311392767120994    5    1    4    1
 0.009588639804244523    5    1    4    2
 -0.002996360015292233    5    1    4    3
 -0.06401098452485575    5    1    4    4
 0.06025009689807512    5    1    5    1
 0.06513474469926421    5    2    1    1
 0.05742531931197149    5    2    2    1
 0.08708179518584344    5    2    2    2
 0.0001479480653260894    5    2    3    1
 -0.01755863769224457    5    2    3    2
 0.05948669594557734    5    2    3    3
 0.004573083739324309    5    2    4    1
 -0.01713075016722398    5    2    4    2
 -0.002667566183718319    5    2    4    3
 0.0635304270424451    5    2    4    4
 -0.0006910888945814552    5    2    5    1
 0.08181446296793819    5    2    5    2
 0.007178249961404128    5    3    1    1
 9.50950424639876e-05    5    3    2    1
 -0.005468776590489601    5    3    2    2
 -0.04015197855276229    5    3    3    1
 -0.002612719479803133    5    3    3    2
 0.001524725488513801    5    3    3    3
 -0.001729369134086543    5    3    4    1
 -0.003548423255308027    5    3    4    2
 0.001139903677497742    5    3    4    3
 0.04243667195377965    5    3    4    4
 -0.01974840700142271    5    3    5    1
 0.002884574397806035    5    3    5    2
 0.03192296097893937    5    3    5    3
 0.01106622226118414    5    4    1    1
 0.008379373152637837    5    4    2    1
 -0.004329605257190954    5    4    2    2
 -0.001417398785771717    5    4    3    1
 -0.002927076340928485    5    4    3    2
 0.01384642692452078    5    4    3    3
 -0.03454652445519677    5    4    4    1
 -0.005840084820365611    5    4    4    2
 0.0271043671485228    5    4    4    3
 0.01588688127642432    5    4    4    4
 -0.02052629355294034    5    4    5    1
 0.006192699633246045    5    4    5    2
 0.01168153595662819    5    4    5    3
 0.03617658949158498    5    4    5    4
 0.3502004875852556    5    5    1    1
 0.03426799566865037    5    5    2    1
 0.3405277842927418    5    5    2    2
 -0.006632302801931188    5    5    3    1
 -0.0120003968770114    5    5    3    2
 0.3414416504418603    5    5    3    3
 -0.004185564053419694    5    5    4    1
 -0.01152108266881013    5    5    4    2
 0.001544690190825807    5    5    4    3
 0.3465670775621658    5    5    4    4
 -0.02173220569155113    5    5    5    1
 0.05775893615707198    5    5    5    2
 0.01282068140122512    5    5    5    3
 0.01352305425604797    5    5    5    4
 0.3303906433926987    5    5    5    5
 -0.03358390236297651    6    1    1    1
 0.000511084304763423    6    1    2    1
 -0.01821587007780849    6    1    2    2
 0.007125462604820944    6    1    3    1
 0.002253246573321494    6    1    3    2
 -0.01796823327680569    6    1    3    3
 0.006202712829800251    6    1    4    1
 0.01066587490017594    6    1    4    2
 0.004403260489569037    6    1    4    3
 -0.02438671399039325    6    1    4    4
 0.02098955178085018    6    1    5    1
 -0.01436215034875388    6    1    5    2
 -0.006420869116506408    6    1    5    3
 -0.001048107489319518    6    1    5    4
 -0.02557938643867929    6    1    5    5
 0.03721723990415901    6    1    6    1
 0.01922894687502228    6    2    1    1
 -0.007208378326655261    6    2    2    1
 -0.009189895550223526    6    2    2    2
 0.002122820411595454    6    2    3    1
 0.002101712243268614    6    2    3    2
 0.01968368482698918    6    2    3    3
 0.01535238013941009    6    2    4    1
 0.005627323100233441    6    2    4    2
 -0.006752653735968213    6    2    4    3
 0.02115729784215854    6    2    4    4
 -0.0149842624420798    6    2    5    1
 -0.005814743101144853    6    2    5    2
 0.004788122891061697    6    2    5    3
 0.00124039535571035    6    2    5    4
 0.001907774340592981    6    2    5    5
 -0.002444509680191479    6    2    6    1
 0.01589511633596562    6    2    6    2
 0.02347964240479281    6    3    1    1
 0.002045166382054571    6    3    2    1
 0.01319170092780403    6    3    2    2
 0.0234686716997499    6    3    3    1
 0.003200869666953265    6    3    3    2
 0.03729777410118253    6    3    3    3
 0.01020113448323545    6    3    4    1
 -0.001284691198148787    6    3    4    2
 -0.002613318001516721    6    3    4    3
 -0.004814051078143935    6    3    4    4
 -0.0007297320776508613    6    3    5    1
 0.005528080535639032    6    3    5    2
 -0.009685833735400511    6    3    5    3
 -0.009867135619818215    6    3    5    4
 0.008205395677023311    6    3    5    5
 -0.004247410127725159    6    3    6    1
 0.001385630955761803    6    3    6    2
 0.02816731434679816    6    3    6    3
 0.03674851579407767    6    4    1    1
 0.01626387092743469    6    4    2    1
 0.03777169246997561    6    4    2    2
 0.01188755416127085    6    4    3    1
 -0.003615065688020765    6    4    3    2
 0.03195877665209075    6    4    3    3
 0.02045371529147149    6    4    4    1
 0.002483347018866084    6    4    4    2
 -0.02243539562717211    6    4    4    3
 0.03014135031288722    6    4    4    4
 0.007506966474702282    6    4    5    1
 0.01680951289973433    6    4    5    2
 -0.01093100087108971    6    4    5    3
 -0.01499977391413387    6    4    5    4
 0.01625928551079188    6    4    5    5
 -0.01232849437811927    6    4    6    1
 0.002788672289982272    6    4    6    2
 0.01489233639748002    6    4    6    3
 0.0460218768874603    6    4    6    4
 0.04155765320360241    6    5    1    1
 -0.008136622379657014    6    5    2    1
 0.007554575705463524    6    5    2    2
 0.002302327005516836    6    5    3    1
 0.002001082181333498    6    5    3    2
 0.02998807998998759    6    5    3    3
 0.01305563362136612    6    5    4    1
 0.001804179884113056    6    5    4    2
 -0.01218821335808399    6    5    4    3
 0.02797366938391925    6    5    4    4
 -0.02115100714318636    6    5    5    1
 -0.0003465082749865545    6    5    5    2
 0.004520709989077033    6    5    5    3
 -0.003808952576958322    6    5    5    4
 0.01721037895726196    6    5    5    5
 -0.02791181233813313    6    5    6    1
 0.01435427006266253    6    5    6    2
 0.01131343364377026    6    5    6    3
 0.02139487722220805    6    5    6    4
 0.04453654008792111    6    5    6    5
 0.3815655721064445    6    6    1    1
 0.03230199092991838    6    6    2    1
 0.3098337574573579    6    6    2    2
 -0.004181921595277278    6    6    3    1
 -0.01296225245727779    6    6    3    2
 0.3818195500398668    6    6    3    3
 -0.01606632858773753    6    6    4    1
 -0.02013540665457636    6    6    4    2
 0.01433051009176724    6    6    4    3
 0.3995311400260174    6    6    4    4
 -0.07055477001959094    6    6    5    1
 0.05718186417778405    6    6    5    2
 0.03279768748067932    6    6    5    3
 0.04251022253599391    6    6    5    4
 0.3363968324476435    6    6    5    5
 -0.03113099669927291    6    6    6    1
 0.01602109446111644    6    6    6    2
 -0.003401695210703487    6    6    6    3
 -0.003198025941453323    6    6    6    4
 0.02255263732373024    6    6    6    5
 0.4143080881854544    6    6    6    6
 -0.006216501572102463    7    1    1    1
 0.002266839046345144    7    1    2    1
 -0.0004780800707294345    7    1    2    2
 -0.003938708116461857    7    1    3    1
 -0.009299973593850777    7    1    3    2
 0.02201997588569883    7    1    3    3
 -0.008765145797209696    7    1    4    1
 -0.001587653490024595    7    1    4    2
 -4.648157341741487e-05    7    1    4    3
 -0.01165258607456111    7    1    4    4
 0.001644943346508931    7    1    5    1
 -0.008958791656334359    7    1    5    2
 -0.004738674593847254    7    1    5    3
 -0.002035054827484719    7    1    5    4
 -0.005795801285763642    7    1    5    5
 0.006239058955823244    7    1    6    1
 -0.002323116687680688    7    1    6    2
 0.01450199290650185    7    1    6    3
 0.006044561721836956    7    1    6    4
 -0.001584343624093171    7    1    6    5
 -0.01177675184689725    7    1    6    6
 0.0423401773717617    7    1    7    1
 0.02013318200434325    7    2    1    1
 0.001200118607277549    7    2    2    1
 0.005670758522254421    7    2    2    2
 -0.02295616935464099    7    2    3    1
 -0.01011459789068096    7    2    3    2
 0.02467393676800362    7    2    3    3
 -0.004079590810427564    7    2    4    1
 -0.00476484940461255    7    2    4    2
 0.0006416989723743643    7    2    4    3
 0.03575187972352085    7    2    4    4
 -0.01763759547134178    7    2    5    1
 -0.003958873794320045    7    2    5    2
 0.01024552144616072    7    2    5    3
 0.006654020812831561    7    2    5    4
 0.009030498740263468    7    2    5    5
 -0.007711037291934087    7    2    6    1
 0.008417872036381594    7    2    6    2
 -0.004197260722052364    7    2    6    3
 -0.0001930836103748481    7    2    6    4
 0.01296466967859289    7    2    6    5
 0.02611615295510268    7    2    6    6
 0.01371172952436332    7    2    7    1
 0.03261424547742808    7    2    7    2
 -0.04122554030588411    7    3    1    1
 -0.02730533569586811    7    3    2    1
 -0.05619186122072085    7    3    2    2
 0.05076974745270673    7    3    3    1
 0.01752547665817628    7    3    3    2
 -0.02453109576569561    7    3    3    3
 -0.007597921760413214    7    3    4    1
 0.005823095628915942    7    3    4    2
 0.01121434120600139    7    3    4    3
 -0.06549535460724508    7    3    4    4
 0.001708885851006168    7    3    5    1
 -0.02735546696494227    7    3    5    2
 -0.02320183598699219    7    3    5    3
 -2.643287036073432e-05    7    3    5    4
 -0.03505773568543211    7    3    5    5
 0.02450675265187708    7    3    6    1
 -0.004208008009043452    7    3    6    2
 0.007226911763089788    7    3    6    3
 -0.02037720728960077    7    3    6    4
 -0.02530636052297607    7    3    6    5
 -0.03419068723896802    7    3    6    6
 0.0009602140942580234    7    3    7    1
 -0.0286168886145035    7    3    7    2
 0.08952035340399779    7    3    7    3
 -0.03159857772292986    7    4    1    1
 -0.007493489828934941    7    4    2    1
 -0.0241245791255107    7    4    2    2
 -0.007208575714688521    7    4    3    1
 0.002558516408791785    7    4    3    2
 -0.02290579646371176    7    4    3    3
 -0.01803981481054065    7    4    4    1
 0.004836327565688588    7    4    4    2
 0.006534315707435023    7    4    4    3
 -0.02772686015241404    7    4    4    4
 -0.0008536468946797037    7    4    5    1
 -0.009302930452892903    7    4    5    2
 0.003541346954947953    7    4    5    3
 0.01162244979718331    7    4    5    4
 -0.0103210846441643    7    4    5    5
 0.01045069989769458    7    4    6    1
 -0.003671370240236665    7    4    6    2
 -0.0120864191066278    7    4    6    3
 -0.02203424342143554    7    4    6    4
 -0.01753361998214866    7    4    6    5
 -0.00275270254079626    7    4    6    6
 6.612466792429848e-05    7    4    7    1
 -0.005652575755101419    7    4    7    2
 0.01972861099443008    7    4    7    3
 0.02911706139338477    7    4    7    4
 -0.00402833399634058    7    5    1    1
 -0.01479002270242332    7    5    2    1
 -0.02584103192421966    7    5    2    2
 -0.007541615853002078    7    5    3    1
 0.0001853362676896991    7    5    3    2
 -0.0113384276542218    7    5    3    3
 -0.003848545039675966    7    5    4    1
 0.0003894437216636105    7    5    4    2
 0.00422377750347627    7    5    4    3
 0.009390240014254151    7    5    4    4
 -0.0163767415057714    7    5    5    1
 -0.01589352206641698    7    5    5    2
 0.008747211660280132    7    5    5    3
 0.009478225875082359    7    5    5    4
 -0.007338313859917405    7    5    5    5
 -0.0005329654744682516    7    5    6    1
 0.008515297166421921    7    5    6    2
 -0.01514709612935841    7    5    6    3
 -0.01558357088938203    7    5    6    4
 0.00396357435627334    7    5    6    5
 0.01395551365477958    7    5    6    6
 -0.008516517070549524    7    5    7    1
 0.01307537256248887    7    5    7    2
 0.002242327702297301    7    5    7    3
 0.006962469857763683    7    5    7    4
 0.02462521281242493    7    5    7    5
 0.01353369923694184    7    6    1    1
 -0.000966419060215817    7    6    2    1
 0.01227896682225949    7    6    2    2
 0.03748435417206493    7    6    3    1
 0.002106363931798845    7    6    3    2
 0.01509641822318271    7    6    3    3
 0.01914795614275233    7    6    4    1
 0.002269323759824639    7    6    4    2
 -0.01516063156133745    7    6    4    3
 -0.02271965189725333    7    6    4    4
 0.009602041798998096    7    6    5    1
 0.008104255128840547    7    6    5    2
 -0.02574221342193473    7    6    5    3
 -0.0208903091677815    7    6    5    4
 -0.00103888801760817    7    6    5    5
 -0.006810101072342944    7    6    6    1
 -0.0001255043119096085    7    6    6    2
 0.01695011369576713    7    6    6    3
 0.02083033069400023    7    6    6    4
 0.00991608801263846    7    6    6    5
 -0.02446878995477833    7    6    6    6
 -0.0002026929255513412    7    6    7    1
 -0.01238310106538301    7    6    7    2
 0.01624212298232384    7    6    7    3
 -0.008966670303037445    7    6    7    4
 -0.0105227960358365    7    6    7    5
 0.04030641914844013    7    6    7    6
 0.4542396510818093    7    7    1    1
 0.06768760186076429    7    7    2    1
 0.3884487606436747    7    7    2    2
 0.01325618737861331    7    7    3    1
 -0.03248296961239105    7    7    3    2
 0.4775551344768715    7    7    3    3
 0.00763133725554681    7    7    4    1
 -0.02617753759450266    7    7    4    2
 0.005225052729943573    7    7    4    3
 0.4429078889670711    7    7    4    4
 -0.05744765693543965    7    7    5    1
 0.09109020262139977    7    7    5    2
 0.01867773454066649    7    7    5    3
 0.02657461051734811    7    7    5    4
 0.371167948801358    7    7    5    5
 -0.03206228422990756    7    7    6    1
 0.0136524867129643    7    7    6    2
 0.02418660200544498    7    7    6    3
 0.03163144396031141    7    7    6    4
 0.03296501254349278    7    7    6    5
 0.4165539148144781    7    7    6    6
 0.01745362616002149    7    7    7    1
 0.04420817392412128    7    7    7    2
 -0.07977699966784157    7    7    7    3
 -0.03378442748984088    7    7    7    4
 -0.008073822892064195    7    7    7    5
 -0.005002377298104501    7    7    7    6
 0.5447418323227556    7    7    7    7
 -0.00487971793314482    8    1    1    1
 -0.01136605711402937    8    1    2    1
 -0.009902765019646173    8    1    2    2
 -0.002902375574102643    8    1    3    1
 -0.005142618125434829    8    1    3    2
 0.005254688740707904    8    1    3    3
 0.0140393957873063    8    1    4    1
 0.009528517182977776    8    1    4    2
 0.004466124496272678    8    1    4    3
 -0.01674937344704604    8    1    4    4
 -0.003519307495265482    8    1    5    1
 0.0002488480620245418    8    1    5    2
 -0.0009938434319950451    8    1    5    3
 -0.001594101140229403    8    1    5    4
 0.0005903792725032634    8    1    5    5
 0.005229229580100679    8    1    6    1
 0.002541031050715048    8    1    6    2
 0.008025182784316494    8    1    6    3
 -0.01315882639313389    8    1    6    4
 -0.003114329352462374    8    1    6    5
 -0.001753095796051317    8    1    6    6
 0.005875088811873481    8    1    7    1
 -0.003515789180250199    8    1    7    2
 0.01269233133792253    8    1    7    3
 0.006607281686537951    8    1    7    4
 -0.002425096544460568    8    1    7    5
 0.004084097068623153    8    1    7    6
 0.004239328026444319    8    1    7    7
 0.0378235648104545    8    1    8    1
 -0.03692872177862062    8    2    1    1
 -0.005560983198809859    8    2    2    1
 -0.007321557150958411    8    2    2    2
 -0.01496526591736464    8    2    3    1
 -0.004699139059618745    8    2    3    2
 -0.03679706200448701    8    2    3    3
 0.01275110842931094    8    2    4    1
 0.01098430079061855    8    2    4    2
 -0.004895957368489031    8    2    4    3
 -0.03363313817490694    8    2    4    4
 0.01929644413383955    8    2    5    1
 0.001424754879520704    8    2    5    2
 -0.006406847012508183    8    2    5    3
 -0.008753854547615713    8    2    5    4
 -0.01051286458653517    8    2    5    5
 0.008360042190264675    8    2    6    1
 -0.00803503081691377    8    2    6    2
 -0.001433556884627492    8    2    6    3
 -0.003751402492934146    8    2    6    4
 -0.01548336896900878    8    2    6    5
 -0.03182807359448185    8    2    6    6
 -0.00168582342942065    8    2    7    1
 -0.01453045320359152    8    2    7    2
 0.0089368108707893    8    2    7    3
 0.008676432328137054    8    2    7    4
 -0.009643686577837115    8    2    7    5
 0.007111287559724775    8    2    7    6
 -0.03782753193738134    8    2    7    7
 0.01822739542799028    8    2    8    1
 0.03586492898568899    8    2    8    2
 -0.02428407605052737    8    3    1    1
 -0.01928838404213517    8    3    2    1
 -0.03316280204364178    8    3    2    2
 0.01954415612668526    8    3    3    1
 0.004121873586057173    8    3    3    2
 -0.0136223468325803    8    3    3    3
 0.013682403817625    8    3    4    1
 0.005113756832985958    8    3    4    2
 -0.004776199475242897    8    3    4    3
 -0.02677117240538325    8    3    4    4
 0.004200442366587269    8    3    5    1
 -0.02230305716951421    8    3    5    2
 -0.01470811955120913    8    3    5    3
 -0.01368028219484974    8    3    5    4
 -0.0268159574343907    8    3    5    5
 0.01411436620472718    8    3    6    1
 0.0007967919495855915    8    3    6    2
 0.007482458718352322    8    3    6    3
 0.001922301382994975    8    3    6    4
 -0.008563843304543245    8    3    6    5
 -0.0343658937736712    8    3    6    6
 0.0104522459197467    8    3    7    1
 -0.007080685862828344    8    3    7    2
 0.03865045465361344    8    3    7    3
 -0.003807857404895333    8    3    7    4
 -0.0006751933262031073    8    3    7    5
 0.01277250630461882    8    3    7    6
 -0.04102648208896244    8    3    7    7
 0.003166433715742769    8    3    8    1
 0.007944081693791577    8    3    8    2
 0.03978164475802171    8    3    8    3
 0.05794372651891815    8    4    1    1
 0.02622135364907987    8    4    2    1
 0.05007394864780903    8    4    2    2
 0.0206220998002686    8    4    3    1
 -0.004878711612407909    8    4    3    2
 0.05144132296863133    8    4    3    3
 -0.02352346736264206    8    4    4    1
 -0.01556543687709872    8    4    4    2
 0.01281610092828711    8    4    4    3
 0.03232936175224986    8    4    4    4
 -0.009028171027744381    8    4    5    1
 0.02478924627301995    8    4    5    2
 -0.005653213003372022    8    4    5    3
 0.01584743137374218    8    4    5    4
 0.03311015406628483    8    4    5    5
 -0.02140885214506804    8    4    6    1
 -0.0005301868516611373    8    4    6    2
 0.01005051554622224    8    4    6    3
 0.01459407616873519    8    4    6    4
 0.02124510646890277    8    4    6    5
 0.04264399928114476    8    4    6    6
 0.004365061259096837    8    4    7    1
 0.01247817338837588    8    4    7    2
 -0.02665704320771008    8    4    7    3
 -0.014411391904651    8    4    7    4
 -0.00501465670418693    8    4    7    5
 0.00445128725981031    8    4    7    6
 0.07500427971094289    8    4    7    7
 -0.007292067850252192    8    4    8    1
 -0.02701784844784128    8    4    8    2
 -0.03015359906607556    8    4    8    3
 0.07314469534390754    8    4    8    4
 -0.0104345638728296    8    5    1    1
 0.01101256735907186    8    5    2    1
 0.01789342611055177    8    5    2    2
 -0.005477904974382919    8    5    3    1
 -0.006378509715496207    8    5    3    2
 -0.01816344445754341    8    5    3    3
 0.002635282679940511    8    5    4    1
 0.001320645184586487    8    5    4    2
 -0.007927229492029866    8    5    4    3
 -0.002507858581610034    8    5    4    4
 0.01779348984861516    8    5    5    1
 0.01371886544581973    8    5    5    2
 -0.007050259014207289    8    5    5    3
 -0.007256366489832711    8    5    5    4
 0.001903679557649451    8    5    5    5
 0.0001154437919340361    8    5    6    1
 -0.01021289350264732    8    5    6    2
 -0.003714872330303137    8    5    6    3
 0.01329396738355098    8    5    6    4
 -0.009821293265198547    8    5    6    5
 -0.01457080252724388    8    5    6    6
 -0.003467111742164858    8    5    7    1
 -0.01085133299933244    8    5    7    2
 -0.003714382056515621    8    5    7    3
 -0.001998123342857581    8    5    7    4
 -0.01082669639770763    8    5    7    5
 0.00826565865310133    8    5    7    6
 -0.01276944227663816    8    5    7    7
 -0.005719220607702078    8    5    8    1
 0.01715044987381688    8    5    8    2
 0.003403500259585742    8    5    8    3
 -0.008830486471473374    8    5    8    4
 0.02442280076543173    8    5    8    5
 0.01864394324948599    8    6    1    1
 0.003779614458921335    8    6    2    1
 -0.002146897307012724    8    6    2    2
 0.01847643410634343    8    6    3    1
 0.001577874048817583    8    6    3    2
 0.02456279922063846    8    6    3    3
 -0.02618160119518226    8    6    4    1
 -0.00630616286626559    8    6    4    2
 0.0161140182020953    8    6    4    3
 0.01389335729865426    8    6    4    4
 -0.01371613219865036    8    6    5    1
 -0.005637276945171792    8    6    5    2
 -0.001922679465972374    8    6    5    3
 0.02160708994690245    8    6    5    4
 0.004861332567279815    8    6    5    5
 0.00153483793375362    8    6    6    1
 0.0006337561735428198    8    6    6    2
 -0.004411953426480613    8    6    6    3
 -0.005481699171407609    8    6    6    4
 -0.0009662977679768775    8    6    6    5
 0.0285874204568222    8    6    6    6
 0.003293569147756999    8    6    7    1
 0.008341948216368153    8    6    7    2
 0.007735351817689153    8    6    7    3
 0.004706753816432822    8    6    7    4
 0.008803617281870806    8    6    7    5
 -0.008707290893661205    8    6    7    6
 0.02421966762090308    8    6    7    7
 -0.01160790495639118    8    6    8    1
 -0.01708096898517335    8    6    8    2
 -0.004598323485078651    8    6    8    3
 0.02334738010747374    8    6    8    4
 -0.007540717426337433    8    6    8    5
 0.03009483541999418    8    6    8    6
 0.02060095973604253    8    7    1    1
 -0.008680414868251175    8    7    2    1
 -0.01213657106127716    8    7    2    2
 0.02413347976556253    8    7    3    1
 0.004928375403233164    8    7    3    2
 0.04097877691110924    8    7    3    3
 0.01528134004305429    8    7    4    1
 0.007673731929141667    8    7    4    2
 -0.0133346955423868    8    7    4    3
 0.00120027057528864    8    7    4    4
 -0.01001185592515725    8    7    5    1
 -0.01338799849537236    8    7    5    2
 -0.007138055250603905    8    7    5    3
 -0.007173766693609388    8    7    5    4
 -0.005058131732256768    8    7    5    5
 0.002529303160201573    8    7    6    1
 0.01053491667428239    8    7    6    2
 0.01227780251657289    8    7    6    3
 0.009475218981853941    8    7    6    4
 0.01243186814108713    8    7    6    5
 -0.002099942928627125    8    7    6    6
 0.01233171158410819    8    7    7    1
 0.001484685839713245    8    7    7    2
 0.005174835448435843    8    7    7    3
 0.00045388562774064    8    7    7    4
 -0.002299104008546915    8    7    7    5
 0.01188216858242522    8    7    7    6
 0.0143136995005209    8    7    7    7
 0.002462468393289327    8    7    8    1
 -0.006246254987437915    8    7    8    2
 0.005636381037583986    8    7    8    3
 -0.001430628830972562    8    7    8    4
 -0.008849777943439498    8    7    8    5
 0.002471218706039361    8    7    8    6
 0.03240482611500627    8    7    8    7
 0.4405704416089438    8    8    1    1
 0.06895441144207241    8    8    2    1
 0.3874574248859216    8    8    2    2
 0.007874153566308733    8    8    3    1
 -0.01634911873432128    8    8    3    2
 0.4375131772612674    8    8    3    3
 0.01922773220511895    8    8    4    1
 -0.0320327364401836    8    8    4    2
 -0.03154694813483346    8    8    4    3
 0.4617986465516303    8    8    4    4
 -0.04777461841771395    8    8    5    1
 0.09174382863788302    8    8    5    2
 0.01932769508597772    8    8    5    3
 0.00511225642178491    8    8    5    4
 0.3629242736808128    8    8    5    5
 -0.04147651335806275    8    8    6    1
 0.00922539365059678    8    8    6    2
 0.01393563324271073    8    8    6    3
 0.05342413335368094    8    8    6    4
 0.03478525533558863    8    8    6    5
 0.3952553426274238    8    8    6    6
 -0.003626912491152942    8    8    7    1
 0.02462457429962985    8    8    7    2
 -0.06751049125533398    8    8    7    3
 -0.03501774959286438    8    8    7    4
 -0.01124949410617561    8    8    7    5
 0.004534738731019314    8    8    7    6
 0.4721468239195846    8    8    7    7
 -0.03541817828289276    8    8    8    1
 -0.04620044168140612    8    8    8    2
 -0.03610759478233896    8    8    8    3
 0.06358298679675042    8    8    8    4
 0.004328951537503054    8    8    8    5
 0.01641943871492831    8    8    8    6
 0.009703571275945495    8    8    8    7
 0.5224941995729219    8    8    8    8
 0.04098161473920067    9    1    1    1
 0.01866903359338562    9    1    2    1
 0.03396734449192988    9    1    2    2
 -0.001093325696343139    9    1    3    1
 -0.0031598493820568    9    1    3    2
 0.030235379904938    9    1    3    3
 0.01038831424595793    9    1    4    1
 0.001962755342693173    9    1    4    2
 -0.0005754654019704286    9    1    4    3
 0.04237208415725281    9    1    4    4
 -0.0007298846423663511    9    1    5    1
 0.01546049516360865    9    1    5    2
 0.006083546402993484    9    1    5    3
 0.006329406276880646    9    1    5    4
 0.02046412218493184    9    1    5    5
 -0.002271731114650284    9    1    6    1
 0.01058761349776882    9    1    6    2
 -0.002739415757216257    9    1    6    3
 0.01024383348852147    9    1    6    4
 0.01618131598614687    9    1    6    5
 0.02695753835597436    9    1    6    6
 -0.01061504249126395    9    1    7    1
 0.01240315044518889    9    1    7    2
 -0.036035771976526    9    1    7    3
 -0.01282891151054991    9    1    7    4
 0.004160055557276263    9    1    7    5
 -0.006908953652936295    9    1    7    6
 0.05369311072985681    9    1    7    7
 -0.004780575949660232    9    1    8    1
 -0.0165297538970363    9    1    8    2
 -0.02338757010388851    9    1    8    3
 0.02941075712800481    9    1    8    4
 -0.008826989181677245    9    1    8    5
 0.00636058377127572    9    1    8    6
 0.002036122006293695    9    1    8    7
 0.04136414260140551    9    1    8    8
 0.03966574653792031    9    1    9    1
 0.04841044402850081    9    2    1    1
 0.008774214128925883    9    2    2    1
 0.01620102378348185    9    2    2    2
 0.004835068180630348    9    2    3    1
 -0.0008456061618942726    9    2    3    2
 0.04999163687484138    9    2    3    3
 0.0143260403502178    9    2    4    1
 0.002931009764587406    9    2    4    2
 -0.00744200152159585    9    2    4    3
 0.052050692731306    9    2    4    4
 -0.01462000496499896    9    2    5    1
 0.0005757273807093633    9    2    5    2
 0.007781143752582168    9    2    5    3
 0.006664756055525865    9    2    5    4
 0.01368647324929502    9    2    5    5
 0.0007436895191018743    9    2    6    1
 0.02042641860845575    9    2    6    2
 0.001912519810676176    9    2    6    3
 0.01219779646032153    9    2    6    4
 0.02619159740684984    9    2    6    5
 0.03222937979478454    9    2    6    6
 0.004954425572537479    9    2    7    1
 0.02300937662706344    9    2    7    2
 -0.02592605453134112    9    2    7    3
 -0.0128617236109353    9    2    7    4
 0.01197342129835462    9    2    7    5
 -0.007577166193987322    9    2    7    6
 0.05675745843533824    9    2    7    7
 -0.01157033094703493    9    2    8    1
 -0.02846822995525023    9    2    8    2
 -0.008981996704447453    9    2    8    3
 0.02098598759073229    9    2    8    4
 -0.01900114191816863    9    2    8    5
 0.01340658263246015    9    2    8    6
 0.01705728194661637    9    2    8    7
 0.04841625532812285    9    2    8    8
 0.03411468661263636    9    2    9    1
 0.05552055238832035    9    2    9    2
 -0.004695584727949419    9    3    1    1
 0.001707517410530104    9    3    2    1
 0.002898141802922969    9    3    2    2
 -0.01110295120880013    9    3    3    1
 0.005052220559012974    9    3    3    2
 -0.0240220828692306    9    3    3    3
 0.007598909649955286    9    3    4    1
 -0.001574905758725733    9    3    4    2
 -0.007267525517892222    9    3    4    3
 0.01119505466913739    9    3    4    4
 0.005295673621419147    9    3    5    1
 0.005252923139092229    9    3    5    2
 0.008784239813646101    9    3    5    3
 -0.006157482633383512    9    3    5    4
 0.000353371958156185    9    3    5    5
 -0.005332437690961814    9    3    6    1
 -0.001796591035738216    9    3    6    2
 -0.009888114511258565    9    3    6    3
 0.003242267125667056    9    3    6    4
 0.0004597157305909401    9    3    6    5
 -0.003343421187836869    9    3    6    6
 -0.02291155483395349    9    3    7    1
 -0.008927972971638977    9    3    7    2
 -0.01266784140787738    9    3    7    3
 -0.005596469935147748    9    3    7    4
 0.0005738720070433818    9    3    7    5
 -0.004976514981373136    9    3    7    6
 -0.02031520010161286    9    3    7    7
 -0.01561407242850454    9    3    8    1
 0.0007956899662865084    9    3    8    2
 -0.003771963737765715    9    3    8    3
 -0.0136605176420624    9    3    8    4
 0.008877568413357352    9    3    8    5
 -0.009660944355136631    9    3    8    6
 -0.009093152193934275    9    3    8    7
 0.01146244903173536    9    3    8    8
 0.002546965688813446    9    3    9    1
 -0.004693183714554258    9    3    9    2
 0.02656208994452345    9    3    9    3
 0.03165773731722317    9    4    1    1
 0.01778530695613524    9    4    2    1
 0.03339486880725837    9    4    2    2
 0.01075380914799065    9    4    3    1
 -0.005578393102535108    9    4    3    2
 0.02431087913739038    9    4    3    3
 0.004834415960278325    9    4    4    1
 0.00263220141450079    9    4    4    2
 0.009019760530107935    9    4    4    3
 0.01553691389257006    9    4    4    4
 0.003979940787469754    9    4    5    1
 0.02265226159244703    9    4    5    2
 -0.004408824021239014    9    4    5    3
 0.009804086812094617    9    4    5    4
 0.02020397631041172    9    4    5    5
 -0.001580325264472294    9    4    6    1
 0.002976375336933737    9    4    6    2
 0.004970877853967009    9    4    6    3
 0.005330249195725107    9    4    6    4
 0.008251861358558661    9    4    6    5
 0.02233316596831316    9    4    6    6
 -0.007908122242434088    9    4    7    1
 -0.001193684471637761    9    4    7    2
 -0.016233809270424    9    4    7    3
 -0.007665090328759706    9    4    7    4
 -0.005680030836986216    9    4    7    5
 0.003021937902022391    9    4    7    6
 0.04430599736611469    9    4    7    7
 0.01500934207424856    9    4    8    1
 0.0005689623873648966    9    4    8    2
 -0.02049544704765005    9    4    8    3
 0.0356027008677237    9    4    8    4
 -0.003191118008940577    9    4    8    5
 0.005542166600850875    9    4    8    6
 -0.002046671393630086    9    4    8    7
 0.01356858331444031    9    4    8    8
 0.02780668089049304    9    4    9    1
 0.01226742895789973    9    4    9    2
 -0.008436442705268036    9    4    9    3
 0.04360221421272803    9    4    9    4
 0.02391010719685166    9    5    1    1
 -0.004104943015725049    9    5    2    1
 -0.006120551976950351    9    5    2    2
 0.005862396300704641    9    5    3    1
 0.003942412707062957    9    5    3    2
 0.03000223083525181    9    5    3    3
 0.01339222948938063    9    5    4    1
 0.006623310708628228    9    5    4    2
 -0.008817726481818697    9    5    4    3
 0.03078441968126882    9    5    4    4
 -0.01232918788449192    9    5    5    1
 -0.01303514149568146    9    5    5    2
 0.003795008618339842    9    5    5    3
 0.0005146857019947151    9    5    5    4
 -1.478373840544033e-05    9    5    5    5
 0.005750245489113034    9    5    6    1
 0.01791815256289949    9    5    6    2
 0.001624621315096838    9    5    6    3
 0.008187743664024688    9    5    6    4
 0.01516833753536772    9    5    6    5
 0.01511383747632156    9    5    6    6
 0.005759153749742409    9    5    7    1
 0.01465655554257312    9    5    7    2
 -0.004674601107108664    9    5    7    3
 -0.006645895261122921    9    5    7    4
 0.009687136627576297    9    5    7    5
 -0.004786292961486086    9    5    7    6
 0.01926043841521948    9    5    7    7
 -0.008954809967153705    9    5    8    1
 -0.01932589146597134    9    5    8    2
 0.005856837806847146    9    5    8    3
 -6.072836143416101e-05    9    5    8    4
 -0.01331247036478363    9    5    8    5
 0.007861196321386359    9    5    8    6
 0.01710201972854416    9    5    8    7
 0.02151657674848236    9    5    8    8
 0.01558142957853858    9    5    9    1
 0.03588955421740129    9    5    9    2
 -0.002756635169451942    9    5    9    3
 -0.00304003346646266    9    5    9    4
 0.03262568047760692    9    5    9    5
 0.02502200630123836    9    6    1    1
 0.02605853259405934    9    6    2    1
 0.05334309122756731    9    6    2    2
 -0.009331206908187015    9    6    3    1
 -0.007968153352388582    9    6    3    2
 0.01035493757724864    9    6    3    3
 0.002264165186898678    9    6    4    1
 -0.001472277874015904    9    6    4    2
 0.0003579905998421994    9    6    4    3
 0.02237508594566364    9    6    4    4
 0.01388962488753218    9    6    5    1
 0.03687157319710518    9    6    5    2
 0.0006122436931541141    9    6    5    3
 0.003025077642017738    9    6    5    4
 0.03063789081883603    9    6    5    5
 -0.006455384220998226    9    6    6    1
 -0.004927132319107548    9    6    6    2
 0.0006183983131070752    9    6    6    3
 0.01166479613765688    9    6    6    4
 0.002752324773207382    9    6    6    5
 0.01700891721418205    9    6    6    6
 -0.009307128718584322    9    6    7    1
 -0.005249178892096419    9    6    7    2
 -0.02365995331964598    9    6    7    3
 -0.005822246524906291    9    6    7    4
 -0.01127204933615804    9    6    7    5
 0.001996894330921833    9    6    7    6
 0.03635929192710467    9    6    7    7
 0.002519145950436899    9    6    8    1
 0.007926723351711075    9    6    8    2
 -0.01903224580324718    9    6    8    3
 0.01753317842393532    9    6    8    4
 0.01045487638129331    9    6    8    5
 -0.00497439889743617    9    6    8    6
 -0.01189630720482062    9    6    8    7
 0.03242273237516091    9    6    8    8
 0.01646245753596418    9    6    9    1
 0.0005277773783979193    9    6    9    2
 0.004996534217897745    9    6    9    3
 0.0244372847569493    9    6    9    4
 -0.01045867310581088    9    6    9    5
 0.03271351797223834    9    6    9    6
 -0.02711380514181018    9    7    1    1
 0.01895610554993562    9    7    2    1
 0.03184801177841409    9    7    2    2
 -0.05053897224186655    9    7    3    1
 -0.01738606645398983    9    7    3    2
 -0.0343301138647857    9    7    3    3
 -0.01293131284058141    9    7    4    1
 -0.005878640607182196    9    7    4    2
 -0.00519141047354555    9    7    4    3
 -0.003504225183993835    9    7    4    4
 0.01947048409862892    9    7    5    1
 0.02274300988816065    9    7    5    2
 0.007269555641476126    9    7    5    3
 -0.003135810621453203    9    7    5    4
 0.01050051760265425    9    7    5    5
 -0.007198302608600663    9    7    6    1
 -0.01474959067169899    9    7    6    2
 -0.01103189745921026    9    7    6    3
 0.0004349366800441015    9    7    6    4
 -0.01216664145515545    9    7    6    5
 -0.008273096703847167    9    7    6    6
 0.01228838856884862    9    7    7    1
 0.007441009671419905    9    7    7    2
 -0.03091239327927571    9    7    7    3
 0.007434993918786781    9    7    7    4
 -0.008501595108512726    9    7    7    5
 -0.007350814760911807    9    7    7    6
 -0.001546704320135508    9    7    7    7
 -0.0001655390373026295    9    7    8    1
 0.0186482236450016    9    7    8    2
 -0.01348831284890672    9    7    8    3
 -0.003353789569357135    9    7    8    4
 0.01889055089359246    9    7    8    5
 -0.0134914926387837    9    7    8    6
 -0.01974223826729121    9    7    8    7
 0.002906899770186485    9    7    8    8
 -0.00890502609570736    9    7    9    1
 -0.02025678241592616    9    7    9    2
 0.0008953406231739678    9    7    9    3
 -0.005477069477459602    9    7    9    4
 -0.02106182178153072    9    7    9    5
 0.017337683950009    9    7    9    6
 0.05797611389550603    9    7    9    7
 -0.01013656132462739    9    8    1    1
 -0.03052139894085999    9    8    2    1
 -0.04886884653870887    9    8    2    2
 -0.03835612418068104    9    8    3    1
 0.0003886152883699759    9    8    3    2
 -0.01132966055125718    9    8    3    3
 0.0414976360813329    9    8    4    1
 0.01512595432352764    9    8    4    2
 -0.02942126622082499    9    8    4    3
 0.04115393058940684    9    8    4    4
 -0.0207951312671848    9    8    5    1
 -0.03524038700917188    9    8    5    2
 0.02003472753936444    9    8    5    3
 -0.01250838142793603    9    8    5    4
 -0.02056703665390535    9    8    5    5
 0.004690518945660867    9    8    6    1
 0.019584370417354    9    8    6    2
 -0.01180661783547041    9    8    6    3
 0.001658345570461776    9    8    6    4
 0.01314831998554073    9    8    6    5
 -0.004737964121842301    9    8    6    6
 0.0004872529681502136    9    8    7    1
 0.01833405026336949    9    8    7    2
 -0.009977503874467554    9    8    7    3
 -0.00199247600556173    9    8    7    4
 0.01989877169967345    9    8    7    5
 -0.01327956888853311    9    8    7    6
 -0.02287679474305475    9    8    7    7
 0.003087439706998829    9    8    8    1
 0.002701708388648338    9    8    8    2
 0.0166572167947686    9    8    8    3
 -0.03903752692230691    9    8    8    4
 -0.005804225454448845    9    8    8    5
 -0.01093324671301223    9    8    8    6
 0.01210371283533963    9    8    8    7
 -0.00797052796840453    9    8    8    8
 -0.0007123211580784362    9    8    9    1
 0.01881314967788029    9    8    9    2
 0.005768778815821731    9    8    9    3
 -0.02079575158243906    9    8    9    4
 0.02589450616624855    9    8    9    5
 -0.02274788907303398    9    8    9    6
 -0.007925130025618494    9    8    9    7
 0.08181958816812769    9    8    9    8
 0.418906496300976    9    9    1    1
 0.08590191255297765    9    9    2    1
 0.4153614801690196    9    9    2    2
 0.009967126877954381    9    9    3    1
 -0.02479611665535101    9    9    3    2
 0.4118970493787062    9    9    3    3
 0.05532496374885082    9    9    4    1
 -0.009869876491691642    9    9    4    2
 -0.0323486785150352    9    9    4    3
 0.42917132205091    9    9    4    4
 -0.004194923562724326    9    9    5    1
 0.1162747754121063    9    9    5    2
 0.004404089648588103    9    9    5    3
 -0.0076119072873113    9    9    5    4
 0.3597724615944992    9    9    5    5
 -0.0136631586343226    9    9    6    1
 0.007876091686448979    9    9    6    2
 0.01941506611061483    9    9    6    3
 0.06056975022662151    9    9    6    4
 0.01807175854046601    9    9    6    5
 0.3583572473630955    9    9    6    6
 -0.01415405855847068    9    9    7    1
 0.003216000763147362    9    9    7    2
 -0.06708605656164263    9    9    7    3
 -0.0384649933087786    9    9    7    4
 -0.02861714508785325    9    9    7    5
 0.01885052798448292    9    9    7    6
 0.4602351046555328    9    9    7    7
 -0.006034030676004559    9    9    8    1
 -0.008178330584587291    9    9    8    2
 -0.03080027295223993    9    9    8    3
 0.0414985901383331    9    9    8    4
 0.02138989747240639    9    9    8    5
 -0.00945281085836534    9    9    8    6
 0.002516000441330396    9    9    8    7
 0.4690380951268965    9    9    8    8
 0.05462110826660883    9    9    9    1
 0.04099108157685764    9    9    9    2
 0.01181245496315451    9    9    9    3
 0.04754616979804858    9    9    9    4
 0.01253310949920701    9    9    9    5
 0.06400957595650258    9    9    9    6
 0.01007459963462012    9    9    9    7
 -0.0187983869426951    9    9    9    8
 0.5279211637354834    9    9    9    9
 -4.326403157212646    1    1  0  0
 -0.3154006825528526    2    1  0  0
 -3.533393221172763    2    2  0  0
 -0.09033290503904753    3    1  0  0
 0.112985455362784    3    2  0  0
 -3.84908189350997    3    3  0  0
 -0.1226947826255798    4    1  0  0
 0.1214395104652194    4    2  0  0
 0.08090275470206518    4    3  0  0
 -3.756733431255931    4    4  0  0
 0.269385029130628    5    1  0  0
 -0.5203284575242986    5    2  0  0
 -0.09613798107994405    5    3  0  0
 -0.08345294220801633    5    4  0  0
 -3.24583151915976    5    5  0  0
 0.2214473506714275    6    1  0  0
 -0.108916697154907    6    2  0  0
 -0.126110625974278    6    3  0  0
 -0.2702099898171336    6    4  0  0
 -0.2408690399078768    6    5  0  0
 -2.822590630062218    6    6  0  0
 0.01558285874733306    7    1  0  0
 -0.1761146534535927    7    2  0  0
 0.4217002985428389    7    3  0  0
 0.2127893585388098    7    4  0  0
 0.05708002529245555    7    5  0  0
 -0.03048791504491223    7    6  0  0
 -3.325278716787062    7    7  0  0
 0.05474701727918418    8    1  0  0
 0.2339744229918619    8    2  0  0
 0.2338548259115404    8    3  0  0
 -0.4044766612539263    8    4  0  0
 0.02356600377439323    8    5  0  0
 -0.1101796296730161    8    6  0  0
 -0.08641360689827646    8    7  0  0
 -3.175625558306585    8    8  0  0
 -0.3048830533780316    9    1  0  0
 -0.3311611765782383    9    2  0  0
 0.01539600255184578    9    3  0  0
 -0.2281054449051823    9    4  0  0
 -0.1387033785235049    9    5  0  0
 -0.2547008640274683    9    6  0  0
 0.0469477686457813    9    7  0  0
 0.08476580981844725    9    8  0  0
 -3.012620764616634    9    9  0  0
 0  0  0  0  0
