0 0 1.999964163638361
0 1 -3.942451702656e-05
0 2 3.464010786585526e-06
0 3 -8.804878487098725e-05
0 4 8.127650257620195e-06
0 5 -4.262039212058898e-06
0 6 2.646136933894017e-05
0 7 -2.09819107860621e-06
0 8 -1.673477830309218e-05
0 9 -1.440454930854808e-05
0 10 -1.483228798995645e-05
0 11 4.950607820194212e-06
0 12 6.552558304041862e-06
0 13 -2.661109925055592e-05
0 14 -1.162163827143985e-05
0 15 1.336436283330528e-05
0 16 0.0001776829936323649
0 17 0.0001934587367790661
0 18 -4.536257608065029e-05
0 19 -6.079969059772629e-06
0 20 0.0002197670806410582
0 21 -0.000163109863047718
0 22 4.68977149382271e-05
1 0 -3.942451702656016e-05
1 1 1.988763874404857
1 2 0.0001886909248712947
1 3 -0.0006663495829356532
1 4 0.0001254181960934796
1 5 0.0001766730032467151
1 6 -0.0001411259017679328
1 7 -0.0005117421347920021
1 8 0.001172946120215859
1 9 -0.0004372214644718835
1 10 0.001648881525979513
1 11 -0.0003738278798893486
1 12 -0.001233725538750071
1 13 0.001096324344808176
1 14 -7.768300381599707e-05
1 15 -0.001412148431055865
1 16 0.0002096426287682694
1 17 -0.001794009979629891
1 18 0.001009512724337568
1 19 0.0005150977859347643
1 20 0.0005639146534260611
1 21 0.0003773982985121711
1 22 0.0002975349593388125
2 0 3.4640107865856e-06
2 1 0.0001886909248712965
2 2 1.987428853430681
2 3 -0.0002632260638559899
2 4 -0.0005115251465650312
2 5 0.0003753501058599513
2 6 -0.0003194928182624675
2 7 0.0002915601437032768
2 8 -0.0004362107472438818
2 9 -0.0006684479630865701
2 10 0.0008071025906441882
2 11 -0.001345425125133826
2 12 0.0002832668947324955
2 13 0.0003391113044556294
2 14 -0.0004176726815149417
2 15 -0.0001489562263757251
2 16 0.0001574175559740472
2 17 0.0005440941686735076
2 18 0.001190313978564029
2 19 0.0009841178691016154
2 20 0.0001013167588809119
2 21 0.0001729716584860595
2 22 0.000498778170758211
3 0 -8.804878487098734e-05
3 1 -0.0006663495829356426
3 2 -0.000263226063855997
3 3 1.983292973420515
3 4 -0.0003306653103591413
3 5 0.0002022752319987606
3 6 2.142847900236399e-05
3 7 -7.417576412854641e-05
3 8 -0.0002243751805353504
3 9 0.0001211030926349403
3 10 0.0001217259532892624
3 11 -0.0001839618119155637
3 12 -0.001078830195195038
3 13 -0.0005358931916627682
3 14 0.0004446218333748492
3 15 -0.0005345141107941922
3 16 0.0003517778356659589
3 17 0.0006221141912223049
3 18 -0.0001974267820636241
3 19 3.513035185349289e-05
3 20 -0.001620668629582705
3 21 -0.001357183651534495
3 22 -0.0007652377110007745
4 0 8.12765025762025e-06
4 1 0.0001254181960934792
4 2 -0.0005115251465650392
4 3 -0.000330665310359148
4 4 1.984585376189967
4 5 -0.001005770836314875
4 6 0.0007182849849540469
4 7 -0.001073176702503
4 8 0.004353702315096589
4 9 -0.002757016766684817
4 10 0.002710579892168374
4 11 -0.0007526051808176986
4 12 -0.003983589955470391
4 13 0.003611487645980249
4 14 -2.449579540925499e-05
4 15 0.001919210649276132
4 16 0.0008351089771160855
4 17 -0.001848846145930053
4 18 0.002392060864862245
4 19 0.001272683019803792
4 20 0.0016510087589132
4 21 0.0005162052340748754
4 22 0.0008148180528994248
5 0 -4.262039212059594e-06
5 1 0.0001766730032467134
5 2 0.0003753501058599478
5 3 0.0002022752319987822
5 4 -0.001005770836314892
5 5 1.97919150240392
5 6 -0.0003511229170447823
5 7 0.0001787935371278362
5 8 -0.001076678934628182
5 9 0.0006249518225379004
5 10 -0.001963746563307437
5 11 -3.16408601001145e-05
5 12 0.001820648964612133
5 13 -0.000195656039009722
5 14 -0.001275919426607638
5 15 -2.064135852216165e-05
5 16 -8.605557082518302e-05
5 17 0.0006737226707554863
5 18 6.744828237817402e-05
5 19 -0.0003962601491111314
5 20 0.0002082640489852347
5 21 8.243552773076286e-05
5 22 8.297007698022043e-05
6 0 2.646136933893964e-05
6 1 -0.0001411259017679316
6 2 -0.0003194928182624679
6 3 2.142847900236993e-05
6 4 0.0007182849849541001
6 5 -0.0003511229170447795
6 6 1.977795093606478
6 7 -0.0007019910203700724
6 8 0.002060322345036563
6 9 -0.001122944652500137
6 10 0.002574148734754521
6 11 -0.001018173534911658
6 12 -0.002758242111270395
6 13 -0.003560030535223515
6 14 0.001191467737454759
6 15 1.996302956779294e-05
6 16 -0.002802318809167175
6 17 0.003069224286916248
6 18 -0.001434035593219305
6 19 -0.002781688640068
6 20 -0.002362814649771164
6 21 0.0018045201617441
6 22 -0.0009194947725034822
7 0 -2.098191078606194e-06
7 1 -0.0005117421347920156
7 2 0.0002915601437032825
7 3 -7.417576412857544e-05
7 4 -0.001073176702503003
7 5 0.0001787935371278318
7 6 -0.0007019910203700927
7 7 1.97709219405602
7 8 -0.0001813784804316979
7 9 0.0005698067495027522
7 10 -0.0003301229008014734
7 11 0.0005743198005707574
7 12 -0.000286178129467768
7 13 0.002042278985906248
7 14 0.0003891354822607218
7 15 -0.0007320007234691654
7 16 0.0006787868648296764
7 17 0.0004128940022857693
7 18 -8.253955570053923e-05
7 19 0.0001846122009966698
7 20 0.000753299700321672
7 21 -0.0006630724386061427
7 22 0.0001971492410450809
8 0 -1.673477830309211e-05
8 1 0.001172946120215861
8 2 -0.0004362107472439167
8 3 -0.0002243751805353429
8 4 0.004353702315096619
8 5 -0.001076678934628206
8 6 0.002060322345036546
8 7 -0.0001813784804316981
8 8 1.979344040859779
8 9 -0.003593228240065919
8 10 0.002048990632229186
8 11 -0.0007596858587730739
8 12 0.0006631721048036378
8 13 -0.001482738564231657
8 14 -0.0006758269498802843
8 15 0.001322013602383485
8 16 -0.00133814048337461
8 17 -0.0008820818606504171
8 18 0.002267289397214483
8 19 -0.000579636601659646
8 20 -0.0002400658141183332
8 21 0.0007676071284374785
8 22 -0.001034077722518799
9 0 -1.440454930854847e-05
9 1 -0.0004372214644718617
9 2 -0.0006684479630865781
9 3 0.0001211030926349683
9 4 -0.002757016766684819
9 5 0.0006249518225379048
9 6 -0.001122944652500177
9 7 0.0005698067495027326
9 8 -0.00359322824006594
9 9 1.975573774176158
9 10 -0.0006653070521593857
9 11 -0.001492023238922001
9 12 0.002725854812312912
9 13 -0.002670049334967482
9 14 -0.0008011629885580915
9 15 -0.008398694032736893
9 16 -0.0009507753566540612
9 17 0.004196018697878645
9 18 -0.004343080306666635
9 19 -0.002066901853807482
9 20 -0.0004543382895794345
9 21 -0.0008278004650086755
9 22 -0.001037630260147144
10 0 -1.483228798995661e-05
10 1 0.001648881525979534
10 2 0.0008071025906441632
10 3 0.0001217259532892736
10 4 0.002710579892168358
10 5 -0.001963746563307427
10 6 0.002574148734754493
10 7 -0.0003301229008014846
10 8 0.002048990632229179
10 9 -0.0006653070521593621
10 10 1.973555802825222
10 11 0.001867235968874828
10 12 -0.001518253994208015
10 13 -0.0009939514391789786
10 14 0.0002268776653670237
10 15 0.003067340833467182
10 16 -0.001504828829771027
10 17 -0.0009304305878062367
10 18 0.001980240396375414
10 19 9.871372169312581e-05
10 20 0.0003552818370679655
10 21 -0.0001851786869610618
10 22 0.0006514838018183073
11 0 4.95060782019407e-06
11 1 -0.0003738278798893192
11 2 -0.001345425125133824
11 3 -0.0001839618119155423
11 4 -0.000752605180817706
11 5 -3.164086010016323e-05
11 6 -0.001018173534911643
11 7 0.0005743198005707683
11 8 -0.0007596858587730698
11 9 -0.00149202323892195
11 10 0.001867235968874814
11 11 1.970322869437918
11 12 0.0007831285766688496
11 13 0.0009212898731116656
11 14 -0.0008452931989927004
11 15 -0.001204467134697213
11 16 0.0008701566911759299
11 17 0.0004961179759471485
11 18 -0.001185794714043555
11 19 0.0001109025913633217
11 20 -0.0002478593968404064
11 21 0.0009538836081408417
11 22 0.0007179667711116349
12 0 6.552558304041913e-06
12 1 -0.001233725538750093
12 2 0.0002832668947325029
12 3 -0.001078830195195023
12 4 -0.00398358995547034
12 5 0.001820648964612156
12 6 -0.002758242111270181
12 7 -0.000286178129467774
12 8 0.0006631721048036301
12 9 0.002725854812312899
12 10 -0.001518253994207924
12 11 0.0007831285766688449
12 12 0.02271915347889903
12 13 0.001053765183585409
12 14 0.002866316883038902
12 15 0.005749634659918491
12 16 -0.001171668466660947
12 17 3.337557350425899e-05
12 18 0.004527641138026438
12 19 0.0005231830421213697
12 20 0.000198909112565713
12 21 -0.00130068581671891
12 22 8.867801713681209e-05
13 0 -2.661109925055562e-05
13 1 0.001096324344808171
13 2 0.0003391113044556264
13 3 -0.0005358931916627452
13 4 0.003611487645980435
13 5 -0.0001956560390097257
13 6 -0.003560030535223729
13 7 0.002042278985906291
13 8 -0.001482738564231679
13 9 -0.002670049334967488
13 10 -0.0009939514391790502
13 11 0.0009212898731116655
13 12 0.001053765183585425
13 13 0.02240123478656701
13 14 0.001417320218420934
13 15 0.0003512582715824096
13 16 -0.002003924574611547
13 17 0.0001454919107463426
13 18 0.00328967141021697
13 19 -0.000160232267455208
13 20 0.0005661931384306959
13 21 -0.001331778107149944
13 22 -5.873808779712022e-05
14 0 -1.162163827143986e-05
14 1 -7.768300381599615e-05
14 2 -0.0004176726815149459
14 3 0.000444621833374864
14 4 -2.449579540925599e-05
14 5 -0.001275919426607638
14 6 0.001191467737454744
14 7 0.0003891354822607229
14 8 -0.0006758269498802624
14 9 -0.0008011629885580973
14 10 0.0002268776653670265
14 11 -0.0008452931989926999
14 12 0.002866316883038877
14 13 0.00141732021842098
14 14 0.02204888876973612
14 15 -0.001634040318551213
14 16 0.0009045579585063304
14 17 0.0006050918142808655
14 18 -0.001362822954640982
14 19 -0.0004588801627451423
14 20 -0.0008149544790828852
14 21 0.000353517482351542
14 22 0.0005158823447338221
15 0 1.336436283330501e-05
15 1 -0.001412148431055911
15 2 -0.0001489562263757242
15 3 -0.0005345141107941861
15 4 0.001919210649276156
15 5 -2.064135852216219e-05
15 6 1.996302956779334e-05
15 7 -0.0007320007234691934
15 8 0.001322013602383459
15 9 -0.008398694032736728
15 10 0.003067340833467098
15 11 -0.001204467134697185
15 12 0.005749634659918536
15 13 0.0003512582715823993
15 14 -0.001634040318551194
15 15 0.01860946357234435
15 16 -0.001439934006519161
15 17 -0.0004867802836988205
15 18 -0.000287659159430783
15 19 -0.0001340174752239461
15 20 0.001266899342209588
15 21 0.00132813611070087
15 22 0.0003962019562778926
16 0 0.0001776829936323651
16 1 0.000209642628768254
16 2 0.0001574175559740418
16 3 0.0003517778356659695
16 4 0.0008351089771160946
16 5 -8.605557082518096e-05
16 6 -0.002802318809167182
16 7 0.0006787868648296659
16 8 -0.001338140483374602
16 9 -0.0009507753566540661
16 10 -0.001504828829771066
16 11 0.000870156691175935
16 12 -0.001171668466661005
16 13 -0.002003924574611544
16 14 0.0009045579585063453
16 15 -0.001439934006519129
16 16 0.02303281236727765
16 17 0.0009958904683997206
16 18 0.000944313399543499
16 19 0.0009478328566499741
16 20 5.39418390308515e-05
16 21 -0.001334264761652303
16 22 -1.653973137310071e-05
17 0 0.0001934587367790638
17 1 -0.001794009979629921
17 2 0.0005440941686734888
17 3 0.0006221141912222945
17 4 -0.001848846145930108
17 5 0.0006737226707555144
17 6 0.00306922428691621
17 7 0.0004128940022857661
17 8 -0.0008820818606504136
17 9 0.004196018697878558
17 10 -0.0009304305878062181
17 11 0.0004961179759471637
17 12 3.337557350428584e-05
17 13 0.0001454919107463458
17 14 0.0006050918142808669
17 15 -0.0004867802836988117
17 16 0.0009958904683997427
17 17 0.01992605733430572
17 18 0.0006580589995291907
17 19 -0.0004074325243538927
17 20 0.001088237120808423
17 21 -0.0009935205282667065
17 22 0.0003236651123735067
18 0 -4.536257608065036e-05
18 1 0.001009512724337571
18 2 0.001190313978564005
18 3 -0.0001974267820636243
18 4 0.002392060864862287
18 5 6.744828237817299e-05
18 6 -0.001434035593219257
18 7 -8.253955570053766e-05
18 8 0.002267289397214584
18 9 -0.004343080306666601
18 10 0.001980240396375326
18 11 -0.001185794714043573
18 12 0.004527641138026495
18 13 0.003289671410216945
18 14 -0.001362822954640951
18 15 -0.0002876591594307994
18 16 0.0009443133995434982
18 17 0.0006580589995292083
18 18 0.01840386287826238
18 19 -0.001566077344383437
18 20 -0.001202843015773809
18 21 0.000394125488772304
18 22 -0.0006294912291244708
19 0 -6.079969059772482e-06
19 1 0.0005150977859347617
19 2 0.0009841178691016032
19 3 3.51303518534926e-05
19 4 0.001272683019803784
19 5 -0.000396260149111135
19 6 -0.002781688640068014
19 7 0.0001846122009966713
19 8 -0.0005796366016596415
19 9 -0.002066901853807348
19 10 9.871372169312678e-05
19 11 0.0001109025913633254
19 12 0.0005231830421213851
19 13 -0.0001602322674551908
19 14 -0.0004588801627451356
19 15 -0.0001340174752239535
19 16 0.0009478328566499472
19 17 -0.0004074325243538796
19 18 -0.001566077344383426
19 19 0.01823237859826423
19 20 -0.0007614540921534471
19 21 -0.0002935898759837893
19 22 -0.000806391320875772
20 0 0.0002197670806410576
20 1 0.0005639146534260724
20 2 0.0001013167588809118
20 3 -0.001620668629582696
20 4 0.001651008758913199
20 5 0.0002082640489852295
20 6 -0.002362814649771043
20 7 0.00075329970032168
20 8 -0.0002400658141183364
20 9 -0.0004543382895794274
20 10 0.0003552818370679555
20 11 -0.0002478593968404085
20 12 0.0001989091125657074
20 13 0.0005661931384307102
20 14 -0.0008149544790828716
20 15 0.001266899342209574
20 16 5.394183903086265e-05
20 17 0.001088237120808374
20 18 -0.001202843015773809
20 19 -0.000761454092153445
20 20 0.01867071124903229
20 21 0.0001814172207543911
20 22 -0.0006737684306594111
21 0 -0.0001631098630477193
21 1 0.00037739829851216
21 2 0.0001729716584860589
21 3 -0.001357183651534475
21 4 0.0005162052340748717
21 5 8.243552773076252e-05
21 6 0.001804520161744047
21 7 -0.0006630724386061323
21 8 0.0007676071284374963
21 9 -0.0008278004650086599
21 10 -0.0001851786869610621
21 11 0.000953883608140814
21 12 -0.001300685816718855
21 13 -0.001331778107149948
21 14 0.0003535174823515428
21 15 0.001328136110700872
21 16 -0.001334264761652298
21 17 -0.000993520528266718
21 18 0.0003941254887722903
21 19 -0.0002935898759838063
21 20 0.0001814172207543923
21 21 0.0197221808481762
21 22 0.0001281637601200446
22 0 4.689771493822766e-05
22 1 0.0002975349593388115
22 2 0.0004987781707582292
22 3 -0.0007652377110007758
22 4 0.0008148180528994428
22 5 8.297007698021975e-05
22 6 -0.0009194947725035152
22 7 0.0001971492410450855
22 8 -0.001034077722518789
22 9 -0.001037630260147116
22 10 0.000651483801818299
22 11 0.0007179667711116334
22 12 8.867801713683933e-05
22 13 -5.873808779714476e-05
22 14 0.0005158823447337945
22 15 0.0003962019562778897
22 16 -1.65397313730901e-05
22 17 0.000323665112373518
22 18 -0.0006294912291244963
22 19 -0.0008063913208757752
22 20 -0.0006737684306594313
22 21 0.0001281637601200533
22 22 0.01932273762641563
