 &FCI NORB=   7,NELEC= 8,MS2=0,
  ORBSYM=1,1,1,1,1,1,1
  ISYM=1,
 &END
 0.6062246183077962    1    1    1    1
 -0.006015503507644922    2    1    1    1
 0.1273829658561111    2    1    2    1
 0.5579355313433412    2    2    1    1
 -0.01205825754834593    2    2    2    1
 0.5774202864611325    2    2    2    2
 -0.002727324021568873    3    1    1    1
 0.004323062997818758    3    1    2    1
 -0.04458853969172352    3    1    2    2
 0.1196895607764675    3    1    3    1
 0.0001411672256766278    3    2    1    1
 -0.04306589345318265    3    2    2    1
 -0.008699370058338436    3    2    2    2
 0.02288293237849533    3    2    3    1
 0.0461062967961    3    2    3    2
 0.5451536133001319    3    3    1    1
 0.02517983450388363    3    3    2    1
 0.4864685815518    3    3    2    2
 0.03322943489336143    3    3    3    1
 -0.002425052828779165    3    3    3    2
 0.5540499192998143    3    3    3    3
 0.01778811911231868    4    1    1    1
 0.0001267373683141939    4    1    2    1
 0.002489355748433577    4    1    2    2
 -0.0007441001173332724    4    1    3    1
 0.001943056520647132    4    1    3    2
 0.002985780354844366    4    1    3    3
 0.1048711011084765    4    1    4    1
 -9.85819201678412e-05    4    2    1    1
 0.002527505458824789    4    2    2    1
 -0.003715503191438437    4    2    2    2
 0.002323628828385863    4    2    3    1
 -0.006917694773221396    4    2    3    2
 0.003931684067755554    4    2    3    3
 0.0006971088895548239    4    2    4    1
 0.02880529868595255    4    2    4    2
 -0.005217716120650295    4    3    1    1
 0.002577001327223734    4    3    2    1
 -0.01138845746250168    4    3    2    2
 0.002448276732726979    4    3    3    1
 0.00344787989712423    4    3    3    2
 0.003145938817933822    4    3    3    3
 0.001829949796166119    4    3    4    1
 0.0002938083361654057    4    3    4    2
 0.02892633613668632    4    3    4    3
 0.5978296262470493    4    4    1    1
 -0.0002740768135984361    4    4    2    1
 0.5398903848020216    4    4    2    2
 -0.0008042225606752333    4    4    3    1
 -0.002968097730115673    4    4    3    2
 0.5309546345840715    4    4    3    3
 -0.0841579601357189    4    4    4    1
 -0.001162417234091841    4    4    4    2
 -0.008014549829587552    4    4    4    3
 0.7501346421914568    4    4    4    4
 0.1066039200377827    5    1    1    1
 -0.0001594904305817275    5    1    2    1
 0.07019093305426606    5    1    2    2
 0.01541947828660568    5    1    3    1
 -0.006664305797986103    5    1    3    2
 0.06355636693970483    5    1    3    3
 0.01634216212476649    5    1    4    1
 0.002031397137748071    5    1    4    2
 -0.01126846139447076    5    1    4    3
 0.1078444969982664    5    1    4    4
 0.08301352114313695    5    1    5    1
 0.001400382146935789    5    2    1    1
 -0.008717809142756043    5    2    2    1
 0.01498718852559755    5    2    2    2
 -0.01505324114455183    5    2    3    1
 0.0183571375007715    5    2    3    2
 -0.01297291919005174    5    2    3    3
 0.00296628451144886    5    2    4    1
 -0.006377652777828461    5    2    4    2
 -0.003295872873260199    5    2    4    3
 -0.002098811564412253    5    2    4    4
 -0.005293194166686303    5    2    5    1
 0.0341811034922133    5    2    5    2
 0.05225403594038946    5    3    1    1
 -0.01708991453174778    5    3    2    1
 0.06544933266876833    5    3    2    2
 -0.02823086054036474    5    3    3    1
 -0.01113462725393036    5    3    3    2
 0.0119677988896654    5    3    3    3
 -0.0194354368927898    5    3    4    1
 -0.003837407744172096    5    3    4    2
 -0.0144940208421385    5    3    4    3
 0.06929947639109314    5    3    4    4
 0.04371882967742113    5    3    5    1
 0.01308082586541677    5    3    5    2
 0.08144041192724932    5    3    5    3
 0.05572541673694702    5    4    1    1
 0.00276056980450056    5    4    2    1
 0.03748551308600139    5    4    2    2
 -0.02110839567620957    5    4    3    1
 -0.006263092195414186    5    4    3    2
 0.02318508858710594    5    4    3    3
 0.0256891723731131    5    4    4    1
 -0.0006992603829099909    5    4    4    2
 0.00672402488364765    5    4    4    3
 0.05009917497331239    5    4    4    4
 0.03871265247541095    5    4    5    1
 0.001471636527692494    5    4    5    2
 0.01983433809387424    5    4    5    3
 0.03943877200012762    5    4    5    4
 0.529269555827421    5    5    1    1
 -0.005098819296166673    5    5    2    1
 0.4629256311893473    5    5    2    2
 0.07141760724680382    5    5    3    1
 0.02058080550427487    5    5    3    2
 0.5196782266330259    5    5    3    3
 0.04483418260581756    5    5    4    1
 0.001630061653282001    5    5    4    2
 0.009996858784475607    5    5    4    3
 0.4955664595381939    5    5    4    4
 0.07557993590293852    5    5    5    1
 -0.009461334595795364    5    5    5    2
 -0.01153958468231094    5    5    5    3
 0.03023989053368011    5    5    5    4
 0.5711106260270515    5    5    5    5
 -0.05010268829174454    6    1    1    1
 -0.004336353426649084    6    1    2    1
 -0.02034663135255151    6    1    2    2
 0.03022053122850816    6    1    3    1
 -0.005056729177276123    6    1    3    2
 -0.04209320681409766    6    1    3    3
 -0.006786399720250421    6    1    4    1
 0.000600170729365134    6    1    4    2
 -0.01630608168810956    6    1    4    3
 -0.05433694064195612    6    1    4    4
 -0.01267721242285473    6    1    5    1
 0.000618981436538615    6    1    5    2
 0.017548547294765    6    1    5    3
 -0.02500572694916392    6    1    5    4
 -0.0330367142155285    6    1    5    5
 0.06151249739551968    6    1    6    1
 -0.01035167839991274    6    2    1    1
 0.04507763260534044    6    2    2    1
 -0.004077065431045754    6    2    2    2
 -0.0176541814413455    6    2    3    1
 -0.02695068103181538    6    2    3    2
 0.001430663178945462    6    2    3    3
 0.001526469677266271    6    2    4    1
 0.01084613295476517    6    2    4    2
 -0.002696605187937685    6    2    4    3
 -0.01188682759816375    6    2    4    4
 -0.001914559001857373    6    2    5    1
 -0.02210878124986592    6    2    5    2
 0.001320683871332043    6    2    5    3
 0.003109054865438702    6    2    5    4
 -0.02515165673097845    6    2    5    5
 0.004758573253370845    6    2    6    1
 0.05982478762568725    6    2    6    2
 0.09912269860326546    6    3    1    1
 -0.02093329444390701    6    3    2    1
 0.06652208789924816    6    3    2    2
 -0.02181308467871739    6    3    3    1
 0.005949770372546589    6    3    3    2
 0.06973488079728522    6    3    3    3
 -0.03332383625595535    6    3    4    1
 -0.00401997641590903    6    3    4    2
 -0.003927445160882208    6    3    4    3
 0.1361383788273192    6    3    4    4
 0.0534275344400789    6    3    5    1
 0.006130128999662347    6    3    5    2
 0.04343246601229422    6    3    5    3
 0.02612376844784235    6    3    5    4
 0.03985816480481343    6    3    5    5
 -0.04386398162386367    6    3    6    1
 -0.01973234319708117    6    3    6    2
 0.09858946111093024    6    3    6    3
 -0.02149681352571613    6    4    1    1
 0.0008230985758462556    6    4    2    1
 0.003073416847686551    6    4    2    2
 -0.03596153906270644    6    4    3    1
 -0.007349163231290329    6    4    3    2
 -0.02122532518608775    6    4    3    3
 -0.01671242755554328    6    4    4    1
 -0.002658144091388537    6    4    4    2
 0.01757924808127824    6    4    4    3
 -0.01326213887908866    6    4    4    4
 -0.02420806179706182    6    4    5    1
 0.004799551893613233    6    4    5    2
 0.01058731074308237    6    4    5    3
 0.0008201765618645792    6    4    5    4
 -0.03994071687273064    6    4    5    5
 -0.002682947681334584    6    4    6    1
 0.007377776871510327    6    4    6    2
 -0.003605269301116686    6    4    6    3
 0.0369836219240155    6    4    6    4
 0.003097717808228758    6    5    1    1
 0.007698443303625208    6    5    2    1
 -0.02960129578813039    6    5    2    2
 0.06343219849362863    6    5    3    1
 0.01080961772462282    6    5    3    2
 0.04108119740205197    6    5    3    3
 -0.02506238423481341    6    5    4    1
 0.003832310599036926    6    5    4    2
 0.01150346660839538    6    5    4    3
 0.02287546478781049    6    5    4    4
 -0.001602893449767412    6    5    5    1
 -0.01869411640296805    6    5    5    2
 -0.03012775493550383    6    5    5    3
 -0.01877854039129868    6    5    5    4
 0.04934735264141081    6    5    5    5
 -0.001851142983681149    6    5    6    1
 -0.008635966115991385    6    5    6    2
 0.004432410785554963    6    5    6    3
 -0.01323976801188257    6    5    6    4
 0.06086905184817377    6    5    6    5
 0.5440128550974729    6    6    1    1
 0.01975112799523152    6    6    2    1
 0.5294494794558052    6    6    2    2
 -0.06131355005277724    6    6    3    1
 -0.028445845290604    6    6    3    2
 0.5103873161195778    6    6    3    3
 5.262716105010346e-05    6    6    4    1
 0.004613593589499464    6    6    4    2
 -0.006380008491959431    6    6    4    3
 0.5414567467605882    6    6    4    4
 0.06419455935485079    6    6    5    1
 -0.00352610400722572    6    6    5    2
 0.05136850353085182    6    6    5    3
 0.04219611965266212    6    6    5    4
 0.4584270223710665    6    6    5    5
 -0.05211600322070746    6    6    6    1
 0.02382773472740037    6    6    6    2
 0.08577044478546897    6    6    6    3
 0.007090700660545811    6    6    6    4
 -0.02205233335157658    6    6    6    5
 0.5773709791400131    6    6    6    6
 0.00430495813412942    7    1    1    1
 0.02956327084547198    7    1    2    1
 0.01135532695972464    7    1    2    2
 0.002896096058113234    7    1    3    1
 0.0126515240827881    7    1    3    2
 -0.002506469502203818    7    1    3    3
 0.00220431892959216    7    1    4    1
 -0.01964775501789641    7    1    4    2
 -0.001994520011589804    7    1    4    3
 0.005447242334831983    7    1    4    4
 -0.000169604005987774    7    1    5    1
 0.03195608335376861    7    1    5    2
 0.005388788287932469    7    1    5    3
 0.001155895247783203    7    1    5    4
 0.003009248288197465    7    1    5    5
 0.0009903594512999199    7    1    6    1
 -0.02010539842322386    7    1    6    2
 0.002037068369585303    7    1    6    3
 -0.0004710967173448813    7    1    6    4
 -0.007663877025911273    7    1    6    5
 -0.008178616409537416    7    1    6    6
 0.05384632165728315    7    1    7    1
 0.1022505927619293    7    2    1    1
 0.01841037744128767    7    2    2    1
 0.06181646887830217    7    2    2    2
 0.03558724580586775    7    2    3    1
 0.002410964196412457    7    2    3    2
 0.08153995067146505    7    2    3    3
 -0.03854585734703571    7    2    4    1
 0.002766066392442596    7    2    4    2
 0.004311773948706771    7    2    4    3
 0.146947768390774    7    2    4    4
 0.06458184138470931    7    2    5    1
 -0.01464196574653754    7    2    5    2
 0.01053170141798281    7    2    5    3
 0.01949969229554003    7    2    5    4
 0.07793868940545695    7    2    5    5
 -0.03551142398350498    7    2    6    1
 -0.006400777850557957    7    2    6    2
 0.06958921384325124    7    2    6    3
 -0.02016855681773859    7    2    6    4
 0.04044988221317643    7    2    6    5
 0.05105428109158315    7    2    6    6
 0.00235046243172732    7    2    7    1
 0.1251345208009105    7    2    7    2
 0.01365623486872668    7    3    1    1
 0.03713013199067479    7    3    2    1
 0.01799688346949119    7    3    2    2
 -0.02045247687303942    7    3    3    1
 -0.0163240472029341    7    3    3    2
 0.01189405723940543    7    3    3    3
 -0.003776412211980276    7    3    4    1
 0.005904734331517006    7    3    4    2
 -0.004301576172205337    7    3    4    3
 0.01859149568689178    7    3    4    4
 0.009712676622318244    7    3    5    1
 -0.006031023480173453    7    3    5    2
 0.0155951042480002    7    3    5    3
 0.008479228056665664    7    3    5    4
 -0.01365173288930041    7    3    5    5
 -0.0009902144419822801    7    3    6    1
 0.03909220175172419    7    3    6    2
 0.002009616230397099    7    3    6    3
 0.006470926295269765    7    3    6    4
 -0.01264215507049862    7    3    6    5
 0.03509346842489368    7    3    6    6
 -0.002001639374548365    7    3    7    1
 0.006156997962891782    7    3    7    2
 0.03698153945254758    7    3    7    3
 0.002515125210153359    7    4    1    1
 -0.04309414029250724    7    4    2    1
 0.005053757209741125    7    4    2    2
 -0.005302331635210234    7    4    3    1
 0.01344695189779482    7    4    3    2
 -0.009914039149537562    7    4    3    3
 0.003835068378752899    7    4    4    1
 0.01927008833316062    7    4    4    2
 0.001456884778276907    7    4    4    3
 -0.003702019256411035    7    4    4    4
 0.0001963648711989762    7    4    5    1
 0.008638782084366376    7    4    5    2
 0.006757955653113249    7    4    5    3
 0.0008426978426373454    7    4    5    4
 0.001006043036736974    7    4    5    5
 -0.0001086866518973179    7    4    6    1
 -0.01756318660016058    7    4    6    2
 0.007050871724496187    7    4    6    3
 0.0008442453524264315    7    4    6    4
 -0.005845162367512893    7    4    6    5
 -0.005309196728276323    7    4    6    6
 -0.0136822083912779    7    4    7    1
 -0.00923048615442554    7    4    7    2
 -0.01314631234612122    7    4    7    3
 0.03809176669477185    7    4    7    4
 -0.0003686367479534403    7    5    1    1
 0.07547439849276889    7    5    2    1
 -0.01759539124086712    7    5    2    2
 0.01973761370036628    7    5    3    1
 -0.0187976169943352    7    5    3    2
 0.02853057760777484    7    5    3    3
 5.726980582335854e-05    7    5    4    1
 0.008699102640785874    7    5    4    2
 0.005671460848827945    7    5    4    3
 0.003732639656481077    7    5    4    4
 0.001412470844881939    7    5    5    1
 -0.01201807222138943    7    5    5    2
 -0.0247338723594527    7    5    5    3
 0.0001727469725799675    7    5    5    4
 0.01437304301650468    7    5    5    5
 -0.008258213842180501    7    5    6    1
 0.03506491003894038    7    5    6    2
 -0.01481584470460418    7    5    6    3
 -0.005802864870699748    7    5    6    4
 0.0214498429770446    7    5    6    5
 0.009418949774279898    7    5    6    6
 0.009300923421048567    7    5    7    1
 0.02435483416841126    7    5    7    2
 0.02657750367254107    7    5    7    3
 -0.02439478868984004    7    5    7    4
 0.06339714218019385    7    5    7    5
 0.004001971686815755    7    6    1    1
 -0.0651751220655488    7    6    2    1
 -0.003653466963933094    7    6    2    2
 0.01337722617341941    7    6    3    1
 0.05168968961941842    7    6    3    2
 -0.005021868922746918    7    6    3    3
 -0.0004595282728573241    7    6    4    1
 -0.0132710451322862    7    6    4    2
 0.004377104221546068    7    6    4    3
 0.002387899690957358    7    6    4    4
 -0.008326798767769386    7    6    5    1
 0.02685960067471528    7    6    5    2
 -0.007682859734556973    7    6    5    3
 -0.005456560908578716    7    6    5    4
 0.02204906304216707    7    6    5    5
 -0.01118520853260464    7    6    6    1
 -0.04752252197170503    7    6    6    2
 0.01975969123611483    7    6    6    3
 -0.005197492390896314    7    6    6    4
 0.00790015018645558    7    6    6    5
 -0.02937200688997372    7    6    6    6
 0.01424817424460947    7    6    7    1
 -0.001996324227073382    7    6    7    2
 -0.0304000532990399    7    6    7    3
 0.02133187534098947    7    6    7    4
 -0.04027484247357088    7    6    7    5
 0.07809952503431423    7    6    7    6
 0.5474084801256665    7    7    1    1
 -0.004456104234232775    7    7    2    1
 0.55502359190753    7    7    2    2
 -0.02115237985619193    7    7    3    1
 -0.002248471312515763    7    7    3    2
 0.4881760364711251    7    7    3    3
 -0.01249446088942706    7    7    4    1
 -0.006389762812684939    7    7    4    2
 -0.01348752790104082    7    7    4    3
 0.5535326079645259    7    7    4    4
 0.0759507748483183    7    7    5    1
 0.01733686380478983    7    7    5    2
 0.06652648037398973    7    7    5    3
 0.0312867117059774    7    7    5    4
 0.4731028441211804    7    7    5    5
 -0.01769021828828179    7    7    6    1
 -0.007684364053270553    7    7    6    2
 0.07088507517785798    7    7    6    3
 -0.001747356815474921    7    7    6    4
 -0.01764434319066681    7    7    6    5
 0.5237302473088215    7    7    6    6
 0.01933579987744628    7    7    7    1
 0.07637432843771486    7    7    7    2
 0.01798151158029749    7    7    7    3
 0.0003246996092589901    7    7    7    4
 -0.0103680346035868    7    7    7    5
 0.001335970604594654    7    7    7    6
 0.5662479244279208    7    7    7    7
 -4.833235890963463    1    1  0  0
 -0.008157713056528874    2    1  0  0
 -4.122520467359655    2    2  0  0
 0.01904746997598843    3    1  0  0
 0.02139515522998027    3    2  0  0
 -4.01675086484037    3    3  0  0
 0.06039535100839628    4    1  0  0
 0.0007863333957933287    4    2  0  0
 0.03041916328740293    4    3  0  0
 -4.261104884927892    4    4  0  0
 -0.6010469682819715    5    1  0  0
 0.0003621465121218851    5    2  0  0
 -0.3454728056224394    5    3  0  0
 -0.2874207544119138    5    4  0  0
 -3.161702937964817    5    5  0  0
 0.2902083450831632    6    1  0  0
 0.04464803156384695    6    2  0  0
 -0.6524520507998621    6    3  0  0
 0.0926917641816065    6    4  0  0
 -0.06543951951848324    6    5  0  0
 -3.303245741605627    6    6  0  0
 -0.03110418409635148    7    1  0  0
 -0.6907837463782159    7    2  0  0
 -0.1056193127165188    7    3  0  0
 0.009061131638035066    7    4  0  0
 -0.02697214621275808    7    5  0  0
 0.00201437220137997    7    6  0  0
 -3.283474384473345    7    7  0  0
 0  0  0  0  0
