 N  -23.117000    5.677000   -1.852000
 H  -23.343000    6.569000   -2.269000
 H  -23.417000    5.693000   -0.888000
 H  -23.579000    5.013000   -2.457000
 C  -21.621000    5.418000   -1.774000
 H  -21.121000    6.223000   -2.314000
 C  -21.094000    5.486000   -0.266000
 H  -21.778000    4.916000    0.364000
 H  -20.102000    5.041000   -0.189000
 C  -21.026000    6.892000    0.279000
 O  -20.519000    7.779000   -0.419000
 N  -21.349000    7.058000    1.557000
 H  -21.369000    7.990000    1.946000
 H  -21.924000    6.378000    2.034000
 C  -21.243000    4.118000   -2.450000
 O  -22.153000    3.356000   -2.756000
 N  -19.941000    3.949000   -2.856000
 H  -19.232000    4.551000   -2.462000
 C  -19.476000    2.805000   -3.614000
 H  -20.255000    2.337000   -4.217000
 C  -18.510000    3.328000   -4.644000
 H  -17.599000    3.774000   -4.244000
 H  -18.192000    2.432000   -5.176000
 C  -19.080000    4.274000   -5.771000
 H  -20.095000    4.502000   -5.445000
 C  -18.267000    5.554000   -5.897000
 H  -18.795000    6.236000   -6.563000
 H  -18.112000    6.009000   -4.919000
 H  -17.245000    5.380000   -6.234000
 C  -18.931000    3.603000   -7.194000
 H  -17.874000    3.357000   -7.287000
 H  -19.518000    2.686000   -7.250000
 H  -19.290000    4.263000   -7.984000
 C  -18.896000    1.782000   -2.579000
 O  -18.756000    2.072000   -1.381000
 N  -18.628000    0.543000   -3.069000
 H  -18.737000    0.360000   -4.056000
 C  -17.987000   -0.581000   -2.313000
 H  -18.524000   -0.659000   -1.368000
 C  -18.219000   -1.921000   -3.063000
 H  -19.301000   -2.054000   -3.067000
 H  -17.989000   -1.775000   -4.118000
 C  -17.497000   -3.203000   -2.608000
 C  -16.336000   -3.711000   -3.318000
 H  -15.936000   -3.258000   -4.213000
 C  -15.604000   -4.851000   -2.853000
 H  -14.658000   -5.110000   -3.304000
 C  -16.000000   -5.518000   -1.698000
 O  -15.247000   -6.605000   -1.281000
 H  -14.351000   -6.594000   -1.627000
 C  -17.216000   -5.124000   -1.076000
 H  -17.697000   -5.674000   -0.280000
 C  -17.931000   -3.943000   -1.510000
 H  -18.824000   -3.697000   -0.956000
 C  -16.482000   -0.251000   -2.101000
 O  -15.918000    0.435000   -2.919000
 N  -15.963000   -0.821000   -1.017000
 H  -16.534000   -1.424000   -0.444000
 C  -14.545000   -0.744000   -0.657000
 H  -14.248000    0.244000   -1.009000
 C  -14.385000   -0.910000    0.889000
 H  -14.739000   -1.900000    1.179000
 C  -12.893000   -0.845000    1.390000
 H  -12.255000   -1.279000    0.619000
 H  -12.529000    0.179000    1.470000
 H  -12.857000   -1.331000    2.365000
 C  -15.205000    0.153000    1.636000
 H  -14.654000    1.093000    1.659000
 H  -16.169000    0.295000    1.149000
 C  -15.493000   -0.246000    3.013000
 H  -16.267000    0.389000    3.445000
 H  -15.841000   -1.278000    3.052000
 H  -14.687000   -0.195000    3.745000
 C  -13.763000   -1.849000   -1.439000
 O  -14.040000   -3.071000   -1.258000
 N  -12.843000   -1.491000   -2.294000
 H  -12.680000   -0.495000   -2.338000
 C  -11.896000   -2.438000   -3.015000
 H  -12.493000   -3.312000   -3.276000
 C  -11.454000   -1.719000   -4.297000
 H  -12.361000   -1.567000   -4.883000
 H  -10.922000   -0.804000   -4.037000
 C  -10.511000   -2.689000   -5.120000
 H   -9.623000   -2.960000   -4.550000
 H  -11.066000   -3.578000   -5.418000
 C   -9.891000   -2.056000   -6.372000
 O   -9.852000   -0.891000   -6.669000
 N   -9.324000   -2.872000   -7.229000
 H   -8.860000   -2.524000   -8.056000
 H   -9.386000   -3.850000   -6.985000
 C  -10.728000   -2.842000   -2.090000
 O  -10.318000   -2.102000   -1.297000
 N  -10.193000   -4.089000   -2.215000
 H  -10.548000   -4.732000   -2.908000
 C   -9.239000   -4.613000   -1.163000
 H   -9.510000   -4.201000   -0.191000
 C   -9.659000   -6.120000   -0.864000
 H  -10.688000   -6.044000   -0.513000
 H   -9.746000   -6.667000   -1.803000
 C   -8.903000   -6.855000    0.227000
 C   -7.841000   -7.653000    0.078000
 H   -7.545000   -7.992000   -0.904000
 N   -7.303000   -8.087000    1.298000
 H   -6.620000   -8.831000    1.311000
 C   -8.013000   -7.521000    2.354000
 C   -7.807000   -7.573000    3.755000
 H   -7.005000   -8.148000    4.194000
 C   -8.735000   -6.827000    4.517000
 H   -8.590000   -6.986000    5.576000
 C   -9.730000   -5.988000    3.890000
 H  -10.345000   -5.331000    4.488000
 C   -9.895000   -6.013000    2.500000
 H  -10.607000   -5.308000    2.097000
 C   -9.029000   -6.772000    1.676000
 C   -7.742000   -4.421000   -1.468000
 O   -7.156000   -5.134000   -2.299000
 N   -7.060000   -3.566000   -0.653000
 H   -7.574000   -3.153000    0.112000
 C   -5.628000   -3.148000   -0.784000
 H   -5.260000   -3.546000   -1.729000
 C   -5.553000   -1.590000   -0.882000
 H   -6.075000   -1.087000   -0.068000
 H   -4.487000   -1.380000   -0.786000
 C   -5.930000   -1.013000   -2.254000
 H   -6.893000   -1.433000   -2.546000
 C   -6.148000    0.515000   -2.242000
 H   -6.503000    0.749000   -3.246000
 H   -7.002000    0.732000   -1.601000
 H   -5.349000    1.164000   -1.884000
 C   -5.014000   -1.325000   -3.408000
 H   -4.019000   -0.946000   -3.173000
 H   -4.889000   -2.385000   -3.627000
 H   -5.414000   -0.868000   -4.313000
 C   -4.829000   -3.693000    0.430000
 O   -5.420000   -3.911000    1.526000
 N   -3.546000   -4.029000    0.228000
 H   -3.126000   -3.696000   -0.628000
 C   -2.573000   -4.706000    1.119000
 H   -3.256000   -5.109000    1.867000
 C   -1.837000   -5.894000    0.484000
 H   -1.243000   -5.560000   -0.366000
 H   -1.306000   -6.379000    1.305000
 C   -2.802000   -6.991000   -0.037000
 H   -3.213000   -7.520000    0.823000
 H   -3.613000   -6.569000   -0.631000
 C   -2.086000   -8.011000   -0.915000
 H   -1.691000   -7.470000   -1.775000
 H   -1.297000   -8.400000   -0.272000
 C   -3.077000   -9.034000   -1.484000
 H   -3.408000   -9.570000   -0.594000
 H   -3.962000   -8.523000   -1.864000
 N   -2.500000   -9.956000   -2.536000
 H   -1.760000  -10.414000   -2.023000
 H   -3.178000  -10.628000   -2.867000
 C   -1.539000   -3.820000    1.786000
 O   -1.199000   -2.786000    1.244000
 N   -1.002000   -4.250000    2.981000
 H   -1.311000   -5.180000    3.225000
 C    0.181000   -3.731000    3.610000
 H    0.752000   -3.276000    2.801000
 C   -0.336000   -2.707000    4.568000
 H   -1.067000   -2.124000    4.009000
 H   -0.723000   -3.052000    5.527000
 C    0.748000   -1.663000    4.898000
 O    0.561000   -0.569000    5.446000
 O    1.916000   -1.922000    4.534000
 C    1.006000   -4.905000    4.315000
 O    0.442000   -5.913000    4.581000
 N    2.290000   -4.666000    4.654000
 H    2.602000   -3.707000    4.618000
 C    3.151000   -5.692000    5.242000
 H    4.021000   -5.219000    5.697000
 H    2.580000   -6.220000    6.006000
 C    3.668000   -6.842000    4.256000
 O    4.421000   -7.591000    4.789000
 N    3.348000   -6.911000    2.955000
 H    2.711000   -6.184000    2.662000
 C    3.947000   -7.718000    1.918000
 H    3.901000   -8.727000    2.330000
 H    3.590000   -7.593000    0.896000
 C    5.489000   -7.391000    1.712000
 O    5.994000   -6.250000    1.891000
 N    6.231000   -8.393000    1.191000
 C    5.850000   -9.793000    1.043000
 H    5.516000   -9.961000    0.019000
 H    5.005000  -10.041000    1.686000
 C    7.169000  -10.616000    1.182000
 H    7.168000  -11.658000    0.863000
 H    7.469000  -10.666000    2.228000
 C    8.114000   -9.682000    0.458000
 H    8.001000   -9.876000   -0.609000
 H    9.067000   -9.820000    0.969000
 C    7.646000   -8.250000    0.800000
 H    8.158000   -7.769000    1.634000
 C    7.873000   -7.235000   -0.412000
 O    7.135000   -7.355000   -1.366000
 N    8.866000   -6.348000   -0.325000
 H    9.519000   -6.434000    0.441000
 C    9.334000   -5.467000   -1.327000
 H    9.131000   -5.920000   -2.297000
 C    8.437000   -4.257000   -1.363000
 H    7.422000   -4.600000   -1.563000
 H    8.446000   -3.781000   -0.382000
 O    8.959000   -3.358000   -2.350000
 H    8.291000   -2.675000   -2.450000
 C   10.825000   -5.092000   -1.086000
 O   11.422000   -5.390000   -0.063000
 N   11.526000   -4.364000   -1.987000
 H   10.991000   -4.001000   -2.763000
 C   12.880000   -3.843000   -1.742000
 H   13.401000   -4.522000   -1.068000
 C   13.748000   -3.629000   -3.068000
 H   14.785000   -3.400000   -2.821000
 H   13.804000   -4.579000   -3.600000
 O   13.141000   -2.652000   -3.861000
 H   13.387000   -2.734000   -4.785000
 C   12.843000   -2.473000   -0.954000
 O   13.827000   -1.976000   -0.485000
 N   11.625000   -1.924000   -0.851000
 H   10.818000   -2.361000   -1.272000
 C   11.264000   -0.768000   -0.033000
 H   10.197000   -0.673000    0.164000
 H   11.759000   -0.973000    0.917000
 C   11.674000    0.543000   -0.603000
 O   11.653000    0.722000   -1.825000
 N   12.073000    1.495000    0.219000
 H   11.967000    1.254000    1.194000
 C   12.364000    2.866000   -0.140000
 H   12.364000    2.979000   -1.224000
 C   11.329000    3.788000    0.583000
 H   11.283000    3.636000    1.662000
 H   11.776000    4.734000    0.281000
 C    9.946000    3.686000   -0.110000
 H   10.087000    3.992000   -1.146000
 H    9.511000    2.691000   -0.014000
 C    8.874000    4.640000    0.441000
 H    8.896000    4.725000    1.528000
 H    9.077000    5.657000    0.106000
 N    7.563000    4.325000   -0.138000
 H    7.480000    3.541000   -0.768000
 C    6.503000    5.091000    0.120000
 N    6.512000    6.096000    0.938000
 H    7.383000    6.265000    1.421000
 H    5.750000    6.707000    1.197000
 N    5.389000    4.851000   -0.421000
 H    5.277000    4.059000   -1.038000
 H    4.616000    5.491000   -0.305000
 C   13.829000    3.268000    0.198000
 O   14.322000    2.944000    1.310000
 N   14.530000    4.133000   -0.629000
 C   14.073000    4.779000   -1.794000
 H   13.141000    5.278000   -1.529000
 H   13.975000    4.021000   -2.571000
 C   14.959000    5.880000   -2.255000
 H   14.572000    6.749000   -1.723000
 H   14.969000    5.983000   -3.340000
 C   16.283000    5.486000   -1.642000
 H   16.938000    6.318000   -1.383000
 H   16.911000    4.893000   -2.308000
 C   15.868000    4.629000   -0.393000
 H   16.593000    3.832000   -0.222000
 C   15.876000    5.580000    0.805000
 O   14.864000    6.288000    1.059000
 N   17.023000    5.879000    1.337000
 C   18.197000    4.994000    1.416000
 H   18.862000    5.063000    0.555000
 H   17.933000    3.937000    1.449000
 C   18.914000    5.244000    2.773000
 H   19.974000    5.027000    2.641000
 H   18.484000    4.632000    3.566000
 C   18.555000    6.685000    3.010000
 H   19.338000    7.200000    2.453000
 H   18.520000    7.003000    4.052000
 C   17.174000    6.974000    2.313000
 H   16.446000    6.841000    3.114000
 C   17.170000    8.387000    1.654000
 O   16.997000    8.557000    0.446000
 N   17.424000    9.434000    2.415000
 C   17.385000    9.325000    3.910000
 H   18.367000    9.351000    4.383000
 H   16.851000    8.454000    4.288000
 C   16.743000   10.670000    4.398000
 H   17.332000   11.051000    5.232000
 H   15.726000   10.503000    4.751000
 C   16.827000   11.643000    3.169000
 H   17.436000   12.491000    3.480000
 H   15.892000   12.107000    2.855000
 C   17.382000   10.814000    2.012000
 H   16.583000   10.925000    1.278000
 C   18.667000   11.321000    1.494000
 O   18.656000   12.479000    0.997000
 N   19.732000   10.588000    1.485000
 H   19.607000    9.732000    2.006000
 C   21.051000   10.676000    0.921000
 H   20.876000   10.868000   -0.137000
 C   21.900000   11.810000    1.577000
 H   21.998000   11.605000    2.643000
 H   22.894000   11.806000    1.130000
 O   21.351000   13.085000    1.237000
 H   20.436000   12.976000    0.969000
 C   21.887000    9.390000    0.876000
 O   22.016000    8.733000   -0.172000
 O   22.242000    8.928000    2.041000
