2.047000000000000000e+03
3.071000000000000000e+03
3.583000000000000000e+03
3.839000000000000000e+03
3.967000000000000000e+03
4.031000000000000000e+03
4.063000000000000000e+03
4.079000000000000000e+03
4.087000000000000000e+03
4.091000000000000000e+03
4.093000000000000000e+03
4.094000000000000000e+03
5.119000000000000000e+03
5.631000000000000000e+03
5.887000000000000000e+03
6.015000000000000000e+03
6.079000000000000000e+03
6.111000000000000000e+03
6.127000000000000000e+03
6.135000000000000000e+03
6.139000000000000000e+03
6.141000000000000000e+03
6.142000000000000000e+03
6.655000000000000000e+03
6.911000000000000000e+03
7.039000000000000000e+03
7.103000000000000000e+03
7.135000000000000000e+03
7.151000000000000000e+03
7.159000000000000000e+03
7.163000000000000000e+03
7.165000000000000000e+03
7.166000000000000000e+03
7.423000000000000000e+03
7.551000000000000000e+03
7.615000000000000000e+03
7.647000000000000000e+03
7.663000000000000000e+03
7.671000000000000000e+03
7.675000000000000000e+03
7.677000000000000000e+03
7.678000000000000000e+03
7.807000000000000000e+03
7.871000000000000000e+03
7.903000000000000000e+03
7.919000000000000000e+03
7.927000000000000000e+03
7.931000000000000000e+03
7.933000000000000000e+03
7.934000000000000000e+03
7.999000000000000000e+03
8.031000000000000000e+03
8.047000000000000000e+03
8.055000000000000000e+03
8.059000000000000000e+03
8.061000000000000000e+03
8.062000000000000000e+03
8.095000000000000000e+03
8.111000000000000000e+03
8.119000000000000000e+03
8.123000000000000000e+03
8.125000000000000000e+03
8.126000000000000000e+03
8.143000000000000000e+03
8.151000000000000000e+03
8.155000000000000000e+03
8.157000000000000000e+03
8.158000000000000000e+03
8.167000000000000000e+03
8.171000000000000000e+03
8.173000000000000000e+03
8.174000000000000000e+03
8.179000000000000000e+03
8.181000000000000000e+03
8.182000000000000000e+03
8.185000000000000000e+03
8.186000000000000000e+03
8.188000000000000000e+03
9.215000000000000000e+03
9.727000000000000000e+03
9.983000000000000000e+03
1.011100000000000000e+04
1.017500000000000000e+04
1.020700000000000000e+04
1.022300000000000000e+04
1.023100000000000000e+04
1.023500000000000000e+04
1.023700000000000000e+04
1.023800000000000000e+04
1.075100000000000000e+04
1.100700000000000000e+04
1.113500000000000000e+04
1.119900000000000000e+04
1.123100000000000000e+04
1.124700000000000000e+04
1.125500000000000000e+04
1.125900000000000000e+04
1.126100000000000000e+04
1.126200000000000000e+04
1.151900000000000000e+04
1.164700000000000000e+04
1.171100000000000000e+04
1.174300000000000000e+04
1.175900000000000000e+04
1.176700000000000000e+04
1.177100000000000000e+04
1.177300000000000000e+04
1.177400000000000000e+04
1.190300000000000000e+04
1.196700000000000000e+04
1.199900000000000000e+04
1.201500000000000000e+04
1.202300000000000000e+04
1.202700000000000000e+04
1.202900000000000000e+04
1.203000000000000000e+04
1.209500000000000000e+04
1.212700000000000000e+04
1.214300000000000000e+04
1.215100000000000000e+04
1.215500000000000000e+04
1.215700000000000000e+04
1.215800000000000000e+04
1.219100000000000000e+04
1.220700000000000000e+04
1.221500000000000000e+04
1.221900000000000000e+04
1.222100000000000000e+04
1.222200000000000000e+04
1.223900000000000000e+04
1.224700000000000000e+04
1.225100000000000000e+04
1.225300000000000000e+04
1.225400000000000000e+04
1.226300000000000000e+04
1.226700000000000000e+04
1.226900000000000000e+04
1.227000000000000000e+04
1.227500000000000000e+04
1.227700000000000000e+04
1.227800000000000000e+04
1.228100000000000000e+04
1.228400000000000000e+04
1.279900000000000000e+04
1.305500000000000000e+04
1.318300000000000000e+04
1.324700000000000000e+04
1.327900000000000000e+04
1.329500000000000000e+04
1.330300000000000000e+04
1.330700000000000000e+04
1.330900000000000000e+04
1.331000000000000000e+04
1.356700000000000000e+04
1.369500000000000000e+04
1.375900000000000000e+04
1.379100000000000000e+04
1.380700000000000000e+04
1.381500000000000000e+04
1.381900000000000000e+04
1.382100000000000000e+04
1.382200000000000000e+04
1.395100000000000000e+04
1.401500000000000000e+04
1.404700000000000000e+04
1.406300000000000000e+04
1.407100000000000000e+04
1.407500000000000000e+04
1.407700000000000000e+04
1.407800000000000000e+04
1.414300000000000000e+04
1.417500000000000000e+04
1.419100000000000000e+04
1.419900000000000000e+04
1.420300000000000000e+04
1.420500000000000000e+04
1.420600000000000000e+04
1.423900000000000000e+04
1.425500000000000000e+04
1.426300000000000000e+04
1.426700000000000000e+04
1.426900000000000000e+04
1.427000000000000000e+04
1.428700000000000000e+04
1.429500000000000000e+04
1.429900000000000000e+04
1.430100000000000000e+04
1.431100000000000000e+04
1.431500000000000000e+04
1.431800000000000000e+04
1.432300000000000000e+04
1.432500000000000000e+04
1.432600000000000000e+04
1.432900000000000000e+04
1.433000000000000000e+04
1.433200000000000000e+04
1.459100000000000000e+04
1.481500000000000000e+04
1.483100000000000000e+04
1.484300000000000000e+04
1.484500000000000000e+04
1.484600000000000000e+04
1.503900000000000000e+04
1.507100000000000000e+04
1.508700000000000000e+04
1.509500000000000000e+04
1.509900000000000000e+04
1.510200000000000000e+04
1.516700000000000000e+04
1.521500000000000000e+04
1.522300000000000000e+04
1.522700000000000000e+04
1.526300000000000000e+04
1.529100000000000000e+04
1.529400000000000000e+04
1.531900000000000000e+04
1.532300000000000000e+04
1.532600000000000000e+04
1.533500000000000000e+04
1.534100000000000000e+04
1.534900000000000000e+04
1.548700000000000000e+04
1.561100000000000000e+04
1.561300000000000000e+04
1.567900000000000000e+04
1.571100000000000000e+04
1.573900000000000000e+04
1.577500000000000000e+04
1.585900000000000000e+04
1.586500000000000000e+04
1.586800000000000000e+04
1.593500000000000000e+04
1.598300000000000000e+04
1.599800000000000000e+04
1.604700000000000000e+04
1.606200000000000000e+04
1.607900000000000000e+04
1.610300000000000000e+04
1.610900000000000000e+04
1.611700000000000000e+04
1.611800000000000000e+04
1.612200000000000000e+04
1.615900000000000000e+04
1.617500000000000000e+04
1.618300000000000000e+04
1.618700000000000000e+04
1.618900000000000000e+04
1.620700000000000000e+04
1.622200000000000000e+04
1.623100000000000000e+04
1.623500000000000000e+04
1.624300000000000000e+04
1.628500000000000000e+04
1.631600000000000000e+04
1.632700000000000000e+04
1.633100000000000000e+04
1.634200000000000000e+04
1.634500000000000000e+04
1.636400000000000000e+04
1.637000000000000000e+04
1.740700000000000000e+04
1.791900000000000000e+04
1.817500000000000000e+04
1.830300000000000000e+04
1.836700000000000000e+04
1.839900000000000000e+04
1.841500000000000000e+04
1.842300000000000000e+04
1.842700000000000000e+04
1.842900000000000000e+04
1.843000000000000000e+04
1.894300000000000000e+04
1.919900000000000000e+04
1.932700000000000000e+04
1.939100000000000000e+04
1.942300000000000000e+04
1.943900000000000000e+04
1.944700000000000000e+04
1.945100000000000000e+04
1.945300000000000000e+04
1.945400000000000000e+04
1.971100000000000000e+04
1.983900000000000000e+04
1.990300000000000000e+04
1.993500000000000000e+04
1.995100000000000000e+04
1.995900000000000000e+04
1.996300000000000000e+04
1.996500000000000000e+04
1.996600000000000000e+04
2.009500000000000000e+04
2.015900000000000000e+04
2.019100000000000000e+04
2.020700000000000000e+04
2.021500000000000000e+04
2.021900000000000000e+04
2.022100000000000000e+04
2.022200000000000000e+04
2.028700000000000000e+04
2.031900000000000000e+04
2.033500000000000000e+04
2.034300000000000000e+04
2.034700000000000000e+04
2.034900000000000000e+04
2.035000000000000000e+04
2.038300000000000000e+04
2.039900000000000000e+04
2.040700000000000000e+04
2.041100000000000000e+04
2.041300000000000000e+04
2.041400000000000000e+04
2.043100000000000000e+04
2.043900000000000000e+04
2.044300000000000000e+04
2.044500000000000000e+04
2.044600000000000000e+04
2.045500000000000000e+04
2.045900000000000000e+04
2.046100000000000000e+04
2.046200000000000000e+04
2.046700000000000000e+04
2.046900000000000000e+04
2.047300000000000000e+04
2.047400000000000000e+04
2.047600000000000000e+04
2.099100000000000000e+04
2.124700000000000000e+04
2.137500000000000000e+04
2.143900000000000000e+04
2.147100000000000000e+04
2.148700000000000000e+04
2.149500000000000000e+04
2.149900000000000000e+04
2.150100000000000000e+04
2.150200000000000000e+04
2.175900000000000000e+04
2.188700000000000000e+04
2.195100000000000000e+04
2.198300000000000000e+04
2.199900000000000000e+04
2.200700000000000000e+04
2.201100000000000000e+04
2.201300000000000000e+04
2.201400000000000000e+04
2.214300000000000000e+04
2.220700000000000000e+04
2.223900000000000000e+04
2.225500000000000000e+04
2.226300000000000000e+04
2.226700000000000000e+04
2.226900000000000000e+04
2.227000000000000000e+04
2.233500000000000000e+04
2.236700000000000000e+04
2.238300000000000000e+04
2.239100000000000000e+04
2.239500000000000000e+04
2.239800000000000000e+04
2.243100000000000000e+04
2.244700000000000000e+04
2.245500000000000000e+04
2.245900000000000000e+04
2.246100000000000000e+04
2.246200000000000000e+04
2.247900000000000000e+04
2.248700000000000000e+04
2.249100000000000000e+04
2.249300000000000000e+04
2.249400000000000000e+04
2.250300000000000000e+04
2.250700000000000000e+04
2.250900000000000000e+04
2.251500000000000000e+04
2.251700000000000000e+04
2.251800000000000000e+04
2.252100000000000000e+04
2.252200000000000000e+04
2.252400000000000000e+04
2.278300000000000000e+04
2.291100000000000000e+04
2.297500000000000000e+04
2.300700000000000000e+04
2.302300000000000000e+04
2.303100000000000000e+04
2.303500000000000000e+04
2.303700000000000000e+04
2.316700000000000000e+04
2.323100000000000000e+04
2.326300000000000000e+04
2.327900000000000000e+04
2.328700000000000000e+04
2.329100000000000000e+04
2.339100000000000000e+04
2.345500000000000000e+04
2.347100000000000000e+04
2.347900000000000000e+04
2.350300000000000000e+04
2.351100000000000000e+04
2.351500000000000000e+04
2.351700000000000000e+04
2.352700000000000000e+04
2.353100000000000000e+04
2.353400000000000000e+04
2.353900000000000000e+04
2.354100000000000000e+04
2.354200000000000000e+04
2.367900000000000000e+04
2.374300000000000000e+04
2.377500000000000000e+04
2.379100000000000000e+04
2.380300000000000000e+04
2.390300000000000000e+04
2.391900000000000000e+04
2.392700000000000000e+04
2.393400000000000000e+04
2.396700000000000000e+04
2.399100000000000000e+04
2.399500000000000000e+04
2.399700000000000000e+04
2.399800000000000000e+04
2.401500000000000000e+04
2.402300000000000000e+04
2.402700000000000000e+04
2.403000000000000000e+04
2.403900000000000000e+04
2.404500000000000000e+04
2.405300000000000000e+04
2.405400000000000000e+04
2.412700000000000000e+04
2.415900000000000000e+04
2.418300000000000000e+04
2.418700000000000000e+04
2.418900000000000000e+04
2.422300000000000000e+04
2.423900000000000000e+04
2.424700000000000000e+04
2.425100000000000000e+04
2.425400000000000000e+04
2.427900000000000000e+04
2.428300000000000000e+04
2.430100000000000000e+04
2.430700000000000000e+04
2.435100000000000000e+04
2.436700000000000000e+04
2.437900000000000000e+04
2.439900000000000000e+04
2.440700000000000000e+04
2.441300000000000000e+04
2.441400000000000000e+04
2.442300000000000000e+04
2.442700000000000000e+04
2.443500000000000000e+04
2.443700000000000000e+04
2.444400000000000000e+04
2.446300000000000000e+04
2.447100000000000000e+04
2.447500000000000000e+04
2.449100000000000000e+04
2.449900000000000000e+04
2.450800000000000000e+04
2.451900000000000000e+04
2.452300000000000000e+04
2.453100000000000000e+04
2.453400000000000000e+04
2.453700000000000000e+04
2.454000000000000000e+04
2.454900000000000000e+04
2.456200000000000000e+04
2.508700000000000000e+04
2.534300000000000000e+04
2.547100000000000000e+04
2.553500000000000000e+04
2.556700000000000000e+04
2.558300000000000000e+04
2.559100000000000000e+04
2.559500000000000000e+04
2.559700000000000000e+04
2.559800000000000000e+04
2.585500000000000000e+04
2.598300000000000000e+04
2.604700000000000000e+04
2.607900000000000000e+04
2.609500000000000000e+04
2.610300000000000000e+04
2.610700000000000000e+04
2.610900000000000000e+04
2.611000000000000000e+04
2.623900000000000000e+04
2.630300000000000000e+04
2.633500000000000000e+04
2.635100000000000000e+04
2.635900000000000000e+04
2.636300000000000000e+04
2.636500000000000000e+04
2.636600000000000000e+04
2.646300000000000000e+04
2.647900000000000000e+04
2.648700000000000000e+04
2.649100000000000000e+04
2.649300000000000000e+04
2.649400000000000000e+04
2.652700000000000000e+04
2.654300000000000000e+04
2.655100000000000000e+04
2.655500000000000000e+04
2.655700000000000000e+04
2.655800000000000000e+04
2.657500000000000000e+04
2.658300000000000000e+04
2.658700000000000000e+04
2.658900000000000000e+04
2.659000000000000000e+04
2.659900000000000000e+04
2.660600000000000000e+04
2.661100000000000000e+04
2.661300000000000000e+04
2.661400000000000000e+04
2.661700000000000000e+04
2.661800000000000000e+04
2.662000000000000000e+04
2.687900000000000000e+04
2.700700000000000000e+04
2.707100000000000000e+04
2.710300000000000000e+04
2.713100000000000000e+04
2.713400000000000000e+04
2.726300000000000000e+04
2.732700000000000000e+04
2.735900000000000000e+04
2.737500000000000000e+04
2.738300000000000000e+04
2.738700000000000000e+04
2.739000000000000000e+04
2.745500000000000000e+04
2.748700000000000000e+04
2.751100000000000000e+04
2.751500000000000000e+04
2.751700000000000000e+04
2.755100000000000000e+04
2.756700000000000000e+04
2.757500000000000000e+04
2.757900000000000000e+04
2.758100000000000000e+04
2.761100000000000000e+04
2.761300000000000000e+04
2.762900000000000000e+04
2.763000000000000000e+04
2.763500000000000000e+04
2.763700000000000000e+04
2.764100000000000000e+04
2.764200000000000000e+04
2.764400000000000000e+04
2.777500000000000000e+04
2.783900000000000000e+04
2.788700000000000000e+04
2.799900000000000000e+04
2.801500000000000000e+04
2.806300000000000000e+04
2.808700000000000000e+04
2.809100000000000000e+04
2.809400000000000000e+04
2.811100000000000000e+04
2.811900000000000000e+04
2.812300000000000000e+04
2.813900000000000000e+04
2.814700000000000000e+04
2.814900000000000000e+04
2.815000000000000000e+04
2.815300000000000000e+04
2.822300000000000000e+04
2.828600000000000000e+04
2.831900000000000000e+04
2.836700000000000000e+04
2.837500000000000000e+04
2.839100000000000000e+04
2.839500000000000000e+04
2.839700000000000000e+04
2.840300000000000000e+04
2.841000000000000000e+04
2.841200000000000000e+04
2.844700000000000000e+04
2.846300000000000000e+04
2.847800000000000000e+04
2.850300000000000000e+04
2.851900000000000000e+04
2.852300000000000000e+04
2.853100000000000000e+04
2.853300000000000000e+04
2.853800000000000000e+04
2.856700000000000000e+04
2.857100000000000000e+04
2.857300000000000000e+04
2.857400000000000000e+04
2.858900000000000000e+04
2.861500000000000000e+04
2.862900000000000000e+04
2.863000000000000000e+04
2.863400000000000000e+04
2.864900000000000000e+04
2.865000000000000000e+04
2.865700000000000000e+04
2.865800000000000000e+04
2.911900000000000000e+04
2.915100000000000000e+04
2.943700000000000000e+04
2.943800000000000000e+04
2.955100000000000000e+04
2.961500000000000000e+04
2.965900000000000000e+04
2.966200000000000000e+04
2.968300000000000000e+04
2.968900000000000000e+04
2.988700000000000000e+04
3.001500000000000000e+04
3.011100000000000000e+04
3.012700000000000000e+04
3.017100000000000000e+04
3.018900000000000000e+04
3.019500000000000000e+04
3.019700000000000000e+04
3.032700000000000000e+04
3.038300000000000000e+04
3.039700000000000000e+04
3.041500000000000000e+04
3.042900000000000000e+04
3.044500000000000000e+04
3.045800000000000000e+04
3.046000000000000000e+04
3.049500000000000000e+04
3.051900000000000000e+04
3.052600000000000000e+04
3.054300000000000000e+04
3.055100000000000000e+04
3.055700000000000000e+04
3.057100000000000000e+04
3.057900000000000000e+04
3.058200000000000000e+04
3.058600000000000000e+04
3.061900000000000000e+04
3.062100000000000000e+04
3.063500000000000000e+04
3.064600000000000000e+04
3.068200000000000000e+04
3.070800000000000000e+04
3.096700000000000000e+04
3.109500000000000000e+04
3.115900000000000000e+04
3.116300000000000000e+04
3.119500000000000000e+04
3.122200000000000000e+04
3.139100000000000000e+04
3.154300000000000000e+04
3.154900000000000000e+04
3.157900000000000000e+04
3.158100000000000000e+04
3.160600000000000000e+04
3.167400000000000000e+04
3.169400000000000000e+04
3.170500000000000000e+04
3.173200000000000000e+04
3.180700000000000000e+04
3.183900000000000000e+04
3.192700000000000000e+04
3.196600000000000000e+04
3.204700000000000000e+04
3.205500000000000000e+04
3.209300000000000000e+04
3.211000000000000000e+04
3.215500000000000000e+04
3.222900000000000000e+04
3.231500000000000000e+04
3.237400000000000000e+04
3.241400000000000000e+04
3.244200000000000000e+04
3.247300000000000000e+04
3.262500000000000000e+04
3.263200000000000000e+04
3.265400000000000000e+04
3.267500000000000000e+04
3.267800000000000000e+04
3.275200000000000000e+04
3.379100000000000000e+04
3.430300000000000000e+04
3.455900000000000000e+04
3.468700000000000000e+04
3.475100000000000000e+04
3.478300000000000000e+04
3.479900000000000000e+04
3.480700000000000000e+04
3.481100000000000000e+04
3.481300000000000000e+04
3.481400000000000000e+04
3.532700000000000000e+04
3.558300000000000000e+04
3.571100000000000000e+04
3.577500000000000000e+04
3.580700000000000000e+04
3.582300000000000000e+04
3.583100000000000000e+04
3.583500000000000000e+04
3.583700000000000000e+04
3.583800000000000000e+04
3.609500000000000000e+04
3.622300000000000000e+04
3.628700000000000000e+04
3.631900000000000000e+04
3.633500000000000000e+04
3.634300000000000000e+04
3.634700000000000000e+04
3.634900000000000000e+04
3.635000000000000000e+04
3.647900000000000000e+04
3.654300000000000000e+04
3.657500000000000000e+04
3.659100000000000000e+04
3.659900000000000000e+04
3.660300000000000000e+04
3.660500000000000000e+04
3.660600000000000000e+04
3.667100000000000000e+04
3.670300000000000000e+04
3.671900000000000000e+04
3.672700000000000000e+04
3.673100000000000000e+04
3.673300000000000000e+04
3.673400000000000000e+04
3.676700000000000000e+04
3.678300000000000000e+04
3.679100000000000000e+04
3.679500000000000000e+04
3.679700000000000000e+04
3.679800000000000000e+04
3.681500000000000000e+04
3.682300000000000000e+04
3.682700000000000000e+04
3.682900000000000000e+04
3.683000000000000000e+04
3.683900000000000000e+04
3.684300000000000000e+04
3.684500000000000000e+04
3.684600000000000000e+04
3.685100000000000000e+04
3.685300000000000000e+04
3.685400000000000000e+04
3.685700000000000000e+04
3.685800000000000000e+04
3.686000000000000000e+04
3.737500000000000000e+04
3.763100000000000000e+04
3.775900000000000000e+04
3.782300000000000000e+04
3.785500000000000000e+04
3.787100000000000000e+04
3.787900000000000000e+04
3.788300000000000000e+04
3.788500000000000000e+04
3.788600000000000000e+04
3.814300000000000000e+04
3.827100000000000000e+04
3.833500000000000000e+04
3.836700000000000000e+04
3.838300000000000000e+04
3.839100000000000000e+04
3.839500000000000000e+04
3.839700000000000000e+04
3.839800000000000000e+04
3.852700000000000000e+04
3.859100000000000000e+04
3.862300000000000000e+04
3.863900000000000000e+04
3.864700000000000000e+04
3.865100000000000000e+04
3.865300000000000000e+04
3.865400000000000000e+04
3.871900000000000000e+04
3.875100000000000000e+04
3.876700000000000000e+04
3.877500000000000000e+04
3.877900000000000000e+04
3.878100000000000000e+04
3.878200000000000000e+04
3.881500000000000000e+04
3.883100000000000000e+04
3.883900000000000000e+04
3.884300000000000000e+04
3.884500000000000000e+04
3.886300000000000000e+04
3.887100000000000000e+04
3.887500000000000000e+04
3.887700000000000000e+04
3.887800000000000000e+04
3.888700000000000000e+04
3.889100000000000000e+04
3.889300000000000000e+04
3.889400000000000000e+04
3.889900000000000000e+04
3.890100000000000000e+04
3.890200000000000000e+04
3.890500000000000000e+04
3.890600000000000000e+04
3.890800000000000000e+04
3.916700000000000000e+04
3.929500000000000000e+04
3.935900000000000000e+04
3.939100000000000000e+04
3.940700000000000000e+04
3.941500000000000000e+04
3.941900000000000000e+04
3.942100000000000000e+04
3.955100000000000000e+04
3.961500000000000000e+04
3.964700000000000000e+04
3.966300000000000000e+04
3.967100000000000000e+04
3.967500000000000000e+04
3.974300000000000000e+04
3.977500000000000000e+04
3.979100000000000000e+04
3.979900000000000000e+04
3.980300000000000000e+04
3.986300000000000000e+04
3.986900000000000000e+04
3.988700000000000000e+04
3.989500000000000000e+04
3.989900000000000000e+04
3.990100000000000000e+04
3.990200000000000000e+04
3.991100000000000000e+04
3.991500000000000000e+04
3.992300000000000000e+04
3.992500000000000000e+04
3.992900000000000000e+04
3.993000000000000000e+04
3.993200000000000000e+04
4.006300000000000000e+04
4.012700000000000000e+04
4.015900000000000000e+04
4.019000000000000000e+04
4.028700000000000000e+04
4.030300000000000000e+04
4.031100000000000000e+04
4.031700000000000000e+04
4.035100000000000000e+04
4.037500000000000000e+04
4.037900000000000000e+04
4.038200000000000000e+04
4.043000000000000000e+04
4.044100000000000000e+04
4.051100000000000000e+04
4.054300000000000000e+04
4.055900000000000000e+04
4.056700000000000000e+04
4.057300000000000000e+04
4.060700000000000000e+04
4.062300000000000000e+04
4.063100000000000000e+04
4.063500000000000000e+04
4.063700000000000000e+04
4.066300000000000000e+04
4.068300000000000000e+04
4.069400000000000000e+04
4.073500000000000000e+04
4.076500000000000000e+04
4.076600000000000000e+04
4.078300000000000000e+04
4.079100000000000000e+04
4.079500000000000000e+04
4.079700000000000000e+04
4.080700000000000000e+04
4.081100000000000000e+04
4.081900000000000000e+04
4.084700000000000000e+04
4.085500000000000000e+04
4.085900000000000000e+04
4.086100000000000000e+04
4.086200000000000000e+04
4.087100000000000000e+04
4.087500000000000000e+04
4.087700000000000000e+04
4.088300000000000000e+04
4.088900000000000000e+04
4.089000000000000000e+04
4.090300000000000000e+04
4.090700000000000000e+04
4.090900000000000000e+04
4.091000000000000000e+04
4.091500000000000000e+04
4.091700000000000000e+04
4.092400000000000000e+04
4.093300000000000000e+04
4.093800000000000000e+04
4.094500000000000000e+04
4.147100000000000000e+04
4.172700000000000000e+04
4.185500000000000000e+04
4.191900000000000000e+04
4.195100000000000000e+04
4.196700000000000000e+04
4.197500000000000000e+04
4.197900000000000000e+04
4.198100000000000000e+04
4.198200000000000000e+04
4.223900000000000000e+04
4.236700000000000000e+04
4.243100000000000000e+04
4.246300000000000000e+04
4.247900000000000000e+04
4.248700000000000000e+04
4.249100000000000000e+04
4.249300000000000000e+04
4.249400000000000000e+04
4.262300000000000000e+04
4.268700000000000000e+04
4.271900000000000000e+04
4.273500000000000000e+04
4.274300000000000000e+04
4.274700000000000000e+04
4.274900000000000000e+04
4.275000000000000000e+04
4.281500000000000000e+04
4.284700000000000000e+04
4.286300000000000000e+04
4.287100000000000000e+04
4.287500000000000000e+04
4.287700000000000000e+04
4.287800000000000000e+04
4.291100000000000000e+04
4.292700000000000000e+04
4.293500000000000000e+04
4.293900000000000000e+04
4.294100000000000000e+04
4.294200000000000000e+04
4.295900000000000000e+04
4.296700000000000000e+04
4.297100000000000000e+04
4.297300000000000000e+04
4.297400000000000000e+04
4.298300000000000000e+04
4.298700000000000000e+04
4.298900000000000000e+04
4.299500000000000000e+04
4.299700000000000000e+04
4.299800000000000000e+04
4.300100000000000000e+04
4.300200000000000000e+04
4.300400000000000000e+04
4.326300000000000000e+04
4.339100000000000000e+04
4.345500000000000000e+04
4.348700000000000000e+04
4.350300000000000000e+04
4.351100000000000000e+04
4.351500000000000000e+04
4.351700000000000000e+04
4.351800000000000000e+04
4.364700000000000000e+04
4.371100000000000000e+04
4.375900000000000000e+04
4.376700000000000000e+04
4.377300000000000000e+04
4.377400000000000000e+04
4.383900000000000000e+04
4.388700000000000000e+04
4.389900000000000000e+04
4.390100000000000000e+04
4.393500000000000000e+04
4.395100000000000000e+04
4.395900000000000000e+04
4.396500000000000000e+04
4.396600000000000000e+04
4.398300000000000000e+04
4.399500000000000000e+04
4.400700000000000000e+04
4.401100000000000000e+04
4.401900000000000000e+04
4.402100000000000000e+04
4.402200000000000000e+04
4.402500000000000000e+04
4.402800000000000000e+04
4.415900000000000000e+04
4.422300000000000000e+04
4.425500000000000000e+04
4.427100000000000000e+04
4.428300000000000000e+04
4.440700000000000000e+04
4.444700000000000000e+04
4.447500000000000000e+04
4.447700000000000000e+04
4.449500000000000000e+04
4.450900000000000000e+04
4.451000000000000000e+04
4.452300000000000000e+04
4.453300000000000000e+04
4.453700000000000000e+04
4.465500000000000000e+04
4.466700000000000000e+04
4.467000000000000000e+04
4.470300000000000000e+04
4.472700000000000000e+04
4.473400000000000000e+04
4.475100000000000000e+04
4.476300000000000000e+04
4.477900000000000000e+04
4.478100000000000000e+04
4.478200000000000000e+04
4.478700000000000000e+04
4.478900000000000000e+04
4.479300000000000000e+04
4.479600000000000000e+04
4.485900000000000000e+04
4.486200000000000000e+04
4.487900000000000000e+04
4.489100000000000000e+04
4.490700000000000000e+04
4.491000000000000000e+04
4.491500000000000000e+04
4.492200000000000000e+04
4.495100000000000000e+04
4.495500000000000000e+04
4.495700000000000000e+04
4.498100000000000000e+04
4.498200000000000000e+04
4.500500000000000000e+04
4.501300000000000000e+04
4.502000000000000000e+04
4.502700000000000000e+04
4.502900000000000000e+04
4.503000000000000000e+04
4.504200000000000000e+04
4.504800000000000000e+04
4.556600000000000000e+04
4.575900000000000000e+04
4.581900000000000000e+04
4.582100000000000000e+04
4.593500000000000000e+04
4.594300000000000000e+04
4.595000000000000000e+04
4.600700000000000000e+04
4.601300000000000000e+04
4.601400000000000000e+04
4.604300000000000000e+04
4.604500000000000000e+04
4.604600000000000000e+04
4.606200000000000000e+04
4.606900000000000000e+04
4.607000000000000000e+04
4.607600000000000000e+04
4.620700000000000000e+04
4.630300000000000000e+04
4.643100000000000000e+04
4.651100000000000000e+04
4.658600000000000000e+04
4.665500000000000000e+04
4.671500000000000000e+04
4.675100000000000000e+04
4.676700000000000000e+04
4.678200000000000000e+04
4.679900000000000000e+04
4.680700000000000000e+04
4.682900000000000000e+04
4.683700000000000000e+04
4.684200000000000000e+04
4.689500000000000000e+04
4.695500000000000000e+04
4.696300000000000000e+04
4.699900000000000000e+04
4.700300000000000000e+04
4.700600000000000000e+04
4.702100000000000000e+04
4.702700000000000000e+04
4.703300000000000000e+04
4.703600000000000000e+04
4.705100000000000000e+04
4.705900000000000000e+04
4.706200000000000000e+04
4.706600000000000000e+04
4.709600000000000000e+04
4.742300000000000000e+04
4.754300000000000000e+04
4.759100000000000000e+04
4.759700000000000000e+04
4.774200000000000000e+04
4.786800000000000000e+04
4.795100000000000000e+04
4.796500000000000000e+04
4.797500000000000000e+04
4.799300000000000000e+04
4.807800000000000000e+04
4.810800000000000000e+04
4.825100000000000000e+04
4.835000000000000000e+04
4.849300000000000000e+04
4.857200000000000000e+04
4.863200000000000000e+04
4.870200000000000000e+04
4.888200000000000000e+04
4.892300000000000000e+04
4.897300000000000000e+04
4.901600000000000000e+04
4.905000000000000000e+04
4.906100000000000000e+04
4.909700000000000000e+04
4.966300000000000000e+04
4.991900000000000000e+04
5.004700000000000000e+04
5.011100000000000000e+04
5.014300000000000000e+04
5.015900000000000000e+04
5.016700000000000000e+04
5.017100000000000000e+04
5.017300000000000000e+04
5.017400000000000000e+04
5.043100000000000000e+04
5.055900000000000000e+04
5.062300000000000000e+04
5.065500000000000000e+04
5.067100000000000000e+04
5.067900000000000000e+04
5.068300000000000000e+04
5.068500000000000000e+04
5.068600000000000000e+04
5.081500000000000000e+04
5.087900000000000000e+04
5.091100000000000000e+04
5.092700000000000000e+04
5.093500000000000000e+04
5.093900000000000000e+04
5.094100000000000000e+04
5.100700000000000000e+04
5.103900000000000000e+04
5.105500000000000000e+04
5.106300000000000000e+04
5.106700000000000000e+04
5.106900000000000000e+04
5.107000000000000000e+04
5.110300000000000000e+04
5.111900000000000000e+04
5.112700000000000000e+04
5.113100000000000000e+04
5.113300000000000000e+04
5.113400000000000000e+04
5.115100000000000000e+04
5.115900000000000000e+04
5.116300000000000000e+04
5.116500000000000000e+04
5.116600000000000000e+04
5.117500000000000000e+04
5.117900000000000000e+04
5.118100000000000000e+04
5.118200000000000000e+04
5.118700000000000000e+04
5.118900000000000000e+04
5.119000000000000000e+04
5.119300000000000000e+04
5.119400000000000000e+04
5.119600000000000000e+04
5.145500000000000000e+04
5.158300000000000000e+04
5.164700000000000000e+04
5.167900000000000000e+04
5.169500000000000000e+04
5.170300000000000000e+04
5.170700000000000000e+04
5.170900000000000000e+04
5.171000000000000000e+04
5.183900000000000000e+04
5.193500000000000000e+04
5.195100000000000000e+04
5.195900000000000000e+04
5.196300000000000000e+04
5.196500000000000000e+04
5.196600000000000000e+04
5.206300000000000000e+04
5.207900000000000000e+04
5.209100000000000000e+04
5.209300000000000000e+04
5.212700000000000000e+04
5.214300000000000000e+04
5.215100000000000000e+04
5.215500000000000000e+04
5.215800000000000000e+04
5.217500000000000000e+04
5.218300000000000000e+04
5.218700000000000000e+04
5.218900000000000000e+04
5.219000000000000000e+04
5.219900000000000000e+04
5.220300000000000000e+04
5.220500000000000000e+04
5.220600000000000000e+04
5.221100000000000000e+04
5.221300000000000000e+04
5.221800000000000000e+04
5.222000000000000000e+04
5.235100000000000000e+04
5.241500000000000000e+04
5.244700000000000000e+04
5.246300000000000000e+04
5.247700000000000000e+04
5.247800000000000000e+04
5.254300000000000000e+04
5.257500000000000000e+04
5.259100000000000000e+04
5.259900000000000000e+04
5.260300000000000000e+04
5.260500000000000000e+04
5.265500000000000000e+04
5.266300000000000000e+04
5.266700000000000000e+04
5.266900000000000000e+04
5.268700000000000000e+04
5.269900000000000000e+04
5.271700000000000000e+04
5.272900000000000000e+04
5.273200000000000000e+04
5.283100000000000000e+04
5.284700000000000000e+04
5.285500000000000000e+04
5.289500000000000000e+04
5.292300000000000000e+04
5.294300000000000000e+04
5.295500000000000000e+04
5.295800000000000000e+04
5.297100000000000000e+04
5.297300000000000000e+04
5.297400000000000000e+04
5.298100000000000000e+04
5.298200000000000000e+04
5.303900000000000000e+04
5.305100000000000000e+04
5.305300000000000000e+04
5.307100000000000000e+04
5.307900000000000000e+04
5.308300000000000000e+04
5.308500000000000000e+04
5.309500000000000000e+04
5.309900000000000000e+04
5.310900000000000000e+04
5.311000000000000000e+04
5.311300000000000000e+04
5.311400000000000000e+04
5.313500000000000000e+04
5.314300000000000000e+04
5.314700000000000000e+04
5.314900000000000000e+04
5.315900000000000000e+04
5.316300000000000000e+04
5.316500000000000000e+04
5.316600000000000000e+04
5.317300000000000000e+04
5.317400000000000000e+04
5.322200000000000000e+04
5.322500000000000000e+04
5.322600000000000000e+04
5.350300000000000000e+04
5.374300000000000000e+04
5.375700000000000000e+04
5.395100000000000000e+04
5.398300000000000000e+04
5.412700000000000000e+04
5.413900000000000000e+04
5.420300000000000000e+04
5.420500000000000000e+04
5.423800000000000000e+04
5.425900000000000000e+04
5.426600000000000000e+04
5.426800000000000000e+04
5.439900000000000000e+04
5.446300000000000000e+04
5.449500000000000000e+04
5.451100000000000000e+04
5.451900000000000000e+04
5.452300000000000000e+04
5.459100000000000000e+04
5.465100000000000000e+04
5.471500000000000000e+04
5.473500000000000000e+04
5.474700000000000000e+04
5.475900000000000000e+04
5.476600000000000000e+04
5.477700000000000000e+04
5.496700000000000000e+04
5.497300000000000000e+04
5.499100000000000000e+04
5.499900000000000000e+04
5.501500000000000000e+04
5.502900000000000000e+04
5.503000000000000000e+04
5.503600000000000000e+04
5.509500000000000000e+04
5.511900000000000000e+04
5.512700000000000000e+04
5.514300000000000000e+04
5.515000000000000000e+04
5.515800000000000000e+04
5.518300000000000000e+04
5.519700000000000000e+04
5.523900000000000000e+04
5.524300000000000000e+04
5.525100000000000000e+04
5.525400000000000000e+04
5.525800000000000000e+04
5.526700000000000000e+04
5.527000000000000000e+04
5.548700000000000000e+04
5.553500000000000000e+04
5.564700000000000000e+04
5.575900000000000000e+04
5.602300000000000000e+04
5.605300000000000000e+04
5.615800000000000000e+04
5.617100000000000000e+04
5.618600000000000000e+04
5.624600000000000000e+04
5.644500000000000000e+04
5.650300000000000000e+04
5.650900000000000000e+04
5.667900000000000000e+04
5.675700000000000000e+04
5.682400000000000000e+04
5.686300000000000000e+04
5.694900000000000000e+04
5.697500000000000000e+04
5.698300000000000000e+04
5.700300000000000000e+04
5.704300000000000000e+04
5.717700000000000000e+04
5.720100000000000000e+04
5.728300000000000000e+04
5.731600000000000000e+04
5.759900000000000000e+04
5.782300000000000000e+04
5.785400000000000000e+04
5.823500000000000000e+04
5.823800000000000000e+04
5.830100000000000000e+04
5.830200000000000000e+04
5.831900000000000000e+04
5.833100000000000000e+04
5.834300000000000000e+04
5.834700000000000000e+04
5.835000000000000000e+04
5.835800000000000000e+04
5.849500000000000000e+04
5.855900000000000000e+04
5.859100000000000000e+04
5.862100000000000000e+04
5.873500000000000000e+04
5.881100000000000000e+04
5.883100000000000000e+04
5.884600000000000000e+04
5.886200000000000000e+04
5.897500000000000000e+04
5.899100000000000000e+04
5.906700000000000000e+04
5.908700000000000000e+04
5.909900000000000000e+04
5.910100000000000000e+04
5.911800000000000000e+04
5.912600000000000000e+04
5.913000000000000000e+04
5.918300000000000000e+04
5.919800000000000000e+04
5.922300000000000000e+04
5.922900000000000000e+04
5.924500000000000000e+04
5.925800000000000000e+04
5.929100000000000000e+04
5.931500000000000000e+04
5.931800000000000000e+04
5.932100000000000000e+04
5.934100000000000000e+04
5.934200000000000000e+04
5.936300000000000000e+04
5.937200000000000000e+04
5.937800000000000000e+04
5.958300000000000000e+04
5.961500000000000000e+04
5.964600000000000000e+04
5.977100000000000000e+04
5.983100000000000000e+04
5.983500000000000000e+04
5.986300000000000000e+04
5.989400000000000000e+04
5.989800000000000000e+04
6.011100000000000000e+04
6.011900000000000000e+04
6.012300000000000000e+04
6.015300000000000000e+04
6.015600000000000000e+04
6.031800000000000000e+04
6.032700000000000000e+04
6.033900000000000000e+04
6.034100000000000000e+04
6.047900000000000000e+04
6.051100000000000000e+04
6.060600000000000000e+04
6.065100000000000000e+04
6.065900000000000000e+04
6.078900000000000000e+04
6.079600000000000000e+04
6.085100000000000000e+04
6.088300000000000000e+04
6.088500000000000000e+04
6.088600000000000000e+04
6.099000000000000000e+04
6.100700000000000000e+04
6.102200000000000000e+04
6.103800000000000000e+04
6.104300000000000000e+04
6.108300000000000000e+04
6.110700000000000000e+04
6.111000000000000000e+04
6.113300000000000000e+04
6.114100000000000000e+04
6.122300000000000000e+04
6.125500000000000000e+04
6.132500000000000000e+04
6.133300000000000000e+04
6.136200000000000000e+04
6.138600000000000000e+04
6.139600000000000000e+04
6.142400000000000000e+04
6.156700000000000000e+04
6.163100000000000000e+04
6.169400000000000000e+04
6.181500000000000000e+04
6.191500000000000000e+04
6.192700000000000000e+04
6.201500000000000000e+04
6.207500000000000000e+04
6.214200000000000000e+04
6.230100000000000000e+04
6.231800000000000000e+04
6.236600000000000000e+04
6.237500000000000000e+04
6.239400000000000000e+04
6.242600000000000000e+04
6.245000000000000000e+04
6.267100000000000000e+04
6.268500000000000000e+04
6.269900000000000000e+04
6.278200000000000000e+04
6.295600000000000000e+04
6.296800000000000000e+04
6.307900000000000000e+04
6.319300000000000000e+04
6.322000000000000000e+04
6.327100000000000000e+04
6.328500000000000000e+04
6.332200000000000000e+04
6.334500000000000000e+04
6.334800000000000000e+04
6.338600000000000000e+04
6.340100000000000000e+04
6.344100000000000000e+04
6.366300000000000000e+04
6.370700000000000000e+04
6.383500000000000000e+04
6.385300000000000000e+04
6.388700000000000000e+04
6.389900000000000000e+04
6.390200000000000000e+04
6.391100000000000000e+04
6.396100000000000000e+04
6.404700000000000000e+04
6.415500000000000000e+04
6.436400000000000000e+04
6.439500000000000000e+04
6.445100000000000000e+04
6.472500000000000000e+04
6.507800000000000000e+04
6.517400000000000000e+04
6.518700000000000000e+04
6.532200000000000000e+04
6.655900000000000000e+04
6.707100000000000000e+04
6.732700000000000000e+04
6.745500000000000000e+04
6.751900000000000000e+04
6.755100000000000000e+04
6.756700000000000000e+04
6.757500000000000000e+04
6.757900000000000000e+04
6.758100000000000000e+04
6.758200000000000000e+04
6.809500000000000000e+04
6.835100000000000000e+04
6.847900000000000000e+04
6.854300000000000000e+04
6.857500000000000000e+04
6.859100000000000000e+04
6.859900000000000000e+04
6.860300000000000000e+04
6.860500000000000000e+04
6.860600000000000000e+04
6.886300000000000000e+04
6.899100000000000000e+04
6.905500000000000000e+04
6.908700000000000000e+04
6.910300000000000000e+04
6.911100000000000000e+04
6.911500000000000000e+04
6.911700000000000000e+04
6.911800000000000000e+04
6.924700000000000000e+04
6.931100000000000000e+04
6.934300000000000000e+04
6.935900000000000000e+04
6.936700000000000000e+04
6.937100000000000000e+04
6.937300000000000000e+04
6.937400000000000000e+04
6.943900000000000000e+04
6.947100000000000000e+04
6.948700000000000000e+04
6.949500000000000000e+04
6.949900000000000000e+04
6.950100000000000000e+04
6.950200000000000000e+04
6.953500000000000000e+04
6.955100000000000000e+04
6.955900000000000000e+04
6.956300000000000000e+04
6.956500000000000000e+04
6.956600000000000000e+04
6.958300000000000000e+04
6.959100000000000000e+04
6.959500000000000000e+04
6.959700000000000000e+04
6.959800000000000000e+04
6.960700000000000000e+04
6.961100000000000000e+04
6.961300000000000000e+04
6.961400000000000000e+04
6.961900000000000000e+04
6.962100000000000000e+04
6.962200000000000000e+04
6.962500000000000000e+04
6.962600000000000000e+04
6.962800000000000000e+04
7.014300000000000000e+04
7.039900000000000000e+04
7.052700000000000000e+04
7.059100000000000000e+04
7.062300000000000000e+04
7.063900000000000000e+04
7.064700000000000000e+04
7.065100000000000000e+04
7.065300000000000000e+04
7.065400000000000000e+04
7.091100000000000000e+04
7.103900000000000000e+04
7.110300000000000000e+04
7.113500000000000000e+04
7.115100000000000000e+04
7.115900000000000000e+04
7.116300000000000000e+04
7.116500000000000000e+04
7.116600000000000000e+04
7.129500000000000000e+04
7.135900000000000000e+04
7.139100000000000000e+04
7.140700000000000000e+04
7.141500000000000000e+04
7.141900000000000000e+04
7.142100000000000000e+04
7.142200000000000000e+04
7.148700000000000000e+04
7.151900000000000000e+04
7.153500000000000000e+04
7.154300000000000000e+04
7.154700000000000000e+04
7.154900000000000000e+04
7.158300000000000000e+04
7.159900000000000000e+04
7.160700000000000000e+04
7.161100000000000000e+04
7.161300000000000000e+04
7.161400000000000000e+04
7.163100000000000000e+04
7.163900000000000000e+04
7.164300000000000000e+04
7.164500000000000000e+04
7.165500000000000000e+04
7.165900000000000000e+04
7.166100000000000000e+04
7.166200000000000000e+04
7.166700000000000000e+04
7.166900000000000000e+04
7.167000000000000000e+04
7.167300000000000000e+04
7.167400000000000000e+04
7.167600000000000000e+04
7.193500000000000000e+04
7.206300000000000000e+04
7.212700000000000000e+04
7.215900000000000000e+04
7.217500000000000000e+04
7.218300000000000000e+04
7.218700000000000000e+04
7.218900000000000000e+04
7.231900000000000000e+04
7.238300000000000000e+04
7.241500000000000000e+04
7.243100000000000000e+04
7.243900000000000000e+04
7.244300000000000000e+04
7.244500000000000000e+04
7.244600000000000000e+04
7.251100000000000000e+04
7.254300000000000000e+04
7.255900000000000000e+04
7.257400000000000000e+04
7.262300000000000000e+04
7.263100000000000000e+04
7.263500000000000000e+04
7.263700000000000000e+04
7.265500000000000000e+04
7.266300000000000000e+04
7.266700000000000000e+04
7.267900000000000000e+04
7.268300000000000000e+04
7.269100000000000000e+04
7.269300000000000000e+04
7.269400000000000000e+04
7.269700000000000000e+04
7.283100000000000000e+04
7.289500000000000000e+04
7.292700000000000000e+04
7.295100000000000000e+04
7.295500000000000000e+04
7.295800000000000000e+04
7.305500000000000000e+04
7.307100000000000000e+04
7.307900000000000000e+04
7.308300000000000000e+04
7.308500000000000000e+04
7.308600000000000000e+04
7.311900000000000000e+04
7.313500000000000000e+04
7.314300000000000000e+04
7.314700000000000000e+04
7.314900000000000000e+04
7.317900000000000000e+04
7.318100000000000000e+04
7.319700000000000000e+04
7.321200000000000000e+04
7.331100000000000000e+04
7.332700000000000000e+04
7.333500000000000000e+04
7.333900000000000000e+04
7.334100000000000000e+04
7.337500000000000000e+04
7.339100000000000000e+04
7.339900000000000000e+04
7.340300000000000000e+04
7.342300000000000000e+04
7.343500000000000000e+04
7.345300000000000000e+04
7.345900000000000000e+04
7.346100000000000000e+04
7.353300000000000000e+04
7.353400000000000000e+04
7.355100000000000000e+04
7.355900000000000000e+04
7.356300000000000000e+04
7.356500000000000000e+04
7.356600000000000000e+04
7.357500000000000000e+04
7.357900000000000000e+04
7.358100000000000000e+04
7.358200000000000000e+04
7.358700000000000000e+04
7.359300000000000000e+04
7.361500000000000000e+04
7.362300000000000000e+04
7.362900000000000000e+04
7.363900000000000000e+04
7.364300000000000000e+04
7.364600000000000000e+04
7.365100000000000000e+04
7.367700000000000000e+04
7.368300000000000000e+04
7.368900000000000000e+04
7.369900000000000000e+04
7.370600000000000000e+04
7.371300000000000000e+04
7.372000000000000000e+04
7.423900000000000000e+04
7.449500000000000000e+04
7.462300000000000000e+04
7.468700000000000000e+04
7.471900000000000000e+04
7.473500000000000000e+04
7.474300000000000000e+04
7.474700000000000000e+04
7.474900000000000000e+04
7.475000000000000000e+04
7.500700000000000000e+04
7.513500000000000000e+04
7.519900000000000000e+04
7.523100000000000000e+04
7.524700000000000000e+04
7.525500000000000000e+04
7.525900000000000000e+04
7.526100000000000000e+04
7.526200000000000000e+04
7.539100000000000000e+04
7.545500000000000000e+04
7.548700000000000000e+04
7.550300000000000000e+04
7.551100000000000000e+04
7.551500000000000000e+04
7.551700000000000000e+04
7.551800000000000000e+04
7.558300000000000000e+04
7.561500000000000000e+04
7.563100000000000000e+04
7.563900000000000000e+04
7.564300000000000000e+04
7.564500000000000000e+04
7.564600000000000000e+04
7.567900000000000000e+04
7.569500000000000000e+04
7.570300000000000000e+04
7.570700000000000000e+04
7.570900000000000000e+04
7.571000000000000000e+04
7.572700000000000000e+04
7.573500000000000000e+04
7.573900000000000000e+04
7.574100000000000000e+04
7.574200000000000000e+04
7.575100000000000000e+04
7.575500000000000000e+04
7.575700000000000000e+04
7.575800000000000000e+04
7.576300000000000000e+04
7.576500000000000000e+04
7.576600000000000000e+04
7.576900000000000000e+04
7.577000000000000000e+04
7.577200000000000000e+04
7.603100000000000000e+04
7.615900000000000000e+04
7.622300000000000000e+04
7.625500000000000000e+04
7.627100000000000000e+04
7.628300000000000000e+04
7.628500000000000000e+04
7.628600000000000000e+04
7.641500000000000000e+04
7.647900000000000000e+04
7.651100000000000000e+04
7.652700000000000000e+04
7.653500000000000000e+04
7.653900000000000000e+04
7.654100000000000000e+04
7.654200000000000000e+04
7.666300000000000000e+04
7.666700000000000000e+04
7.667000000000000000e+04
7.671900000000000000e+04
7.673100000000000000e+04
7.675100000000000000e+04
7.676300000000000000e+04
7.676500000000000000e+04
7.676600000000000000e+04
7.678100000000000000e+04
7.678900000000000000e+04
7.679300000000000000e+04
7.679400000000000000e+04
7.679600000000000000e+04
7.692700000000000000e+04
7.699100000000000000e+04
7.703900000000000000e+04
7.705100000000000000e+04
7.705300000000000000e+04
7.705400000000000000e+04
7.711900000000000000e+04
7.716700000000000000e+04
7.717900000000000000e+04
7.721500000000000000e+04
7.723100000000000000e+04
7.724300000000000000e+04
7.724500000000000000e+04
7.724600000000000000e+04
7.727800000000000000e+04
7.729100000000000000e+04
7.729300000000000000e+04
7.729400000000000000e+04
7.730100000000000000e+04
7.730500000000000000e+04
7.730600000000000000e+04
7.737500000000000000e+04
7.740700000000000000e+04
7.742300000000000000e+04
7.748700000000000000e+04
7.749500000000000000e+04
7.749900000000000000e+04
7.750200000000000000e+04
7.754700000000000000e+04
7.754900000000000000e+04
7.755700000000000000e+04
7.762700000000000000e+04
7.763000000000000000e+04
7.765500000000000000e+04
7.765900000000000000e+04
7.766200000000000000e+04
7.768300000000000000e+04
7.768500000000000000e+04
7.768900000000000000e+04
7.769000000000000000e+04
7.771900000000000000e+04
7.772600000000000000e+04
7.773900000000000000e+04
7.774700000000000000e+04
7.775400000000000000e+04
7.777300000000000000e+04
7.777900000000000000e+04
7.778100000000000000e+04
7.778500000000000000e+04
7.778800000000000000e+04
7.780100000000000000e+04
7.780200000000000000e+04
7.781200000000000000e+04
7.827100000000000000e+04
7.830300000000000000e+04
7.831900000000000000e+04
7.832700000000000000e+04
7.852700000000000000e+04
7.855900000000000000e+04
7.857500000000000000e+04
7.858300000000000000e+04
7.865500000000000000e+04
7.870300000000000000e+04
7.871500000000000000e+04
7.871800000000000000e+04
7.878200000000000000e+04
7.879900000000000000e+04
7.880700000000000000e+04
7.882300000000000000e+04
7.882700000000000000e+04
7.882900000000000000e+04
7.883700000000000000e+04
7.883800000000000000e+04
7.884100000000000000e+04
7.897500000000000000e+04
7.908700000000000000e+04
7.909500000000000000e+04
7.909900000000000000e+04
7.910100000000000000e+04
7.926300000000000000e+04
7.928700000000000000e+04
7.931100000000000000e+04
7.932500000000000000e+04
7.935000000000000000e+04
7.945500000000000000e+04
7.948300000000000000e+04
7.948500000000000000e+04
7.948600000000000000e+04
7.954900000000000000e+04
7.957900000000000000e+04
7.959100000000000000e+04
7.959500000000000000e+04
7.960900000000000000e+04
7.967800000000000000e+04
7.969500000000000000e+04
7.970300000000000000e+04
7.971000000000000000e+04
7.972500000000000000e+04
7.973400000000000000e+04
7.979500000000000000e+04
7.980200000000000000e+04
7.985700000000000000e+04
7.986000000000000000e+04
7.999900000000000000e+04
8.022300000000000000e+04
8.025100000000000000e+04
8.034900000000000000e+04
8.036500000000000000e+04
8.050300000000000000e+04
8.050700000000000000e+04
8.054300000000000000e+04
8.056700000000000000e+04
8.069900000000000000e+04
8.073100000000000000e+04
8.073300000000000000e+04
8.075700000000000000e+04
8.078300000000000000e+04
8.081300000000000000e+04
8.081400000000000000e+04
8.087600000000000000e+04
8.107100000000000000e+04
8.108300000000000000e+04
8.121400000000000000e+04
8.127400000000000000e+04
8.130300000000000000e+04
8.132500000000000000e+04
8.136600000000000000e+04
8.138200000000000000e+04
8.146700000000000000e+04
8.149500000000000000e+04
8.152600000000000000e+04
8.157900000000000000e+04
8.161100000000000000e+04
8.162800000000000000e+04
8.165200000000000000e+04
8.170700000000000000e+04
8.171000000000000000e+04
8.186800000000000000e+04
8.188900000000000000e+04
8.189200000000000000e+04
8.243100000000000000e+04
8.268700000000000000e+04
8.281500000000000000e+04
8.287900000000000000e+04
8.291100000000000000e+04
8.292700000000000000e+04
8.293500000000000000e+04
8.293900000000000000e+04
8.294100000000000000e+04
8.294200000000000000e+04
8.319900000000000000e+04
8.332700000000000000e+04
8.339100000000000000e+04
8.342300000000000000e+04
8.343900000000000000e+04
8.344700000000000000e+04
8.345100000000000000e+04
8.345300000000000000e+04
8.345400000000000000e+04
8.358300000000000000e+04
8.364700000000000000e+04
8.367900000000000000e+04
8.369500000000000000e+04
8.370300000000000000e+04
8.370700000000000000e+04
8.370900000000000000e+04
8.371000000000000000e+04
8.377500000000000000e+04
8.380700000000000000e+04
8.382300000000000000e+04
8.383100000000000000e+04
8.383500000000000000e+04
8.383700000000000000e+04
8.383800000000000000e+04
8.387100000000000000e+04
8.388700000000000000e+04
8.389500000000000000e+04
8.389900000000000000e+04
8.390100000000000000e+04
8.390200000000000000e+04
8.391900000000000000e+04
8.392700000000000000e+04
8.393100000000000000e+04
8.393300000000000000e+04
8.394300000000000000e+04
8.394700000000000000e+04
8.394900000000000000e+04
8.395000000000000000e+04
8.395500000000000000e+04
8.395700000000000000e+04
8.396100000000000000e+04
8.396200000000000000e+04
8.396400000000000000e+04
8.422300000000000000e+04
8.435100000000000000e+04
8.444700000000000000e+04
8.446300000000000000e+04
8.447100000000000000e+04
8.447500000000000000e+04
8.447700000000000000e+04
8.447800000000000000e+04
8.460700000000000000e+04
8.467100000000000000e+04
8.470300000000000000e+04
8.471900000000000000e+04
8.472700000000000000e+04
8.473100000000000000e+04
8.473300000000000000e+04
8.473400000000000000e+04
8.483100000000000000e+04
8.485500000000000000e+04
8.486100000000000000e+04
8.489500000000000000e+04
8.491900000000000000e+04
8.492600000000000000e+04
8.494300000000000000e+04
8.495100000000000000e+04
8.495500000000000000e+04
8.496700000000000000e+04
8.497100000000000000e+04
8.497300000000000000e+04
8.497400000000000000e+04
8.497900000000000000e+04
8.498100000000000000e+04
8.498800000000000000e+04
8.511900000000000000e+04
8.518300000000000000e+04
8.521500000000000000e+04
8.523100000000000000e+04
8.524300000000000000e+04
8.534300000000000000e+04
8.535900000000000000e+04
8.536700000000000000e+04
8.537100000000000000e+04
8.537300000000000000e+04
8.540700000000000000e+04
8.542300000000000000e+04
8.543500000000000000e+04
8.546300000000000000e+04
8.547900000000000000e+04
8.556700000000000000e+04
8.559900000000000000e+04
8.561500000000000000e+04
8.562300000000000000e+04
8.562700000000000000e+04
8.562900000000000000e+04
8.563000000000000000e+04
8.566300000000000000e+04
8.567900000000000000e+04
8.568700000000000000e+04
8.569100000000000000e+04
8.569300000000000000e+04
8.571100000000000000e+04
8.571900000000000000e+04
8.572300000000000000e+04
8.575000000000000000e+04
8.580700000000000000e+04
8.582100000000000000e+04
8.583900000000000000e+04
8.584700000000000000e+04
8.585100000000000000e+04
8.585300000000000000e+04
8.586700000000000000e+04
8.587500000000000000e+04
8.587800000000000000e+04
8.588100000000000000e+04
8.588200000000000000e+04
8.588400000000000000e+04
8.591100000000000000e+04
8.591500000000000000e+04
8.591700000000000000e+04
8.593400000000000000e+04
8.596500000000000000e+04
8.596600000000000000e+04
8.598900000000000000e+04
8.600100000000000000e+04
8.646300000000000000e+04
8.651100000000000000e+04
8.671900000000000000e+04
8.676700000000000000e+04
8.677500000000000000e+04
8.678200000000000000e+04
8.684700000000000000e+04
8.687900000000000000e+04
8.689500000000000000e+04
8.690300000000000000e+04
8.694300000000000000e+04
8.696700000000000000e+04
8.697100000000000000e+04
8.697400000000000000e+04
8.699900000000000000e+04
8.700500000000000000e+04
8.700600000000000000e+04
8.701500000000000000e+04
8.701900000000000000e+04
8.702700000000000000e+04
8.703300000000000000e+04
8.703600000000000000e+04
8.716700000000000000e+04
8.723100000000000000e+04
8.727900000000000000e+04
8.729100000000000000e+04
8.729300000000000000e+04
8.739100000000000000e+04
8.750300000000000000e+04
8.751100000000000000e+04
8.751500000000000000e+04
8.752700000000000000e+04
8.753900000000000000e+04
8.754100000000000000e+04
8.773500000000000000e+04
8.773900000000000000e+04
8.774200000000000000e+04
8.775900000000000000e+04
8.776700000000000000e+04
8.780100000000000000e+04
8.786300000000000000e+04
8.786900000000000000e+04
8.788700000000000000e+04
8.789500000000000000e+04
8.791800000000000000e+04
8.792900000000000000e+04
8.797900000000000000e+04
8.798200000000000000e+04
8.799400000000000000e+04
8.801400000000000000e+04
8.801900000000000000e+04
8.803800000000000000e+04
8.804100000000000000e+04
8.805200000000000000e+04
8.830300000000000000e+04
8.838300000000000000e+04
8.844300000000000000e+04
8.847900000000000000e+04
8.852700000000000000e+04
8.857200000000000000e+04
8.863900000000000000e+04
8.870100000000000000e+04
8.875900000000000000e+04
8.876600000000000000e+04
8.878300000000000000e+04
8.879100000000000000e+04
8.879800000000000000e+04
8.882500000000000000e+04
8.882600000000000000e+04
8.894200000000000000e+04
8.900500000000000000e+04
8.900600000000000000e+04
8.901800000000000000e+04
8.904300000000000000e+04
8.905200000000000000e+04
8.905900000000000000e+04
8.906500000000000000e+04
8.921300000000000000e+04
8.927800000000000000e+04
8.933100000000000000e+04
8.943100000000000000e+04
8.951800000000000000e+04
8.952300000000000000e+04
8.952600000000000000e+04
8.957400000000000000e+04
8.966100000000000000e+04
8.969100000000000000e+04
8.981800000000000000e+04
8.982700000000000000e+04
8.991400000000000000e+04
8.993900000000000000e+04
8.994200000000000000e+04
8.994500000000000000e+04
9.002800000000000000e+04
9.055900000000000000e+04
9.061900000000000000e+04
9.062200000000000000e+04
9.087700000000000000e+04
9.106900000000000000e+04
9.107000000000000000e+04
9.109500000000000000e+04
9.109900000000000000e+04
9.111100000000000000e+04
9.111700000000000000e+04
9.112900000000000000e+04
9.132700000000000000e+04
9.135900000000000000e+04
9.137500000000000000e+04
9.150300000000000000e+04
9.151100000000000000e+04
9.157500000000000000e+04
9.163000000000000000e+04
9.164200000000000000e+04
9.171100000000000000e+04
9.175900000000000000e+04
9.177100000000000000e+04
9.177300000000000000e+04
9.186300000000000000e+04
9.186900000000000000e+04
9.187000000000000000e+04
9.199500000000000000e+04
9.202100000000000000e+04
9.202800000000000000e+04
9.208500000000000000e+04
9.213300000000000000e+04
9.247900000000000000e+04
9.252700000000000000e+04
9.264700000000000000e+04
9.276700000000000000e+04
9.291700000000000000e+04
9.291800000000000000e+04
9.292200000000000000e+04
9.297500000000000000e+04
9.298300000000000000e+04
9.298700000000000000e+04
9.301500000000000000e+04
9.302100000000000000e+04
9.304900000000000000e+04
9.311000000000000000e+04
9.311600000000000000e+04
9.315700000000000000e+04
9.339100000000000000e+04
9.353100000000000000e+04
9.361100000000000000e+04
9.362800000000000000e+04
9.365700000000000000e+04
9.366000000000000000e+04
9.366900000000000000e+04
9.374300000000000000e+04
9.377500000000000000e+04
9.379900000000000000e+04
9.385300000000000000e+04
9.392300000000000000e+04
9.393700000000000000e+04
9.398100000000000000e+04
9.402300000000000000e+04
9.403500000000000000e+04
9.412100000000000000e+04
9.413200000000000000e+04
9.413600000000000000e+04
9.415000000000000000e+04
9.445900000000000000e+04
9.452700000000000000e+04
9.458900000000000000e+04
9.490300000000000000e+04
9.490900000000000000e+04
9.493500000000000000e+04
9.493900000000000000e+04
9.494200000000000000e+04
9.503700000000000000e+04
9.509100000000000000e+04
9.509700000000000000e+04
9.518700000000000000e+04
9.518900000000000000e+04
9.535500000000000000e+04
9.539100000000000000e+04
9.544700000000000000e+04
9.545100000000000000e+04
9.545300000000000000e+04
9.557900000000000000e+04
9.560900000000000000e+04
9.564300000000000000e+04
9.582300000000000000e+04
9.596400000000000000e+04
9.601500000000000000e+04
9.603900000000000000e+04
9.606000000000000000e+04
9.617200000000000000e+04
9.659900000000000000e+04
9.666900000000000000e+04
9.668300000000000000e+04
9.669700000000000000e+04
9.682700000000000000e+04
9.692500000000000000e+04
9.698100000000000000e+04
9.704700000000000000e+04
9.705400000000000000e+04
9.711000000000000000e+04
9.713200000000000000e+04
9.716300000000000000e+04
9.717300000000000000e+04
9.734200000000000000e+04
9.738700000000000000e+04
9.745900000000000000e+04
9.752200000000000000e+04
9.769200000000000000e+04
9.771600000000000000e+04
9.790500000000000000e+04
9.799400000000000000e+04
9.816000000000000000e+04
9.881500000000000000e+04
9.907100000000000000e+04
9.919900000000000000e+04
9.926300000000000000e+04
9.929500000000000000e+04
9.931100000000000000e+04
9.931900000000000000e+04
9.932300000000000000e+04
9.932500000000000000e+04
9.932600000000000000e+04
9.958300000000000000e+04
9.971100000000000000e+04
9.977500000000000000e+04
9.980700000000000000e+04
9.982300000000000000e+04
9.983100000000000000e+04
9.983500000000000000e+04
9.983700000000000000e+04
9.983800000000000000e+04
9.996700000000000000e+04
1.000310000000000000e+05
1.000630000000000000e+05
1.000790000000000000e+05
1.000870000000000000e+05
1.000910000000000000e+05
1.000930000000000000e+05
1.000940000000000000e+05
1.001590000000000000e+05
1.001910000000000000e+05
1.002070000000000000e+05
1.002150000000000000e+05
1.002190000000000000e+05
1.002210000000000000e+05
1.002220000000000000e+05
1.002550000000000000e+05
1.002710000000000000e+05
1.002790000000000000e+05
1.002830000000000000e+05
1.002850000000000000e+05
1.002860000000000000e+05
1.003030000000000000e+05
1.003110000000000000e+05
1.003150000000000000e+05
1.003170000000000000e+05
1.003180000000000000e+05
1.003270000000000000e+05
1.003310000000000000e+05
1.003330000000000000e+05
1.003340000000000000e+05
1.003390000000000000e+05
1.003410000000000000e+05
1.003450000000000000e+05
1.003480000000000000e+05
1.006070000000000000e+05
1.007350000000000000e+05
1.007990000000000000e+05
1.008310000000000000e+05
1.008470000000000000e+05
1.008550000000000000e+05
1.008590000000000000e+05
1.008610000000000000e+05
1.009910000000000000e+05
1.010550000000000000e+05
1.010870000000000000e+05
1.011030000000000000e+05
1.011110000000000000e+05
1.011150000000000000e+05
1.011170000000000000e+05
1.011180000000000000e+05
1.011830000000000000e+05
1.012150000000000000e+05
1.012310000000000000e+05
1.012390000000000000e+05
1.012430000000000000e+05
1.012450000000000000e+05
1.012460000000000000e+05
1.012950000000000000e+05
1.013090000000000000e+05
1.013100000000000000e+05
1.013270000000000000e+05
1.013350000000000000e+05
1.013390000000000000e+05
1.013420000000000000e+05
1.013510000000000000e+05
1.013550000000000000e+05
1.013570000000000000e+05
1.013630000000000000e+05
1.013650000000000000e+05
1.013660000000000000e+05
1.013690000000000000e+05
1.013700000000000000e+05
1.015030000000000000e+05
1.015670000000000000e+05
1.015990000000000000e+05
1.016150000000000000e+05
1.016270000000000000e+05
1.016290000000000000e+05
1.016300000000000000e+05
1.016950000000000000e+05
1.017270000000000000e+05
1.017430000000000000e+05
1.017510000000000000e+05
1.017550000000000000e+05
1.017570000000000000e+05
1.017580000000000000e+05
1.017910000000000000e+05
1.018150000000000000e+05
1.018190000000000000e+05
1.018220000000000000e+05
1.018530000000000000e+05
1.018540000000000000e+05
1.018630000000000000e+05
1.018670000000000000e+05
1.018700000000000000e+05
1.018750000000000000e+05
1.018770000000000000e+05
1.019510000000000000e+05
1.019830000000000000e+05
1.019990000000000000e+05
1.020070000000000000e+05
1.020130000000000000e+05
1.020470000000000000e+05
1.020630000000000000e+05
1.020750000000000000e+05
1.020770000000000000e+05
1.020780000000000000e+05
1.020950000000000000e+05
1.021070000000000000e+05
1.021190000000000000e+05
1.021230000000000000e+05
1.021370000000000000e+05
1.021400000000000000e+05
1.021750000000000000e+05
1.021910000000000000e+05
1.021990000000000000e+05
1.022050000000000000e+05
1.022060000000000000e+05
1.022230000000000000e+05
1.022310000000000000e+05
1.022350000000000000e+05
1.022370000000000000e+05
1.022380000000000000e+05
1.022470000000000000e+05
1.022510000000000000e+05
1.022530000000000000e+05
1.022540000000000000e+05
1.022610000000000000e+05
1.022650000000000000e+05
1.022660000000000000e+05
1.022870000000000000e+05
1.022950000000000000e+05
1.022990000000000000e+05
1.023110000000000000e+05
1.023150000000000000e+05
1.023170000000000000e+05
1.023250000000000000e+05
1.023260000000000000e+05
1.023290000000000000e+05
1.023320000000000000e+05
1.023430000000000000e+05
1.023470000000000000e+05
1.023550000000000000e+05
1.023580000000000000e+05
1.023710000000000000e+05
1.023780000000000000e+05
1.023800000000000000e+05
1.023850000000000000e+05
1.023860000000000000e+05
1.026550000000000000e+05
1.028790000000000000e+05
1.028950000000000000e+05
1.029070000000000000e+05
1.030390000000000000e+05
1.031590000000000000e+05
1.031630000000000000e+05
1.031660000000000000e+05
1.032630000000000000e+05
1.032790000000000000e+05
1.032910000000000000e+05
1.033270000000000000e+05
1.033430000000000000e+05
1.033750000000000000e+05
1.033890000000000000e+05
1.034030000000000000e+05
1.034050000000000000e+05
1.034110000000000000e+05
1.034130000000000000e+05
1.034180000000000000e+05
1.034200000000000000e+05
1.035510000000000000e+05
1.036470000000000000e+05
1.036630000000000000e+05
1.036710000000000000e+05
1.036770000000000000e+05
1.036780000000000000e+05
1.037910000000000000e+05
1.038030000000000000e+05
1.038050000000000000e+05
1.038390000000000000e+05
1.038550000000000000e+05
1.038670000000000000e+05
1.038700000000000000e+05
1.038870000000000000e+05
1.038950000000000000e+05
1.039010000000000000e+05
1.039110000000000000e+05
1.039150000000000000e+05
1.039230000000000000e+05
1.039260000000000000e+05
1.040310000000000000e+05
1.040590000000000000e+05
1.040620000000000000e+05
1.041190000000000000e+05
1.041430000000000000e+05
1.041570000000000000e+05
1.041670000000000000e+05
1.041710000000000000e+05
1.041730000000000000e+05
1.041740000000000000e+05
1.041810000000000000e+05
1.041860000000000000e+05
1.042850000000000000e+05
1.042990000000000000e+05
1.043070000000000000e+05
1.043130000000000000e+05
1.043160000000000000e+05
1.043430000000000000e+05
1.043650000000000000e+05
1.043710000000000000e+05
1.043730000000000000e+05
1.043770000000000000e+05
1.043950000000000000e+05
1.044030000000000000e+05
1.044190000000000000e+05
1.044250000000000000e+05
1.044400000000000000e+05
1.046870000000000000e+05
1.049230000000000000e+05
1.049540000000000000e+05
1.050860000000000000e+05
1.051490000000000000e+05
1.051980000000000000e+05
1.052770000000000000e+05
1.053340000000000000e+05
1.054500000000000000e+05
1.054570000000000000e+05
1.055670000000000000e+05
1.055970000000000000e+05
1.056310000000000000e+05
1.056470000000000000e+05
1.057180000000000000e+05
1.058210000000000000e+05
1.058220000000000000e+05
1.058490000000000000e+05
1.059070000000000000e+05
1.059130000000000000e+05
1.059310000000000000e+05
1.059390000000000000e+05
1.059620000000000000e+05
1.059700000000000000e+05
1.060870000000000000e+05
1.061350000000000000e+05
1.061390000000000000e+05
1.061970000000000000e+05
1.062010000000000000e+05
1.062110000000000000e+05
1.062200000000000000e+05
1.062260000000000000e+05
1.062320000000000000e+05
1.062690000000000000e+05
1.063810000000000000e+05
1.067510000000000000e+05
1.069430000000000000e+05
1.069910000000000000e+05
1.070030000000000000e+05
1.070050000000000000e+05
1.072310000000000000e+05
1.072470000000000000e+05
1.072550000000000000e+05
1.072590000000000000e+05
1.072610000000000000e+05
1.073270000000000000e+05
1.073870000000000000e+05
1.074230000000000000e+05
1.074510000000000000e+05
1.074540000000000000e+05
1.074710000000000000e+05
1.074860000000000000e+05
1.074990000000000000e+05
1.075010000000000000e+05
1.075070000000000000e+05
1.075130000000000000e+05
1.075160000000000000e+05
1.077670000000000000e+05
1.077730000000000000e+05
1.078710000000000000e+05
1.078870000000000000e+05
1.079350000000000000e+05
1.079510000000000000e+05
1.079980000000000000e+05
1.080140000000000000e+05
1.080220000000000000e+05
1.081270000000000000e+05
1.081570000000000000e+05
1.081910000000000000e+05
1.082190000000000000e+05
1.082470000000000000e+05
1.082530000000000000e+05
1.082540000000000000e+05
1.082810000000000000e+05
1.082820000000000000e+05
1.082840000000000000e+05
1.083490000000000000e+05
1.083500000000000000e+05
1.083790000000000000e+05
1.083810000000000000e+05
1.083820000000000000e+05
1.084050000000000000e+05
1.084060000000000000e+05
1.084090000000000000e+05
1.084100000000000000e+05
1.084390000000000000e+05
1.084460000000000000e+05
1.084550000000000000e+05
1.084700000000000000e+05
1.084940000000000000e+05
1.085010000000000000e+05
1.085050000000000000e+05
1.085170000000000000e+05
1.085210000000000000e+05
1.085220000000000000e+05
1.085360000000000000e+05
1.087830000000000000e+05
1.087950000000000000e+05
1.087980000000000000e+05
1.089890000000000000e+05
1.090070000000000000e+05
1.090150000000000000e+05
1.090380000000000000e+05
1.090520000000000000e+05
1.092310000000000000e+05
1.092930000000000000e+05
1.092940000000000000e+05
1.093010000000000000e+05
1.093590000000000000e+05
1.093910000000000000e+05
1.094790000000000000e+05
1.094940000000000000e+05
1.095000000000000000e+05
1.095170000000000000e+05
1.095230000000000000e+05
1.095300000000000000e+05
1.095540000000000000e+05
1.097270000000000000e+05
1.097870000000000000e+05
1.098130000000000000e+05
1.098200000000000000e+05
1.099110000000000000e+05
1.099480000000000000e+05
1.100060000000000000e+05
1.100090000000000000e+05
1.100120000000000000e+05
1.100350000000000000e+05
1.100420000000000000e+05
1.100660000000000000e+05
1.100720000000000000e+05
1.101390000000000000e+05
1.101710000000000000e+05
1.101730000000000000e+05
1.102020000000000000e+05
1.102350000000000000e+05
1.102370000000000000e+05
1.102530000000000000e+05
1.102540000000000000e+05
1.102790000000000000e+05
1.102930000000000000e+05
1.102940000000000000e+05
1.103090000000000000e+05
1.103100000000000000e+05
1.103220000000000000e+05
1.103240000000000000e+05
1.103810000000000000e+05
1.103870000000000000e+05
1.103940000000000000e+05
1.104280000000000000e+05
1.104490000000000000e+05
1.105080000000000000e+05
1.107830000000000000e+05
1.108310000000000000e+05
1.108390000000000000e+05
1.109710000000000000e+05
1.109730000000000000e+05
1.113410000000000000e+05
1.113500000000000000e+05
1.114070000000000000e+05
1.114470000000000000e+05
1.114530000000000000e+05
1.115270000000000000e+05
1.115460000000000000e+05
1.115730000000000000e+05
1.118230000000000000e+05
1.118660000000000000e+05
1.119810000000000000e+05
1.119870000000000000e+05
1.119940000000000000e+05
1.120570000000000000e+05
1.120580000000000000e+05
1.120920000000000000e+05
1.122070000000000000e+05
1.122190000000000000e+05
1.122490000000000000e+05
1.122790000000000000e+05
1.122860000000000000e+05
1.122990000000000000e+05
1.123410000000000000e+05
1.125250000000000000e+05
1.125260000000000000e+05
1.125330000000000000e+05
1.125940000000000000e+05
1.128750000000000000e+05
1.130530000000000000e+05
1.130670000000000000e+05
1.131260000000000000e+05
1.132620000000000000e+05
1.135780000000000000e+05
1.136950000000000000e+05
1.138430000000000000e+05
1.141360000000000000e+05
1.141460000000000000e+05
1.142190000000000000e+05
1.142220000000000000e+05
1.144080000000000000e+05
1.144990000000000000e+05
1.151670000000000000e+05
1.151980000000000000e+05
1.153910000000000000e+05
1.154530000000000000e+05
1.155190000000000000e+05
1.155670000000000000e+05
1.155750000000000000e+05
1.156310000000000000e+05
1.156390000000000000e+05
1.156450000000000000e+05
1.156460000000000000e+05
1.156710000000000000e+05
1.156780000000000000e+05
1.156870000000000000e+05
1.156910000000000000e+05
1.156930000000000000e+05
1.156990000000000000e+05
1.157010000000000000e+05
1.157020000000000000e+05
1.157050000000000000e+05
1.158390000000000000e+05
1.159350000000000000e+05
1.159510000000000000e+05
1.159590000000000000e+05
1.159630000000000000e+05
1.159650000000000000e+05
1.159660000000000000e+05
1.161580000000000000e+05
1.161870000000000000e+05
1.162030000000000000e+05
1.162110000000000000e+05
1.162170000000000000e+05
1.163500000000000000e+05
1.164130000000000000e+05
1.164140000000000000e+05
1.164310000000000000e+05
1.164390000000000000e+05
1.164550000000000000e+05
1.164610000000000000e+05
1.164730000000000000e+05
1.165390000000000000e+05
1.165870000000000000e+05
1.165970000000000000e+05
1.166230000000000000e+05
1.166610000000000000e+05
1.166790000000000000e+05
1.166830000000000000e+05
1.166850000000000000e+05
1.166910000000000000e+05
1.166940000000000000e+05
1.166970000000000000e+05
1.166980000000000000e+05
1.167130000000000000e+05
1.169590000000000000e+05
1.169830000000000000e+05
1.169890000000000000e+05
1.169900000000000000e+05
1.171750000000000000e+05
1.172110000000000000e+05
1.172380000000000000e+05
1.172420000000000000e+05
1.174310000000000000e+05
1.174350000000000000e+05
1.174630000000000000e+05
1.175350000000000000e+05
1.175910000000000000e+05
1.176830000000000000e+05
1.176860000000000000e+05
1.176920000000000000e+05
1.177100000000000000e+05
1.177240000000000000e+05
1.177380000000000000e+05
1.177480000000000000e+05
1.178230000000000000e+05
1.179970000000000000e+05
1.180030000000000000e+05
1.180470000000000000e+05
1.181070000000000000e+05
1.181870000000000000e+05
1.182300000000000000e+05
1.182430000000000000e+05
1.182490000000000000e+05
1.182580000000000000e+05
1.183630000000000000e+05
1.183790000000000000e+05
1.183940000000000000e+05
1.184230000000000000e+05
1.184300000000000000e+05
1.184390000000000000e+05
1.184920000000000000e+05
1.185020000000000000e+05
1.185200000000000000e+05
1.185850000000000000e+05
1.185860000000000000e+05
1.186170000000000000e+05
1.186200000000000000e+05
1.186270000000000000e+05
1.186750000000000000e+05
1.187000000000000000e+05
1.187540000000000000e+05
1.187600000000000000e+05
1.190380000000000000e+05
1.192270000000000000e+05
1.192860000000000000e+05
1.192920000000000000e+05
1.194190000000000000e+05
1.194210000000000000e+05
1.194550000000000000e+05
1.194830000000000000e+05
1.197190000000000000e+05
1.197340000000000000e+05
1.197400000000000000e+05
1.197880000000000000e+05
1.200230000000000000e+05
1.200390000000000000e+05
1.200430000000000000e+05
1.200450000000000000e+05
1.200580000000000000e+05
1.201250000000000000e+05
1.201510000000000000e+05
1.202750000000000000e+05
1.203080000000000000e+05
1.203510000000000000e+05
1.204290000000000000e+05
1.204420000000000000e+05
1.204940000000000000e+05
1.205230000000000000e+05
1.205990000000000000e+05
1.206300000000000000e+05
1.206770000000000000e+05
1.207170000000000000e+05
1.207180000000000000e+05
1.207320000000000000e+05
1.207540000000000000e+05
1.207800000000000000e+05
1.208950000000000000e+05
1.209270000000000000e+05
1.210190000000000000e+05
1.210700000000000000e+05
1.212550000000000000e+05
1.214990000000000000e+05
1.215110000000000000e+05
1.215290000000000000e+05
1.217020000000000000e+05
1.217390000000000000e+05
1.217470000000000000e+05
1.217490000000000000e+05
1.217630000000000000e+05
1.223370000000000000e+05
1.225520000000000000e+05
1.225700000000000000e+05
1.227060000000000000e+05
1.231030000000000000e+05
1.233550000000000000e+05
1.233710000000000000e+05
1.233790000000000000e+05
1.233810000000000000e+05
1.235110000000000000e+05
1.235750000000000000e+05
1.235810000000000000e+05
1.236440000000000000e+05
1.236950000000000000e+05
1.237030000000000000e+05
1.237090000000000000e+05
1.237660000000000000e+05
1.238210000000000000e+05
1.238340000000000000e+05
1.238780000000000000e+05
1.238840000000000000e+05
1.240290000000000000e+05
1.240790000000000000e+05
1.242210000000000000e+05
1.242540000000000000e+05
1.242630000000000000e+05
1.242690000000000000e+05
1.242820000000000000e+05
1.243150000000000000e+05
1.245250000000000000e+05
1.245330000000000000e+05
1.246150000000000000e+05
1.247110000000000000e+05
1.247490000000000000e+05
1.247620000000000000e+05
1.248380000000000000e+05
1.248760000000000000e+05
1.249000000000000000e+05
1.250540000000000000e+05
1.252430000000000000e+05
1.254020000000000000e+05
1.254110000000000000e+05
1.254280000000000000e+05
1.255470000000000000e+05
1.255500000000000000e+05
1.256070000000000000e+05
1.257410000000000000e+05
1.257540000000000000e+05
1.257790000000000000e+05
1.257980000000000000e+05
1.258620000000000000e+05
1.258910000000000000e+05
1.258930000000000000e+05
1.260310000000000000e+05
1.260390000000000000e+05
1.262000000000000000e+05
1.262860000000000000e+05
1.264030000000000000e+05
1.264940000000000000e+05
1.268600000000000000e+05
1.273110000000000000e+05
1.276050000000000000e+05
1.276120000000000000e+05
1.277050000000000000e+05
1.278190000000000000e+05
1.279410000000000000e+05
1.280470000000000000e+05
1.280590000000000000e+05
1.281710000000000000e+05
1.282340000000000000e+05
1.283070000000000000e+05
1.283100000000000000e+05
1.283970000000000000e+05
1.284250000000000000e+05
1.285630000000000000e+05
1.285870000000000000e+05
1.285980000000000000e+05
1.286260000000000000e+05
1.289020000000000000e+05
1.291180000000000000e+05
1.292950000000000000e+05
1.293940000000000000e+05
1.294000000000000000e+05
1.294920000000000000e+05
1.295940000000000000e+05
1.296710000000000000e+05
1.298060000000000000e+05
1.301970000000000000e+05
1.303290000000000000e+05
1.307360000000000000e+05
1.308250000000000000e+05
