0 0 1.999965115456827
0 1 -1.275505941701606e-05
0 2 -8.775973117144994e-05
0 3 -3.180968780598522e-06
0 4 -2.88897713950542e-05
0 5 -9.735730383515256e-18
0 6 -2.07910336370712e-06
0 7 -3.037488012404961e-17
0 8 2.432139140974261e-05
0 9 7.319152476321796e-15
0 10 -8.765050534521469e-05
0 11 -7.435499882745171e-05
0 12 6.292509676700264e-16
0 13 0.0003326359098003329
0 14 -0.0001534588208741889
0 15 1.15722368962994e-05
1 0 -1.275505941701607e-05
1 1 1.988349843042447
1 2 -0.0002267745881475102
1 3 0.002035543905356508
1 4 0.001771417294088087
1 5 -2.065196961273313e-16
1 6 0.001182161221433384
1 7 -6.121786675276423e-16
1 8 -0.001478828970609966
1 9 -3.075333184874497e-15
1 10 -0.003337101827283004
1 11 -0.002818582281283106
1 12 4.597170083698507e-15
1 13 -0.0004119428895225964
1 14 0.0001932327590594472
1 15 -0.00250985742001106
2 0 -8.775973117144979e-05
2 1 -0.0002267745881475101
2 2 1.984620971374093
2 3 -0.001391074313691689
2 4 -0.0006928097618508688
2 5 3.057903739049396e-16
2 6 -0.000581931989807398
2 7 2.74384998769418e-16
2 8 0.002833640924688796
2 9 -3.326439167031808e-15
2 10 0.0005994304443728766
2 11 0.002705516289792139
2 12 -1.719455977961808e-15
2 13 -0.002642466353853044
2 14 0.001976709260206893
2 15 0.003474670335922795
3 0 -3.180968780598197e-06
3 1 0.002035543905356506
3 2 -0.001391074313691685
3 3 1.980545495433446
3 4 0.0021858131552275
3 5 -2.13709044784695e-16
3 6 0.002024308641962826
3 7 -8.284455767699245e-16
3 8 -0.001089633711429866
3 9 -1.183469392081386e-15
3 10 -0.0001485451786403868
3 11 -0.002201315548433162
3 12 1.010873586774212e-14
3 13 -0.0008013322661285785
3 14 -0.008128620109964835
3 15 0.004090224373459924
4 0 -2.888977139505415e-05
4 1 0.001771417294088098
4 2 -0.0006928097618508838
4 3 0.002185813155227515
4 4 1.97866418778526
4 5 -6.143407758648596e-16
4 6 0.001020405200648457
4 7 -1.280638250139985e-15
4 8 -0.007923380275290867
4 9 7.366593916225797e-15
4 10 0.001124804297103021
4 11 -0.007321015631717463
4 12 2.168249522621692e-15
4 13 -0.001274417655927399
4 14 -0.006527327792669404
4 15 -0.007022642719530519
5 0 -9.735730383514925e-18
5 1 -2.065196961273323e-16
5 2 3.05790373904943e-16
5 3 -2.137090447846967e-16
5 4 -6.143407758648541e-16
5 5 1.968723928833609
5 6 -4.003996405804562e-16
5 7 -0.01945477772833794
5 8 1.017152410275431e-15
5 9 0.005174068883481524
5 10 -2.225876552736599e-15
5 11 1.457389496256205e-15
5 12 -0.00294948313705956
5 13 1.792786180249559e-16
5 14 5.503152694659936e-15
5 15 -2.455862132611807e-15
6 0 -2.079103363708118e-06
6 1 0.001182161221433406
6 2 -0.0005819319898073899
6 3 0.002024308641962814
6 4 0.001020405200648452
6 5 -4.003996405804441e-16
6 6 1.9742086260681
6 7 -7.438043623639482e-17
6 8 0.0001608149638385612
6 9 -1.581438245198705e-14
6 10 0.001662104243084509
6 11 -0.00393619052340852
6 12 9.169972484296487e-16
6 13 -0.001258454864332913
6 14 -0.002108666782642731
6 15 0.004877140627775754
7 0 -3.037488012405018e-17
7 1 -6.121786675276384e-16
7 2 2.743849987694195e-16
7 3 -8.284455767699235e-16
7 4 -1.280638250139998e-15
7 5 -0.01945477772833775
7 6 -7.43804362363944e-17
7 7 1.903898584527403
7 8 3.391315821721438e-15
7 9 0.0176728231588834
7 10 6.120340106891363e-15
7 11 -5.199475283576856e-15
7 12 -0.001448106708450638
7 13 1.845609210287593e-15
7 14 -6.245606386806525e-15
7 15 2.877389684950655e-15
8 0 2.432139140974286e-05
8 1 -0.001478828970609968
8 2 0.002833640924688796
8 3 -0.001089633711429852
8 4 -0.007923380275290919
8 5 1.01715241027543e-15
8 6 0.0001608149638385624
8 7 3.391315821721448e-15
8 8 1.983617682122109
8 9 -4.98037473853581e-14
8 10 0.001677157463057774
8 11 0.01712380296610814
8 12 -4.717965695904181e-15
8 13 0.003739556167704623
8 14 0.02691273420803982
8 15 0.001337580854524537
9 0 7.31915247632173e-15
9 1 -3.07533318487446e-15
9 2 -3.326439167031783e-15
9 3 -1.183469392081397e-15
9 4 7.366593916225774e-15
9 5 0.005174068883481429
9 6 -1.581438245198676e-14
9 7 0.01767282315888317
9 8 -4.980374738535859e-14
9 9 0.1025482391691677
9 10 2.392105114756559e-16
9 11 -7.734543375173869e-16
9 12 -0.007548859662191947
9 13 -1.280504372530828e-15
9 14 -1.02844549657565e-15
9 15 -3.709249362654983e-16
10 0 -8.765050534521434e-05
10 1 -0.003337101827283029
10 2 0.0005994304443728761
10 3 -0.0001485451786403786
10 4 0.001124804297103019
10 5 -2.225876552736623e-15
10 6 0.001662104243084511
10 7 6.120340106891413e-15
10 8 0.001677157463057766
10 9 2.392105114756529e-16
10 10 0.02394094350625544
10 11 0.0001798526676655465
10 12 -2.747966108244198e-16
10 13 0.0008988091044639134
10 14 0.004121038941992809
10 15 7.250091994459321e-05
11 0 -7.435499882745223e-05
11 1 -0.002818582281283107
11 2 0.002705516289792121
11 3 -0.002201315548433127
11 4 -0.007321015631717481
11 5 1.457389496256215e-15
11 6 -0.003936190523408512
11 7 -5.19947528357687e-15
11 8 0.01712380296610811
11 9 -7.734543375173944e-16
11 10 0.0001798526676655373
11 11 0.02675868082636325
11 12 -1.336662063781549e-16
11 13 0.0003148324652953227
11 14 0.002455903628113562
11 15 0.001243906833844038
12 0 6.292509676700231e-16
12 1 4.597170083698529e-15
12 2 -1.719455977961817e-15
12 3 1.010873586774216e-14
12 4 2.168249522621657e-15
12 5 -0.00294948313705959
12 6 9.169972484296355e-16
12 7 -0.001448106708450652
12 8 -4.717965695904191e-15
12 9 -0.007548859662192024
12 10 -2.747966108244285e-16
12 11 -1.336662063781391e-16
12 12 0.02446513583663455
12 13 2.780878999457811e-16
12 14 -7.120162875794709e-17
12 15 -1.075121777478116e-16
13 0 0.0003326359098003301
13 1 -0.0004119428895226015
13 2 -0.00264246635385304
13 3 -0.0008013322661285769
13 4 -0.001274417655927419
13 5 1.792786180249581e-16
13 6 -0.001258454864332907
13 7 1.845609210287601e-15
13 8 0.003739556167704617
13 9 -1.280504372530815e-15
13 10 0.0008988091044639159
13 11 0.0003148324652952988
13 12 2.780878999457793e-16
13 13 0.02119143462066102
13 14 -0.0003011334478025427
13 15 0.0001699281299514285
14 0 -0.0001534588208741877
14 1 0.000193232759059448
14 2 0.001976709260206876
14 3 -0.008128620109964943
14 4 -0.006527327792669458
14 5 5.503152694659976e-15
14 6 -0.002108666782642709
14 7 -6.245606386806539e-15
14 8 0.02691273420803964
14 9 -1.028445496575664e-15
14 10 0.004121038941992775
14 11 0.002455903628113566
14 12 -7.120162875794578e-17
14 13 -0.0003011334478025391
14 14 0.01984147885562748
14 15 0.001849500835616608
15 0 1.157223689629937e-05
15 1 -0.002509857420011052
15 2 0.003474670335922832
15 3 0.004090224373459919
15 4 -0.00702264271953048
15 5 -2.455862132611821e-15
15 6 0.004877140627775774
15 7 2.877389684950632e-15
15 8 0.001337580854524542
15 9 -3.709249362654982e-16
15 10 7.250091994461425e-05
15 11 0.001243906833844037
15 12 -1.075121777478116e-16
15 13 0.0001699281299514275
15 14 0.001849500835616618
15 15 0.01865965254148912
