0 0 1.999986270629034
0 1 -8.321201762111625e-06
0 2 -1.645777211964499e-05
0 3 1.192455366715516e-05
0 4 3.167868254517221e-05
0 5 6.634645274924372e-06
0 6 8.584549429041408e-06
0 7 1.040409059065017e-05
0 8 -1.198610285689176e-05
0 9 -8.92096003480617e-06
0 10 -2.891557606039404e-06
0 11 1.540513521740461e-05
0 12 -1.238073884776185e-06
0 13 1.167821841021362e-06
0 14 2.558021962405184e-05
0 15 -3.774652011133075e-05
0 16 -1.507947746579192e-05
0 17 -1.656946540643349e-05
0 18 -1.025741090922839e-05
0 19 -2.019327017800755e-05
0 20 -5.341904308087022e-05
0 21 6.018268280383026e-06
1 0 -8.321201762111654e-06
1 1 1.990294949112703
1 2 0.0003315260936665801
1 3 0.0004695252593241995
1 4 -0.0003544413321736368
1 5 0.0007208997983960175
1 6 1.743277316700183e-05
1 7 0.0005960910128524656
1 8 0.0001730868816563677
1 9 0.0003484193665390908
1 10 -0.0002047974291015528
1 11 -0.0005429467283155991
1 12 0.0002129615476867927
1 13 -0.001709048450822818
1 14 0.001759703932718706
1 15 0.004823478814682494
1 16 0.0001685923461220526
1 17 0.001977300195551076
1 18 0.0006732875649898474
1 19 0.002002271637001238
1 20 0.0003583606994872425
1 21 0.002194266596144862
2 0 -1.645777211964505e-05
2 1 0.000331526093666582
2 2 1.990262042227905
2 3 0.002960280508549767
2 4 0.0007941128835608059
2 5 0.002083130687755099
2 6 7.296324394248423e-05
2 7 -0.001036937531913458
2 8 -0.003283255510770227
2 9 0.0009545325899561435
2 10 0.001537215619609018
2 11 -0.0005960228990103591
2 12 -0.0003221245433386977
2 13 0.001045848725020661
2 14 -0.002938661260371251
2 15 0.0002872816831252929
2 16 0.004619558450315463
2 17 -0.0006463370840997904
2 18 -0.002074591698081342
2 19 0.001181211299651453
2 20 0.0004643561198399758
2 21 -0.005135261730537409
3 0 1.192455366715505e-05
3 1 0.0004695252593242058
3 2 0.002960280508549765
3 3 1.99028787263903
3 4 -0.0001133343636681358
3 5 0.004643205607717674
3 6 -0.001250920875789788
3 7 -0.0003751250479574852
3 8 9.971234146303926e-05
3 9 -0.001393277611448379
3 10 -0.001263829734312527
3 11 0.001291757384167658
3 12 0.0002489356914608834
3 13 -0.0009042479286747033
3 14 0.001854957026565759
3 15 -0.001177483296697499
3 16 0.0008172911077969202
3 17 0.002090810666439544
3 18 0.00305781114230071
3 19 0.005934059961735249
3 20 -0.001465946144456361
3 21 0.004670648209452137
4 0 3.167868254517288e-05
4 1 -0.0003544413321736237
4 2 0.0007941128835607957
4 3 -0.0001133343636681476
4 4 1.98169055090817
4 5 -0.00105163555480297
4 6 -0.002487268060925051
4 7 -0.002742613727975544
4 8 0.001641798387130476
4 9 0.001233135799790824
4 10 0.0005498805081979017
4 11 -0.005787517683680057
4 12 -0.0002444835492199311
4 13 -1.908011883352439e-06
4 14 0.00390255622755206
4 15 0.002717526212952772
4 16 0.001140076277224112
4 17 -0.002389938764942713
4 18 -0.002063312530298203
4 19 -0.002482870302202301
4 20 0.00138510097052843
4 21 -0.005434079480499077
5 0 6.634645274924067e-06
5 1 0.0007208997983960195
5 2 0.002083130687755109
5 3 0.004643205607717655
5 4 -0.001051635554802984
5 5 1.981042945912081
5 6 -0.002756071765960803
5 7 -0.0006971423399176771
5 8 0.003314598264757515
5 9 -0.002791607692460452
5 10 -0.003832444856990334
5 11 -0.00188769444413827
5 12 0.0005825177493848956
5 13 0.001733488672425437
5 14 0.005700515712621316
5 15 -0.002864474824047364
5 16 0.001087262946530967
5 17 -0.002353550576881163
5 18 -0.0009587369050951607
5 19 -0.001360783561830937
5 20 0.003123757660413174
5 21 -0.007574680028265043
6 0 8.584549429041158e-06
6 1 1.743277316699612e-05
6 2 7.296324394249236e-05
6 3 -0.001250920875789774
6 4 -0.002487268060924988
6 5 -0.00275607176596079
6 6 1.985145849683802
6 7 0.0020891848703008
6 8 -0.004145806498280308
6 9 0.006849533869217678
6 10 -0.001279282895161449
6 11 0.001448689775573151
6 12 0.005873387294629054
6 13 0.0278480599646963
6 14 0.002278646573476937
6 15 -0.0002933143153613955
6 16 0.004244926861694084
6 17 0.00592817557107078
6 18 0.00284786705132261
6 19 -0.00177648978357914
6 20 0.001184549294921767
6 21 -0.006629595425241327
7 0 1.040409059065028e-05
7 1 0.0005960910128524743
7 2 -0.001036937531913425
7 3 -0.0003751250479574777
7 4 -0.002742613727975527
7 5 -0.0006971423399176719
7 6 0.002089184870300786
7 7 1.981108612021669
7 8 -0.001163915717390558
7 9 -0.0009289473663673558
7 10 0.008475060658285355
7 11 0.001919735833996568
7 12 -0.007190049883122717
7 13 -0.02988420044039272
7 14 -0.004661522682383177
7 15 0.002163916358152142
7 16 -0.004918950790437181
7 17 -0.005041697526196442
7 18 5.288147477845479e-05
7 19 0.001493168999207549
7 20 0.002747446060491171
7 21 -0.01122811521199279
8 0 -1.198610285689143e-05
8 1 0.0001730868816563571
8 2 -0.003283255510770204
8 3 9.971234146302583e-05
8 4 0.001641798387130464
8 5 0.003314598264757561
8 6 -0.004145806498280355
8 7 -0.001163915717390594
8 8 1.98531407695546
8 9 0.001502434994301191
8 10 -0.00455433653020202
8 11 0.001003330896037882
8 12 0.004030288600821091
8 13 0.01396147076456838
8 14 0.000133192231093109
8 15 -0.0007545056021020121
8 16 0.0002345645009316044
8 17 -0.0006108332732210093
8 18 0.003640868411519248
8 19 -0.004187148734523891
8 20 0.002275498340169107
8 21 -0.002577073146406628
9 0 -8.920960034805897e-06
9 1 0.0003484193665390787
9 2 0.0009545325899561522
9 3 -0.001393277611448387
9 4 0.001233135799790832
9 5 -0.002791607692460448
9 6 0.006849533869217437
9 7 -0.000928947366367334
9 8 0.001502434994301152
9 9 1.974988210895363
9 10 0.01451813640046668
9 11 0.0007029835942099665
9 12 -0.01532433437609379
9 13 -0.03639432128042841
9 14 -0.003821388967147362
9 15 0.004930367674083968
9 16 -0.001012495099720831
9 17 -0.002597345816046046
9 18 -0.001975897236195177
9 19 0.001679515799265251
9 20 -0.002643620555522147
9 21 0.005350384038909955
10 0 -2.891557606039257e-06
10 1 -0.0002047974291015605
10 2 0.001537215619609053
10 3 -0.001263829734312558
10 4 0.000549880508197878
10 5 -0.003832444856990318
10 6 -0.001279282895161344
10 7 0.008475060658285169
10 8 -0.004554336530201947
10 9 0.01451813640046689
10 10 1.971106818162173
10 11 0.0004518898379747482
10 12 0.02055876194581483
10 13 0.03915739163315275
10 14 0.002136625482134022
10 15 0.002551020922174256
10 16 0.004605774906706026
10 17 0.003056632479865274
10 18 -0.0009760022578655714
10 19 0.003738582165351804
10 20 -0.002832661172800136
10 21 0.002173188736691288
11 0 1.540513521740442e-05
11 1 -0.0005429467283156095
11 2 -0.0005960228990103547
11 3 0.001291757384167636
11 4 -0.005787517683680065
11 5 -0.001887694444138224
11 6 0.001448689775573113
11 7 0.001919735833996572
11 8 0.001003330896037884
11 9 0.0007029835942099544
11 10 0.0004518898379747559
11 11 1.984119033296881
11 12 0.0001897278921373461
11 13 -7.86339651171341e-05
11 14 0.00376406580012651
11 15 -0.01840128157412567
11 16 -0.003703869387324188
11 17 -0.01608031814617856
11 18 0.01774269426595573
11 19 -0.006137309331946837
11 20 0.02589399161198966
11 21 0.002933447939185194
12 0 -1.238073884776214e-06
12 1 0.0002129615476867968
12 2 -0.0003221245433387356
12 3 0.0002489356914609063
12 4 -0.0002444835492199463
12 5 0.0005825177493848403
12 6 0.005873387294628883
12 7 -0.00719004988312285
12 8 0.004030288600820974
12 9 -0.01532433437609224
12 10 0.02055876194581665
12 11 0.0001897278921373273
12 12 1.946087457036469
12 13 0.01725819217051526
12 14 0.005951577079489633
12 15 -0.003682090137870905
12 16 0.008168856405444389
12 17 0.007405735082868807
12 18 0.001924051481729147
12 19 -0.000757423508156131
12 20 0.0007350102198653834
12 21 -0.001647580739956245
13 0 1.167821841021423e-06
13 1 -0.001709048450822645
13 2 0.001045848725020668
13 3 -0.0009042479286747011
13 4 -1.908011883355393e-06
13 5 0.001733488672425397
13 6 0.02784805996469492
13 7 -0.02988420044039111
13 8 0.01396147076456843
13 9 -0.03639432128042978
13 10 0.03915739163315807
13 11 -7.863396511713468e-05
13 12 0.01725819217051511
13 13 0.09354961484785425
13 14 0.005337535300001433
13 15 -0.001627291369363534
13 16 0.00428861156921005
13 17 0.003815351671638957
13 18 0.00112975715062808
13 19 -0.0004691085198931917
13 20 0.0001878715079423149
13 21 -0.0005121430969386411
14 0 2.558021962405064e-05
14 1 0.001759703932718733
14 2 -0.002938661260371035
14 3 0.001854957026565973
14 4 0.003902556227552032
14 5 0.005700515712621019
14 6 0.002278646573476954
14 7 -0.0046615226823833
14 8 0.0001331922310930951
14 9 -0.003821388967147486
14 10 0.002136625482134152
14 11 0.003764065800126498
14 12 0.005951577079489827
14 13 0.005337535300001374
14 14 0.02217308257037268
14 15 -0.0008048499931704541
14 16 -0.002255606051085217
14 17 -0.0002483372769075348
14 18 0.0002477798025441837
14 19 -0.004762093059279275
14 20 0.001825749741218559
14 21 0.00090264946710519
15 0 -3.774652011133098e-05
15 1 0.00482347881468245
15 2 0.0002872816831253256
15 3 -0.001177483296697485
15 4 0.002717526212952842
15 5 -0.00286447482404715
15 6 -0.000293314315361399
15 7 0.002163916358152131
15 8 -0.000754505602102019
15 9 0.004930367674084219
15 10 0.002551020922174207
15 11 -0.01840128157412421
15 12 -0.003682090137870889
15 13 -0.001627291369363499
15 14 -0.0008048499931704396
15 15 0.01875345755524845
15 16 0.00277618395077719
15 17 0.000588898320478785
15 18 -0.001930474011707856
15 19 0.004291948967966801
15 20 0.000738977639065874
15 21 -0.0011610679167038
16 0 -1.507947746578962e-05
16 1 0.0001685923461221039
16 2 0.004619558450315538
16 3 0.0008172911077969143
16 4 0.001140076277224043
16 5 0.001087262946530972
16 6 0.004244926861694467
16 7 -0.004918950790437381
16 8 0.0002345645009315847
16 9 -0.001012495099720912
16 10 0.004605774906705863
16 11 -0.003703869387324182
16 12 0.008168856405444857
16 13 0.004288611569210109
16 14 -0.002255606051085204
16 15 0.002776183950777249
16 16 0.01711296170333268
16 17 0.002579849105428686
16 18 -0.0008380569060463624
16 19 -0.003949821651819468
16 20 -0.001444137233992913
16 21 -9.361719596024258e-05
17 0 -1.65694654064348e-05
17 1 0.001977300195551177
17 2 -0.0006463370840997928
17 3 0.002090810666439556
17 4 -0.002389938764942713
17 5 -0.002353550576881225
17 6 0.005928175571070926
17 7 -0.005041697526196327
17 8 -0.0006108332732210023
17 9 -0.002597345816046009
17 10 0.003056632479865311
17 11 -0.01608031814618028
17 12 0.00740573508286916
17 13 0.003815351671638865
17 14 -0.0002483372769075683
17 15 0.0005888983204787662
17 16 0.002579849105428641
17 17 0.01654163156144991
17 18 9.083089885644129e-05
17 19 0.002657664758844558
17 20 -0.001385555314265085
17 21 -0.0005928411817778592
18 0 -1.025741090922753e-05
18 1 0.0006732875649899436
18 2 -0.002074591698081346
18 3 0.003057811142300781
18 4 -0.002063312530298453
18 5 -0.000958736905095182
18 6 0.002847867051322646
18 7 5.288147477838985e-05
18 8 0.003640868411519683
18 9 -0.001975897236194995
18 10 -0.0009760022578654672
18 11 0.01774269426595596
18 12 0.00192405148172907
18 13 0.001129757150628072
18 14 0.0002477798025441603
18 15 -0.001930474011707792
18 16 -0.000838056906046276
18 17 9.083089885647799e-05
18 18 0.02101950694946175
18 19 0.001905848029628236
18 20 0.003649872892147745
18 21 0.0009929567687692346
19 0 -2.019327017800786e-05
19 1 0.002002271637001284
19 2 0.00118121129965139
19 3 0.005934059961735053
19 4 -0.00248287030220241
19 5 -0.001360783561830959
19 6 -0.001776489783579176
19 7 0.001493168999207612
19 8 -0.00418714873452391
19 9 0.001679515799265296
19 10 0.003738582165351746
19 11 -0.0061373093319467
19 12 -0.0007574235081560655
19 13 -0.0004691085198932075
19 14 -0.004762093059279288
19 15 0.0042919489679666
19 16 -0.003949821651819396
19 17 0.002657664758844466
19 18 0.00190584802962818
19 19 0.01122014251499032
19 20 -0.0009361092832710803
19 21 0.0009767631735657441
20 0 -5.341904308087011e-05
20 1 0.0003583606994872726
20 2 0.0004643561198399769
20 3 -0.001465946144456357
20 4 0.001385100970528338
20 5 0.003123757660413172
20 6 0.001184549294921786
20 7 0.002747446060491109
20 8 0.002275498340169423
20 9 -0.00264362055552206
20 10 -0.002832661172800308
20 11 0.02589399161199062
20 12 0.0007350102198653615
20 13 0.0001878715079423051
20 14 0.001825749741218561
20 15 0.0007389776390658209
20 16 -0.001444137233992914
20 17 -0.001385555314265135
20 18 0.003649872892147662
20 19 -0.000936109283271057
20 20 0.02094549785136946
20 21 0.001067794549056901
21 0 6.018268280383146e-06
21 1 0.002194266596144838
21 2 -0.005135261730537405
21 3 0.004670648209451934
21 4 -0.005434079480499451
21 5 -0.007574680028264945
21 6 -0.006629595425241529
21 7 -0.0112281152119916
21 8 -0.002577073146406637
21 9 0.005350384038909969
21 10 0.002173188736691291
21 11 0.002933447939185162
21 12 -0.001647580739956181
21 13 -0.0005121430969386537
21 14 0.0009026494671052102
21 15 -0.001161067916703845
21 16 -9.361719596025098e-05
21 17 -0.0005928411817778471
21 18 0.0009929567687692715
21 19 0.0009767631735657439
21 20 0.001067794549056897
21 21 0.01724941477386503
