 &FCI NORB=   8,NELEC= 8,MS2=0,
  ORBSYM=1,1,1,1,1,1,1,1
  ISYM=1,
 &END
 0.5013279025138574    1    1    1    1
 0.005965933177886029    2    1    1    1
 0.1094211606671757    2    1    2    1
 0.4827288431722299    2    2    1    1
 0.04905162690499288    2    2    2    1
 0.5347989488968072    2    2    2    2
 -0.003864496536909816    3    1    1    1
 0.005049415377176369    3    1    2    1
 0.02886116217591837    3    1    2    2
 0.1030073355953585    3    1    3    1
 0.002297344598026941    3    2    1    1
 0.02856789744775805    3    2    2    1
 0.004069561743352887    3    2    2    2
 -0.03057032852822002    3    2    3    1
 0.03918103595899961    3    2    3    2
 0.4733859820962664    3    3    1    1
 -0.031197641587234    3    3    2    1
 0.4356222402458729    3    3    2    2
 -0.02633587740512462    3    3    3    1
 -0.003487646815415888    3    3    3    2
 0.5137570877605446    3    3    3    3
 0.0009106969005579273    4    1    1    1
 0.003052270304780767    4    1    2    1
 0.02588115409454636    4    1    2    2
 -0.004003573970418249    4    1    3    1
 -0.003309978220714123    4    1    3    2
 0.04024176677334972    4    1    3    3
 0.1027910593021017    4    1    4    1
 0.0002525318706149597    4    2    1    1
 0.02404345128757753    4    2    2    1
 0.003108203807711775    4    2    2    2
 -0.003444514371764174    4    2    3    1
 0.01420668768617096    4    2    3    2
 -0.02371181031317189    4    2    3    3
 -0.02640690052119722    4    2    4    1
 0.03100987310345937    4    2    4    2
 0.001670468818386192    4    3    1    1
 -0.003988535386623564    4    3    2    1
 0.01886607791583506    4    3    2    2
 0.03643786838906291    4    3    3    1
 -0.02034782131894378    4    3    3    2
 -2.032575070683152e-05    4    3    3    3
 0.01402388857491502    4    3    4    1
 -0.01054937039089538    4    3    4    2
 0.0352079708979832    4    3    4    3
 0.4667496864841637    4    4    1    1
 -0.02621247787635403    4    4    2    1
 0.4210626932978703    4    4    2    2
 0.01649343844276283    4    4    3    1
 -0.01349739662676891    4    4    3    2
 0.4205481011966798    4    4    3    3
 -0.04666305067148908    4    4    4    1
 0.008030516550620186    4    4    4    2
 0.002436803327479236    4    4    4    3
 0.5065268506573026    4    4    4    4
 0.0436745170439488    5    1    1    1
 0.003946140310793982    5    1    2    1
 0.03404753654299517    5    1    2    2
 -0.01081375417434722    5    1    3    1
 -0.009327334400343518    5    1    3    2
 0.03578586518321567    5    1    3    3
 -0.01424279943703289    5    1    4    1
 -0.007934067060816483    5    1    4    2
 0.009922191772334832    5    1    4    3
 0.02706719008687654    5    1    4    4
 0.04595145031863851    5    1    5    1
 0.008603936483640875    5    2    1    1
 0.001078661762984256    5    2    2    1
 -0.01687755287581342    5    2    2    2
 -0.02345608486267925    5    2    3    1
 0.00437792188950078    5    2    3    2
 0.003841037811450009    5    2    3    3
 -0.02087365595059719    5    2    4    1
 0.001446550412544543    5    2    4    2
 -0.01716384591145819    5    2    4    3
 0.01587766261221003    5    2    4    4
 0.006806638885946188    5    2    5    1
 0.02936112633907593    5    2    5    2
 -0.03103899481131429    5    3    1    1
 -0.02544875753613172    5    3    2    1
 -0.02666543273874247    5    3    2    2
 0.006755962875594931    5    3    3    1
 -0.00671250585497587    5    3    3    2
 4.853330425558011e-05    5    3    3    3
 0.02652005264309532    5    3    4    1
 -0.01827231429678722    5    3    4    2
 -0.001388874031379095    5    3    4    3
 -0.02693634080543008    5    3    4    4
 -0.02105820563060934    5    3    5    1
 -0.007671689547017965    5    3    5    2
 0.04388537377917309    5    3    5    3
 -0.04498224833229402    5    4    1    1
 -0.02251323529916863    5    4    2    1
 -0.0424198742720009    5    4    2    2
 0.02712104038653703    5    4    3    1
 -0.01861399761974286    5    4    3    2
 -0.04465971918564909    5    4    3    3
 -0.01852118319021459    5    4    4    1
 0.005810872394897586    5    4    4    2
 0.003404366788187391    5    4    4    3
 -0.003976382453419587    5    4    4    4
 -0.02621055632177047    5    4    5    1
 -0.003215364267633164    5    4    5    2
 0.009121077519917711    5    4    5    3
 0.06085749667645635    5    4    5    4
 0.4193351302805179    5    5    1    1
 -0.003867002812174843    5    5    2    1
 0.3859514410092855    5    5    2    2
 -0.0244422888268946    5    5    3    1
 0.0005718800348914387    5    5    3    2
 0.3972793183893806    5    5    3    3
 -0.03974899685313591    5    5    4    1
 0.005593814055613286    5    5    4    2
 -0.005460319047800732    5    5    4    3
 0.4229414517730927    5    5    4    4
 0.03865304790008957    5    5    5    1
 0.02486624405886876    5    5    5    2
 -0.03106295670702008    5    5    5    3
 -0.01927073746029714    5    5    5    4
 0.4151851509944188    5    5    5    5
 -0.0007236499934347074    6    1    1    1
 0.005859219086229678    6    1    2    1
 -0.005211969967319719    6    1    2    2
 -0.01498107647696425    6    1    3    1
 -0.00662593078165518    6    1    3    2
 -0.01161760348367392    6    1    3    3
 0.01812827631454942    6    1    4    1
 0.001926961990620624    6    1    4    2
 0.004382607543754089    6    1    4    3
 0.01377999973539862    6    1    4    4
 -0.002017305831268393    6    1    5    1
 0.004264369645161872    6    1    5    2
 -0.01133013048863661    6    1    5    3
 0.01493006151545243    6    1    5    4
 0.004462703438910195    6    1    5    5
 0.0485387748901105    6    1    6    1
 0.02094457326962711    6    2    1    1
 -0.0117061987836738    6    2    2    1
 0.007058695693843074    6    2    2    2
 -0.01903304176465263    6    2    3    1
 -0.00338619304787039    6    2    3    2
 0.02879994756510494    6    2    3    3
 0.006260990874232732    6    2    4    1
 0.003378457540792907    6    2    4    2
 -0.007531976859443743    6    2    4    3
 0.008513779961294382    6    2    4    4
 0.008061171050008612    6    2    5    1
 0.00806860247942949    6    2    5    2
 -0.001077572515164823    6    2    5    3
 -0.01266205052477122    6    2    5    4
 0.01308442409116981    6    2    5    5
 -0.0009239383103668916    6    2    6    1
 0.0237731364706812    6    2    6    2
 -0.05522718941995444    6    3    1    1
 -0.01998548501515267    6    3    2    1
 -0.05890889006203166    6    3    2    2
 -0.03099250090149033    6    3    3    1
 0.008228625377159706    6    3    3    2
 -0.024691178947436    6    3    3    3
 0.01407509060483036    6    3    4    1
 -0.008662298430041073    6    3    4    2
 -0.005187466683260961    6    3    4    3
 -0.04522108688983704    6    3    4    4
 -0.02099536145673069    6    3    5    1
 0.0003383310409784665    6    3    5    2
 0.03077348266784563    6    3    5    3
 0.006449079620105515    6    3    5    4
 -0.02658763947837397    6    3    5    5
 -0.0009318450659403329    6    3    6    1
 -0.0006337621413334613    6    3    6    2
 0.05866573983962287    6    3    6    3
 0.06896899884536364    6    4    1    1
 0.007065797112818444    6    4    2    1
 0.07345705967892871    6    4    2    2
 0.01097452220680135    6    4    3    1
 -0.007275907550516549    6    4    3    2
 0.0652428693763331    6    4    3    3
 0.04311121940321939    6    4    4    1
 -0.01371376114917287    6    4    4    2
 0.0107422667901943    6    4    4    3
 0.03170842967785281    6    4    4    4
 0.0265295508232869    6    4    5    1
 -0.01009303166116305    6    4    5    2
 -0.003911188104794053    6    4    5    3
 -0.04223962451627219    6    4    5    4
 0.01625842068374425    6    4    5    5
 -0.002258620335279847    6    4    6    1
 0.01351166977090762    6    4    6    2
 -0.03126403887531158    6    4    6    3
 0.07940422944120676    6    4    6    4
 -0.01090399088067812    6    5    1    1
 0.008531111402221342    6    5    2    1
 0.0003670100320989954    6    5    2    2
 -0.02854821092639758    6    5    3    1
 0.006834022970988556    6    5    3    2
 0.02385754312851373    6    5    3    3
 0.04596185351277    6    5    4    1
 -0.01416340671098899    6    5    4    2
 -0.002112014177764758    6    5    4    3
 -0.05304606812561854    6    5    4    4
 0.002539402595500534    6    5    5    1
 -0.005635109698608024    6    5    5    2
 0.01550039644104787    6    5    5    3
 -0.02469378475887043    6    5    5    4
 -0.02277679483335494    6    5    5    5
 -0.003503690596652898    6    5    6    1
 0.009700564628782132    6    5    6    2
 0.01782480711167083    6    5    6    3
 0.01487938783421269    6    5    6    4
 0.04814018571136719    6    5    6    5
 0.4846170739630711    6    6    1    1
 -0.007458906207884932    6    6    2    1
 0.4395963929128675    6    6    2    2
 -0.01220861285925456    6    6    3    1
 0.00252506131022851    6    6    3    2
 0.4626057455977265    6    6    3    3
 -0.01510577396112069    6    6    4    1
 0.00851779304166069    6    6    4    2
 -0.01931421769847438    6    6    4    3
 0.4785303943906057    6    6    4    4
 0.02800522709221287    6    6    5    1
 0.02286288031891177    6    6    5    2
 -0.02376647626831049    6    6    5    3
 -0.02859604672406222    6    6    5    4
 0.4251452627812473    6    6    5    5
 0.00386343549783377    6    6    6    1
 0.0277550696015024    6    6    6    2
 -0.05291046979676385    6    6    6    3
 0.05343628565211775    6    6    6    4
 -0.02391066072670504    6    6    6    5
 0.5225931210887949    6    6    6    6
 -0.01295928323010391    7    1    1    1
 -0.01560670650263731    7    1    2    1
 0.009600246563332934    7    1    2    2
 -0.01234257576840558    7    1    3    1
 0.002242720981735641    7    1    3    2
 -0.02155525718427142    7    1    3    3
 -0.003990647606288823    7    1    4    1
 0.00415307315208219    7    1    4    2
 0.003984598008458531    7    1    4    3
 -0.01642071554335706    7    1    4    4
 0.0009374065703963104    7    1    5    1
 -0.01827947743053178    7    1    5    2
 -0.0065451584388836    7    1    5    3
 0.002223004952288513    7    1    5    4
 -0.008449363965189879    7    1    5    5
 0.0002029221564855277    7    1    6    1
 -0.004606953169510713    7    1    6    2
 0.003851587688457684    7    1    6    3
 -0.00629482412078742    7    1    6    4
 0.001649537214214985    7    1    6    5
 -0.02977397873816637    7    1    6    6
 0.04943015424598181    7    1    7    1
 -0.06324364959799765    7    2    1    1
 0.0534995453898714    7    2    2    1
 -0.01900528348901273    7    2    2    2
 0.005800093762737713    7    2    3    1
 0.01548656743307972    7    2    3    2
 -0.06434544216265146    7    2    3    3
 0.01054893646870549    7    2    4    1
 0.01435560709506642    7    2    4    2
 -0.001280281889662701    7    2    4    3
 -0.06785789084146053    7    2    4    4
 -0.03018767483972    7    2    5    1
 -0.02194798634813768    7    2    5    2
 0.004817907413796649    7    2    5    3
 0.007218552596244069    7    2    5    4
 -0.04931712204561373    7    2    5    5
 -0.003185616207183578    7    2    6    1
 -0.02270518408346122    7    2    6    2
 0.01642248407893908    7    2    6    3
 -0.02729964877000298    7    2    6    4
 0.01445660529984127    7    2    6    5
 -0.07006394563067539    7    2    6    6
 0.02025697920978952    7    2    7    1
 0.1013180959003439    7    2    7    2
 -0.04944583672780765    7    3    1    1
 0.003595927437365188    7    3    2    1
 -0.03724450185680157    7    3    2    2
 -0.02850713819555185    7    3    3    1
 0.003888438771972286    7    3    3    2
 -0.03339797599587374    7    3    3    3
 0.01252644249191348    7    3    4    1
 -0.0009050525460424145    7    3    4    2
 -0.01285031580832115    7    3    4    3
 -0.05003400716277665    7    3    4    4
 -0.01704138092935348    7    3    5    1
 -0.0004361466165286007    7    3    5    2
 0.0206615868371307    7    3    5    3
 0.004781148834522794    7    3    5    4
 -0.02913690702641901    7    3    5    5
 0.001590824474290024    7    3    6    1
 0.001478269619691216    7    3    6    2
 0.03646448900776512    7    3    6    3
 -0.02181423949963292    7    3    6    4
 0.02014327736711    7    3    6    5
 -0.04378751941613926    7    3    6    6
 0.01036383044731429    7    3    7    1
 0.03592865106050245    7    3    7    2
 0.04507762682159566    7    3    7    3
 -0.01535693259885211    7    4    1    1
 0.009838856293516759    7    4    2    1
 -0.002910628146286215    7    4    2    2
 0.01201663899138856    7    4    3    1
 -0.0006067947030433809    7    4    3    2
 -0.02656665460489739    7    4    3    3
 -0.01610910056121087    7    4    4    1
 -0.001179898009883383    7    4    4    2
 -0.002242243775977874    7    4    4    3
 -0.006779685388305636    7    4    4    4
 -0.002583251866518602    7    4    5    1
 -0.0005691621970031701    7    4    5    2
 -0.0004347190272546646    7    4    5    3
 0.01147933714860685    7    4    5    4
 -0.00739040955748567    7    4    5    5
 -0.003162403238091761    7    4    6    1
 -0.01348662654322847    7    4    6    2
 -0.005916455018387682    7    4    6    3
 -0.01360127806412477    7    4    6    4
 -0.008550808582074678    7    4    6    5
 -0.01552335411781806    7    4    6    6
 0.005525484098808481    7    4    7    1
 0.01625150775912077    7    4    7    2
 0.002758459519859353    7    4    7    3
 0.01853346178324591    7    4    7    4
 0.01745217365406257    7    5    1    1
 -0.04423242852703534    7    5    2    1
 -0.01645083854628156    7    5    2    2
 -0.02104185046709803    7    5    3    1
 -0.003747097251585628    7    5    3    2
 0.03881395762674373    7    5    3    3
 -0.0007164697155479133    7    5    4    1
 -0.006176552611177007    7    5    4    2
 -0.003007106342931773    7    5    4    3
 0.02610691169843525    7    5    4    4
 0.003691229445794802    7    5    5    1
 0.006211680499291665    7    5    5    2
 0.006058519915372569    7    5    5    3
 -0.0003937093261819918    7    5    5    4
 0.0222711402145823    7    5    5    5
 0.001092713569206328    7    5    6    1
 0.01332255363545757    7    5    6    2
 0.01273583912943955    7    5    6    3
 -0.0008758846550038018    7    5    6    4
 0.0006994864804098212    7    5    6    5
 0.02744203844225801    7    5    6    6
 -0.001747649681291471    7    5    7    1
 -0.03655168911503412    7    5    7    2
 -0.006263859336107958    7    5    7    3
 -0.01528663531121206    7    5    7    4
 0.03384455745390304    7    5    7    5
 0.001881902382267396    7    6    1    1
 -0.01483088424851586    7    6    2    1
 -0.01848133529826619    7    6    2    2
 -0.009035838876819368    7    6    3    1
 0.003669712012211662    7    6    3    2
 0.02972551977014022    7    6    3    3
 0.001831749742599495    7    6    4    1
 -0.01401017471785402    7    6    4    2
 -0.009778851570411381    7    6    4    3
 -0.006189164221438077    7    6    4    4
 0.001702420580612492    7    6    5    1
 0.009177960689535202    7    6    5    2
 0.01421037920308837    7    6    5    3
 -0.007232094295364306    7    6    5    4
 0.003141107606590895    7    6    5    5
 -0.01889865734249351    7    6    6    1
 0.001146173301125722    7    6    6    2
 0.008027985494688554    7    6    6    3
 0.0005197225423247934    7    6    6    4
 0.01060627846851168    7    6    6    5
 0.00855799299156935    7    6    6    6
 -0.0169228906465421    7    6    7    1
 -0.01401130280350898    7    6    7    2
 -0.001891251342868858    7    6    7    3
 0.0003656509455524145    7    6    7    4
 0.01093494817625585    7    6    7    5
 0.03145956548228301    7    6    7    6
 0.4887898820026365    7    7    1    1
 0.05475111288847968    7    7    2    1
 0.5217136145462613    7    7    2    2
 0.01192372223162098    7    7    3    1
 0.02890498052237208    7    7    3    2
 0.4475924213573822    7    7    3    3
 0.01626129751020265    7    7    4    1
 0.01486593347058951    7    7    4    2
 0.005728599615785695    7    7    4    3
 0.4226406570823588    7    7    4    4
 0.0309960478204728    7    7    5    1
 -0.01461487421405928    7    7    5    2
 -0.0375590532853785    7    7    5    3
 -0.05994575703954159    7    7    5    4
 0.3952017259356628    7    7    5    5
 -0.01727752252093053    7    7    6    1
 0.008347767914918411    7    7    6    2
 -0.06165482707718064    7    7    6    3
 0.07393252646948749    7    7    6    4
 0.0001295725173962059    7    7    6    5
 0.4626615637044244    7    7    6    6
 0.003481562853760601    7    7    7    1
 -0.01769903857722559    7    7    7    2
 -0.04935809806447045    7    7    7    3
 -0.009815692023311531    7    7    7    4
 -0.01054065849065737    7    7    7    5
 -0.00959382143207365    7    7    7    6
 0.5633646838594304    7    7    7    7
 0.06330084402522476    8    1    1    1
 -0.01247694872851421    8    1    2    1
 0.05204945670658245    8    1    2    2
 0.007819967463208607    8    1    3    1
 0.004353636352284159    8    1    3    2
 0.04662861629534841    8    1    3    3
 0.01005743094362874    8    1    4    1
 0.004049391337200567    8    1    4    2
 -0.001963743780934916    8    1    4    3
 0.05101328881119552    8    1    4    4
 0.00449117010661319    8    1    5    1
 0.001949424775369107    8    1    5    2
 -0.01717458853209465    8    1    5    3
 -0.0194584316883673    8    1    5    4
 0.02469845410302129    8    1    5    5
 6.538984716065854e-05    8    1    6    1
 0.01284932088624031    8    1    6    2
 -0.03170716937286787    8    1    6    3
 0.03614582464936516    8    1    6    4
 -0.01016159338276377    8    1    6    5
 0.06621424734019517    8    1    6    6
 -0.001437546621172806    8    1    7    1
 -0.03657770000441146    8    1    7    2
 -0.03057526484709223    8    1    7    3
 -0.01106287128239707    8    1    7    4
 0.009849836379077695    8    1    7    5
 -0.003058500876738179    8    1    7    6
 0.0682040599579844    8    1    7    7
 0.0549076427110586    8    1    8    1
 -0.04594408932608493    8    2    1    1
 -0.002526664936542991    8    2    2    1
 -0.04580952262943216    8    2    2    2
 0.01659080833703595    8    2    3    1
 -0.01536415250649177    8    2    3    2
 -0.01963157162455985    8    2    3    3
 0.01520622994131796    8    2    4    1
 -0.01085032138044488    8    2    4    2
 0.0141929200110761    8    2    4    3
 -0.03031541743864096    8    2    4    4
 -0.008186432959775431    8    2    5    1
 -0.01002480892087818    8    2    5    2
 0.02522583406272059    8    2    5    3
 0.02275298678317608    8    2    5    4
 -0.02796121977724632    8    2    5    5
 0.007805907739516766    8    2    6    1
 -0.009347900707712468    8    2    6    2
 0.02209119554353787    8    2    6    3
 -0.01168760157928905    8    2    6    4
 0.007680029807097036    8    2    6    5
 -0.04395504140225629    8    2    6    6
 -0.0173935798890545    8    2    7    1
 0.01224388436222243    8    2    7    2
 0.01142488199229127    8    2    7    3
 7.878486105521385e-05    8    2    7    4
 0.0008791287511849705    8    2    7    5
 0.006341292692528066    8    2    7    6
 -0.06059985940332377    8    2    7    7
 -0.03727571977222875    8    2    8    1
 0.05352740602814794    8    2    8    2
 0.0262977049453397    8    3    1    1
 0.01673158265752469    8    3    2    1
 0.009174113858835754    8    3    2    2
 -0.01775461548962064    8    3    3    1
 0.02249853939950776    8    3    3    2
 0.02398078440705917    8    3    3    3
 -0.009966008761081824    8    3    4    1
 0.01411982098943795    8    3    4    2
 -0.02186868336758215    8    3    4    3
 0.01132493278901587    8    3    4    4
 -0.006971486298810717    8    3    5    1
 0.01986871835921157    8    3    5    2
 -0.01118609891076812    8    3    5    3
 -0.02492005062101237    8    3    5    4
 0.0187470948616102    8    3    5    5
 -0.01886867769312866    8    3    6    1
 0.01444662316650108    8    3    6    2
 -0.003592331862725705    8    3    6    3
 -0.001395556839967317    8    3    6    4
 0.00321108529495622    8    3    6    5
 0.04110455733224162    8    3    6    6
 -0.01936017902062817    8    3    7    1
 -0.002456496732490193    8    3    7    2
 -0.002420865165351412    8    3    7    3
 -0.008487066333902202    8    3    7    4
 0.003727678626999679    8    3    7    5
 0.01182509815577446    8    3    7    6
 0.03657269754805666    8    3    7    7
 0.02336809604283438    8    3    8    1
 -0.02973440055673462    8    3    8    2
 0.05756600686919419    8    3    8    3
 0.03406269035934364    8    4    1    1
 0.01604902151425019    8    4    2    1
 0.02222368756796401    8    4    2    2
 -0.01078695260382937    8    4    3    1
 0.01444170303388373    8    4    3    2
 0.009426036914343145    8    4    3    3
 0.0002848060722651626    8    4    4    1
 0.01047676646304759    8    4    4    2
 -0.009940935790029672    8    4    4    3
 0.0363684157485854    8    4    4    4
 -0.004709428136735307    8    4    5    1
 0.01517657842158707    8    4    5    2
 -0.02336197394898334    8    4    5    3
 -0.009995434089028386    8    4    5    4
 0.02402275591871779    8    4    5    5
 0.01942995528444295    8    4    6    1
 0.002197091398540763    8    4    6    2
 -0.01621016764464435    8    4    6    3
 0.006648228198157936    8    4    6    4
 -0.01381410214344867    8    4    6    5
 0.04251502535240408    8    4    6    6
 -0.008618173000973854    8    4    7    1
 -0.009677146510288838    8    4    7    2
 -0.01370212285329951    8    4    7    3
 -0.003751315260710551    8    4    7    4
 -0.0007896986859529899    8    4    7    5
 -0.00791348922473486    8    4    7    6
 0.03620638619123238    8    4    7    7
 0.03113008796647262    8    4    8    1
 -0.02815351500025446    8    4    8    2
 0.0254321398027504    8    4    8    3
 0.04402007640461319    8    4    8    4
 -0.02535295084011729    8    5    1    1
 0.003170417706405197    8    5    2    1
 -0.03693817298063339    8    5    2    2
 -0.03226662130784602    8    5    3    1
 0.02590899226670491    8    5    3    2
 -0.02935065428562953    8    5    3    3
 -0.02705141846863825    8    5    4    1
 0.02030845744500336    8    5    4    2
 -0.02921728639508887    8    5    4    3
 -0.01754014812835269    8    5    4    4
 -0.01748185228968436    8    5    5    1
 0.013750789695283    8    5    5    2
 -0.003806072630478295    8    5    5    3
 0.003503525803290494    8    5    5    4
 -0.002510175544756483    8    5    5    5
 -0.007712836827940045    8    5    6    1
 0.003929825790452784    8    5    6    2
 0.01383348395423796    8    5    6    3
 -0.03158795806027097    8    5    6    4
 -0.004688704505062755    8    5    6    5
 -0.005547529465046    8    5    6    6
 0.00612272875674612    8    5    7    1
 0.01214398791656153    8    5    7    2
 0.01358450366544341    8    5    7    3
 0.00132928381234922    8    5    7    4
 0.004068708898147907    8    5    7    5
 0.003008510062204729    8    5    7    6
 -0.0173016264393819    8    5    7    7
 -0.001602211726283379    8    5    8    1
 -0.01780838227796358    8    5    8    2
 0.02709980052693656    8    5    8    3
 0.01068869165809134    8    5    8    4
 0.04412863928222875    8    5    8    5
 -0.001690601192931959    8    6    1    1
 0.01669498552908776    8    6    2    1
 -0.006070911257906795    8    6    2    2
 -0.04550649679937332    8    6    3    1
 0.02299130386937172    8    6    3    2
 0.01104839653245976    8    6    3    3
 0.03872049492815345    8    6    4    1
 -0.003411918355968539    8    6    4    2
 -0.01560421320440394    8    6    4    3
 -0.02149615543302416    8    6    4    4
 -0.009241759197323045    8    6    5    1
 0.006319878024390337    8    6    5    2
 0.006124918064080668    8    6    5    3
 -0.02428491068603349    8    6    5    4
 -0.007564013233995971    8    6    5    5
 0.01819661539007578    8    6    6    1
 0.004802950475727833    8    6    6    2
 0.02246530664172909    8    6    6    3
 0.01067169008796561    8    6    6    4
 0.02650179704545381    8    6    6    5
 0.0006769447585563423    8    6    6    6
 -0.003713490528985556    8    6    7    1
 0.01221857063600009    8    6    7    2
 0.01961158247277587    8    6    7    3
 -0.01023372251410741    8    6    7    4
 0.002676541531774227    8    6    7    5
 0.002892342762889398    8    6    7    6
 0.004733805585412949    8    6    7    7
 0.001952240853991485    8    6    8    1
 -0.003197100602849167    8    6    8    2
 0.01226358424969077    8    6    8    3
 0.01955333833141077    8    6    8    4
 0.01090322634430979    8    6    8    5
 0.05177403768488773    8    6    8    6
 0.008242058021554987    8    7    1    1
 -0.03998002585336596    8    7    2    1
 -0.01092121566938078    8    7    2    2
 -0.03960403160789865    8    7    3    1
 0.004178769092009524    8    7    3    2
 0.01801415088452346    8    7    3    3
 -0.01214149231136691    8    7    4    1
 -0.005008937114159586    8    7    4    2
 -0.01535999252897811    8    7    4    3
 0.009406036514748117    8    7    4    4
 0.007176024696381922    8    7    5    1
 0.01094813369093262    8    7    5    2
 0.004175695641239945    8    7    5    3
 -0.003990913211955156    8    7    5    4
 0.01862548051446892    8    7    5    5
 -0.00387879911669595    8    7    6    1
 0.01228082024633203    8    7    6    2
 0.01610979004163996    8    7    6    3
 -0.008526814875537662    8    7    6    4
 0.003296891371391715    8    7    6    5
 0.01343687478268661    8    7    6    6
 0.01883837437837931    8    7    7    1
 -0.02885537347361642    8    7    7    2
 0.009700265172041107    8    7    7    3
 -0.003169657695834683    8    7    7    4
 0.02129583955300331    8    7    7    5
 0.007521272499487105    8    7    7    6
 -0.01120676447082103    8    7    7    7
 0.005095029856471311    8    7    8    1
 -0.01971576914092374    8    7    8    2
 0.001517802403710966    8    7    8    3
 -0.002367882215037836    8    7    8    4
 0.01706714818469543    8    7    8    5
 0.005770744398104567    8    7    8    6
 0.04350950702668037    8    7    8    7
 0.4660231260108568    8    8    1    1
 -0.06772589085396961    8    8    2    1
 0.458814353642325    8    8    2    2
 0.04550021484429659    8    8    3    1
 -0.04735584939508872    8    8    3    2
 0.4837834492577826    8    8    3    3
 0.05790955979692079    8    8    4    1
 -0.04381547033357387    8    8    4    2
 0.04171994795617476    8    8    4    3
 0.4438140546101327    8    8    4    4
 0.03478529144389378    8    8    5    1
 -0.02144654865926258    8    8    5    2
 0.01585996312745886    8    8    5    3
 -0.01774163816697569    8    8    5    4
 0.3807420269469189    8    8    5    5
 0.00279358160469126    8    8    6    1
 0.01746167282247664    8    8    6    2
 -0.03798067627006312    8    8    6    3
 0.09090255515704945    8    8    6    4
 0.0007416397202781002    8    8    6    5
 0.4507084954375934    8    8    6    6
 -0.007220763820350541    8    8    7    1
 -0.08847171301563518    8    8    7    2
 -0.05057151288896715    8    8    7    3
 -0.02146738474240656    8    8    7    4
 0.03618881137121739    8    8    7    5
 0.008135119966221665    8    8    7    6
 0.4405569682266297    8    8    7    7
 0.06123785142803364    8    8    8    1
 -0.007136793934895804    8    8    8    2
 -0.02555136542728345    8    8    8    3
 -0.0009233767242578622    8    8    8    4
 -0.07753401187178754    8    8    8    5
 -0.02031463451604009    8    8    8    6
 0.008354181295462233    8    8    8    7
 0.5922436669756446    8    8    8    8
 -4.072035994193673    1    1  0  0
 0.002825449794880016    2    1  0  0
 -3.561484438400553    2    2  0  0
 -0.01791704127265479    3    1  0  0
 0.0163182341158277    3    2  0  0
 -3.495553794428539    3    3  0  0
 -0.02601216828822064    4    1  0  0
 0.01848428551261859    4    2  0  0
 -0.03328645732946173    4    3  0  0
 -3.451698604025403    4    4  0  0
 -0.2481622892980591    5    1  0  0
 -0.03672320742916906    5    2  0  0
 0.1662015625061223    5    3  0  0
 0.2539149220272572    5    4  0  0
 -2.490707888883289    5    5  0  0
 0.007235301483448365    6    1  0  0
 -0.1232012018888243    6    2  0  0
 0.3357805268919337    6    3  0  0
 -0.4307269810450942    6    4  0  0
 0.07403616649110271    6    5  0  0
 -2.839453583425013    6    6  0  0
 0.07859403295228069    7    1  0  0
 0.3970010859531393    7    2  0  0
 0.3077484296451732    7    3  0  0
 0.09396274836493913    7    4  0  0
 -0.1207140646579238    7    5  0  0
 -0.01351289624874201    7    6  0  0
 -2.821249512653688    7    7  0  0
 -0.3826800461405694    8    1  0  0
 0.2580900391969647    8    2  0  0
 -0.1350593930864836    8    3  0  0
 -0.1904548348636353    8    4  0  0
 0.1916486806554042    8    5  0  0
 0.03019192817768676    8    6  0  0
 -0.0448479021879039    8    7  0  0
 -2.736286958475228    8    8  0  0
 0  0  0  0  0
