 &FCI NORB=   8,NELEC= 8,MS2=0,
  ORBSYM=1,1,1,1,1,1,1,1
  ISYM=1,
 &END
 0.5536997395587644    1    1    1    1
 -0.04622178116425161    2    1    1    1
 0.1033786645757799    2    1    2    1
 0.4695920607590165    2    2    1    1
 0.02326407401572319    2    2    2    1
 0.5382725574795805    2    2    2    2
 -0.02239665353498495    3    1    1    1
 -0.03452802992212733    3    1    2    1
 0.03955505442012779    3    1    2    2
 0.1156714575348517    3    1    3    1
 -0.03643332428999545    3    2    1    1
 0.05493557609784147    3    2    2    1
 0.03876748174360347    3    2    2    2
 0.02010816307221432    3    2    3    1
 0.06992301833255055    3    2    3    2
 0.4981669690097691    3    3    1    1
 0.01516521893042586    3    3    2    1
 0.4599240143907985    3    3    2    2
 -0.03381209488164044    3    3    3    1
 -0.000278826457991749    3    3    3    2
 0.5115582654809701    3    3    3    3
 0.00418873131565265    4    1    1    1
 -4.728677840593735e-05    4    1    2    1
 0.001792494253652489    4    1    2    2
 0.000122127188560613    4    1    3    1
 -0.0003700497812958407    4    1    3    2
 0.002081645487210692    4    1    3    3
 0.06253468918992258    4    1    4    1
 0.0003565570510795658    4    2    1    1
 -0.0003151945302460269    4    2    2    1
 -0.0006646686772475389    4    2    2    2
 -7.41925612039358e-05    4    2    3    1
 -0.0003174329172666039    4    2    3    2
 -6.780565561364339e-05    4    2    3    3
 0.009612725705053031    4    2    4    1
 0.01533732113086167    4    2    4    2
 -0.0003714828295698563    4    3    1    1
 -0.0001281020245470198    4    3    2    1
 -0.0003516954923444374    4    3    2    2
 -1.461962947051019e-05    4    3    3    1
 -0.0001915160372278609    4    3    3    2
 -0.000624951013388968    4    3    3    3
 -0.009853705593959424    4    3    4    1
 -0.003621858736217413    4    3    4    2
 0.02345375055691859    4    3    4    3
 0.4473553024369623    4    4    1    1
 0.00398360942187118    4    4    2    1
 0.3835797944200185    4    4    2    2
 -0.04452166319338322    4    4    3    1
 -0.01725451674326108    4    4    3    2
 0.4268882665629455    4    4    3    3
 0.0008679473597633838    4    4    4    1
 -0.0001241257507640563    4    4    4    2
 -0.0005562769350998957    4    4    4    3
 0.4303876260827086    4    4    4    4
 -0.0006557539493544537    5    1    1    1
 0.0005255527362302475    5    1    2    1
 -0.0007404289143831097    5    1    2    2
 0.0002142729073969542    5    1    3    1
 -0.0002746197195551326    5    1    3    2
 -0.0007272238187615416    5    1    3    3
 0.03593858617753255    5    1    4    1
 0.009371353542708944    5    1    4    2
 0.004490414520755475    5    1    4    3
 -0.002035985748200025    5    1    4    4
 0.03650897712851834    5    1    5    1
 0.0002564505499554928    5    2    1    1
 0.0008777902704010875    5    2    2    1
 0.0005498516764321129    5    2    2    2
 -0.0002810155513516437    5    2    3    1
 0.001105484704076935    5    2    3    2
 0.0003273596831169775    5    2    3    3
 0.01362839037511236    5    2    4    1
 0.01147181653268616    5    2    4    2
 0.002843381745103691    5    2    4    3
 -0.0006704839007647311    5    2    4    4
 0.01138898292315433    5    2    5    1
 0.01449094891703115    5    2    5    2
 0.0007399991401468315    5    3    1    1
 -0.0001499241378683773    5    3    2    1
 0.001177499424155508    5    3    2    2
 0.0003811573114023994    5    3    3    1
 0.0003287411255918978    5    3    3    2
 -0.0002591380553580889    5    3    3    3
 0.01149585681573513    5    3    4    1
 0.004732287479156549    5    3    4    2
 0.003219561694607083    5    3    4    3
 -0.0004629495572052331    5    3    4    4
 0.005038051537764112    5    3    5    1
 0.003506898309958185    5    3    5    2
 0.01391773422381807    5    3    5    3
 0.09840836166843311    5    4    1    1
 0.01270625105582852    5    4    2    1
 0.10993733725134    5    4    2    2
 0.03308502651012839    5    4    3    1
 0.02348007580914152    5    4    3    2
 0.07582839782366335    5    4    3    3
 -0.002017355910148154    5    4    4    1
 -0.001198591354880269    5    4    4    2
 -0.0001778130439335859    5    4    4    3
 0.0593828465438878    5    4    4    4
 -0.005215138489967455    5    4    5    1
 -0.0008966535868163117    5    4    5    2
 0.0002102481578503191    5    4    5    3
 0.1302576769282789    5    4    5    4
 0.4474736107000076    5    5    1    1
 0.002683324309934563    5    5    2    1
 0.3941886775169495    5    5    2    2
 -0.03027289259578794    5    5    3    1
 -0.01409570690452708    5    5    3    2
 0.4290354139633188    5    5    3    3
 -0.003747930894843641    5    5    4    1
 -0.0008935993514242541    5    5    4    2
 -0.0001718721572664173    5    5    4    3
 0.43361492661559    5    5    4    4
 -0.004811902768091424    5    5    5    1
 -0.001912592899829834    5    5    5    2
 -0.001530898071838087    5    5    5    3
 0.06067691513839978    5    5    5    4
 0.4478752574912662    5    5    5    5
 0.02866210704981999    6    1    1    1
 0.02077716244053227    6    1    2    1
 0.01597453928019464    6    1    2    2
 0.00393671254330366    6    1    3    1
 0.01276134463457144    6    1    3    2
 0.03832511899105554    6    1    3    3
 0.002008329147141946    6    1    4    1
 0.0005167897298364279    6    1    4    2
 -0.0002816470241962405    6    1    4    3
 0.04002597523167436    6    1    4    4
 0.0003698385764863669    6    1    5    1
 0.000541153076169738    6    1    5    2
 -0.0005714813922802975    6    1    5    3
 0.04509349928178696    6    1    5    4
 0.04177618217774293    6    1    5    5
 0.0511705782931795    6    1    6    1
 0.04614519280145729    6    2    1    1
 -0.05120027773588579    6    2    2    1
 -0.01062606664086012    6    2    2    2
 0.00897003151438419    6    2    3    1
 -0.0486273047638387    6    2    3    2
 0.01136093402244306    6    2    3    3
 0.00106551414541797    6    2    4    1
 0.0004789252391725847    6    2    4    2
 0.000145078040848914    6    2    4    3
 0.026270219494064    6    2    4    4
 0.0002585063904394494    6    2    5    1
 -0.001598923682986431    6    2    5    2
 -0.000481789386657943    6    2    5    3
 0.002055235680358872    6    2    5    4
 0.03130606098159158    6    2    5    5
 -0.0001895507509623993    6    2    6    1
 0.08269122984738109    6    2    6    2
 0.04749175595698624    6    3    1    1
 0.002349580824099878    6    3    2    1
 0.0139636525017951    6    3    2    2
 0.007475652993731177    6    3    3    1
 -0.002644109735319436    6    3    3    2
 0.05366024247849622    6    3    3    3
 7.891732414362037e-06    6    3    4    1
 0.0001199590789559078    6    3    4    2
 -0.0001899463945686506    6    3    4    3
 0.04492342673599765    6    3    4    4
 -0.001405068061381512    6    3    5    1
 -0.000673345343639366    6    3    5    2
 -0.0009303615650162272    6    3    5    3
 0.03842053353792715    6    3    5    4
 0.04835493797117098    6    3    5    5
 0.0514504258710422    6    3    6    1
 0.02615536818479807    6    3    6    2
 0.06751527379665964    6    3    6    3
 0.004711034334179936    6    4    1    1
 0.0006015475000118156    6    4    2    1
 0.003947283017963781    6    4    2    2
 0.0007561378645996249    6    4    3    1
 0.0004460606526092018    6    4    3    2
 0.002931475217215302    6    4    3    3
 0.02757194037357592    6    4    4    1
 0.008260731939534766    6    4    4    2
 0.005172943272488155    6    4    4    3
 0.001714176136137191    6    4    4    4
 0.02578700315080674    6    4    5    1
 0.008410085831202084    6    4    5    2
 0.01055587788218568    6    4    5    3
 0.002134209455633858    6    4    5    4
 -0.0007328641305403389    6    4    5    5
 0.002438432962347575    6    4    6    1
 0.000474271334240807    6    4    6    2
 0.001030442084858052    6    4    6    3
 0.0239530413484937    6    4    6    4
 0.001815162254001685    6    5    1    1
 0.0005747871891836778    6    5    2    1
 -0.00238513914994574    6    5    2    2
 -0.003239566016420781    6    5    3    1
 -0.001618119885720562    6    5    3    2
 0.0004878135666899929    6    5    3    3
 0.03542935277972716    6    5    4    1
 0.006193083215713114    6    5    4    2
 0.008093674362366625    6    5    4    3
 0.001824854688253303    6    5    4    4
 0.02777074392225419    6    5    5    1
 0.01189216835969224    6    5    5    2
 0.01109882599372235    6    5    5    3
 -0.004026755132663434    6    5    5    4
 -0.00125296149321416    6    5    5    5
 0.001688254462811154    6    5    6    1
 0.001613705402213276    6    5    6    2
 0.0004681293859357408    6    5    6    3
 0.02496188286448089    6    5    6    4
 0.03284612919122482    6    5    6    5
 0.4645414744006844    6    6    1    1
 0.001073004599458484    6    6    2    1
 0.517371425411453    6    6    2    2
 0.08039227824087378    6    6    3    1
 0.0440481698122519    6    6    3    2
 0.4653995838830224    6    6    3    3
 0.004315420341396988    6    6    4    1
 0.0001734861549670914    6    6    4    2
 -0.0002565981159440478    6    6    4    3
 0.3793544882488    6    6    4    4
 0.0009164882947166033    6    6    5    1
 0.001518551000847058    6    6    5    2
 0.001286678775921604    6    6    5    3
 0.1267272350633272    6    6    5    4
 0.3975075896651865    6    6    5    5
 0.0375907641212443    6    6    6    1
 -0.008775150521176287    6    6    6    2
 0.0430633179390606    6    6    6    3
 0.005837468015021911    6    6    6    4
 -0.001805970609447974    6    6    6    5
 0.5765175395807326    6    6    6    6
 -0.009815049330857431    7    1    1    1
 -0.009839049573374186    7    1    2    1
 -0.0327479512933306    7    1    2    2
 -0.007139958390823617    7    1    3    1
 0.007715757468602    7    1    3    2
 0.00277056398755595    7    1    3    3
 -0.0008623077870196077    7    1    4    1
 0.0004721109597552305    7    1    4    2
 -0.0007630581330498909    7    1    4    3
 -0.001928711937742537    7    1    4    4
 -0.0006391394331547019    7    1    5    1
 0.0008733961121367979    7    1    5    2
 -0.0008742498663543582    7    1    5    3
 -0.02445920393649714    7    1    5    4
 -0.0049496877056985    7    1    5    5
 0.01007562704752039    7    1    6    1
 -0.02237384914999413    7    1    6    2
 0.008717900631630138    7    1    6    3
 -0.001600870891339864    7    1    6    4
 -0.0006017030757995227    7    1    6    5
 -0.01033299736101828    7    1    6    6
 0.04718584319328458    7    1    7    1
 -0.0636878369048486    7    2    1    1
 -0.0321550991069921    7    2    2    1
 -0.04957410007720528    7    2    2    2
 0.03102740259049136    7    2    3    1
 0.005945329061511276    7    2    3    2
 -0.05356806403977425    7    2    3    3
 0.0006136816197393278    7    2    4    1
 0.0003797537827501749    7    2    4    2
 -0.0001626715844638596    7    2    4    3
 -0.06225057924381005    7    2    4    4
 0.001963442313861192    7    2    5    1
 0.0007803306763573123    7    2    5    2
 0.0005509981586969809    7    2    5    3
 -0.04894742773128132    7    2    5    4
 -0.06131306786709866    7    2    5    5
 -0.04004823722343363    7    2    6    1
 -0.01527369934593088    7    2    6    2
 -0.04180475572014677    7    2    6    3
 -0.001379570573814774    7    2    6    4
 -0.001144830309574125    7    2    6    5
 -0.01850853735801722    7    2    6    6
 0.02304175740480453    7    2    7    1
 0.0866493770790297    7    2    7    2
 0.009219577864886542    7    3    1    1
 0.02596111550243121    7    3    2    1
 0.05262877316690991    7    3    2    2
 0.03182093376229111    7    3    3    1
 0.03093710490904386    7    3    3    2
 0.01808194891095614    7    3    3    3
 -0.001287130328743063    7    3    4    1
 -0.000482495362461002    7    3    4    2
 0.0002061758977244721    7    3    4    3
 -0.003560287031876279    7    3    4    4
 -0.001654694643812663    7    3    5    1
 0.0003334961378282257    7    3    5    2
 0.0003550459647006815    7    3    5    3
 0.05602321855513792    7    3    5    4
 -0.002222048284941127    7    3    5    5
 0.02154449365573641    7    3    6    1
 -0.03104400369874643    7    3    6    2
 0.01225727265009996    7    3    6    3
 0.001161055560743357    7    3    6    4
 -0.002650172330095256    7    3    6    5
 0.06779153879401811    7    3    6    6
 -0.01331806442618607    7    3    7    1
 -0.01685168957350354    7    3    7    2
 0.06021586058658706    7    3    7    3
 -0.001314456936856624    7    4    1    1
 0.0007825212583840734    7    4    2    1
 -0.0006094066534009455    7    4    2    2
 -0.001232875018649755    7    4    3    1
 -9.182663031632391e-05    7    4    3    2
 -0.0004352909767988791    7    4    3    3
 -0.004751631127792949    7    4    4    1
 -0.008056310802561615    7    4    4    2
 -0.003207959907280034    7    4    4    3
 -0.0001578985323464781    7    4    4    4
 -0.01117312859672626    7    4    5    1
 -0.01130258397730145    7    4    5    2
 0.006499216303272225    7    4    5    3
 -0.0003788859593817506    7    4    5    4
 0.0001525933181067884    7    4    5    5
 -0.001177848270062875    7    4    6    1
 -0.0006116162895527478    7    4    6    2
 -0.0004601077900034193    7    4    6    3
 -0.00382994531246019    7    4    6    4
 -0.006026482909130116    7    4    6    5
 -0.002172276544829165    7    4    6    6
 -0.000221543958024841    7    4    7    1
 -0.0001346030984127829    7    4    7    2
 -0.0004696822826296213    7    4    7    3
 0.01802754985988667    7    4    7    4
 -0.002717971431670513    7    5    1    1
 0.003313176387332175    7    5    2    1
 -0.000121420674239431    7    5    2    2
 -0.002477542382872214    7    5    3    1
 0.001468868571214134    7    5    3    2
 -0.0002109328408958791    7    5    3    3
 -0.01794145273342845    7    5    4    1
 -0.01445896203973776    7    5    4    2
 0.01324234927324995    7    5    4    3
 -0.0002053349291302052    7    5    4    4
 -0.008807947619077116    7    5    5    1
 -0.009899491793294574    7    5    5    2
 -0.003618850828670438    7    5    5    3
 -0.0003437657063678344    7    5    5    4
 0.0007681343861996018    7    5    5    5
 -0.001059818195068211    7    5    6    1
 -0.002509469563936018    7    5    6    2
 -0.001270624549778327    7    5    6    3
 -0.007444145765652633    7    5    6    4
 -0.005314293503472934    7    5    6    5
 -0.002476616032502346    7    5    6    6
 -0.0003881339249269118    7    5    7    1
 -0.0007170618058886664    7    5    7    2
 0.0004405543880749066    7    5    7    3
 0.007165252977474123    7    5    7    4
 0.02307799171809452    7    5    7    5
 0.04819119918526279    7    6    1    1
 -0.06945489133255156    7    6    2    1
 -0.01730901630937634    7    6    2    2
 0.02175322623128506    7    6    3    1
 -0.05420701012284918    7    6    3    2
 0.01153574206334376    7    6    3    3
 -0.001380625449574748    7    6    4    1
 -0.0003167283076768439    7    6    4    2
 0.0002345552843488    7    6    4    3
 0.01586619401711773    7    6    4    4
 -0.001492999293011801    7    6    5    1
 -0.001900833113805127    7    6    5    2
 -0.001091638952693134    7    6    5    3
 -0.003398810280649766    7    6    5    4
 0.01950966661741105    7    6    5    5
 0.001779761555177722    7    6    6    1
 0.06136527916710799    7    6    6    2
 0.02727767990809107    7    6    6    3
 -0.001157177627972397    7    6    6    4
 -0.0007769230957717776    7    6    6    5
 0.002987705847386974    7    6    6    6
 -0.000840614877704531    7    6    7    1
 0.0006950491963971244    7    6    7    2
 -0.0201288821379915    7    6    7    3
 -0.0002781831666046083    7    6    7    4
 -0.002172391294802446    7    6    7    5
 0.07633192565426303    7    6    7    6
 0.5037210654130315    7    7    1    1
 0.03989730884252795    7    7    2    1
 0.506547858834884    7    7    2    2
 -0.03368898350204676    7    7    3    1
 0.003512990714698899    7    7    3    2
 0.5012520127474632    7    7    3    3
 0.001452423089041397    7    7    4    1
 -0.0004956681089989881    7    7    4    2
 -0.0005775957079531206    7    7    4    3
 0.4383792303175323    7    7    4    4
 -0.00157487962392172    7    7    5    1
 -0.0001047597865038447    7    7    5    2
 0.0002845058598478768    7    7    5    3
 0.0974026943887468    7    7    5    4
 0.4476479318191319    7    7    5    5
 0.03565360347601802    7    7    6    1
 0.005642189820072688    7    7    6    2
 0.03896597839145573    7    7    6    3
 0.003407952420885459    7    7    6    4
 0.0001420899727183096    7    7    6    5
 0.4809118838136506    7    7    6    6
 -0.03317352208514172    7    7    7    1
 -0.09702327420235127    7    7    7    2
 0.03683552803227604    7    7    7    3
 0.0001035287723736743    7    7    7    4
 0.000841449740589588    7    7    7    5
 -0.009359848689032564    7    7    7    6
 0.5724634223099933    7    7    7    7
 0.05885716441318208    8    1    1    1
 -0.007299825829463985    8    1    2    1
 0.03253949163880247    8    1    2    2
 -0.01321776295122886    8    1    3    1
 0.008739786485459988    8    1    3    2
 0.02646651006312335    8    1    3    3
 0.001206124996973182    8    1    4    1
 0.0002650201964247659    8    1    4    2
 0.0006170212333162567    8    1    4    3
 0.03313312942529719    8    1    4    4
 -0.001184139577488019    8    1    5    1
 0.001194051498263341    8    1    5    2
 0.001272089981867577    8    1    5    3
 0.05625974217895132    8    1    5    4
 0.02810705084940565    8    1    5    5
 0.02095016753115875    8    1    6    1
 -0.01426007583713296    8    1    6    2
 0.01182444168650083    8    1    6    3
 0.002731156972773722    8    1    6    4
 0.0009425149020103758    8    1    6    5
 0.02969135538951872    8    1    6    6
 0.0007198860846566517    8    1    7    1
 -0.03017562858118075    8    1    7    2
 0.03057874045718077    8    1    7    3
 -0.0009990926940090274    8    1    7    4
 -0.000813089278315693    8    1    7    5
 -0.005226343371459357    8    1    7    6
 0.03588369234114756    8    1    7    7
 0.0719984390475434    8    1    8    1
 -0.03738879266383287    8    2    1    1
 -0.006376137890549463    8    2    2    1
 -0.007468283340441304    8    2    2    2
 0.02418336332876219    8    2    3    1
 -0.000181520628559137    8    2    3    2
 -0.03339761065144891    8    2    3    3
 0.0006601800222536951    8    2    4    1
 0.0004727917720921273    8    2    4    2
 0.000381316394685501    8    2    4    3
 -0.03766207710216045    8    2    4    4
 0.001794121128173623    8    2    5    1
 0.0005524000522433862    8    2    5    2
 0.0009228420729210517    8    2    5    3
 -0.01515030261286785    8    2    5    4
 -0.03585622129729751    8    2    5    5
 -0.02845998696822532    8    2    6    1
 -0.007974978425989569    8    2    6    2
 -0.03229160787313973    8    2    6    3
 0.0001877367766169072    8    2    6    4
 -0.0005285248719408091    8    2    6    5
 -0.0001874629840578503    8    2    6    6
 -0.012201380746121    8    2    7    1
 0.03672012996617357    8    2    7    2
 0.003660417938172088    8    2    7    3
 -0.0002374875519057194    8    2    7    4
 -0.0002580996897247522    8    2    7    5
 -0.003843107039379676    8    2    7    6
 -0.03164810996588444    8    2    7    7
 -0.02215770047571972    8    2    8    1
 0.03487791893002683    8    2    8    2
 -0.05171274017863133    8    3    1    1
 0.02831126339601065    8    3    2    1
 -0.04452262656578816    8    3    2    2
 -0.03673977013046066    8    3    3    1
 0.002069543974100326    8    3    3    2
 -0.02174461254923334    8    3    3    3
 0.001151585144653772    8    3    4    1
 0.0006044727681480406    8    3    4    2
 -0.0003575273689981144    8    3    4    3
 -0.0113038933748107    8    3    4    4
 0.002369503394618766    8    3    5    1
 0.001210343926219517    8    3    5    2
 -0.000239702775495569    8    3    5    3
 -0.05605095578903076    8    3    5    4
 -0.01539709927919447    8    3    5    5
 -0.01069165954167796    8    3    6    1
 -0.03273652472822339    8    3    6    2
 -0.02180546479758325    8    3    6    3
 -0.0009898494149562843    8    3    6    4
 0.002153779243151023    8    3    6    5
 -0.05931969001611029    8    3    6    6
 0.02664945401474151    8    3    7    1
 0.01659768157560925    8    3    7    2
 -0.02775801154691349    8    3    7    3
 0.0007693934077797069    8    3    7    4
 0.001417459079430786    8    3    7    5
 -0.0283740974363394    8    3    7    6
 -0.0251370521933743    8    3    7    7
 -0.03429796107883541    8    3    8    1
 0.001699358474666753    8    3    8    2
 0.06681816285203117    8    3    8    3
 0.003101854887392928    8    4    1    1
 0.0008262701054136373    8    4    2    1
 0.003800114554558104    8    4    2    2
 0.001716655839319298    8    4    3    1
 0.001006392976355054    8    4    3    2
 0.002392071074423584    8    4    3    3
 0.01421743935033247    8    4    4    1
 -0.001834928887918464    8    4    4    2
 0.001826003299463938    8    4    4    3
 0.001406520723340432    8    4    4    4
 0.02052310074585168    8    4    5    1
 0.000258278961314903    8    4    5    2
 -0.006824994037674655    8    4    5    3
 0.002005501276425617    8    4    5    4
 0.0004813976586304213    8    4    5    5
 0.002350098462485128    8    4    6    1
 0.0001583900926110194    8    4    6    2
 0.001059379610639371    8    4    6    3
 0.009202396955346678    8    4    6    4
 0.008916845393664405    8    4    6    5
 0.005223971916443291    8    4    6    6
 -0.001171070635555165    8    4    7    1
 -0.001201304937017562    8    4    7    2
 0.001642269185542298    8    4    7    3
 -0.007413442008391203    8    4    7    4
 0.002207558526221464    8    4    7    5
 -0.0004556607691925301    8    4    7    6
 0.00281540181524115    8    4    7    7
 0.001378127847402153    8    4    8    1
 -0.000131260115683728    8    4    8    2
 -0.001347094553407884    8    4    8    3
 0.02241004846033038    8    4    8    4
 -0.0006576268503497067    8    5    1    1
 0.002397293992542166    8    5    2    1
 0.002059653901138931    8    5    2    2
 0.002263744117598619    8    5    3    1
 0.002134422731761064    8    5    3    2
 0.0002172830324041037    8    5    3    3
 0.03437546637385188    8    5    4    1
 0.0006480588848145513    8    5    4    2
 -0.01356297223866294    8    5    4    3
 -0.0004406340874281051    8    5    4    4
 0.01494298956399234    8    5    5    1
 0.001377359666301516    8    5    5    2
 0.003319416468481829    8    5    5    3
 0.0001399221801466396    8    5    5    4
 -0.002410709688307178    8    5    5    5
 0.001965433937732903    8    5    6    1
 -0.0007836704890433211    8    5    6    2
 0.0005935672458794056    8    5    6    3
 0.009978044710090804    8    5    6    4
 0.01393890943211745    8    5    6    5
 0.004044016346103066    8    5    6    6
 -0.0008150776090760749    8    5    7    1
 0.0001468542962518681    8    5    7    2
 0.0009479004163274888    8    5    7    3
 0.002825488230639851    8    5    7    4
 -0.01027314844735464    8    5    7    5
 -0.002298285536058877    8    5    7    6
 0.0007581216341668043    8    5    7    7
 -0.0005189105540322243    8    5    8    1
 0.000541638406396449    8    5    8    2
 0.0005118010082042698    8    5    8    3
 0.009015688543167848    8    5    8    4
 0.0287498051248998    8    5    8    5
 0.02599279492331921    8    6    1    1
 -0.05457675183007735    8    6    2    1
 -0.02778073835689779    8    6    2    2
 -0.003386396420099358    8    6    3    1
 -0.04926127564191728    8    6    3    2
 -0.01543884388328385    8    6    3    3
 0.002879558012013598    8    6    4    1
 0.0006930729456679003    8    6    4    2
 7.945131861474602e-05    8    6    4    3
 0.008061409458725601    8    6    4    4
 0.001821399596792462    8    6    5    1
 -0.0003108474250657328    8    6    5    2
 0.0006538473574795791    8    6    5    3
 -0.01395822637317717    8    6    5    4
 0.007950006929755192    8    6    5    5
 -0.01732809833221582    8    6    6    1
 0.04331134036540241    8    6    6    2
 -0.007914885702140221    8    6    6    3
 0.001248319919293572    8    6    6    4
 0.002786451303191805    8    6    6    5
 -0.03561631000222228    8    6    6    6
 -0.007156499625807771    8    6    7    1
 0.005800736023410006    8    6    7    2
 -0.02919744633058947    8    6    7    3
 -0.0003233063362319008    8    6    7    4
 -0.00243050079137533    8    6    7    5
 0.04678313954407098    8    6    7    6
 -0.01809578992554226    8    6    7    7
 -0.002129983792512302    8    6    8    1
 0.003954051610921613    8    6    8    2
 -0.008461000613135034    8    6    8    3
 -7.342719094961112e-05    8    6    8    4
 -0.0004333087465523809    8    6    8    5
 0.04956176122424301    8    6    8    6
 0.009631554476828076    8    7    1    1
 -0.02985219566432679    8    7    2    1
 0.04923388058928035    8    7    2    2
 0.06564981255716623    8    7    3    1
 0.01398867363500592    8    7    3    2
 -0.01935906951337918    8    7    3    3
 -0.001260949069812728    8    7    4    1
 -0.0006156875051439795    8    7    4    2
 0.0006741133544627183    8    7    4    3
 -0.02729754469288961    8    7    4    4
 -0.001320741846181317    8    7    5    1
 -0.0002743511547984292    8    7    5    2
 0.0007574671425061507    8    7    5    3
 0.03779611471279393    8    7    5    4
 -0.02200598783381486    8    7    5    5
 -0.008920539419755576    8    7    6    1
 0.002196055872115052    8    7    6    2
 -0.01181542417244493    8    7    6    3
 0.0005719937122361002    8    7    6    4
 -0.003323031179468459    8    7    6    5
 0.06220433969788671    8    7    6    6
 -0.01479210472006783    8    7    7    1
 0.01422820552729739    8    7    7    2
 0.02725139856615137    8    7    7    3
 -0.000572967049325259    8    7    7    4
 -0.0009309550617085688    8    7    7    5
 0.008084391199486661    8    7    7    6
 -0.005297320425594501    8    7    7    7
 0.01751341186423875    8    7    8    1
 0.01496061866517943    8    7    8    2
 -0.04028539812430974    8    7    8    3
 0.0009731209698057348    8    7    8    4
 -0.00014418641309378    8    7    8    5
 0.003392347801819595    8    7    8    6
 0.06658550389220276    8    7    8    7
 0.5343179374176142    8    8    1    1
 -0.02745256598227539    8    8    2    1
 0.4406268524159701    8    8    2    2
 -0.06218090282462176    8    8    3    1
 -0.0259737976671051    8    8    3    2
 0.4977264944759038    8    8    3    3
 0.00315732464233625    8    8    4    1
 0.0002297047449228758    8    8    4    2
 -0.001005369164088297    8    8    4    3
 0.451454689289799    8    8    4    4
 -0.001438096207536913    8    8    5    1
 0.0003054234428282431    8    8    5    2
 0.0003085958579195688    8    8    5    3
 0.07041335986419722    8    8    5    4
 0.4562253632137709    8    8    5    5
 0.02906045938606891    8    8    6    1
 0.03187022195276499    8    8    6    2
 0.04452860326078715    8    8    6    3
 0.003103200942092961    8    8    6    4
 0.002286949150014276    8    8    6    5
 0.434346984001378    8    8    6    6
 0.008192665096325425    8    8    7    1
 -0.06317657742308805    8    8    7    2
 -0.008457176654991766    8    8    7    3
 -0.000398305760030822    8    8    7    4
 -0.001585520040543154    8    8    7    5
 0.03071103525114554    8    8    7    6
 0.5046022634653915    8    8    7    7
 0.06387893878045388    8    8    8    1
 -0.05319548986873723    8    8    8    2
 -0.03155023163944162    8    8    8    3
 0.001655621993866379    8    8    8    4
 -0.001250823041415291    8    8    8    5
 0.0169053172057344    8    8    8    6
 -0.01728165585928819    8    8    8    7
 0.5713120055400012    8    8    8    8
 -4.269037155012967    1    1  0  0
 0.01438093922120199    2    1  0  0
 -3.617705571739553    2    2  0  0
 0.1112238364670183    3    1  0  0
 0.03073713812255757    3    2  0  0
 -3.639092860355678    3    3  0  0
 -0.01313477231685889    4    1  0  0
 -2.751117855402156e-05    4    2  0  0
 0.002432278863611361    4    3  0  0
 -3.168427147639858    4    4  0  0
 0.0069046382270083    5    1  0  0
 -0.0007207787925620118    5    2  0  0
 -0.00150804273286369    5    3  0  0
 -0.5771005995986261    5    4  0  0
 -2.910991256479917    5    5  0  0
 -0.2334661672513711    6    1  0  0
 -0.1305327215532381    6    2  0  0
 -0.3059356745005032    6    3  0  0
 -0.02259643634408414    6    4  0  0
 -0.003510619933880937    6    5  0  0
 -2.831203518032621    6    6  0  0
 0.06854148831913572    7    1  0  0
 0.4216289943575857    7    2  0  0
 -0.1390608445789915    7    3  0  0
 0.00459982066527353    7    4  0  0
 0.006628671000393433    7    5  0  0
 -0.1133389828734668    7    6  0  0
 -2.882843166338624    7    7  0  0
 -0.2720340428140847    8    1  0  0
 0.2173001002049212    8    2  0  0
 0.2252499253134481    8    3  0  0
 -0.01867321107877594    8    4  0  0
 -0.001223293015844831    8    5  0  0
 0.0187028769792064    8    6  0  0
 -0.02214907922415435    8    7  0  0
 -2.732908127197732    8    8  0  0
 0  0  0  0  0
