 &FCI NORB=   8,NELEC= 8,MS2=0,
  ORBSYM=1,1,1,1,1,1,1,1
  ISYM=1,
 &END
 0.5334813420738349    1    1    1    1
 -0.01734038636873474    2    1    1    1
 0.1263086147245529    2    1    2    1
 0.4980902728999855    2    2    1    1
 -0.03254361212729748    2    2    2    1
 0.5128740250643092    2    2    2    2
 0.03156846720731307    3    1    1    1
 0.02129824748338748    3    1    2    1
 -0.01548619588818394    3    1    2    2
 0.1030482723636831    3    1    3    1
 0.02102678910251907    3    2    1    1
 -0.02207764124224227    3    2    2    1
 -0.0004047617638184855    3    2    2    2
 0.05077949205007362    3    2    3    1
 0.06090147436524696    3    2    3    2
 0.4793227267998625    3    3    1    1
 0.05115787549406041    3    3    2    1
 0.4583783433599242    3    3    2    2
 -0.01752854090968092    3    3    3    1
 -0.029660288790245    3    3    3    2
 0.5349719588114061    3    3    3    3
 0.002222023535794342    4    1    1    1
 0.0006248795295002689    4    1    2    1
 -4.179920250181494e-05    4    1    2    2
 7.258426181297391e-05    4    1    3    1
 -0.0001846738119816891    4    1    3    2
 0.0001211050811936988    4    1    3    3
 0.06809035427712373    4    1    4    1
 0.00030284329213321    4    2    1    1
 -0.000528103250425669    4    2    2    1
 1.636039208496514e-05    4    2    2    2
 -0.00058386408091533    4    2    3    1
 -0.0003900620631673873    4    2    3    2
 0.0005779092202619317    4    2    3    3
 -0.00385003373269741    4    2    4    1
 0.0220467430857431    4    2    4    2
 -0.0002278357898571152    4    3    1    1
 -0.0005162965519484773    4    3    2    1
 -8.98844396666728e-05    4    3    2    2
 -0.0007152462203888224    4    3    3    1
 0.000307535908461605    4    3    3    2
 -0.0001316331960179116    4    3    3    3
 -0.0004991791231998316    4    3    4    1
 0.004656586144003994    4    3    4    2
 0.01706837580147203    4    3    4    3
 0.4516286587185393    4    4    1    1
 -0.0200481319518417    4    4    2    1
 0.4219774605063759    4    4    2    2
 0.01413283220766148    4    4    3    1
 0.01801331111298605    4    4    3    2
 0.4009295952312443    4    4    3    3
 -0.004025570446127168    4    4    4    1
 0.0002085055512523654    4    4    4    2
 0.0008423999975567972    4    4    4    3
 0.4231769308019727    4    4    4    4
 0.002718306657432612    5    1    1    1
 -0.0008290522505008684    5    1    2    1
 0.001621482650388438    5    1    2    2
 -0.000156148683361306    5    1    3    1
 0.0002931841257182224    5    1    3    2
 0.001299139863429383    5    1    3    3
 0.03923460658688459    5    1    4    1
 0.002998764340366366    5    1    4    2
 -0.006193977903192068    5    1    4    3
 -0.003321563010603074    5    1    4    4
 0.03716662899229753    5    1    5    1
 -0.002080491303310011    5    2    1    1
 0.001580238423165287    5    2    2    1
 -0.002834502073643806    5    2    2    2
 0.0008320066161924527    5    2    3    1
 -0.0001918564694919596    5    2    3    2
 -0.0004107047757171486    5    2    3    3
 0.007269705963935493    5    2    4    1
 0.004366232122229364    5    2    4    2
 -0.003321885684862295    5    2    4    3
 -0.002219586644744333    5    2    4    4
 0.003811295944511674    5    2    5    1
 0.01128541014602356    5    2    5    2
 0.000704414819700309    5    3    1    1
 0.000836734523131467    5    3    2    1
 0.0002052503392611119    5    3    2    2
 0.001682353303979691    5    3    3    1
 0.001589079489986503    5    3    3    2
 0.0005259749959404531    5    3    3    3
 -0.01179536194525812    5    3    4    1
 -0.00312961774846176    5    3    4    2
 0.00851400292463475    5    3    4    3
 0.001703381047010742    5    3    4    4
 -0.007637662083875745    5    3    5    1
 -0.001463770772867044    5    3    5    2
 0.01312683192461847    5    3    5    3
 0.1062605974135547    5    4    1    1
 0.01827128919138824    5    4    2    1
 0.08247872960237942    5    4    2    2
 -0.01963306183084881    5    4    3    1
 -0.01928194716613033    5    4    3    2
 0.1054358515864919    5    4    3    3
 -0.006581998825336026    5    4    4    1
 0.000177693920147279    5    4    4    2
 0.000513069811792922    5    4    4    3
 0.08348350173706982    5    4    4    4
 -0.00488953153904927    5    4    5    1
 -0.002299650914931577    5    4    5    2
 0.001264756241580226    5    4    5    3
 0.1155420807555098    5    4    5    4
 0.4382108591735113    5    5    1    1
 -0.01756452524376547    5    5    2    1
 0.4147377036716022    5    5    2    2
 0.0106395602097211    5    5    3    1
 0.01687545875204475    5    5    3    2
 0.3940082440923934    5    5    3    3
 -0.005344151397417825    5    5    4    1
 -0.0006425944090086457    5    5    4    2
 0.0009294711677113684    5    5    4    3
 0.418232029664505    5    5    4    4
 -0.003895842038399951    5    5    5    1
 -0.002693907325469067    5    5    5    2
 0.002463337111552747    5    5    5    3
 0.06867470525430611    5    5    5    4
 0.424881246916089    5    5    5    5
 -0.01227225816417083    6    1    1    1
 -0.01392081457069535    6    1    2    1
 -0.009193608790393026    6    1    2    2
 0.01997870963482144    6    1    3    1
 -0.01004942868366114    6    1    3    2
 -0.02424273807857828    6    1    3    3
 -0.002021795815849376    6    1    4    1
 2.389697771654143e-05    6    1    4    2
 -0.001486480883098894    6    1    4    3
 -0.02015259323034752    6    1    4    4
 -0.001046769073476805    6    1    5    1
 0.0005172976994725606    6    1    5    2
 -0.001374513738686513    6    1    5    3
 -0.0224674135703505    6    1    5    4
 -0.02190679561246305    6    1    5    5
 0.04260458125060158    6    1    6    1
 -0.02832419442495478    6    2    1    1
 0.0189013647615418    6    2    2    1
 -0.015162824366946    6    2    2    2
 -0.03558592106792903    6    2    3    1
 -0.02974522439546755    6    2    3    2
 0.02237808967928981    6    2    3    3
 0.0003177823443091824    6    2    4    1
 0.0006169798214190708    6    2    4    2
 -0.0004334267213382613    6    2    4    3
 -0.02685263144322188    6    2    4    4
 0.0006358901747784796    6    2    5    1
 0.001010095339666001    6    2    5    2
 -0.001824303402986978    6    2    5    3
 0.008726254154749962    6    2    5    4
 -0.0288864930721092    6    2    5    5
 0.004018470416549349    6    2    6    1
 0.04835578111152532    6    2    6    2
 0.07983495856418529    6    3    1    1
 -0.04251679394051238    6    3    2    1
 0.05178359618120464    6    3    2    2
 9.987834178234531e-05    6    3    3    1
 0.03098547305470965    6    3    3    2
 0.0337653501345428    6    3    3    3
 -0.003197734003753299    6    3    4    1
 -0.0002615750078206843    6    3    4    2
 0.001122934311510347    6    3    4    3
 0.07010054207571054    6    3    4    4
 -0.002168796910264279    6    3    5    1
 -0.002858757935839642    6    3    5    2
 0.002279192615029917    6    3    5    3
 0.04577871681713903    6    3    5    4
 0.06732079903656395    6    3    5    5
 -0.03702609448411973    6    3    6    1
 -0.0401441232330783    6    3    6    2
 0.1151803837110931    6    3    6    3
 -0.004320809213689911    6    4    1    1
 0.0001508615346609206    6    4    2    1
 -0.00138344917980806    6    4    2    2
 -0.00299589854763645    6    4    3    1
 -0.001372057948148156    6    4    3    2
 -0.0006891227098581049    6    4    3    3
 -0.01636846958037224    6    4    4    1
 -0.004328467535705639    6    4    4    2
 0.008867052199169534    6    4    4    3
 -0.001450317386187797    6    4    4    4
 -0.01497085992477196    6    4    5    1
 -0.001522080349605313    6    4    5    2
 0.01204654923990719    6    4    5    3
 0.0001306685670021025    6    4    5    4
 -0.0002678145411409132    6    4    5    5
 -9.641800356666363e-05    6    4    6    1
 0.001378982874724047    6    4    6    2
 -0.001236186298330458    6    4    6    3
 0.01627919397923086    6    4    6    4
 -0.002477641207707185    6    5    1    1
 0.001307995236851193    6    5    2    1
 0.0003917835301784152    6    5    2    2
 -0.004007745488953204    6    5    3    1
 -0.003423097767112214    6    5    3    2
 0.002421639727104789    6    5    3    3
 -0.01919116240050829    6    5    4    1
 0.002060968933871716    6    5    4    2
 0.01238599129723876    6    5    4    3
 -0.0003048668500521769    6    5    4    4
 -0.01598241399472159    6    5    5    1
 -0.005251756385551454    6    5    5    2
 0.01030528928698463    6    5    5    3
 0.002730425461975304    6    5    5    4
 0.0003004299212525204    6    5    5    5
 0.0003665608617921404    6    5    6    1
 0.002437636416179033    6    5    6    2
 -0.001738603138155206    6    5    6    3
 0.01450044589289738    6    5    6    4
 0.01816524967078336    6    5    6    5
 0.4651906228856185    6    6    1    1
 0.0237232869917341    6    6    2    1
 0.4733299136393153    6    6    2    2
 -0.07660737252629347    6    6    3    1
 -0.06578329685340954    6    6    3    2
 0.5359754433589152    6    6    3    3
 9.722982110613301e-05    6    6    4    1
 0.001361951684054603    6    6    4    2
 -0.0004399710814249117    6    6    4    3
 0.3964628225651755    6    6    4    4
 0.001503532694986251    6    6    5    1
 -0.000697288818617188    6    6    5    2
 -0.001561298690558309    6    6    5    3
 0.1249259204699072    6    6    5    4
 0.3921823896097281    6    6    5    5
 -0.02189105762650631    6    6    6    1
 0.05076483075459524    6    6    6    2
 0.0264758833803529    6    6    6    3
 0.0003479595172267163    6    6    6    4
 0.004824101336673039    6    6    6    5
 0.6110069225159679    6    6    6    6
 0.06503519006431645    7    1    1    1
 -0.000579925667196274    7    1    2    1
 0.04084801809727211    7    1    2    2
 0.002061774268931323    7    1    3    1
 -0.01318379169218495    7    1    3    2
 0.04201688780585372    7    1    3    3
 0.001804564737581436    7    1    4    1
 5.456253177900923e-05    7    1    4    2
 -0.00126859495308261    7    1    4    3
 0.05167863020922725    7    1    4    4
 0.00172550158414394    7    1    5    1
 -0.001219123240350558    7    1    5    2
 -0.001021058235797854    7    1    5    3
 0.0668873512050393    7    1    5    4
 0.0434567645714966    7    1    5    5
 0.001583471405954117    7    1    6    1
 -0.004668763731321212    7    1    6    2
 0.04279569438803595    7    1    6    3
 -0.003363547425695841    7    1    6    4
 -0.001955628247678233    7    1    6    5
 0.05550539680215055    7    1    6    6
 0.06887190560041177    7    1    7    1
 0.01199555304428095    7    2    1    1
 -0.02716032756597709    7    2    2    1
 0.03312754596498278    7    2    2    2
 -0.02645995978625633    7    2    3    1
 -0.001097142631680209    7    2    3    2
 -0.007596920567065762    7    2    3    3
 -0.0005264385803396673    7    2    4    1
 -7.962304303612751e-05    7    2    4    2
 7.000883983695646e-05    7    2    4    3
 0.01666175101648184    7    2    4    4
 -0.0004144072476780601    7    2    5    1
 -0.001455985572576268    7    2    5    2
 -0.0007504086688659822    7    2    5    3
 0.004715698173703319    7    2    5    4
 0.01849032578526728    7    2    5    5
 -0.00254292987736799    7    2    6    1
 -0.009055227504706099    7    2    6    2
 0.02273298031456244    7    2    6    3
 0.0003528187915609969    7    2    6    4
 0.000294588328866284    7    2    6    5
 0.00765312507836986    7    2    6    6
 0.009797114057285927    7    2    7    1
 0.04280040233984892    7    2    7    2
 0.01213145440843766    7    3    1    1
 -0.03011015917603706    7    3    2    1
 0.01913396963422358    7    3    2    2
 -0.02393394774614684    7    3    3    1
 -0.02083437909971938    7    3    3    2
 0.005266773767206303    7    3    3    3
 -0.002531909161602793    7    3    4    1
 0.0001324106268104016    7    3    4    2
 -3.637679686135909e-05    7    3    4    3
 0.005951226795372667    7    3    4    4
 -0.001321320225220614    7    3    5    1
 -0.001332629512140944    7    3    5    2
 -0.0009957987733881658    7    3    5    3
 0.02051599339056168    7    3    5    4
 0.001306659176290535    7    3    5    5
 0.02031232821909796    7    3    6    1
 0.01273957616352341    7    3    6    2
 0.008613399129864679    7    3    6    3
 0.000739152463292522    7    3    6    4
 0.001917235346057793    7    3    6    5
 0.03460800768857657    7    3    6    6
 0.03345169078068067    7    3    7    1
 0.02319336392030598    7    3    7    2
 0.04751850585030885    7    3    7    3
 0.005395300250070971    7    4    1    1
 -0.0003373237094124314    7    4    2    1
 0.00388907072090198    7    4    2    2
 -0.002899201573303674    7    4    3    1
 -0.001167185212322934    7    4    3    2
 0.004374581443379924    7    4    3    3
 0.02731274744824448    7    4    4    1
 0.002413202306255289    7    4    4    2
 -0.0023931525207632    7    4    4    3
 0.001123769711251708    7    4    4    4
 0.03017640503869436    7    4    5    1
 0.002802094803965645    7    4    5    2
 -0.0008724144378741191    7    4    5    3
 0.002304411125615383    7    4    5    4
 0.0004671416407735015    7    4    5    5
 -0.003017698452080319    7    4    6    1
 0.0008008079581024156    7    4    6    2
 0.002015323237485131    7    4    6    3
 -0.008053905324248227    7    4    6    4
 -0.009867001948609542    7    4    6    5
 0.006315514796035916    7    4    6    6
 0.005451687717648887    7    4    7    1
 0.0009728621761890718    7    4    7    2
 0.0007997188580916715    7    4    7    3
 0.02890816009119865    7    4    7    4
 0.007116195635499974    7    5    1    1
 -0.001345394292034011    7    5    2    1
 0.004176342930075154    7    5    2    2
 -0.001234430124620978    7    5    3    1
 -0.0006728926902603382    7    5    3    2
 0.003785098807841237    7    5    3    3
 0.04689318264915753    7    5    4    1
 0.0006519874937877881    7    5    4    2
 0.003077526141402656    7    5    4    3
 0.002840107798487023    7    5    4    4
 0.0270099720892198    7    5    5    1
 0.005564448857858072    7    5    5    2
 -0.007014136861293819    7    5    5    3
 0.0001158437429589466    7    5    5    4
 0.001394566594540461    7    5    5    5
 -0.002718276166947968    7    5    6    1
 -0.0003765488647678083    7    5    6    2
 0.002263397577436879    7    5    6    3
 -0.01106316523833429    7    5    6    4
 -0.01162689552284823    7    5    6    5
 0.005395291422708039    7    5    6    6
 0.005380588524897545    7    5    7    1
 0.000615828880134126    7    5    7    2
 -4.719763402011552e-05    7    5    7    3
 0.01974689511556505    7    5    7    4
 0.0381142169325733    7    5    7    5
 0.01630057046473226    7    6    1    1
 0.001744954107783249    7    6    2    1
 -0.01194550269944478    7    6    2    2
 0.05091174574155059    7    6    3    1
 0.03083997505805176    7    6    3    2
 -0.008478822804237758    7    6    3    3
 -0.003672323914598001    7    6    4    1
 5.442139990878684e-05    7    6    4    2
 0.0005450833822768459    7    6    4    3
 0.006023664281377059    7    6    4    4
 -0.002732196102625901    7    6    5    1
 -2.652283873494991e-05    7    6    5    2
 0.002123783113569688    7    6    5    3
 -0.01065355391930121    7    6    5    4
 0.004519676852015051    7    6    5    5
 0.004409316259373135    7    6    6    1
 -0.02120076573891098    7    6    6    2
 0.01655317719915778    7    6    6    3
 -8.383448150740931e-05    7    6    6    4
 -0.0007989869275334143    7    6    6    5
 -0.0440915281861503    7    6    6    6
 0.001306729206901246    7    6    7    1
 -0.01862262162648266    7    6    7    2
 -0.01374873716168521    7    6    7    3
 -0.003439692901473747    7    6    7    4
 -0.003153701332314025    7    6    7    5
 0.03602744990857232    7    6    7    6
 0.4789213378457882    7    7    1    1
 0.01664986341238899    7    7    2    1
 0.4359823331084602    7    7    2    2
 0.06748290434854076    7    7    3    1
 0.039815184957775    7    7    3    2
 0.4370069260095308    7    7    3    3
 0.007376885459566974    7    7    4    1
 6.160722295779164e-05    7    7    4    2
 -0.0002865302535772116    7    7    4    3
 0.4140446390593556    7    7    4    4
 0.005934550217059372    7    7    5    1
 -0.0001302277121588034    7    7    5    2
 0.0008951890864277585    7    7    5    3
 0.0650875883491964    7    7    5    4
 0.4133405862916026    7    7    5    5
 -0.01136731595078067    7    7    6    1
 -0.03548119289381356    7    7    6    2
 0.04971611789707713    7    7    6    3
 -0.005603099790116242    7    7    6    4
 -0.005358264721921566    7    7    6    5
 0.3973588435656836    7    7    6    6
 0.03244302299900786    7    7    7    1
 -0.009716462918854855    7    7    7    2
 -0.02035355084363798    7    7    7    3
 0.005187148545988076    7    7    7    4
 0.007984973026127412    7    7    7    5
 0.03862808655992032    7    7    7    6
 0.4939620960942915    7    7    7    7
 -0.008248552337789795    8    1    1    1
 0.01320355233353693    8    1    2    1
 0.01470879416677725    8    1    2    2
 -0.005844733553511003    8    1    3    1
 -0.002923014396519014    8    1    3    2
 -0.01837860678250366    8    1    3    3
 0.0006029630002368061    8    1    4    1
 -0.001815200844253141    8    1    4    2
 -0.0003140424860301335    8    1    4    3
 -0.001652875375866538    8    1    4    4
 -0.0003124987443872975    8    1    5    1
 -0.001418370252337046    8    1    5    2
 -0.0001581155602606237    8    1    5    3
 -0.0120219926739286    8    1    5    4
 0.003169264220727958    8    1    5    5
 0.002894303396039574    8    1    6    1
 -0.01459076864354293    8    1    6    2
 -0.00656950530292514    8    1    6    3
 0.0004459346771635569    8    1    6    4
 0.0002227966770731296    8    1    6    5
 -0.0184118316279166    8    1    6    6
 -0.004224382306853176    8    1    7    1
 0.03291432216358414    8    1    7    2
 0.005005585586920449    8    1    7    3
 -0.0003042766143686681    8    1    7    4
 -0.0006332143113622449    8    1    7    5
 -0.01401809834271613    8    1    7    6
 -0.00735724579663997    8    1    7    7
 0.0509826403660022    8    1    8    1
 0.07705599745296571    8    2    1    1
 0.04251837623556754    8    2    2    1
 0.05660579076026005    8    2    2    2
 0.004316749137480796    8    2    3    1
 -0.006600795642581793    8    2    3    2
 0.07454762272787177    8    2    3    3
 -0.003414374150021043    8    2    4    1
 0.0005160231921217067    8    2    4    2
 0.00033242813386015    8    2    4    3
 0.05242281300591081    8    2    4    4
 -0.002590876072209691    8    2    5    1
 -0.001620604750528916    8    2    5    2
 0.00147031225744539    8    2    5    3
 0.07649609747212283    8    2    5    4
 0.0444509598457996    8    2    5    5
 -0.02670997744565284    8    2    6    1
 -0.001458974155603773    8    2    6    2
 0.04362610985590333    8    2    6    3
 -0.001072312450385883    8    2    6    4
 0.0005651119225723776    8    2    6    5
 0.07456655413663663    8    2    6    6
 0.05794726594864145    8    2    7    1
 -0.007149478693351568    8    2    7    2
 0.002225358836404592    8    2    7    3
 0.002278387647079923    8    2    7    4
 0.001261185543907659    8    2    7    5
 0.006778711109028859    8    2    7    6
 0.05559520177893549    8    2    7    7
 -0.01011671498859463    8    2    8    1
 0.1014996275861827    8    2    8    2
 -0.0006173127250952548    8    3    1    1
 -0.001160983537193886    8    3    2    1
 0.01114162463451211    8    3    2    2
 -0.03880549761186906    8    3    3    1
 -0.01870608041614369    8    3    3    2
 0.02631326715827848    8    3    3    3
 -0.0005450111263343641    8    3    4    1
 0.0006022503777985599    8    3    4    2
 5.327533025049836e-05    8    3    4    3
 -0.001868447688098731    8    3    4    4
 -1.717746306655308e-05    8    3    5    1
 6.806139923965033e-05    8    3    5    2
 -0.001195293801679457    8    3    5    3
 0.021370511913554    8    3    5    4
 -0.004076817163393793    8    3    5    5
 -0.005530477188725598    8    3    6    1
 0.02883570482869701    8    3    6    2
 -0.004059067765657964    8    3    6    3
 0.001129927702572106    8    3    6    4
 0.001974164958714201    8    3    6    5
 0.05554726025505514    8    3    6    6
 0.009219267501536515    8    3    7    1
 0.006710251068511331    8    3    7    2
 0.01914577940376475    8    3    7    3
 0.00151831652332848    8    3    7    4
 0.0005452411011834513    8    3    7    5
 -0.02092659184302233    8    3    7    6
 -0.02198378817181715    8    3    7    7
 -0.003895640842851782    8    3    8    1
 0.008986585483170152    8    3    8    2
 0.03263590046030802    8    3    8    3
 0.002368303782498923    8    4    1    1
 -0.003121821744136566    8    4    2    1
 0.002040511747132446    8    4    2    2
 -0.0002981427592946071    8    4    3    1
 0.0007369030273737918    8    4    3    2
 0.0007972823049410619    8    4    3    3
 -0.0007411033843959769    8    4    4    1
 0.003418209901753515    8    4    4    2
 -0.001312011410145568    8    4    4    3
 0.002192825390050825    8    4    4    4
 -0.003357442575330814    8    4    5    1
 0.01192941480376403    8    4    5    2
 0.002666036839135323    8    4    5    3
 0.001197545847607318    8    4    5    4
 0.001193225779753657    8    4    5    5
 8.417641521454658e-05    8    4    6    1
 -0.0005732383265569734    8    4    6    2
 0.001941505173520303    8    4    6    3
 0.002538231122703796    8    4    6    4
 -0.002105772563628993    8    4    6    5
 0.001530322801805993    8    4    6    6
 0.0005161578369728548    8    4    7    1
 0.000461340461680022    8    4    7    2
 0.0006758781760924102    8    4    7    3
 -0.001652977465139881    8    4    7    4
 0.0009856820545754881    8    4    7    5
 0.0004450664311601619    8    4    7    6
 0.001071979863556262    8    4    7    7
 -0.001741671137774526    8    4    8    1
 0.0001173797027660022    8    4    8    2
 0.0002589775096112393    8    4    8    3
 0.01648671216129049    8    4    8    4
 -0.002188330613343923    8    5    1    1
 -0.005625873758331388    8    5    2    1
 -0.001516468544807293    8    5    2    2
 -0.0009004875709970273    8    5    3    1
 0.001295820018270131    8    5    3    2
 -0.004848933574891281    8    5    3    3
 -0.007782439823897676    8    5    4    1
 0.01873953338047455    8    5    4    2
 0.005709819049197035    8    5    4    3
 -0.0001041827866347693    8    5    4    4
 -0.0006305805780905195    8    5    5    1
 0.002671730943865958    8    5    5    2
 -0.0008491468314920676    8    5    5    3
 -0.002451615826145174    8    5    5    4
 -0.000313883257589905    8    5    5    5
 0.0008388960150015441    8    5    6    1
 -0.0009454946436413457    8    5    6    2
 0.001525902083513411    8    5    6    3
 -0.002027893997941858    8    5    6    4
 0.004617178231285973    8    5    6    5
 -0.004014737065139407    8    5    6    6
 -0.001367577830946165    8    5    7    1
 0.001904503465000076    8    5    7    2
 0.001378323549836841    8    5    7    3
 0.0003922697708953407    8    5    7    4
 -0.002549286271737054    8    5    7    5
 0.0002708214401019971    8    5    7    6
 -0.003146484627638881    8    5    7    7
 -0.0006329677566195104    8    5    8    1
 -0.003502398960884022    8    5    8    2
 1.861257910889615e-05    8    5    8    3
 0.00352401757531202    8    5    8    4
 0.02125255790415305    8    5    8    5
 0.01176715061924267    8    6    1    1
 -0.04639736725888734    8    6    2    1
 0.008471617185675002    8    6    2    2
 0.004377463586942279    8    6    3    1
 0.036987172882898    8    6    3    2
 -0.02200687486920003    8    6    3    3
 9.710886977066659e-05    8    6    4    1
 -0.0003755706502376514    8    6    4    2
 0.0009612601495943218    8    6    4    3
 0.01733739307014858    8    6    4    4
 0.0003478264926519027    8    6    5    1
 -0.000632402207017042    8    6    5    2
 0.001087764827644132    8    6    5    3
 -0.01636963574293202    8    6    5    4
 0.0197336114025624    8    6    5    5
 -0.01481819195621747    8    6    6    1
 -0.01853744155073251    8    6    6    2
 0.04057644232100358    8    6    6    3
 9.431208913382307e-05    8    6    6    4
 -0.001795522799709024    8    6    6    5
 -0.03331043549103789    8    6    6    6
 -0.01379174613694527    8    6    7    1
 0.01118665429236897    8    6    7    2
 -0.00803154133760086    8    6    7    3
 -7.113269059484757e-05    8    6    7    4
 0.0006439002965236342    8    6    7    5
 0.01066297873201777    8    6    7    6
 0.009738900968420377    8    6    7    7
 -0.004139233018609738    8    6    8    1
 -0.01939812613987464    8    6    8    2
 -0.003734030296881932    8    6    8    3
 0.001195364403719786    8    6    8    4
 0.002425668078768497    8    6    8    5
 0.04717995470972925    8    6    8    6
 0.003576379134716494    8    7    1    1
 0.08714581085160178    8    7    2    1
 -0.0122898334528988    8    7    2    2
 0.02134910463561681    8    7    3    1
 -0.006217923166028122    8    7    3    2
 0.04616168185839604    8    7    3    3
 7.31818043409845e-05    8    7    4    1
 0.000298744703949041    8    7    4    2
 0.0001847579120979432    8    7    4    3
 -0.004082642485216786    8    7    4    4
 -0.0008635062575062537    8    7    5    1
 0.001309822646853506    8    7    5    2
 0.001162138502430474    8    7    5    3
 0.01857050325944531    8    7    5    4
 -0.004202057382398301    8    7    5    5
 -0.01699353820858076    8    7    6    1
 0.01124968884243171    8    7    6    2
 -0.02313067452004111    8    7    6    3
 3.270381022459392e-05    8    7    6    4
 0.000816944179332012    8    7    6    5
 0.02390879589642656    8    7    6    6
 -1.244928491081138e-05    8    7    7    1
 -0.02486545495234707    8    7    7    2
 -0.02994334667691788    8    7    7    3
 -0.0002407143286051583    8    7    7    4
 -0.0007842919901913642    8    7    7    5
 0.007454936759900717    8    7    7    6
 0.02903517157449056    8    7    7    7
 0.001844915453453222    8    7    8    1
 0.04262387640210567    8    7    8    2
 -0.0008658646773679272    8    7    8    3
 -0.001467277422553755    8    7    8    4
 -0.004080273264973927    8    7    8    5
 -0.02896673014533629    8    7    8    6
 0.07558057777770529    8    7    8    7
 0.519428328015008    8    8    1    1
 -0.0355706488357553    8    8    2    1
 0.5225778369874209    8    8    2    2
 -0.006135678246024559    8    8    3    1
 0.01097730055107589    8    8    3    2
 0.465498238469331    8    8    3    3
 -0.002768548756191766    8    8    4    1
 0.0001190503792066465    8    8    4    2
 0.0003758950090875675    8    8    4    3
 0.4469633306920172    8    8    4    4
 -0.00039184450613705    8    8    5    1
 -0.003882451500978597    8    8    5    2
 0.001132394080847261    8    8    5    3
 0.09376377642808141    8    8    5    4
 0.4466945868694396    8    8    5    5
 -0.01876702228240107    8    8    6    1
 -0.02911012937681044    8    8    6    2
 0.08330981445096464    8    8    6    3
 -0.001481032677057637    8    8    6    4
 0.0002813821031275315    8    8    6    5
 0.4833629010435533    8    8    6    6
 0.05862926185458862    8    8    7    1
 0.04258955354216368    8    8    7    2
 0.02224843919436087    8    8    7    3
 0.003572509146203397    8    8    7    4
 0.003772789033255768    8    8    7    5
 -0.006982113836051865    8    8    7    6
 0.4632386277103187    8    8    7    7
 0.01736033282038703    8    8    8    1
 0.07590688053387053    8    8    8    2
 0.008943767578906178    8    8    8    3
 0.002169122579475949    8    8    8    4
 -0.0008652183690311329    8    8    8    5
 0.01773843158088865    8    8    8    6
 -0.01296859291664654    8    8    8    7
 0.5704539605158601    8    8    8    8
 -4.21560292782703    1    1  0  0
 0.03459396972897141    2    1  0  0
 -3.681200533009581    2    2  0  0
 -0.03391001930202957    3    1  0  0
 -0.02206031624955495    3    2  0  0
 -3.62002491395832    3    3  0  0
 0.0004015856821346314    4    1  0  0
 -0.001053955530165745    4    2  0  0
 -0.0003928041438455077    4    3  0  0
 -3.218064333360993    4    4  0  0
 -0.005235838670594231    5    1  0  0
 0.01319381382798749    5    2  0  0
 -0.005587010084405477    5    3  0  0
 -0.6197192403886754    5    4  0  0
 -2.862015396987624    5    5  0  0
 0.1220829715070555    6    1  0  0
 0.09349663360028078    6    2  0  0
 -0.4381031327050685    6    3  0  0
 0.01395518214494493    6    4  0  0
 0.002311357049173578    6    5  0  0
 -2.854705420647321    6    6  0  0
 -0.3579038089983591    7    1  0  0
 -0.09424949680585906    7    2  0  0
 -0.08112853593331058    7    3  0  0
 -0.02675312600694062    7    4  0  0
 -0.03425736198001172    7    5  0  0
 -0.01071208077798945    7    6  0  0
 -2.625550387721994    7    7  0  0
 0.02186567076650072    8    1  0  0
 -0.4667429339719124    8    2  0  0
 -0.05738247357750046    8    3  0  0
 -0.01143274905441681    8    4  0  0
 0.01538497959036649    8    5  0  0
 -0.03122407941425113    8    6  0  0
 -0.06061222917157365    8    7  0  0
 -2.850411680179349    8    8  0  0
 0  0  0  0  0
