0 0 1.999964182315248
0 1 -2.524087939440213e-05
0 2 -8.033604352704456e-05
0 3 -2.717006576771853e-05
0 4 -4.041532673741928e-06
0 5 3.204895663098788e-06
0 6 1.694360308307227e-06
0 7 -3.035876350120595e-06
0 8 -5.851253595197088e-07
0 9 -0.0001022733856853312
0 10 -9.363720572867457e-06
0 11 3.161818886450581e-08
0 12 4.06194434159113e-05
0 13 0.0002169354973129124
0 14 -0.0001438229143467351
0 15 -6.049646700133624e-05
0 16 0.0002321247661540913
1 0 -2.524087939440209e-05
1 1 1.989476577875472
1 2 -0.001015507170346162
1 3 0.002721000801744864
1 4 0.0005169213937233676
1 5 -0.0002072365749737316
1 6 0.0001680040223968273
1 7 4.707606528577934e-05
1 8 -1.753202353825572e-06
1 9 0.0006974623655472349
1 10 -0.0001283595920639252
1 11 0.0006697600183168707
1 12 -0.001039038426821109
1 13 0.0002465154046717792
1 14 0.0001014859073344014
1 15 0.001102509640143086
1 16 -0.0007179568855224814
2 0 -8.033604352704441e-05
2 1 -0.001015507170346162
2 2 1.986436148312662
2 3 -0.002956114989421504
2 4 -0.0006848388254043345
2 5 0.0002415611872888508
2 6 -3.597642604073471e-05
2 7 0.0004089241063825698
2 8 0.002746041035323529
2 9 0.0007565851175083551
2 10 -1.08146336353049e-05
2 11 -0.000370659000322086
2 12 -0.001086723977017289
2 13 -0.001233285527047735
2 14 0.0004702915387971195
2 15 -0.0008174732952035222
2 16 0.0001959947682286198
3 0 -2.717006576771833e-05
3 1 0.002721000801744863
3 2 -0.002956114989421507
3 3 1.989974155072679
3 4 0.002104370166100858
3 5 -0.0008697400185987381
3 6 0.0002105651998433451
3 7 -0.001643398421059975
3 8 -0.008553715191084898
3 9 -0.001975330823920926
3 10 4.73154039670801e-05
3 11 0.00106432354433978
3 12 -0.0009640955198729061
3 13 0.0009607687992648174
3 14 -0.0009203715580854573
3 15 -0.0002548009842011005
3 16 0.0001433188098988305
4 0 -4.041532673741852e-06
4 1 0.0005169213937233615
4 2 -0.0006848388254043457
4 3 0.002104370166100864
4 4 1.979908685990073
4 5 -0.0003328972983947733
4 6 -0.001212813130241905
4 7 -0.0001723975235757755
4 8 -0.002184918873911036
4 9 -0.0009239633760910551
4 10 0.000815379977504856
4 11 -0.001961367960332475
4 12 -4.269132430794053e-05
4 13 0.0006044900788656996
4 14 -0.0003426697623049841
4 15 0.0006808448362907696
4 16 0.0002337514378632161
5 0 3.204895663098711e-06
5 1 -0.0002072365749737307
5 2 0.0002415611872888593
5 3 -0.0008697400185987394
5 4 -0.0003328972983947722
5 5 1.979429770894052
5 6 0.0004875922474691117
5 7 0.001583170904352069
5 8 0.000783303561091358
5 9 0.0007875441562893259
5 10 0.003351507506844193
5 11 0.0001992507034035798
5 12 -5.160504648921173e-06
5 13 -0.0008048718824228485
5 14 -0.0009037319915068951
5 15 0.0002443531756110715
5 16 0.0004338933147131981
6 0 1.694360308307153e-06
6 1 0.0001680040223968277
6 2 -3.597642604074321e-05
6 3 0.0002105651998433647
6 4 -0.001212813130241896
6 5 0.0004875922474691131
6 6 1.976975516304169
6 7 0.0002125878390538499
6 8 7.46899708345194e-06
6 9 0.0009685819047174891
6 10 -0.0001870476412624474
6 11 0.001050566346522302
6 12 -0.0001004103197412402
6 13 -5.493679345541615e-05
6 14 0.0002211830483540927
6 15 -0.0003323691552262107
6 16 0.0004164377401974796
7 0 -3.035876350120584e-06
7 1 4.707606528577393e-05
7 2 0.0004089241063825529
7 3 -0.001643398421059983
7 4 -0.000172397523575781
7 5 0.001583170904352062
7 6 0.0002125878390538531
7 7 1.977528483040873
7 8 0.0005730909215426808
7 9 4.532143163321358e-05
7 10 0.002897769424996972
7 11 -0.0003048807422050656
7 12 0.0003006258370872897
7 13 0.0001212826376183514
7 14 -9.525017808953727e-05
7 15 0.0005172104789330104
7 16 9.445182634088949e-05
8 0 -5.851253595197791e-07
8 1 -1.753202353828214e-06
8 2 0.002746041035323536
8 3 -0.008553715191084887
8 4 -0.002184918873911006
8 5 0.0007833035610913503
8 6 7.468997083472079e-06
8 7 0.0005730909215426675
8 8 1.977496723536676
8 9 -0.001289838651728267
8 10 0.0002325995067075671
8 11 -0.0009200343371539473
8 12 0.002636710630134756
8 13 0.0007096570509366263
8 14 0.000119638713235511
8 15 0.000969433996113256
8 16 -0.001218553818273813
9 0 -0.0001022733856853313
9 1 0.0006974623655472329
9 2 0.0007565851175083573
9 3 -0.001975330823920914
9 4 -0.0009239633760910614
9 5 0.0007875441562893201
9 6 0.0009685819047174856
9 7 4.532143163321343e-05
9 8 -0.00128983865172825
9 9 0.0158988922981805
9 10 0.001769328942521968
9 11 -0.0006325213995332791
9 12 0.004907567686131655
9 13 0.002946377082577245
9 14 8.878714765892577e-05
9 15 0.005089184197540285
9 16 -0.005837931020286238
10 0 -9.363720572867482e-06
10 1 -0.0001283595920639242
10 2 -1.081463363530503e-05
10 3 4.731540396707944e-05
10 4 0.0008153799775048587
10 5 0.0033515075068442
10 6 -0.0001870476412624481
10 7 0.002897769424996968
10 8 0.0002325995067075687
10 9 0.001769328942521956
10 10 0.02065348648231689
10 11 0.0001588747512895253
10 12 -0.0009702088705305059
10 13 0.0006764071070670165
10 14 0.001193578031277217
10 15 -0.0005281256841101005
10 16 0.0005741503802813764
11 0 3.16181888645191e-08
11 1 0.0006697600183168649
11 2 -0.000370659000322085
11 3 0.001064323544339782
11 4 -0.001961367960332425
11 5 0.0001992507034035788
11 6 0.001050566346522309
11 7 -0.0003048807422050637
11 8 -0.0009200343371539453
11 9 -0.0006325213995332718
11 10 0.0001588747512894964
11 11 0.02046212886569675
11 12 0.001075195792280668
11 13 -0.001096163076523103
11 14 0.0009886246690402169
11 15 -0.0005318935467230699
11 16 0.001132282539745151
12 0 4.061944341591119e-05
12 1 -0.001039038426821105
12 2 -0.001086723977017289
12 3 -0.0009640955198729094
12 4 -4.26913243079409e-05
12 5 -5.160504648921021e-06
12 6 -0.00010041031974124
12 7 0.0003006258370872897
12 8 0.002636710630134723
12 9 0.004907567686131735
12 10 -0.0009702088705305075
12 11 0.001075195792280666
12 12 0.01949034026938695
12 13 -0.0004380370098375885
12 14 0.0002744358912222858
12 15 -6.762644327960952e-05
12 16 0.0007022391437848073
13 0 0.0002169354973129123
13 1 0.0002465154046717784
13 2 -0.001233285527047737
13 3 0.0009607687992648332
13 4 0.0006044900788656996
13 5 -0.0008048718824228449
13 6 -5.493679345541677e-05
13 7 0.0001212826376183519
13 8 0.0007096570509366284
13 9 0.002946377082577279
13 10 0.0006764071070670013
13 11 -0.001096163076523119
13 12 -0.0004380370098375884
13 13 0.01725132404910493
13 14 0.0004909126843857712
13 15 -0.003504732380343633
13 16 0.00230197971987391
14 0 -0.0001438229143467364
14 1 0.0001014859073344008
14 2 0.0004702915387971141
14 3 -0.000920371558085461
14 4 -0.0003426697623049814
14 5 -0.0009037319915068912
14 6 0.0002211830483540923
14 7 -9.525017808954006e-05
14 8 0.0001196387132355123
14 9 8.878714765892629e-05
14 10 0.001193578031277227
14 11 0.0009886246690402169
14 12 0.0002744358912222751
14 13 0.0004909126843857521
14 14 0.0193104675544901
14 15 0.0003903085698954288
14 16 -0.0003849415406319139
15 0 -6.049646700133621e-05
15 1 0.001102509640143094
15 2 -0.0008174732952035236
15 3 -0.0002548009842010994
15 4 0.0006808448362907735
15 5 0.0002443531756110685
15 6 -0.0003323691552262148
15 7 0.0005172104789330076
15 8 0.0009694339961132531
15 9 0.005089184197540235
15 10 -0.0005281256841100995
15 11 -0.0005318935467230723
15 12 -6.762644327959853e-05
15 13 -0.003504732380343643
15 14 0.0003903085698954337
15 15 0.01417091330451385
15 16 0.003448548310815919
16 0 0.0002321247661540918
16 1 -0.0007179568855224808
16 2 0.0001959947682286172
16 3 0.0001433188098988266
16 4 0.0002337514378632182
16 5 0.0004338933147131969
16 6 0.000416437740197478
16 7 9.445182634088918e-05
16 8 -0.00121855381827381
16 9 -0.005837931020286256
16 10 0.0005741503802813685
16 11 0.001132282539745146
16 12 0.0007022391437848325
16 13 0.00230197971987389
16 14 -0.000384941540631915
16 15 0.003448548310815921
16 16 0.01557220383172074
