 &FCI NORB=   9,NELEC=10,MS2=0,
  ORBSYM=1,1,1,1,1,1,1,1,1
  ISYM=1,
 &END
 0.5339663168525099    1    1    1    1
 0.0480659092719211    2    1    1    1
 0.09390883503411146    2    1    2    1
 0.445326626738788    2    2    1    1
 -0.02119488624318483    2    2    2    1
 0.5003506604113814    2    2    2    2
 -0.03095387859741889    3    1    1    1
 -0.02959425373531655    3    1    2    1
 -0.02672343082861747    3    1    2    2
 0.08076319851886161    3    1    3    1
 -0.01654515907308675    3    2    1    1
 -0.003499401466997331    3    2    2    1
 0.0164689856835681    3    2    2    2
 -0.03102177021162986    3    2    3    1
 0.0400677309316559    3    2    3    2
 0.4748328354288702    3    3    1    1
 -0.007376548572516363    3    3    2    1
 0.4309206870481549    3    3    2    2
 0.002230310705326681    3    3    3    1
 -0.02542471642285694    3    3    3    2
 0.5099111506850849    3    3    3    3
 0.0207220075399785    4    1    1    1
 0.01513028549039899    4    1    2    1
 0.02196055110014052    4    1    2    2
 -0.005567994425971385    4    1    3    1
 -0.009594933116005677    4    1    3    2
 0.03795327356227188    4    1    3    3
 0.08318721216150902    4    1    4    1
 0.003580105144843152    4    2    1    1
 0.009532194447858206    4    2    2    1
 -0.008750236771564968    4    2    2    2
 -0.01102518312244009    4    2    3    1
 0.00258685503583582    4    2    3    2
 -0.01527981988710797    4    2    3    3
 -0.02558886604891899    4    2    4    1
 0.02333995899186702    4    2    4    2
 -0.0139570632432743    4    3    1    1
 -0.02559044913210658    4    3    2    1
 -0.007595717547157919    4    3    2    2
 0.0335986064191179    4    3    3    1
 -0.01577470785505081    4    3    3    2
 0.01194673756954365    4    3    3    3
 0.005443530693259781    4    3    4    1
 -0.009577710781784977    4    3    4    2
 0.03701572423610713    4    3    4    3
 0.4469289884582496    4    4    1    1
 -0.02450411840263663    4    4    2    1
 0.3905418965724264    4    4    2    2
 0.00324562640888586    4    4    3    1
 -0.01390508721454092    4    4    3    2
 0.4124340282920078    4    4    3    3
 -0.0519672898358156    4    4    4    1
 0.0160788504147473    4    4    4    2
 0.001647103115295124    4    4    4    3
 0.5081944326218847    4    4    4    4
 -0.0296984350847635    5    1    1    1
 0.01057447049249527    5    1    2    1
 0.02105100716412458    5    1    2    2
 -0.01373764262395069    5    1    3    1
 0.02107116843858621    5    1    3    2
 -0.03472005780018014    5    1    3    3
 0.007673940207910576    5    1    4    1
 -0.002090364666690423    5    1    4    2
 -0.01034855650644558    5    1    4    3
 -0.04425535059316308    5    1    4    4
 0.04513611607053871    5    1    5    1
 0.01577879604499196    5    2    1    1
 0.08046788558660392    5    2    2    1
 -0.0495928605865952    5    2    2    2
 0.002409511027554492    5    2    3    1
 -0.01418184345285817    5    2    3    2
 -0.003453920916582882    5    2    3    3
 0.009546775368280431    5    2    4    1
 0.004533522639080893    5    2    4    2
 -0.01433560028083886    5    2    4    3
 -0.02495758161791467    5    2    4    4
 0.01513886293327565    5    2    5    1
 0.1129448106275819    5    2    5    2
 0.02066243138385032    5    3    1    1
 0.05695742788079504    5    3    2    1
 -0.003284858695867297    5    3    2    2
 -0.04584946462830614    5    3    3    1
 0.01278660398065352    5    3    3    2
 -0.003438156951247891    5    3    3    3
 0.008000288963744143    5    3    4    1
 0.006037613478904825    5    3    4    2
 -0.0352301414927512    5    3    4    3
 -0.01898324027787443    5    3    4    4
 0.01962542760730102    5    3    5    1
 0.06073867150980995    5    3    5    2
 0.07763509300247692    5    3    5    3
 -0.01506657501615554    5    4    1    1
 -0.0171666610723757    5    4    2    1
 -0.01065191566068736    5    4    2    2
 0.004475561680525108    5    4    3    1
 0.002439607835030151    5    4    3    2
 -0.02912523948901357    5    4    3    3
 -0.03280934285171511    5    4    4    1
 0.005990216199866716    5    4    4    2
 0.0004042011226097174    5    4    4    3
 0.02347294132080475    5    4    4    4
 -0.006277276116444221    5    4    5    1
 -0.02345912141197794    5    4    5    2
 -0.02078737452579089    5    4    5    3
 0.02540213163017172    5    4    5    4
 0.4467696159614484    5    5    1    1
 0.05884905618843649    5    5    2    1
 0.439101083925641    5    5    2    2
 -0.04033756129708827    5    5    3    1
 0.02307294395077747    5    5    3    2
 0.422187667003611    5    5    3    3
 0.02755452773906354    5    5    4    1
 -0.007084421230854974    5    5    4    2
 -0.0349509725498254    5    5    4    3
 0.3523529762081515    5    5    4    4
 0.02963552175707194    5    5    5    1
 0.05312694060293092    5    5    5    2
 0.07394577253053214    5    5    5    3
 -0.03861796348447877    5    5    5    4
 0.5145177816833499    5    5    5    5
 0.0269826924444831    6    1    1    1
 0.005968207424717323    6    1    2    1
 0.02151548689962483    6    1    2    2
 0.002256195045823684    6    1    3    1
 -0.004257976629099319    6    1    3    2
 0.02535151192297689    6    1    3    3
 -0.01551966527314106    6    1    4    1
 0.01075542402998768    6    1    4    2
 -0.001742877490578986    6    1    4    3
 0.004635502775230363    6    1    4    4
 -0.004994568856981812    6    1    5    1
 0.0008616117838863126    6    1    5    2
 0.0008822335349601277    6    1    5    3
 -0.0006856773751593426    6    1    5    4
 0.02209151068146537    6    1    5    5
 0.04080623629198828    6    1    6    1
 0.001545165182135667    6    2    1    1
 0.01579058268512352    6    2    2    1
 -0.01367217852133007    6    2    2    2
 -0.007732351560350969    6    2    3    1
 0.0003316182828115638    6    2    3    2
 -0.006024796518120777    6    2    3    3
 0.01960727697057955    6    2    4    1
 -0.01190524393316758    6    2    4    2
 -0.001838168036680175    6    2    4    3
 -0.01269804319269754    6    2    4    4
 0.000429957445645208    6    2    5    1
 0.01203464361240554    6    2    5    2
 0.007305714625509625    6    2    5    3
 -0.001946323481777059    6    2    5    4
 0.0004058719820252331    6    2    5    5
 -0.01463487673592884    6    2    6    1
 0.02030395322119816    6    2    6    2
 0.009844763409941825    6    3    1    1
 -0.01447954106559179    6    3    2    1
 0.009551606106455396    6    3    2    2
 0.01619141351540595    6    3    3    1
 -0.006614871856611276    6    3    3    2
 0.01561928202601748    6    3    3    3
 -0.002592934196829972    6    3    4    1
 -0.0009097193771576715    6    3    4    2
 -0.00145105604684245    6    3    4    3
 0.01264076536036706    6    3    4    4
 -0.008369486936578489    6    3    5    1
 -0.01180539928101885    6    3    5    2
 -0.01749060639800367    6    3    5    3
 0.005970344044883779    6    3    5    4
 -0.008290988210196769    6    3    5    5
 0.006952928523103103    6    3    6    1
 -0.005128026383254508    6    3    6    2
 0.01932662225856387    6    3    6    3
 -0.07440815810154028    6    4    1    1
 0.0214267328065668    6    4    2    1
 -0.0798217269770735    6    4    2    2
 -0.0001310868365168438    6    4    3    1
 0.003708384444250872    6    4    3    2
 -0.08499195893402514    6    4    3    3
 -0.03888812197162365    6    4    4    1
 0.01359343275300311    6    4    4    2
 -0.01080316536998042    6    4    4    3
 -0.02301555298129124    6    4    4    4
 0.008608368584130015    6    4    5    1
 0.02713560429199473    6    4    5    2
 0.01472362569627151    6    4    5    3
 0.01620177982186735    6    4    5    4
 -0.04356280014083366    6    4    5    5
 -0.03223038489940993    6    4    6    1
 0.007221894914532733    6    4    6    2
 -0.01604680833039573    6    4    6    3
 0.1226788812950163    6    4    6    4
 -0.02558389925150692    6    5    1    1
 -0.01041489622004068    6    5    2    1
 -0.01146856627282111    6    5    2    2
 0.002179829029565249    6    5    3    1
 0.001174052092411098    6    5    3    2
 -0.02591541270264022    6    5    3    3
 -0.005950166900180642    6    5    4    1
 0.005236471807747485    6    5    4    2
 0.005184861414446845    6    5    4    3
 -0.00172952039412786    6    5    4    4
 0.004857901517512865    6    5    5    1
 -0.009631665032345665    6    5    5    2
 -0.009958480936110192    6    5    5    3
 0.00550988873447981    6    5    5    4
 -0.02771759011125568    6    5    5    5
 -0.0131491369279919    6    5    6    1
 -0.002569790111854892    6    5    6    2
 -0.003710202685384136    6    5    6    3
 0.02249607582876349    6    5    6    4
 0.01467191451388361    6    5    6    5
 0.4553204319992635    6    6    1    1
 -0.03370047874635833    6    6    2    1
 0.4025853222093931    6    6    2    2
 0.005905971850520368    6    6    3    1
 -0.01143715647427557    6    6    3    2
 0.4135089509305724    6    6    3    3
 -0.06936239478235047    6    6    4    1
 0.02189482811719946    6    6    4    2
 -0.006587226700754048    6    6    4    3
 0.5286607700692093    6    6    4    4
 -0.0474186987633536    6    6    5    1
 -0.03695364488017338    6    6    5    2
 -0.02582329269128717    6    6    5    3
 0.03471720685158414    6    6    5    4
 0.3505080663522414    6    6    5    5
 0.01057117801933902    6    6    6    1
 -0.02029948851527134    6    6    6    2
 0.02474105288595218    6    6    6    3
 -0.01938481194265797    6    6    6    4
 -0.001433892047881539    6    6    6    5
 0.589470171920222    6    6    6    6
 0.03146014158243412    7    1    1    1
 -0.01368127152566191    7    1    2    1
 -0.0003763840783653514    7    1    2    2
 0.01527495115062969    7    1    3    1
 0.001203854662266469    7    1    3    2
 0.01481703290887804    7    1    3    3
 -0.004170446658857056    7    1    4    1
 -0.006202467430974413    7    1    4    2
 0.009462338594535416    7    1    4    3
 0.03184355063011623    7    1    4    4
 -0.03394321569803482    7    1    5    1
 -0.03147919356284667    7    1    5    2
 -0.02849698808014858    7    1    5    3
 0.01141795952217421    7    1    5    4
 -0.01659771028779473    7    1    5    5
 0.002553115039437442    7    1    6    1
 0.002258218370312084    7    1    6    2
 0.01361061839376053    7    1    6    3
 -0.02743993110967275    7    1    6    4
 -0.007164594154893634    7    1    6    5
 0.04232802336209979    7    1    6    6
 0.07037356678565032    7    1    7    1
 0.01267553735401163    7    2    1    1
 -0.02840331316584075    7    2    2    1
 -0.001938066664252811    7    2    2    2
 0.02607660409421801    7    2    3    1
 -0.01682636357405863    7    2    3    2
 0.02540230056033054    7    2    3    3
 -0.01719233378699853    7    2    4    1
 0.003743801703461895    7    2    4    2
 0.0173868431175929    7    2    4    3
 0.04162824409744227    7    2    4    4
 -0.02639736918157388    7    2    5    1
 -0.01482537193073212    7    2    5    2
 -0.02123364533981494    7    2    5    3
 0.005964639356148438    7    2    5    4
 -0.0268277032752274    7    2    5    5
 0.00742878419240435    7    2    6    1
 -0.01205505501327164    7    2    6    2
 0.01049333938497961    7    2    6    3
 -0.01546120241705189    7    2    6    4
 0.0001346978773522253    7    2    6    5
 0.05163942956416341    7    2    6    6
 0.02262807695025382    7    2    7    1
 0.04683388164840113    7    2    7    2
 0.03865745989608235    7    3    1    1
 0.03914685512306485    7    3    2    1
 0.006188916852968849    7    3    2    2
 -0.02485031764652638    7    3    3    1
 0.009070498993616463    7    3    3    2
 0.009509629467540555    7    3    3    3
 0.002299340173938429    7    3    4    1
 0.01025643646450615    7    3    4    2
 -0.02559425467211054    7    3    4    3
 0.008204141728205669    7    3    4    4
 0.001202656093852822    7    3    5    1
 0.03088928628587336    7    3    5    2
 0.03800097099730989    7    3    5    3
 -0.009216869485623025    7    3    5    4
 0.0494556363051358    7    3    5    5
 0.00836598841940415    7    3    6    1
 0.0044208658557888    7    3    6    2
 -0.005665179618369963    7    3    6    3
 0.003711842744757334    7    3    6    4
 -0.01023335724339163    7    3    6    5
 0.01086397044812168    7    3    6    6
 -0.005037111584739914    7    3    7    1
 -0.0129746121115503    7    3    7    2
 0.04760501757414666    7    3    7    3
 0.001466912568144807    7    4    1    1
 -0.0217615983674014    7    4    2    1
 0.01400854090876593    7    4    2    2
 0.0005067082416903153    7    4    3    1
 0.008102999024501316    7    4    3    2
 -0.007508923324133907    7    4    3    3
 -0.006382725777083827    7    4    4    1
 0.007040220901063425    7    4    4    2
 0.002339375147806336    7    4    4    3
 0.0273872413601413    7    4    4    4
 -0.001181925175870174    7    4    5    1
 -0.02426996771315898    7    4    5    2
 -0.01491185592638194    7    4    5    3
 0.007303438104832122    7    4    5    4
 -0.01486876139897383    7    4    5    5
 -0.01096707942381148    7    4    6    1
 -0.006161615644739947    7    4    6    2
 0.004615524638424456    7    4    6    3
 -0.002187767571893566    7    4    6    4
 0.01064409337749285    7    4    6    5
 0.03623778091411317    7    4    6    6
 0.01435185889356323    7    4    7    1
 0.008667847546112434    7    4    7    2
 -0.005082879844503833    7    4    7    3
 0.02834886251238807    7    4    7    4
 -0.05762566788779155    7    5    1    1
 -0.01758021335453619    7    5    2    1
 -0.0139316073699014    7    5    2    2
 -0.01051666415844488    7    5    3    1
 0.01134439565675736    7    5    3    2
 -0.02180926797058058    7    5    3    3
 0.007023688643723215    7    5    4    1
 -0.006645849636747574    7    5    4    2
 -0.004058071932163798    7    5    4    3
 -0.03910961957340765    7    5    4    4
 0.015110994124448    7    5    5    1
 -0.01196256838901052    7    5    5    2
 0.008619420647237253    7    5    5    3
 -0.006371918220214695    7    5    5    4
 -0.006702587050501157    7    5    5    5
 -0.01232484709358082    7    5    6    1
 0.00117362131758109    7    5    6    2
 -0.01005081479361039    7    5    6    3
 0.02172557157481325    7    5    6    4
 0.005748708849994215    7    5    6    5
 -0.05055106147145461    7    5    6    6
 -0.02985798654947368    7    5    7    1
 -0.02224325151133006    7    5    7    2
 -0.009583332413283125    7    5    7    3
 -0.006202083809617755    7    5    7    4
 0.04814948983584541    7    5    7    5
 -0.01244308901967651    7    6    1    1
 0.0006041651920991462    7    6    2    1
 -0.02753553372152622    7    6    2    2
 0.01290443305107201    7    6    3    1
 -0.001402767236444668    7    6    3    2
 -0.01805597413993485    7    6    3    3
 -0.02647788951504767    7    6    4    1
 0.001355420762070719    7    6    4    2
 0.004634831376865305    7    6    4    3
 0.007462252605939241    7    6    4    4
 -0.01254856585772943    7    6    5    1
 -0.001749266449279999    7    6    5    2
 -0.01203153946059101    7    6    5    3
 0.0154254620607435    7    6    5    4
 -0.02240150241158841    7    6    5    5
 0.004355780748469597    7    6    6    1
 0.003499737863251668    7    6    6    2
 0.002615546915052426    7    6    6    3
 0.02437903066725525    7    6    6    4
 -0.001641826943605128    7    6    6    5
 0.01497294358346792    7    6    6    6
 0.0167569994540308    7    6    7    1
 0.00580516038700957    7    6    7    2
 -0.00341140931646507    7    6    7    3
 -0.005282094396247041    7    6    7    4
 -0.00699666035459351    7    6    7    5
 0.02854123576039    7    6    7    6
 0.5071942501041505    7    7    1    1
 0.02356361957871545    7    7    2    1
 0.4446511061440053    7    7    2    2
 -0.01350797160080177    7    7    3    1
 -0.01519335583137624    7    7    3    2
 0.4700261462709482    7    7    3    3
 0.02449138970254932    7    7    4    1
 -0.001132999008340478    7    7    4    2
 -0.004191499839396417    7    7    4    3
 0.4288392334428934    7    7    4    4
 -0.03688735525912356    7    7    5    1
 -0.01295787617567698    7    7    5    2
 0.001351418438668299    7    7    5    3
 -0.01650294543880072    7    7    5    4
 0.4337919138229212    7    7    5    5
 0.03268718528884344    7    7    6    1
 -0.004166239147812188    7    7    6    2
 0.01328455185788332    7    7    6    3
 -0.08334402225591016    7    7    6    4
 -0.02621887908812971    7    7    6    5
 0.4441214229201715    7    7    6    6
 0.04695205803373945    7    7    7    1
 0.02139807254787226    7    7    7    2
 0.0302184155470557    7    7    7    3
 0.003908871747752686    7    7    7    4
 -0.05204603820580821    7    7    7    5
 -0.009073607434592365    7    7    7    6
 0.5237690774243335    7    7    7    7
 0.003340465520952633    8    1    1    1
 0.01962729844983313    8    1    2    1
 0.005749540833262835    8    1    2    2
 0.01260049750732158    8    1    3    1
 -0.01088047904678763    8    1    3    2
 -0.01114896056890359    8    1    3    3
 0.008641088297023205    8    1    4    1
 0.001955487312368138    8    1    4    2
 -0.01393667545473893    8    1    4    3
 -0.01110655484342261    8    1    4    4
 0.009721596313876726    8    1    5    1
 0.01675137362146096    8    1    5    2
 0.01017343012864891    8    1    5    3
 -0.003450001204402731    8    1    5    4
 0.01808609177572571    8    1    5    5
 0.0009029932833041208    8    1    6    1
 0.0007603600066098512    8    1    6    2
 0.00354282309510744    8    1    6    3
 0.01757375685042576    8    1    6    4
 -0.0005293823714136967    8    1    6    5
 -0.007895912626029917    8    1    6    6
 -0.01644253849437079    8    1    7    1
 -0.01706978423505303    8    1    7    2
 0.01954991646705871    8    1    7    3
 -0.004449298321217042    8    1    7    4
 0.002971431590890247    8    1    7    5
 -0.00330349958143933    8    1    7    6
 0.003898249364817465    8    1    7    7
 0.04389359269788943    8    1    8    1
 0.02594611527263891    8    2    1    1
 0.02256906860706309    8    2    2    1
 -0.005473212200564712    8    2    2    2
 -0.01658706938679148    8    2    3    1
 0.000538756764991898    8    2    3    2
 0.01920544884787436    8    2    3    3
 0.00651026630016821    8    2    4    1
 0.005298329084709238    8    2    4    2
 0.0001714942240393039    8    2    4    3
 0.008877272063839706    8    2    4    4
 -0.002517038741621281    8    2    5    1
 0.02324090048079362    8    2    5    2
 0.00860459256270925    8    2    5    3
 -0.007007438087476763    8    2    5    4
 0.00846888937695005    8    2    5    5
 -0.0002094603483959758    8    2    6    1
 0.006505183783198632    8    2    6    2
 -0.006916295591845158    8    2    6    3
 -0.002036561298774915    8    2    6    4
 -0.002098699554397906    8    2    6    5
 0.00217291909625275    8    2    6    6
 -0.01102038704615744    8    2    7    1
 -0.0006036685226352408    8    2    7    2
 0.01088762722497204    8    2    7    3
 -0.006336361321616336    8    2    7    4
 -0.009137700580693449    8    2    7    5
 -0.003457648470777992    8    2    7    6
 0.0132882940234575    8    2    7    7
 -0.01076035066077901    8    2    8    1
 0.03073392607421686    8    2    8    2
 0.05102283054705768    8    3    1    1
 -0.03369902721730953    8    3    2    1
 0.04648410410823826    8    3    2    2
 -0.01554646862637761    8    3    3    1
 0.01392827131352841    8    3    3    2
 0.03428980881920964    8    3    3    3
 -0.03067733686318237    8    3    4    1
 0.01083977819346095    8    3    4    2
 -0.00233792190922011    8    3    4    3
 0.06920941785561635    8    3    4    4
 -0.01601798387035226    8    3    5    1
 -0.04363179949378498    8    3    5    2
 -0.02091372903503423    8    3    5    3
 0.02294349799802229    8    3    5    4
 -0.00651600193309512    8    3    5    5
 0.01223899540290703    8    3    6    1
 -0.0130171353883549    8    3    6    2
 0.01797124629659347    8    3    6    3
 -0.03449589758425847    8    3    6    4
 -0.001996653075045328    8    3    6    5
 0.09749819779989272    8    3    6    6
 0.04025160111103093    8    3    7    1
 0.02656036861575965    8    3    7    2
 0.001411391144612026    8    3    7    3
 0.02801753852610046    8    3    7    4
 -0.03447248195918188    8    3    7    5
 0.004167285137225334    8    3    7    6
 0.04235840641161896    8    3    7    7
 -0.02557775821294087    8    3    8    1
 -0.002576836526797034    8    3    8    2
 0.1026269751077986    8    3    8    3
 0.0331706290824935    8    4    1    1
 0.01524364695503046    8    4    2    1
 0.03130020423592072    8    4    2    2
 -0.03075075405382915    8    4    3    1
 0.01345215929348456    8    4    3    2
 0.01503529794022595    8    4    3    3
 -0.0002668549543676612    8    4    4    1
 0.005891867390929841    8    4    4    2
 -0.009659925977389029    8    4    4    3
 0.008628044431173864    8    4    4    4
 0.007290427926655729    8    4    5    1
 0.003365777884112538    8    4    5    2
 0.02551040977126892    8    4    5    3
 -0.005547915175255688    8    4    5    4
 0.04225384249346816    8    4    5    5
 0.01451119948990511    8    4    6    1
 -0.001749989790163645    8    4    6    2
 -0.01000158830253632    8    4    6    3
 -0.01983487144731282    8    4    6    4
 -0.007885807396134901    8    4    6    5
 0.005660622284385698    8    4    6    6
 -0.003168818602766858    8    4    7    1
 -0.009307879660824768    8    4    7    2
 0.02249804127426498    8    4    7    3
 -0.000829748974225861    8    4    7    4
 -0.002908947542665085    8    4    7    5
 -0.007632129035224254    8    4    7    6
 0.02803458502821394    8    4    7    7
 -0.001565199238437069    8    4    8    1
 0.004190966806617088    8    4    8    2
 0.01662757358452414    8    4    8    3
 0.03296910941469555    8    4    8    4
 -0.01507566301169502    8    5    1    1
 -0.02498868385452152    8    5    2    1
 0.005511337557805602    8    5    2    2
 0.01453956147978915    8    5    3    1
 -0.006628932157588112    8    5    3    2
 -0.009625015116707939    8    5    3    3
 -0.0007432851640471182    8    5    4    1
 -0.006097772319681221    8    5    4    2
 0.02080138013326662    8    5    4    3
 -0.002706922435640716    8    5    4    4
 -0.003647615233851264    8    5    5    1
 -0.0353824015670729    8    5    5    2
 -0.03726391422533023    8    5    5    3
 0.01156922806571438    8    5    5    4
 -0.04075306887887908    8    5    5    5
 -0.001938339497610973    8    5    6    1
 -0.002030694444953824    8    5    6    2
 0.003764744834481868    8    5    6    3
 -0.008904778671805124    8    5    6    4
 0.007691574694796774    8    5    6    5
 -0.004906829899131697    8    5    6    6
 0.01249419567266017    8    5    7    1
 0.003453214145226615    8    5    7    2
 -0.03282968196297202    8    5    7    3
 0.005771568854175655    8    5    7    4
 -0.000453097034546907    8    5    7    5
 0.005719787083554691    8    5    7    6
 -0.007489997964261995    8    5    7    7
 -0.01118594162377714    8    5    8    1
 -0.009279453936103957    8    5    8    2
 0.004518427678115055    8    5    8    3
 -0.01222177334321422    8    5    8    4
 0.03491712101621949    8    5    8    5
 0.01003205398477453    8    6    1    1
 0.002877243053677633    8    6    2    1
 0.01582411452688907    8    6    2    2
 0.008068369549190281    8    6    3    1
 -0.007925934629234676    8    6    3    2
 0.02451571323127599    8    6    3    3
 0.02944757027060458    8    6    4    1
 -0.008727089715172305    8    6    4    2
 -0.006534905522961598    8    6    4    3
 -0.02202642757862927    8    6    4    4
 0.003403896832853871    8    6    5    1
 0.005354437856488287    8    6    5    2
 0.001956484331287467    8    6    5    3
 -0.01340838969511198    8    6    5    4
 0.01969167256038575    8    6    5    5
 0.003646413614418999    8    6    6    1
 0.001573393204842327    8    6    6    2
 0.01196298425052469    8    6    6    3
 -0.02174057868535331    8    6    6    4
 -0.007437664456019357    8    6    6    5
 -0.02473415459469247    8    6    6    6
 -0.004673868264462029    8    6    7    1
 -0.0059222682003964    8    6    7    2
 0.002758437209194226    8    6    7    3
 -0.006810437174423939    8    6    7    4
 0.003683832522831863    8    6    7    5
 -0.01093468592776095    8    6    7    6
 0.01476308568361376    8    6    7    7
 0.01492464899756413    8    6    8    1
 -0.004025021524013423    8    6    8    2
 -0.01339641885658588    8    6    8    3
 -0.00787495322909988    8    6    8    4
 -0.004501258203802936    8    6    8    5
 0.02915145248899106    8    6    8    6
 -0.05080863559335596    8    7    1    1
 -0.05025681862352038    8    7    2    1
 -0.01574606685875154    8    7    2    2
 0.04681266105555876    8    7    3    1
 -0.003312217609002158    8    7    3    2
 -0.01195328784362944    8    7    3    3
 -0.003463121323345178    8    7    4    1
 -0.01074491207304636    8    7    4    2
 0.03371116771208123    8    7    4    3
 -0.01132241776661807    8    7    4    4
 -0.006805474554161818    8    7    5    1
 -0.03861248189913915    8    7    5    2
 -0.05699354755546449    8    7    5    3
 0.008783491345831635    8    7    5    4
 -0.05802508251591459    8    7    5    5
 -0.005201918257048503    8    7    6    1
 -0.006872633598407169    8    7    6    2
 0.009335139825537089    8    7    6    3
 -0.007632974752076981    8    7    6    4
 0.008846402462515203    8    7    6    5
 -0.01379249256215045    8    7    6    6
 0.0178836389797949    8    7    7    1
 0.01566306430615981    8    7    7    2
 -0.03632260430156473    8    7    7    3
 0.009392654496610184    8    7    7    4
 0.006233231910051578    8    7    7    5
 0.009055055938801827    8    7    7    6
 -0.02972094784558411    8    7    7    7
 -0.01219626015953259    8    7    8    1
 -0.009667844712344937    8    7    8    2
 -0.001415307841390864    8    7    8    3
 -0.02455741277281848    8    7    8    4
 0.02798411523135741    8    7    8    5
 -0.001465716102693004    8    7    8    6
 0.06399860863602518    8    7    8    7
 0.4921261343035894    8    8    1    1
 -0.01446968373491371    8    8    2    1
 0.4572666347078647    8    8    2    2
 -0.03324718135034273    8    8    3    1
 -0.0052389285564232    8    8    3    2
 0.5042922314671486    8    8    3    3
 0.01136495771874822    8    8    4    1
 -0.00254044893472002    8    8    4    2
 0.007020369088075915    8    8    4    3
 0.4426591567351968    8    8    4    4
 -0.03050098674374672    8    8    5    1
 -0.02809348988946573    8    8    5    2
 -0.00115812523502655    8    8    5    3
 -0.01493915054685831    8    8    5    4
 0.4243806838672621    8    8    5    5
 0.03305201111118305    8    8    6    1
 -0.01262727983654831    8    8    6    2
 0.009196095653982923    8    8    6    3
 -0.09458854016104376    8    8    6    4
 -0.02343479765377247    8    8    6    5
 0.4570111514039019    8    8    6    6
 0.01939322071523623    8    8    7    1
 0.02762449942448834    8    8    7    2
 0.01067015032064361    8    8    7    3
 0.002599496286960901    8    8    7    4
 -0.02867883445493151    8    8    7    5
 -0.01725216684864448    8    8    7    6
 0.4883146131971682    8    8    7    7
 -0.03414707984225333    8    8    8    1
 0.0255211598216586    8    8    8    2
 0.07686534084030916    8    8    8    3
 0.03548863431618299    8    8    8    4
 -0.004548456796253582    8    8    8    5
 0.00440975775582466    8    8    8    6
 -0.02240459957006197    8    8    8    7
 0.5577393424446981    8    8    8    8
 0.03005424223051451    9    1    1    1
 -0.02408411392128414    9    1    2    1
 0.0346781648539566    9    1    2    2
 0.002263998147121307    9    1    3    1
 -0.0005988038381326172    9    1    3    2
 0.02971499834478521    9    1    3    3
 0.006262279282646378    9    1    4    1
 -0.003338245601248741    9    1    4    2
 0.0003178489386835386    9    1    4    3
 0.03734310744036284    9    1    4    4
 -0.005482820334824671    9    1    5    1
 -0.01807362588269379    9    1    5    2
 -0.007736947044133274    9    1    5    3
 0.002385684097830859    9    1    5    4
 0.006258626078873929    9    1    5    5
 -0.002563589794496729    9    1    6    1
 -0.003549978603212081    9    1    6    2
 0.01146972367478785    9    1    6    3
 -0.03332002730785825    9    1    6    4
 -0.001798128892748919    9    1    6    5
 0.04873577581961174    9    1    6    6
 0.01518153410114132    9    1    7    1
 0.01874069347198467    9    1    7    2
 0.001237902474569013    9    1    7    3
 0.01649836201204232    9    1    7    4
 -0.01609777498550671    9    1    7    5
 -0.01076401156039243    9    1    7    6
 0.02808859935563151    9    1    7    7
 -0.004629043714621175    9    1    8    1
 -0.003905720708915661    9    1    8    2
 0.04021225718535419    9    1    8    3
 0.004505301212171965    9    1    8    4
 -0.003006583421668645    9    1    8    5
 0.004022497689938998    9    1    8    6
 0.0001863914384342787    9    1    8    7
 0.03787137493522758    9    1    8    8
 0.03339458189588847    9    1    9    1
 -0.07020554583451512    9    2    1    1
 0.001627014157621068    9    2    2    1
 -0.04587426477019572    9    2    2    2
 0.0003551660014086648    9    2    3    1
 0.01597815034308397    9    2    3    2
 -0.05570188586266257    9    2    3    3
 -0.002495840245838691    9    2    4    1
 -0.002786980533888424    9    2    4    2
 0.00257157313304585    9    2    4    3
 -0.06183287294250344    9    2    4    4
 0.009569671980101807    9    2    5    1
 -0.009854917200299072    9    2    5    2
 -0.007939411447506645    9    2    5    3
 0.0005477213665670995    9    2    5    4
 -0.02608186456503429    9    2    5    5
 -0.007903619561155551    9    2    6    1
 0.003424544144481165    9    2    6    2
 -0.01066171557147296    9    2    6    3
 0.03542644723672699    9    2    6    4
 0.007620506827262598    9    2    6    5
 -0.07684755583832478    9    2    6    6
 -0.0009978451081777897    9    2    7    1
 -0.03277324332270253    9    2    7    2
 -0.01553615114308573    9    2    7    3
 -0.006607894321794427    9    2    7    4
 0.03646127891036473    9    2    7    5
 0.01216241548500464    9    2    7    6
 -0.055520615811801    9    2    7    7
 0.0004218730090417332    9    2    8    1
 -0.01158413930247126    9    2    8    2
 -0.04188549786582007    9    2    8    3
 -0.009979528315094504    9    2    8    4
 0.01564895219784539    9    2    8    5
 -0.003411615560095092    9    2    8    6
 0.02274904871166987    9    2    8    7
 -0.06573960295099253    9    2    8    8
 -0.03761013761651464    9    2    9    1
 0.07681339983880402    9    2    9    2
 0.01061222799778945    9    3    1    1
 0.004109228630573016    9    3    2    1
 0.02851529315876973    9    3    2    2
 -0.01181325915391464    9    3    3    1
 0.008934290474872019    9    3    3    2
 -0.01008406902931547    9    3    3    3
 -0.007485008636853408    9    3    4    1
 0.005634241466196708    9    3    4    2
 -0.01847660241091347    9    3    4    3
 0.00338669267987977    9    3    4    4
 0.01090803189081531    9    3    5    1
 -0.008280389743335904    9    3    5    2
 0.01678790879924538    9    3    5    3
 0.003530605831695318    9    3    5    4
 0.02887809500690063    9    3    5    5
 0.008521383019288224    9    3    6    1
 -0.006128647348188579    9    3    6    2
 0.00103171371600256    9    3    6    3
 0.0004164792642855912    9    3    6    4
 -0.002358767128937173    9    3    6    5
 0.01293686130209623    9    3    6    6
 0.0001510784882014335    9    3    7    1
 -0.01493015103321339    9    3    7    2
 0.01917756890954465    9    3    7    3
 0.00650422988548321    9    3    7    4
 0.003000495818277586    9    3    7    5
 -0.003454181545718543    9    3    7    6
 0.01173201470326376    9    3    7    7
 0.02461736932425097    9    3    8    1
 -0.02056345680856746    9    3    8    2
 0.01532244204994713    9    3    8    3
 0.01871358337379833    9    3    8    4
 -0.00945122538491717    9    3    8    5
 0.00271106568664721    9    3    8    6
 -0.02050586699554876    9    3    8    7
 -0.005727964318657457    9    3    8    8
 0.006975229987250887    9    3    9    1
 -0.001124667643547297    9    3    9    2
 0.04273502831937987    9    3    9    3
 0.02130016979072251    9    4    1    1
 -0.003550927101218058    9    4    2    1
 0.01346920717010661    9    4    2    2
 -0.00889931741173741    9    4    3    1
 0.004320192216536371    9    4    3    2
 0.003700248157370424    9    4    3    3
 0.009635232896600244    9    4    4    1
 -0.007542836174508983    9    4    4    2
 -0.004599928688075725    9    4    4    3
 0.02429709979036086    9    4    4    4
 -0.003227776660197162    9    4    5    1
 -0.008492745146230269    9    4    5    2
 0.0014705075364756    9    4    5    3
 0.005577086021633965    9    4    5    4
 0.002971781692591795    9    4    5    5
 -0.01738437860513644    9    4    6    1
 0.0116411072547519    9    4    6    2
 0.002287724167119803    9    4    6    3
 -0.004923791451350517    9    4    6    4
 0.0005332062951625689    9    4    6    5
 0.03071772259765498    9    4    6    6
 0.01689914328244552    9    4    7    1
 0.0007358951518403262    9    4    7    2
 0.006484404916822697    9    4    7    3
 0.01218503843042386    9    4    7    4
 -0.01057251826271557    9    4    7    5
 -0.00107559174216699    9    4    7    6
 0.01422840933417862    9    4    7    7
 0.0001789931618002179    9    4    8    1
 -0.002801740449788377    9    4    8    2
 0.02403824500791064    9    4    8    3
 0.004359424236725046    9    4    8    4
 -0.002776987585867313    9    4    8    5
 -0.002484525924889916    9    4    8    6
 -0.008941926839732814    9    4    8    7
 0.008491153780388011    9    4    8    8
 0.01957301316470231    9    4    9    1
 -0.01864604948577035    9    4    9    2
 0.008617449089531862    9    4    9    3
 0.02839672381597305    9    4    9    4
 0.02092667011022267    9    5    1    1
 0.01190933173475842    9    5    2    1
 -0.01039639709997386    9    5    2    2
 0.007776301888365431    9    5    3    1
 -0.01670299696039396    9    5    3    2
 0.02745654101620014    9    5    3    3
 0.002153310530195755    9    5    4    1
 -8.20995236716255e-05    9    5    4    2
 0.003608966776010533    9    5    4    3
 0.01876702520913402    9    5    4    4
 -0.009444033255074069    9    5    5    1
 0.03249812585903618    9    5    5    2
 0.01437118880094901    9    5    5    3
 -0.008275921051299089    9    5    5    4
 0.009925972174285947    9    5    5    5
 0.001258202396840494    9    5    6    1
 0.002466185187886039    9    5    6    2
 -0.0009690552870720628    9    5    6    3
 -0.0009766035106875907    9    5    6    4
 -0.005427424623248417    9    5    6    5
 0.01800691372000204    9    5    6    6
 -0.01075580298395922    9    5    7    1
 0.02280234098806838    9    5    7    2
 0.00749854776206437    9    5    7    3
 -0.00965737542611865    9    5    7    4
 -0.01373568701372692    9    5    7    5
 -0.001994756692305514    9    5    7    6
 0.0117295881585954    9    5    7    7
 -0.004918928777698444    9    5    8    1
 0.01654941618216641    9    5    8    2
 -0.006879864059162042    9    5    8    3
 -0.00316156273359371    9    5    8    4
 -0.01546482753286039    9    5    8    5
 0.0005976772363035586    9    5    8    6
 -0.01194406114733668    9    5    8    7
 0.02046448214154907    9    5    8    8
 0.006536375471618194    9    5    9    1
 -0.03546198694902101    9    5    9    2
 -0.01911960694280306    9    5    9    3
 -0.0009942438900938614    9    5    9    4
 0.0375324762891552    9    5    9    5
 -0.021796738016986    9    6    1    1
 -0.009428779540636423    9    6    2    1
 -0.01743010576377369    9    6    2    2
 0.01663692953814541    9    6    3    1
 -0.006875675174465988    9    6    3    2
 -0.01702288211601025    9    6    3    3
 -0.03860721575298803    9    6    4    1
 0.01824808728453936    9    6    4    2
 0.003243017433656754    9    6    4    3
 0.01203513929241961    9    6    4    4
 -0.003921871981633318    9    6    5    1
 -0.0001785556082895078    9    6    5    2
 -0.009259328423792996    9    6    5    3
 0.01092474482287199    9    6    5    4
 -0.02408162720099981    9    6    5    5
 0.01495530714045005    9    6    6    1
 -0.01899578283790106    9    6    6    2
 0.003998759358222064    9    6    6    3
 0.02490087918226485    9    6    6    4
 0.007196999398287726    9    6    6    5
 0.02351578206399271    9    6    6    6
 -0.009097913587942661    9    6    7    1
 0.01470039663831999    9    6    7    2
 -0.005670611219097879    9    6    7    3
 0.002890242092601729    9    6    7    4
 -0.001695175361234997    9    6    7    5
 0.01024243298701961    9    6    7    6
 -0.01893358422492772    9    6    7    7
 0.003045458094392359    9    6    8    1
 -0.004532333784661496    9    6    8    2
 0.005036596442637596    9    6    8    3
 -0.006659885768931852    9    6    8    4
 0.001536686449275104    9    6    8    5
 -0.008926918131949452    9    6    8    6
 0.00773995662101795    9    6    8    7
 -0.0133916517940101    9    6    8    8
 -0.007566543133326117    9    6    9    1
 0.001381315210905496    9    6    9    2
 0.002170832376083996    9    6    9    3
 -0.01891575107392411    9    6    9    4
 0.002935956873962242    9    6    9    5
 0.03636746479966505    9    6    9    6
 0.01961370245781573    9    7    1    1
 0.03869566716911256    9    7    2    1
 -0.04685131900625674    9    7    2    2
 0.01205052775927701    9    7    3    1
 -0.02642875803053928    9    7    3    2
 0.02287928365327895    9    7    3    3
 0.02394263859398669    9    7    4    1
 -0.004438710508347148    9    7    4    2
 0.006643801357735775    9    7    4    3
 -0.0002886245233215297    9    7    4    4
 -0.01651462406210893    9    7    5    1
 0.05848306569924468    9    7    5    2
 0.01695119825911941    9    7    5    3
 -0.01681893400805043    9    7    5    4
 0.001787659210846159    9    7    5    5
 -0.01032836982017583    9    7    6    1
 0.01592055284739485    9    7    6    2
 -0.005302905539881744    9    7    6    3
 0.009747049691284856    9    7    6    4
 -0.005180348437240822    9    7    6    5
 -0.01386447774878594    9    7    6    6
 -0.006464202199218431    9    7    7    1
 0.004519318638647816    9    7    7    2
 0.01020373332655038    9    7    7    3
 -0.01550845222660206    9    7    7    4
 -0.010719908548376    9    7    7    5
 -0.0002758855053026282    9    7    7    6
 0.00692410420214822    9    7    7    7
 0.001811542339096506    9    7    8    1
 0.02510801813086737    9    7    8    2
 -0.03409968462556529    9    7    8    3
 -0.01112331512723814    9    7    8    4
 -0.01503032763487435    9    7    8    5
 0.00588664293934247    9    7    8    6
 -0.01108174599333671    9    7    8    7
 -0.0006014834156798486    9    7    8    8
 -0.00871866527810849    9    7    9    1
 -0.01054546730894909    9    7    9    2
 -0.02857747762161953    9    7    9    3
 -0.0008883551099454777    9    7    9    4
 0.03180441265056201    9    7    9    5
 -0.009091362571880344    9    7    9    6
 0.06604153087571463    9    7    9    7
 -0.005183905319876187    9    8    1    1
 -0.01218291858394739    9    8    2    1
 -0.02990441693724396    9    8    2    2
 0.06061476001740354    9    8    3    1
 -0.04402930323384215    9    8    3    2
 0.0252548744111215    9    8    3    3
 0.00719621693297828    9    8    4    1
 -0.009867946328202702    9    8    4    2
 0.03309238645848563    9    8    4    3
 0.007996720523286363    9    8    4    4
 -0.02275170986670322    9    8    5    1
 0.01757732154335478    9    8    5    2
 -0.02839515545751932    9    8    5    3
 -0.003733781566844073    9    8    5    4
 -0.03723507832403259    9    8    5    5
 0.003599549831960344    9    8    6    1
 -0.002711374973537523    9    8    6    2
 0.01017475582015894    9    8    6    3
 -0.007718933175509873    9    8    6    4
 -0.001003682132185023    9    8    6    5
 0.003657427018096184    9    8    6    6
 0.004971213700789315    9    8    7    1
 0.03308958758191122    9    8    7    2
 -0.02403985928214921    9    8    7    3
 -0.009422180796885594    9    8    7    4
 -0.01511564028791117    9    8    7    5
 0.00645500303923459    9    8    7    6
 0.0005572607203753357    9    8    7    7
 0.0037713706018062    9    8    8    1
 -0.001964828113738792    9    8    8    2
 -0.02068104827231938    9    8    8    3
 -0.02611236742853427    9    8    8    4
 0.01191251209238833    9    8    8    5
 0.007919153512955133    9    8    8    6
 0.0274785553207157    9    8    8    7
 -0.004810471029034724    9    8    8    8
 0.002343249336138711    9    8    9    1
 -0.01865554889554397    9    8    9    2
 -0.02343792259323663    9    8    9    3
 -0.009525124354031697    9    8    9    4
 0.02797421165467841    9    8    9    5
 0.01257733497694882    9    8    9    6
 0.03609770405251919    9    8    9    7
 0.07675847553599463    9    8    9    8
 0.4156641618208257    9    9    1    1
 -0.08142633019292779    9    9    2    1
 0.4813330430477874    9    9    2    2
 0.01286120143254877    9    9    3    1
 -0.002215582830342499    9    9    3    2
 0.45106318024047    9    9    3    3
 0.03444174416091185    9    9    4    1
 -0.02773771031329816    9    9    4    2
 0.02460699684370465    9    9    4    3
 0.4045192364845254    9    9    4    4
 -0.009564894601387477    9    9    5    1
 -0.09950153722463913    9    9    5    2
 -0.05761897407468119    9    9    5    3
 -0.003721993255999762    9    9    5    4
 0.3735836996788905    9    9    5    5
 0.007437909344254513    9    9    6    1
 -0.01361259844054751    9    9    6    2
 0.02287126766181831    9    9    6    3
 -0.1039122059683151    9    9    6    4
 -0.007336292846112653    9    9    6    5
 0.4206196224672054    9    9    6    6
 0.0276074335701899    9    9    7    1
 0.0206620543826705    9    9    7    2
 -0.03242800656476665    9    9    7    3
 0.0235111369637682    9    9    7    4
 -0.002786852743812514    9    9    7    5
 -0.02406239007588059    9    9    7    6
 0.4447087224182582    9    9    7    7
 -0.0105083623478728    9    9    8    1
 -0.01966554982247406    9    9    8    2
 0.05274937823093735    9    9    8    3
 0.006257579085570416    9    9    8    4
 0.03387741397734099    9    9    8    5
 0.02080284470690098    9    9    8    6
 0.03495444076898906    9    9    8    7
 0.4739918563293214    9    9    8    8
 0.0490626322308065    9    9    9    1
 -0.03921845719567839    9    9    9    2
 0.009954717478959062    9    9    9    3
 0.02000251506655617    9    9    9    4
 -0.01647250173136561    9    9    9    5
 -0.02487996693426747    9    9    9    6
 -0.05107230052621819    9    9    9    7
 0.005358712115310016    9    9    9    8
 0.5613708529014818    9    9    9    9
 -5.075775627480591    1    1  0  0
 -0.1222795747825768    2    1  0  0
 -4.337645230251558    2    2  0  0
 0.1779238561592957    3    1  0  0
 0.04527704240569783    3    2  0  0
 -4.309989130872681    3    3  0  0
 -0.106837897756583    4    1  0  0
 0.006136114526427327    4    2  0  0
 0.07564515207974987    4    3  0  0
 -4.058982857816048    4    4  0  0
 0.1177207938927116    5    1  0  0
 0.05108262363569024    5    2  0  0
 -0.09481156535370067    5    3  0  0
 0.1018098038496272    5    4  0  0
 -3.962321539451512    5    5  0  0
 -0.1762189191592762    6    1  0  0
 0.0505309443074743    6    2  0  0
 -0.08128545806460487    6    3  0  0
 0.5652187592210339    6    4  0  0
 0.1628636145094479    6    5  0  0
 -3.482770609779876    6    6  0  0
 -0.1353585198361947    7    1  0  0
 -0.1133518596663758    7    2  0  0
 -0.2051146017314459    7    3  0  0
 -0.04597562159099436    7    4  0  0
 0.268190737459144    7    5  0  0
 0.1343415150594698    7    6  0  0
 -3.676583148937681    7    7  0  0
 -0.003392610924830015    8    1  0  0
 -0.1154572541543997    8    2  0  0
 -0.3884752019123893    8    3  0  0
 -0.2289772678399107    8    4  0  0
 0.0910464177330087    8    5  0  0
 -0.08283812683881155    8    6  0  0
 0.2787933192753722    8    7  0  0
 -3.697342368401692    8    8  0  0
 -0.256039146828108    9    1  0  0
 0.4833241769819661    9    2  0  0
 -0.1046871520994202    9    3  0  0
 -0.130457180159259    9    4  0  0
 -0.1164063990259609    9    5  0  0
 0.1281338796020884    9    6  0  0
 0.00575380751995498    9    7  0  0
 0.06614746703020892    9    8  0  0
 -3.296961939362181    9    9  0  0
 0  0  0  0  0
