0 0 1.99998642053837
0 1 -1.315969571268778e-05
0 2 -1.460951919000943e-05
0 3 -2.560628930386903e-05
0 4 -2.433429199021228e-05
0 5 -3.546627003580067e-06
0 6 3.357205080903962e-05
0 7 7.02270389269256e-06
0 8 -1.140547792324665e-05
0 9 -9.403433305583823e-06
0 10 -8.2803976023894e-06
0 11 -2.770099027112776e-06
0 12 4.684071934665612e-07
0 13 2.019204730340684e-06
0 14 -1.471150947667457e-05
0 15 -4.06182207750204e-06
0 16 3.256793937534147e-05
0 17 -5.602567503316035e-06
0 18 6.827341250972417e-06
0 19 -7.396663815208602e-06
0 20 -7.98592944814243e-06
0 21 -3.783080681957398e-06
0 22 -7.452100847758828e-07
1 0 -1.315969571268776e-05
1 1 1.993242424848563
1 2 -0.002175572902205053
1 3 -0.002303808228644573
1 4 0.001652282508364753
1 5 -0.001955444814621636
1 6 -0.001723862368468709
1 7 1.788637892905747e-05
1 8 0.0007735688310046374
1 9 0.000149152798283795
1 10 -0.0009383803863703967
1 11 6.893256575151221e-06
1 12 -0.0001534718131247392
1 13 -0.0001595110420807594
1 14 0.0006884027961145285
1 15 0.0006021227729222541
1 16 -0.001689007485095297
1 17 0.002088390844363544
1 18 0.0009381464282182163
1 19 0.002451340417562378
1 20 0.0008667291533185017
1 21 0.002061282129020884
1 22 -0.001855486178561694
2 0 -1.460951919000942e-05
2 1 -0.002175572902205057
2 2 1.990565358583895
2 3 -0.0001810526523807879
2 4 -0.001989037402632497
2 5 0.002531919551445822
2 6 -0.001167237821676159
2 7 -0.0006621113739852873
2 8 -0.0001898636251444649
2 9 0.001946474903484589
2 10 0.0006631515406116343
2 11 0.0003293710402982999
2 12 -0.0002472785569804317
2 13 -0.0002105112727593525
2 14 -0.0009714613563945638
2 15 0.001088212830942063
2 16 -0.001510748237249228
2 17 0.002209348150483959
2 18 -0.001200216647615029
2 19 0.001104460185601789
2 20 -0.0005789307185807152
2 21 -0.002354425314688575
2 22 0.001181713736019273
3 0 -2.560628930387004e-05
3 1 -0.002303808228644588
3 2 -0.0001810526523808078
3 3 1.986998126407287
3 4 -0.001174292877643962
3 5 0.0004421140828607758
3 6 0.002484381212490218
3 7 0.00166202676099696
3 8 -0.0009974353382494929
3 9 0.0005786849722818994
3 10 0.001792997866912779
3 11 -0.0001892711576549044
3 12 -0.0001113041791583626
3 13 0.000252592818772487
3 14 0.003541729113473239
3 15 -0.0003866716341290644
3 16 -0.0008807001958309588
3 17 -0.0005226377721181876
3 18 -0.000246341031790463
3 19 -0.005194654564276022
3 20 -0.001479058050647794
3 21 0.002406736890765758
3 22 0.001295595572080855
4 0 -2.433429199021206e-05
4 1 0.001652282508364768
4 2 -0.00198903740263253
4 3 -0.001174292877643988
4 4 1.985345312055093
4 5 0.00179748615364011
4 6 0.00377253998179108
4 7 -0.00207916563621792
4 8 0.002639072546061249
4 9 -0.007192835935163309
4 10 -0.002384510020578311
4 11 1.810614339830993e-05
4 12 0.0003486368418845828
4 13 -0.0002834717696937027
4 14 0.0008320970126734373
4 15 0.0004704221559238447
4 16 0.0009186894888238088
4 17 -0.0005189022946281106
4 18 0.0003202451128841105
4 19 -0.000555053608027276
4 20 0.0003088575055219177
4 21 0.0003912616597969191
4 22 -0.001539147482998773
5 0 -3.546627003580209e-06
5 1 -0.001955444814621639
5 2 0.002531919551445824
5 3 0.0004421140828607798
5 4 0.001797486153640144
5 5 1.986067029699811
5 6 0.00506479398540559
5 7 0.003643183800417511
5 8 -0.003311670411460998
5 9 0.001681468415721425
5 10 0.006670208751558103
5 11 0.0004183135554170678
5 12 9.586176442367278e-05
5 13 -0.0002684497664739264
5 14 0.0006605177124764754
5 15 0.001044374084154912
5 16 -0.000874077303728734
5 17 -0.003281502597431569
5 18 2.769339694567833e-05
5 19 0.002704163410622166
5 20 0.0007859886985246551
5 21 -0.0004172578420924878
5 22 -0.0014249687851794
6 0 3.357205080903949e-05
6 1 -0.001723862368468689
6 2 -0.001167237821676138
6 3 0.002484381212490213
6 4 0.003772539981791069
6 5 0.005064793985405594
6 6 1.979794445939863
6 7 -0.003244644064163797
6 8 0.0007713353911592387
6 9 -0.003831748714295783
6 10 0.003433457884858083
6 11 0.001213761448415092
6 12 0.0001058116115070072
6 13 -0.002197797580670214
6 14 0.007021709174858838
6 15 0.001445548877663309
6 16 0.005670506945879857
6 17 0.0007862937892661088
6 18 -0.001728764087914577
6 19 -0.005143450204563275
6 20 -0.0001776110246758278
6 21 0.005252093796658199
6 22 -0.000218163807477326
7 0 7.022703892692957e-06
7 1 1.788637892906323e-05
7 2 -0.0006621113739852516
7 3 0.001662026760996959
7 4 -0.002079165636217915
7 5 0.003643183800417366
7 6 -0.003244644064163857
7 7 1.981299108238308
7 8 -0.001905384718211811
7 9 -0.0003340450771750498
7 10 -0.001666830613049302
7 11 0.001031028219496002
7 12 -6.185376170232194e-07
7 13 -0.002289451421096563
7 14 0.01073949703647604
7 15 0.005115648551004695
7 16 0.0002531893478782024
7 17 -0.001671127998937429
7 18 -0.001247124926501691
7 19 0.0002625042455945301
7 20 0.0007187301150933868
7 21 0.0002761066716201087
7 22 -0.001188069406709006
8 0 -1.140547792324696e-05
8 1 0.0007735688310046344
8 2 -0.0001898636251444668
8 3 -0.000997435338249486
8 4 0.002639072546061236
8 5 -0.003311670411461013
8 6 0.0007713353911592012
8 7 -0.001905384718211956
8 8 1.973616678363311
8 9 -0.005132826658228996
8 10 -0.0005459385815584799
8 11 0.004666718759679724
8 12 -3.084221106060638e-05
8 13 -0.007914429783654187
8 14 0.03835994936792794
8 15 0.01280646526653935
8 16 0.002446957589959546
8 17 -3.177553975658331e-05
8 18 0.0001879706365776045
8 19 0.00132079098305152
8 20 0.0007090591288046984
8 21 -0.003407620109175795
8 22 0.003332999719243041
9 0 -9.403433305583979e-06
9 1 0.0001491527982837702
9 2 0.001946474903484549
9 3 0.0005786849722817773
9 4 -0.007192835935163417
9 5 0.001681468415721406
9 6 -0.003831748714295874
9 7 -0.0003340450771750742
9 8 -0.005132826658229159
9 9 1.98677507230909
9 10 -0.002232940632495556
9 11 0.001541127225361989
9 12 3.090931846141427e-06
9 13 -0.003165555680759834
9 14 0.01649128050574395
9 15 0.00356343986557982
9 16 -0.007961969537203
9 17 -0.002410117929541655
9 18 -0.002323260766202701
9 19 0.002898008749462218
9 20 -0.0007066803815784922
9 21 0.003927837207001255
9 22 -0.005687104141910999
10 0 -8.280397602389752e-06
10 1 -0.0009383803863703822
10 2 0.0006631515406116233
10 3 0.001792997866912776
10 4 -0.00238451002057822
10 5 0.006670208751558075
10 6 0.00343345788485813
10 7 -0.001666830613049352
10 8 -0.0005459385815584953
10 9 -0.002232940632495553
10 10 1.984161173208778
10 11 0.001040769599247378
10 12 0.0001817423119852776
10 13 -0.001667911466637299
10 14 0.00051204202828882
10 15 0.0005426944473947647
10 16 0.002703997312034423
10 17 0.003651908895105278
10 18 -0.002539144569717703
10 19 -0.0001987617171642494
10 20 0.006723048021961445
10 21 0.005430297700509795
10 22 0.0004121637553889953
11 0 -2.77009902711235e-06
11 1 6.89325657515342e-06
11 2 0.0003293710402983131
11 3 -0.0001892711576549049
11 4 1.810614339830144e-05
11 5 0.0004183135554170605
11 6 0.001213761448414983
11 7 0.001031028219495998
11 8 0.004666718759679797
11 9 0.001541127225362017
11 10 0.00104076959924736
11 11 1.967364744640173
11 12 -0.003567102463401237
11 13 0.03195782894808156
11 14 0.003391332623470663
11 15 0.0134949252512963
11 16 0.0009551504145068129
11 17 7.213334996344347e-05
11 18 -0.001443070509578204
11 19 -0.0003348355198297421
11 20 -0.0004657410575132856
11 21 0.001274880361555204
11 22 0.0001929626215491028
12 0 4.684071934670811e-07
12 1 -0.0001534718131247226
12 2 -0.000247278556980447
12 3 -0.0001113041791583802
12 4 0.0003486368418846038
12 5 9.586176442369043e-05
12 6 0.0001058116115070079
12 7 -6.185376170118217e-07
12 8 -3.084221106060031e-05
12 9 3.090931846113048e-06
12 10 0.0001817423119852443
12 11 -0.003567102463401057
12 12 1.961820417615287
12 13 0.005260481983259341
12 14 -0.02652293271659233
12 15 0.005446553830775335
12 16 -0.002385149588882467
12 17 0.0004671239161462813
12 18 0.0005006703784983253
12 19 -0.000342274115394586
12 20 -0.0005757214907694762
12 21 -0.0001917421825312084
12 22 -9.382847886063928e-05
13 0 2.019204730341282e-06
13 1 -0.0001595110420807517
13 2 -0.0002105112727593431
13 3 0.0002525928187724751
13 4 -0.0002834717696937125
13 5 -0.0002684497664739224
13 6 -0.002197797580670184
13 7 -0.002289451421096603
13 8 -0.007914429783654966
13 9 -0.003165555680759898
13 10 -0.001667911466637259
13 11 0.03195782894808096
13 12 0.005260481983259365
13 13 1.952272061151233
13 14 -0.009240373387142974
13 15 -0.01272879431096728
13 16 -0.002158661673841003
13 17 -0.0009638661202455922
13 18 0.0003206222928290038
13 19 0.0002998378374923904
13 20 0.0007040089571010871
13 21 -0.001143878786536768
13 22 -0.0004791012505063123
14 0 -1.47115094766749e-05
14 1 0.0006884027961145446
14 2 -0.0009714613563945927
14 3 0.003541729113473348
14 4 0.0008320970126734445
14 5 0.0006605177124764662
14 6 0.007021709174859034
14 7 0.01073949703647471
14 8 0.03835994936793362
14 9 0.01649128050574524
14 10 0.0005120420282888424
14 11 0.003391332623470594
14 12 -0.02652293271659177
14 13 -0.009240373387142295
14 14 0.09006162214116215
14 15 -0.003767786030062835
14 16 0.001567784729035228
14 17 -0.00114681861396943
14 18 -0.0001221488723500529
14 19 0.0008224954262227779
14 20 -0.0003760615323685514
14 21 -0.0004219767298267167
14 22 -6.79318996474571e-06
15 0 -4.061822077502143e-06
15 1 0.0006021227729222358
15 2 0.001088212830942128
15 3 -0.0003866716341290461
15 4 0.0004704221559239313
15 5 0.001044374084154872
15 6 0.001445548877663157
15 7 0.005115648551004603
15 8 0.01280646526653867
15 9 0.003563439865579695
15 10 0.0005426944473948202
15 11 0.01349492525129683
15 12 0.005446553830774617
15 13 -0.0127287943109668
15 14 -0.00376778603006249
15 15 0.05381424652165782
15 16 0.0007094293651229979
15 17 -0.00089554600399746
15 18 -4.017808705654437e-05
15 19 -0.0002110570846531169
15 20 -4.839197873473709e-05
15 21 0.0001577181886564522
15 22 0.0004175932075193546
16 0 3.256793937533208e-05
16 1 -0.00168900748509516
16 2 -0.001510748237249282
16 3 -0.0008807001958310572
16 4 0.0009186894888238485
16 5 -0.0008740773037287106
16 6 0.005670506945879622
16 7 0.0002531893478782064
16 8 0.002446957589959731
16 9 -0.00796196953720326
16 10 0.002703997312034274
16 11 0.0009551504145068176
16 12 -0.002385149588882342
16 13 -0.00215866167384082
16 14 0.001567784729035221
16 15 0.0007094293651230205
16 16 0.02557726628063951
16 17 0.001745724192706875
16 18 0.0002346985508269016
16 19 -0.001368961289088588
16 20 0.0004306164130796986
16 21 0.0001986424227104873
16 22 0.001657343204092038
17 0 -5.602567503316245e-06
17 1 0.002088390844363538
17 2 0.00220934815048395
17 3 -0.0005226377721181786
17 4 -0.0005189022946280963
17 5 -0.003281502597431562
17 6 0.0007862937892662068
17 7 -0.001671127998937244
17 8 -3.177553975661348e-05
17 9 -0.002410117929541618
17 10 0.003651908895105156
17 11 7.213334996344358e-05
17 12 0.0004671239161462437
17 13 -0.0009638661202455517
17 14 -0.001146818613969391
17 15 -0.0008955460039974217
17 16 0.001745724192706911
17 17 0.0217212349922169
17 18 -0.001261375399649477
17 19 -0.001693877006071428
17 20 0.0009927205631430035
17 21 0.002023424519948559
17 22 0.001818377989263844
18 0 6.827341250972575e-06
18 1 0.0009381464282182158
18 2 -0.001200216647615019
18 3 -0.0002463410317904604
18 4 0.0003202451128839745
18 5 2.769339694582622e-05
18 6 -0.001728764087914505
18 7 -0.001247124926501713
18 8 0.0001879706365776
18 9 -0.002323260766202725
18 10 -0.00253914456971777
18 11 -0.001443070509578169
18 12 0.0005006703784983134
18 13 0.0003206222928289792
18 14 -0.0001221488723500506
18 15 -4.017808705659205e-05
18 16 0.0002346985508269376
18 17 -0.0012613753996495
18 18 0.02344108143112166
18 19 -0.0002023017024450407
18 20 -0.001135195247662209
18 21 -0.003828161996236236
18 22 0.001698102523945129
19 0 -7.396663815208798e-06
19 1 0.002451340417562331
19 2 0.001104460185601761
19 3 -0.00519465456427601
19 4 -0.0005550536080272618
19 5 0.002704163410622244
19 6 -0.005143450204563027
19 7 0.0002625042455944593
19 8 0.001320790983051487
19 9 0.002898008749462215
19 10 -0.0001987617171642334
19 11 -0.0003348355198297423
19 12 -0.0003422741153945733
19 13 0.0002998378374924077
19 14 0.000822495426222801
19 15 -0.0002110570846531319
19 16 -0.001368961289088621
19 17 -0.001693877006071397
19 18 -0.0002023017024450435
19 19 0.01454921109732411
19 20 -0.0007238560459072148
19 21 -4.933057876816766e-05
19 22 0.0005822900769678476
20 0 -7.985929448142388e-06
20 1 0.0008667291533184554
20 2 -0.0005789307185807617
20 3 -0.001479058050647782
20 4 0.0003088575055219508
20 5 0.0007859886985246121
20 6 -0.0001776110246758318
20 7 0.0007187301150933642
20 8 0.0007090591288047574
20 9 -0.0007066803815784709
20 10 0.0067230480219611
20 11 -0.0004657410575132965
20 12 -0.0005757214907694887
20 13 0.0007040089571010464
20 14 -0.0003760615323685073
20 15 -4.839197873470965e-05
20 16 0.0004306164130796635
20 17 0.0009927205631430165
20 18 -0.001135195247662157
20 19 -0.0007238560459072115
20 20 0.0149462008089164
20 21 -0.001673129308939378
20 22 0.001960603475590752
21 0 -3.783080681957411e-06
21 1 0.002061282129020906
21 2 -0.002354425314688603
21 3 0.002406736890765553
21 4 0.0003912616597969146
21 5 -0.0004172578420924618
21 6 0.005252093796658569
21 7 0.0002761066716200966
21 8 -0.00340762010917562
21 9 0.003927837207001345
21 10 0.005430297700509824
21 11 0.001274880361555199
21 12 -0.0001917421825312122
21 13 -0.001143878786536781
21 14 -0.0004219767298266985
21 15 0.0001577181886564829
21 16 0.0001986424227104875
21 17 0.002023424519948728
21 18 -0.003828161996236363
21 19 -4.933057876821295e-05
21 20 -0.001673129308939334
21 21 0.01279370811960518
21 22 0.001505173223238793
22 0 -7.452100847760531e-07
22 1 -0.0018554861785616
22 2 0.001181713736019296
22 3 0.001295595572080836
22 4 -0.00153914748299881
22 5 -0.001424968785179417
22 6 -0.0002181638074772791
22 7 -0.001188069406708947
22 8 0.00333299971924292
22 9 -0.005687104141910877
22 10 0.0004121637553889837
22 11 0.0001929626215491076
22 12 -9.382847886062323e-05
22 13 -0.0004791012505063236
22 14 -6.79318996475975e-06
22 15 0.0004175932075193355
22 16 0.001657343204092098
22 17 0.001818377989263802
22 18 0.001698102523945095
22 19 0.0005822900769678389
22 20 0.001960603475590727
22 21 0.00150517322323878
22 22 0.01378705461665692
