0 0 1.999996912254779
0 1 -3.187385880820565e-06
0 2 -1.608082202382751e-05
0 3 -4.133164264294112e-06
0 4 -2.282808505115663e-05
0 5 -2.064042883780835e-05
0 6 6.691008860807659e-06
0 7 -3.094765773349715e-08
0 8 7.174395905771474e-05
0 9 -2.960982764323343e-06
0 10 -1.203152273487036e-06
0 11 5.934201215765364e-06
0 12 2.826710584265093e-05
0 13 3.349543305196914e-05
0 14 2.707294650606443e-05
0 15 9.241226510697567e-05
0 16 3.422180207847053e-05
0 17 -0.0001337122591514411
1 0 -3.187385880820582e-06
1 1 1.995608305656755
1 2 -0.0002665877720935364
1 3 0.001730079055367197
1 4 0.001629679971994836
1 5 -4.528943430646451e-05
1 6 -0.000503145378820603
1 7 -2.226570503550635e-05
1 8 0.0004131371025405137
1 9 0.0007299875540941799
1 10 -7.503341388954449e-05
1 11 -0.0003750245292352171
1 12 -0.0007470012848254077
1 13 0.002122443711073718
1 14 -0.001429351677380859
1 15 -0.001567117184943978
1 16 -0.0009483830207855175
1 17 -0.002314979168290052
2 0 -1.608082202382745e-05
2 1 -0.0002665877720935362
2 2 1.992298884892092
2 3 0.0005285456090635423
2 4 0.001940332857860281
2 5 0.002560596201195877
2 6 -0.0008611582930458656
2 7 4.939096265177673e-05
2 8 -0.009475246244987799
2 9 7.529505383455069e-05
2 10 0.0004035240321788141
2 11 -0.002598028913096421
2 12 -0.002130638722721011
2 13 -0.001784142316453791
2 14 -0.002925738399785485
2 15 -0.008592782404862356
2 16 -0.002235332053998844
2 17 0.0133151424424351
3 0 -4.133164264294129e-06
3 1 0.001730079055367193
3 2 0.0005285456090635399
3 3 1.993589110506156
3 4 -0.001314363107837795
3 5 -0.004182929270598974
3 6 0.001207608709199593
3 7 6.191713358842812e-05
3 8 -0.002400077113767679
3 9 0.002423496071632941
3 10 -0.0005499269106707881
3 11 0.0003526048817090024
3 12 -0.007194648154086677
3 13 -0.002646637221649545
3 14 -0.0002259139557580213
3 15 0.0007926666950464009
3 16 -0.001408904649235175
3 17 0.002603132511696004
4 0 -2.282808505115665e-05
4 1 0.001629679971994833
4 2 0.001940332857860273
4 3 -0.001314363107837796
4 4 1.987986402782941
4 5 0.00149405836602239
4 6 -0.0001062478231637651
4 7 0.0006832832738750544
4 8 -0.001060140545015001
4 9 -0.001860754962398893
4 10 -0.0005986076745221358
4 11 0.0006571052336420786
4 12 -0.0001362557440510314
4 13 -0.002857946965644674
4 14 0.0005823694605349656
4 15 -0.001964589429951249
4 16 -0.002765823389652365
4 17 0.002610868515008443
5 0 -2.064042883780827e-05
5 1 -4.528943430646904e-05
5 2 0.002560596201195878
5 3 -0.004182929270598977
5 4 0.001494058366022404
5 5 1.986787574789207
5 6 0.001844187634212968
5 7 -0.001319196864296161
5 8 0.0008037307377188852
5 9 0.003252707473507899
5 10 0.001510693394888996
5 11 0.001830056432160257
5 12 0.001432873198067248
5 13 0.0001714595727937986
5 14 -0.001220630749962962
5 15 0.002486248212092004
5 16 0.001945340773905392
5 17 0.0007629892535009036
6 0 6.691008860807693e-06
6 1 -0.0005031453788206075
6 2 -0.0008611582930458642
6 3 0.001207608709199605
6 4 -0.0001062478231637641
6 5 0.001844187634212961
6 6 1.993085971159767
6 7 -0.01167326452898804
6 8 -0.0009623534036497154
6 9 -0.001132523640902746
6 10 0.01719001683876395
6 11 0.01336788732793778
6 12 0.0007584051024323628
6 13 -0.001775392372266996
6 14 -0.00268180801038609
6 15 -0.0004848026375385099
6 16 -0.00100141785580695
6 17 0.001155429274835174
7 0 -3.094765773350604e-08
7 1 -2.226570503550982e-05
7 2 4.939096265177823e-05
7 3 6.191713358843405e-05
7 4 0.0006832832738750689
7 5 -0.001319196864296152
7 6 -0.01167326452898792
7 7 1.972554153785723
7 8 0.0001101847565006295
7 9 -0.001277532852525662
7 10 0.02907200967041793
7 11 0.0629633992198719
7 12 -0.001362867583406849
7 13 -0.003620093296757832
7 14 -0.005130285452789977
7 15 -0.000323147710947697
7 16 -0.0001987468378742163
7 17 0.0004038906474431282
8 0 7.174395905771465e-05
8 1 0.0004131371025405177
8 2 -0.009475246244987792
8 3 -0.002400077113767678
8 4 -0.001060140545014974
8 5 0.0008037307377188952
8 6 -0.0009623534036497165
8 7 0.0001101847565006268
8 8 1.977653165388316
8 9 0.000963624361217532
8 10 0.0006400884490565806
8 11 -0.003798543965611518
8 12 -0.002401446297677346
8 13 -0.001265681940491549
8 14 -0.004750165051812768
8 15 -0.005691410150898658
8 16 -0.002590887679168494
8 17 0.02315229272670457
9 0 -2.96098276432329e-06
9 1 0.0007299875540941763
9 2 7.529505383453777e-05
9 3 0.002423496071632946
9 4 -0.00186075496239891
9 5 0.003252707473507946
9 6 -0.001132523640902757
9 7 -0.001277532852525662
9 8 0.0009636243612175003
9 9 1.985823047539343
9 10 0.002899292521708563
9 11 0.001913198854055098
9 12 -0.02164493259026661
9 13 0.01502052675291416
9 14 -0.01743079370225794
9 15 0.004752947883293234
9 16 0.02478793743223654
9 17 0.002828120842342667
10 0 -1.203152273487024e-06
10 1 -7.503341388954786e-05
10 2 0.0004035240321788338
10 3 -0.0005499269106707983
10 4 -0.000598607674522129
10 5 0.001510693394889
10 6 0.01719001683876366
10 7 0.0290720096704167
10 8 0.0006400884490565787
10 9 0.002899292521708571
10 10 1.924900929367682
10 11 -0.02019757299512136
10 12 -0.001594591526641783
10 13 0.002448718536813627
10 14 0.0008547897844182386
10 15 0.0004682517206587902
10 16 0.000347562323843677
10 17 -0.002029936886806352
11 0 5.934201215765244e-06
11 1 -0.0003750245292352142
11 2 -0.002598028913096398
11 3 0.0003526048817089981
11 4 0.0006571052336420847
11 5 0.001830056432160349
11 6 0.01336788732793877
11 7 0.06296339921987341
11 8 -0.00379854396561155
11 9 0.001913198854055103
11 10 -0.02019757299512313
11 11 0.1080674224402282
11 12 0.0006443715779366737
11 13 -0.00445545349312354
11 14 -0.007224098442780221
11 15 0.0008090997821154527
11 16 -9.751551946883694e-05
11 17 -0.001302132825122835
12 0 2.82671058426511e-05
12 1 -0.0007470012848254176
12 2 -0.002130638722720987
12 3 -0.007194648154086689
12 4 -0.0001362557440510339
12 5 0.001432873198067246
12 6 0.0007584051024323818
12 7 -0.001362867583406848
12 8 -0.002401446297677331
12 9 -0.02164493259026751
12 10 -0.001594591526641763
12 11 0.0006443715779366772
12 12 0.005970179438223269
12 13 0.0006476431743616649
12 14 0.002024280515273257
12 15 -0.0001611107522679772
12 16 -0.004431587262956057
12 17 -0.004461082580688235
13 0 3.34954330519691e-05
13 1 0.002122443711073727
13 2 -0.001784142316453806
13 3 -0.002646637221649576
13 4 -0.002857946965644682
13 5 0.000171459572793778
13 6 -0.001775392372267015
13 7 -0.00362009329675781
13 8 -0.001265681940491543
13 9 0.01502052675291377
13 10 0.002448718536813677
13 11 -0.004455453493123426
13 12 0.0006476431743616593
13 13 0.01153477903988776
13 14 -0.007222892770941683
13 15 -6.520763153073576e-05
13 16 0.002419896887423513
13 17 -0.003767373913086325
14 0 2.707294650606449e-05
14 1 -0.001429351677380871
14 2 -0.002925738399785473
14 3 -0.0002259139557580152
14 4 0.0005823694605349505
14 5 -0.001220630749962909
14 6 -0.002681808010386169
14 7 -0.005130285452790021
14 8 -0.004750165051812678
14 9 -0.01743079370225829
14 10 0.0008547897844182554
14 11 -0.007224098442780128
14 12 0.002024280515273271
14 13 -0.007222892770941716
14 14 0.009362403397310218
14 15 0.005812722179668191
14 16 -0.002755411368202764
14 17 -0.003403920032066099
15 0 9.241226510697841e-05
15 1 -0.001567117184943961
15 2 -0.008592782404862399
15 3 0.0007926666950463825
15 4 -0.001964589429951208
15 5 0.002486248212092012
15 6 -0.0004848026375385095
15 7 -0.0003231477109476965
15 8 -0.005691410150898683
15 9 0.004752947883293276
15 10 0.0004682517206587975
15 11 0.0008090997821154554
15 12 -0.0001611107522679996
15 13 -6.520763153075734e-05
15 14 0.005812722179668223
15 15 0.01729222223663759
15 16 0.003118665893994435
15 17 -0.007649338837608164
16 0 3.422180207847044e-05
16 1 -0.0009483830207854863
16 2 -0.002235332053998837
16 3 -0.001408904649235198
16 4 -0.002765823389652416
16 5 0.001945340773905289
16 6 -0.001001417855806942
16 7 -0.000198746837874216
16 8 -0.002590887679168534
16 9 0.02478793743223648
16 10 0.0003475623238436682
16 11 -9.751551946883338e-05
16 12 -0.004431587262956196
16 13 0.002419896887423521
16 14 -0.002755411368202783
16 15 0.00311866589399443
16 16 0.0185768311839036
16 17 -0.00195119963061046
17 0 -0.0001337122591514405
17 1 -0.002314979168289981
17 2 0.01331514244243527
17 3 0.002603132511695944
17 4 0.002610868515008445
17 5 0.0007629892535009474
17 6 0.001155429274835169
17 7 0.0004038906474431158
17 8 0.02315229272670481
17 9 0.002828120842342685
17 10 -0.002029936886806328
17 11 -0.001302132825122847
17 12 -0.004461082580688282
17 13 -0.003767373913086307
17 14 -0.003403920032066118
17 15 -0.007649338837608077
17 16 -0.001951199630610482
17 17 0.01891170409601558
