000000011111111111
000000101111111111
000000110111111111
000000111011111111
000000111101111111
000000111110111111
000000111111011111
000000111111101111
000000111111110111
000000111111111011
000000111111111101
000000111111111110
000001001111111111
000001010111111111
000001011011111111
000001011101111111
000001011110111111
000001011111011111
000001011111101111
000001011111110111
000001011111111011
000001011111111101
000001011111111110
000001100111111111
000001101011111111
000001101101111111
000001101110111111
000001101111011111
000001101111101111
000001101111110111
000001101111111011
000001101111111101
000001101111111110
000001110011111111
000001110101111111
000001110110111111
000001110111011111
000001110111101111
000001110111110111
000001110111111011
000001110111111101
000001110111111110
000001111001111111
000001111010111111
000001111011011111
000001111011101111
000001111011110111
000001111011111011
000001111011111101
000001111011111110
000001111100111111
000001111101011111
000001111101101111
000001111101110111
000001111101111011
000001111101111101
000001111101111110
000001111110011111
000001111110101111
000001111110110111
000001111110111011
000001111110111101
000001111110111110
000001111111001111
000001111111010111
000001111111011011
000001111111011101
000001111111011110
000001111111100111
000001111111101011
000001111111101101
000001111111101110
000001111111110011
000001111111110101
000001111111110110
000001111111111001
000001111111111010
000001111111111100
000010001111111111
000010010111111111
000010011011111111
000010011101111111
000010011110111111
000010011111011111
000010011111101111
000010011111110111
000010011111111011
000010011111111101
000010011111111110
000010100111111111
000010101011111111
000010101101111111
000010101110111111
000010101111011111
000010101111101111
000010101111110111
000010101111111011
000010101111111101
000010101111111110
000010110011111111
000010110101111111
000010110110111111
000010110111011111
000010110111101111
000010110111110111
000010110111111011
000010110111111101
000010110111111110
000010111001111111
000010111010111111
000010111011011111
000010111011101111
000010111011110111
000010111011111011
000010111011111101
000010111011111110
000010111100111111
000010111101011111
000010111101101111
000010111101110111
000010111101111011
000010111101111101
000010111101111110
000010111110011111
000010111110101111
000010111110110111
000010111110111011
000010111110111101
000010111110111110
000010111111001111
000010111111010111
000010111111011011
000010111111011101
000010111111011110
000010111111100111
000010111111101011
000010111111101101
000010111111101110
000010111111110011
000010111111110101
000010111111110110
000010111111111001
000010111111111010
000010111111111100
000011000111111111
000011001011111111
000011001101111111
000011001110111111
000011001111011111
000011001111101111
000011001111110111
000011001111111011
000011001111111101
000011001111111110
000011010011111111
000011010101111111
000011010110111111
000011010111011111
000011010111101111
000011010111110111
000011010111111011
000011010111111101
000011010111111110
000011011001111111
000011011010111111
000011011011011111
000011011011101111
000011011011110111
000011011011111011
000011011011111101
000011011011111110
000011011100111111
000011011101011111
000011011101101111
000011011101110111
000011011101111011
000011011101111101
000011011101111110
000011011110011111
000011011110101111
000011011110110111
000011011110111011
000011011110111101
000011011110111110
000011011111001111
000011011111010111
000011011111011011
000011011111011101
000011011111011110
000011011111100111
000011011111101011
000011011111101101
000011011111101110
000011011111110011
000011011111110101
000011011111110110
000011011111111001
000011011111111010
000011011111111100
000011100011111111
000011100101111111
000011100110111111
000011100111011111
000011100111101111
000011100111110111
000011100111111011
000011100111111101
000011100111111110
000011101001111111
000011101010111111
000011101011011111
000011101011101111
000011101011110111
000011101011111011
000011101011111101
000011101011111110
000011101101011111
000011101101101111
000011101110101111
000011101110110111
000011101111001111
000011101111100111
000011101111101011
000011101111101101
000011101111101110
000011110001111111
000011110010111111
000011110100111111
000011110101011111
000011110101101111
000011110101110111
000011110101111011
000011110101111101
000011110101111110
000011110110110111
000011111000111111
000011111001011111
000011111001101111
000011111001110111
000011111001111011
000011111001111101
000011111001111110
000011111010011111
000011111010101111
000011111010110111
000011111010111011
000011111010111101
000011111010111110
000011111100011111
000011111100110111
000011111101001111
000011111101010111
000011111101011011
000011111101011101
000011111101011110
000011111110010111
000011111110100111
000011111110110011
000011111110110101
000011111110110110
000100001111111111
000100010111111111
000100011011111111
000100011101111111
000100011110111111
000100011111011111
000100011111101111
000100011111110111
000100011111111011
000100011111111101
000100011111111110
000100100111111111
000100101011111111
000100101101111111
000100101110111111
000100101111011111
000100101111101111
000100101111110111
000100101111111011
000100101111111101
000100101111111110
000100110011111111
000100110101111111
000100110110111111
000100110111011111
000100110111101111
000100110111110111
000100110111111011
000100110111111101
000100110111111110
000100111001111111
000100111010111111
000100111011011111
000100111011101111
000100111011110111
000100111011111011
000100111011111101
000100111011111110
000100111100111111
000100111101011111
000100111101101111
000100111101110111
000100111101111011
000100111101111101
000100111101111110
000100111110011111
000100111110101111
000100111110110111
000100111110111011
000100111110111101
000100111110111110
000100111111001111
000100111111010111
000100111111011011
000100111111011101
000100111111011110
000100111111100111
000100111111101011
000100111111101101
000100111111101110
000100111111110011
000100111111110101
000100111111110110
000100111111111001
000100111111111010
000100111111111100
000101000111111111
000101001011111111
000101001101111111
000101001110111111
000101001111011111
000101001111101111
000101001111110111
000101001111111011
000101001111111101
000101001111111110
000101010011111111
000101010101111111
000101010110111111
000101010111011111
000101010111101111
000101010111110111
000101010111111011
000101010111111101
000101010111111110
000101011001111111
000101011010111111
000101011011011111
000101011011101111
000101011011110111
000101011011111011
000101011011111101
000101011011111110
000101011100111111
000101011101011111
000101011101101111
000101011101110111
000101011101111011
000101011101111101
000101011101111110
000101011110011111
000101011110101111
000101011110110111
000101011110111011
000101011110111101
000101011110111110
000101011111001111
000101011111010111
000101011111011011
000101011111011101
000101011111011110
000101011111100111
000101011111101011
000101011111101101
000101011111101110
000101011111110011
000101011111110101
000101011111110110
000101011111111001
000101011111111010
000101011111111100
000101100011111111
000101100101111111
000101100110111111
000101100111011111
000101100111101111
000101100111110111
000101100111111011
000101100111111101
000101100111111110
000101101001111111
000101101010111111
000101101011011111
000101101011101111
000101101011110111
000101101011111011
000101101011111101
000101101011111110
000101101101011111
000101101101101111
000101101110011111
000101101110101111
000101101111001111
000101101111100111
000101101111101011
000101101111101101
000101101111101110
000101110001111111
000101110100111111
000101110101011111
000101110101101111
000101110101110111
000101110101111011
000101110101111101
000101110101111110
000101110110011111
000101111000111111
000101111001011111
000101111001101111
000101111001110111
000101111001111011
000101111001111101
000101111001111110
000101111010011111
000101111100011111
000101111101001111
000101111101010111
000101111101011011
000101111101011101
000101111101011110
000101111110001111
000101111110010111
000101111110011011
000101111110011101
000101111110011110
000110000111111111
000110001011111111
000110001101111111
000110001110111111
000110001111011111
000110001111101111
000110001111110111
000110001111111011
000110001111111101
000110001111111110
000110010011111111
000110010101111111
000110010110111111
000110010111011111
000110010111101111
000110010111110111
000110010111111011
000110010111111101
000110010111111110
000110011001111111
000110011010111111
000110011011011111
000110011011101111
000110011011110111
000110011011111011
000110011011111101
000110011011111110
000110011100111111
000110011101011111
000110011101101111
000110011101110111
000110011101111011
000110011101111101
000110011101111110
000110011110011111
000110011110101111
000110011110110111
000110011110111011
000110011110111101
000110011110111110
000110011111001111
000110011111010111
000110011111011011
000110011111011101
000110011111011110
000110011111100111
000110011111101011
000110011111101101
000110011111101110
000110011111110011
000110011111110101
000110011111110110
000110011111111001
000110011111111010
000110011111111100
000110100011111111
000110100101111111
000110100110111111
000110100111011111
000110100111101111
000110100111110111
000110100111111011
000110100111111101
000110100111111110
000110101001111111
000110101010111111
000110101011011111
000110101011101111
000110101011110111
000110101011111011
000110101011111101
000110101011111110
000110101101101111
000110101110011111
000110101110101111
000110101110110111
000110101111001111
000110101111100111
000110101111101011
000110101111101101
000110101111101110
000110110001111111
000110110010111111
000110110100111111
000110110101011111
000110110101101111
000110110101110111
000110110101111011
000110110101111101
000110110101111110
000110110110011111
000110110110110111
000110111000111111
000110111001011111
000110111001101111
000110111001110111
000110111001111011
000110111001111101
000110111001111110
000110111010011111
000110111010101111
000110111010110111
000110111010111011
000110111010111101
000110111010111110
000110111100011111
000110111100110111
000110111110001111
000110111110010111
000110111110011011
000110111110011101
000110111110011110
000110111110100111
000110111110110011
000110111110110101
000110111110110110
001000001111111111
001000010111111111
001000011011111111
001000011101111111
001000011110111111
001000011111011111
001000011111101111
001000011111110111
001000011111111011
001000011111111101
001000011111111110
001000100111111111
001000101011111111
001000101101111111
001000101110111111
001000101111011111
001000101111101111
001000101111110111
001000101111111011
001000101111111101
001000101111111110
001000110011111111
001000110101111111
001000110110111111
001000110111011111
001000110111101111
001000110111110111
001000110111111011
001000110111111101
001000110111111110
001000111001111111
001000111010111111
001000111011011111
001000111011101111
001000111011110111
001000111011111011
001000111011111101
001000111011111110
001000111100111111
001000111101011111
001000111101101111
001000111101110111
001000111101111011
001000111101111101
001000111101111110
001000111110011111
001000111110101111
001000111110110111
001000111110111011
001000111110111101
001000111110111110
001000111111001111
001000111111010111
001000111111011011
001000111111011101
001000111111011110
001000111111100111
001000111111101011
001000111111101101
001000111111101110
001000111111110011
001000111111110101
001000111111110110
001000111111111001
001000111111111010
001000111111111100
001001000111111111
001001001011111111
001001001101111111
001001001110111111
001001001111011111
001001001111101111
001001001111110111
001001001111111011
001001001111111101
001001001111111110
001001010011111111
001001010101111111
001001010110111111
001001010111011111
001001010111101111
001001010111110111
001001010111111011
001001010111111101
001001010111111110
001001011001111111
001001011010111111
001001011011011111
001001011011101111
001001011011110111
001001011011111011
001001011011111101
001001011011111110
001001011100111111
001001011101011111
001001011101101111
001001011101110111
001001011101111011
001001011101111101
001001011101111110
001001011110011111
001001011110101111
001001011110110111
001001011110111011
001001011110111101
001001011110111110
001001011111001111
001001011111010111
001001011111011011
001001011111011101
001001011111011110
001001011111100111
001001011111101011
001001011111101101
001001011111101110
001001011111110011
001001011111110101
001001011111110110
001001011111111001
001001011111111010
001001011111111100
001001100011111111
001001100101111111
001001100110111111
001001100111011111
001001100111101111
001001100111110111
001001100111111011
001001100111111101
001001100111111110
001001101001111111
001001101010111111
001001101011011111
001001101011101111
001001101011110111
001001101011111011
001001101011111101
001001101011111110
001001101101011111
001001101101101111
001001101101110111
001001101101111011
001001101101111101
001001101110011111
001001101110101111
001001101110110111
001001101110111011
001001101110111101
001001101111001111
001001101111010111
001001101111011011
001001101111011101
001001101111011110
001001101111100111
001001101111101011
001001101111101101
001001101111101110
001001101111110011
001001101111110101
001001101111110110
001001101111111001
001001101111111010
001001101111111100
001001110001111111
001001110010111111
001001110011011111
001001110011101111
001001110011110111
001001110011111011
001001110011111101
001001110011111110
001001110100111111
001001110101011111
001001110101101111
001001110101110111
001001110101111011
001001110101111101
001001110101111110
001001110110011111
001001111000111111
001001111001011111
001001111001101111
001001111001110111
001001111001111011
001001111001111101
001001111001111110
001001111010011111
001001111100011111
001001111101001111
001001111101010111
001001111101011011
001001111101011101
001001111101011110
001001111110001111
001001111110010111
001001111110011011
001001111110011101
001001111110011110
001010000111111111
001010001011111111
001010001101111111
001010001110111111
001010001111011111
001010001111101111
001010001111110111
001010001111111011
001010001111111101
001010001111111110
001010010011111111
001010010101111111
001010010110111111
001010010111011111
001010010111101111
001010010111110111
001010010111111011
001010010111111101
001010010111111110
001010011001111111
001010011010111111
001010011011011111
001010011011101111
001010011011110111
001010011011111011
001010011011111101
001010011011111110
001010011100111111
001010011101011111
001010011101101111
001010011101110111
001010011101111011
001010011101111101
001010011101111110
001010011110011111
001010011110101111
001010011110110111
001010011110111011
001010011110111101
001010011110111110
001010011111001111
001010011111010111
001010011111011011
001010011111011101
001010011111011110
001010011111100111
001010011111101011
001010011111101101
001010011111101110
001010011111110011
001010011111110101
001010011111110110
001010011111111001
001010011111111010
001010011111111100
001010100011111111
001010100101111111
001010100110111111
001010100111011111
001010100111101111
001010100111110111
001010100111111011
001010100111111101
001010100111111110
001010101001111111
001010101010111111
001010101011011111
001010101011101111
001010101011110111
001010101011111011
001010101011111101
001010101011111110
001010101101011111
001010101101101111
001010101101110111
001010101101111011
001010101101111101
001010101110011111
001010101110101111
001010101110110111
001010101110111011
001010101110111101
001010101111001111
001010101111010111
001010101111011011
001010101111011101
001010101111011110
001010101111100111
001010101111101011
001010101111101101
001010101111101110
001010101111110011
001010101111110101
001010101111110110
001010101111111001
001010101111111010
001010101111111100
001010110001111111
001010110010111111
001010110011011111
001010110011101111
001010110011110111
001010110011111011
001010110011111101
001010110011111110
001010110100111111
001010110101011111
001010110101101111
001010110101110111
001010110101111011
001010110101111101
001010110101111110
001010110110011111
001010110110110111
001010110111001111
001010111000111111
001010111001011111
001010111001101111
001010111001110111
001010111001111011
001010111001111101
001010111001111110
001010111010011111
001010111010101111
001010111010110111
001010111010111011
001010111010111101
001010111010111110
001010111011001111
001010111100011111
001010111100110111
001010111101001111
001010111110001111
001010111110010111
001010111110011011
001010111110011101
001010111110011110
001010111110100111
001010111110110011
001010111110110101
001010111110110110
001010111111000111
001010111111001011
001010111111001101
001010111111001110
001011000011111111
001011001111001111
001011010001111111
001011010010111111
001011010011011111
001011010011101111
001011010011110111
001011010011111011
001011010011111101
001011010011111110
001011010111001111
001011011011001111
001011011101001111
001011011110001111
001011011111000111
001011011111001011
001011011111001101
001011011111001110
001100000111111111
001100001011111111
001100001101111111
001100001110111111
001100001111011111
001100001111101111
001100001111110111
001100001111111011
001100001111111101
001100001111111110
001100010011111111
001100010101111111
001100010110111111
001100010111011111
001100010111101111
001100010111110111
001100010111111011
001100010111111101
001100010111111110
001100011001111111
001100011010111111
001100011011011111
001100011011101111
001100011011110111
001100011011111011
001100011011111101
001100011011111110
001100011100111111
001100011101011111
001100011101101111
001100011101110111
001100011101111011
001100011101111101
001100011101111110
001100011110011111
001100011110101111
001100011110110111
001100011110111011
001100011110111101
001100011110111110
001100011111001111
001100011111010111
001100011111011011
001100011111011101
001100011111011110
001100011111100111
001100011111101011
001100011111101101
001100011111101110
001100011111110011
001100011111110101
001100011111110110
001100011111111001
001100011111111010
001100011111111100
001100100011111111
001100100101111111
001100100110111111
001100100111011111
001100100111101111
001100100111110111
001100100111111011
001100100111111101
001100100111111110
001100101001111111
001100101010111111
001100101011011111
001100101011101111
001100101011110111
001100101011111011
001100101011111101
001100101011111110
001100101101011111
001100101101101111
001100101101110111
001100101101111011
001100101101111101
001100101110011111
001100101110101111
001100101110110111
001100101110111011
001100101110111101
001100101111001111
001100101111010111
001100101111011011
001100101111011101
001100101111011110
001100101111100111
001100101111101011
001100101111101101
001100101111101110
001100101111110011
001100101111110101
001100101111110110
001100101111111001
001100101111111010
001100101111111100
001100110001111111
001100110010111111
001100110011011111
001100110011101111
001100110011110111
001100110011111011
001100110011111101
001100110011111110
001100110100111111
001100110101011111
001100110101101111
001100110101110111
001100110101111011
001100110101111101
001100110101111110
001100110110011111
001100110111001111
001100111000111111
001100111001011111
001100111001101111
001100111001110111
001100111001111011
001100111001111101
001100111001111110
001100111010011111
001100111011001111
001100111100011111
001100111101001111
001100111110001111
001100111110010111
001100111110011011
001100111110011101
001100111110011110
001100111111000111
001100111111001011
001100111111001101
001100111111001110
001101000011111111
001101001111001111
001101010001111111
001101010010111111
001101010011011111
001101010011101111
001101010011110111
001101010011111011
001101010011111101
001101010011111110
001101010111001111
001101011011001111
001101011101001111
001101011110001111
001101011111000111
001101011111001011
001101011111001101
001101011111001110
001110000011111111
001110001111001111
001110010001111111
001110010010111111
001110010011011111
001110010011101111
001110010011110111
001110010011111011
001110010011111101
001110010011111110
001110010111001111
001110011011001111
001110011101001111
001110011110001111
001110011111000111
001110011111001011
001110011111001101
001110011111001110
010000001111111111
010000010111111111
010000011011111111
010000011101111111
010000011110111111
010000011111011111
010000011111101111
010000011111110111
010000011111111011
010000011111111101
010000011111111110
010000100111111111
010000101011111111
010000101101111111
010000101110111111
010000101111011111
010000101111101111
010000101111110111
010000101111111011
010000101111111101
010000101111111110
010000110011111111
010000110101111111
010000110110111111
010000110111011111
010000110111101111
010000110111110111
010000110111111011
010000110111111101
010000110111111110
010000111001111111
010000111010111111
010000111011011111
010000111011101111
010000111011110111
010000111011111011
010000111011111101
010000111011111110
010000111100111111
010000111101011111
010000111101101111
010000111101110111
010000111101111011
010000111101111101
010000111101111110
010000111110011111
010000111110101111
010000111110110111
010000111110111011
010000111110111101
010000111110111110
010000111111001111
010000111111010111
010000111111011011
010000111111011101
010000111111011110
010000111111100111
010000111111101011
010000111111101101
010000111111101110
010000111111110011
010000111111110101
010000111111110110
010000111111111001
010000111111111010
010000111111111100
010001000111111111
010001001011111111
010001001101111111
010001001110111111
010001001111011111
010001001111101111
010001001111110111
010001001111111011
010001001111111101
010001001111111110
010001010011111111
010001010101111111
010001010110111111
010001010111011111
010001010111101111
010001010111110111
010001010111111011
010001010111111101
010001010111111110
010001011001111111
010001011010111111
010001011011011111
010001011011101111
010001011011110111
010001011011111011
010001011011111101
010001011011111110
010001011100111111
010001011101011111
010001011101101111
010001011101110111
010001011101111011
010001011101111101
010001011101111110
010001011110011111
010001011110101111
010001011110110111
010001011110111011
010001011110111101
010001011110111110
010001011111001111
010001011111010111
010001011111011011
010001011111011101
010001011111011110
010001011111100111
010001011111101011
010001011111101101
010001011111101110
010001011111110011
010001011111110101
010001011111110110
010001011111111001
010001011111111010
010001011111111100
010001100011111111
010001100101111111
010001100110111111
010001100111011111
010001100111101111
010001100111110111
010001100111111011
010001100111111101
010001100111111110
010001101001111111
010001101010111111
010001101011011111
010001101011101111
010001101011110111
010001101011111011
010001101011111101
010001101011111110
010001101101011111
010001101101101111
010001101110011111
010001101110101111
010001101111001111
010001101111010111
010001101111011011
010001101111011101
010001101111011110
010001101111100111
010001101111101011
010001101111101101
010001101111101110
010001110001111111
010001110010111111
010001110011011111
010001110011101111
010001110011110111
010001110011111011
010001110011111101
010001110011111110
010001110100111111
010001110101011111
010001110101101111
010001110101110111
010001110101111011
010001110101111101
010001110101111110
010001110110011111
010001111000111111
010001111001011111
010001111001101111
010001111001110111
010001111001111011
010001111001111101
010001111001111110
010001111010011111
010001111100011111
010001111100101111
010001111101001111
010001111101010111
010001111101011011
010001111101011101
010001111101011110
010001111101100111
010001111101101011
010001111101101101
010001111101101110
010001111110001111
010001111110010111
010001111110011011
010001111110011101
010001111110011110
010010000111111111
010010001011111111
010010001101111111
010010001110111111
010010001111011111
010010001111101111
010010001111110111
010010001111111011
010010001111111101
010010001111111110
010010010011111111
010010010101111111
010010010110111111
010010010111011111
010010010111101111
010010010111110111
010010010111111011
010010010111111101
010010010111111110
010010011001111111
010010011010111111
010010011011011111
010010011011101111
010010011011110111
010010011011111011
010010011011111101
010010011011111110
010010011100111111
010010011101011111
010010011101101111
010010011101110111
010010011101111011
010010011101111101
010010011101111110
010010011110011111
010010011110101111
010010011110110111
010010011110111011
010010011110111101
010010011110111110
010010011111001111
010010011111010111
010010011111011011
010010011111011101
010010011111011110
010010011111100111
010010011111101011
010010011111101101
010010011111101110
010010011111110011
010010011111110101
010010011111110110
010010011111111001
010010011111111010
010010011111111100
010010100011111111
010010100101111111
010010100110111111
010010100111011111
010010100111101111
010010100111110111
010010100111111011
010010100111111101
010010100111111110
010010101001111111
010010101010111111
010010101011011111
010010101011101111
010010101011110111
010010101011111011
010010101011111101
010010101011111110
010010101101011111
010010101101101111
010010101110011111
010010101110101111
010010101110110111
010010101111001111
010010101111010111
010010101111011011
010010101111011101
010010101111011110
010010101111100111
010010101111101011
010010101111101101
010010101111101110
010010110001111111
010010110010111111
010010110100111111
010010110101011111
010010110101101111
010010110101110111
010010110101111011
010010110101111101
010010110101111110
010010110110011111
010010110110110111
010010111000111111
010010111001011111
010010111001101111
010010111001110111
010010111001111011
010010111001111101
010010111001111110
010010111010011111
010010111010101111
010010111010110111
010010111010111011
010010111010111101
010010111010111110
010010111100011111
010010111100101111
010010111100110111
010010111101001111
010010111101010111
010010111101011011
010010111101011101
010010111101011110
010010111101100111
010010111101101011
010010111101101101
010010111101101110
010010111110001111
010010111110010111
010010111110011011
010010111110011101
010010111110011110
010010111110100111
010010111110110011
010010111110110101
010010111110110110
010011000011111111
010011010001111111
010011010010111111
010011010011011111
010011010011101111
010011010011110111
010011010011111011
010011010011111101
010011010011111110
010100000111111111
010100001011111111
010100001101111111
010100001110111111
010100001111011111
010100001111101111
010100001111110111
010100001111111011
010100001111111101
010100001111111110
010100010011111111
010100010101111111
010100010110111111
010100010111011111
010100010111101111
010100010111110111
010100010111111011
010100010111111101
010100010111111110
010100011001111111
010100011010111111
010100011011011111
010100011011101111
010100011011110111
010100011011111011
010100011011111101
010100011011111110
010100011100111111
010100011101011111
010100011101101111
010100011101110111
010100011101111011
010100011101111101
010100011101111110
010100011110011111
010100011110101111
010100011110110111
010100011110111011
010100011110111101
010100011111001111
010100011111010111
010100011111011011
010100011111011101
010100011111011110
010100011111100111
010100011111101011
010100011111101101
010100011111101110
010100011111110011
010100011111110101
010100011111110110
010100011111111001
010100011111111010
010100011111111100
010100100011111111
010100100101111111
010100100110111111
010100100111011111
010100100111101111
010100100111110111
010100100111111011
010100100111111101
010100100111111110
010100101001111111
010100101010111111
010100101011011111
010100101011101111
010100101011110111
010100101011111011
010100101011111101
010100101011111110
010100101101011111
010100101101101111
010100101110011111
010100101110101111
010100101111001111
010100101111010111
010100101111011011
010100101111011101
010100101111011110
010100101111100111
010100101111101011
010100101111101101
010100101111101110
010100110001111111
010100110100111111
010100110101011111
010100110101101111
010100110101110111
010100110101111011
010100110101111101
010100110101111110
010100110110011111
010100111001011111
010100111001101111
010100111010011111
010100111100011111
010100111100101111
010100111101001111
010100111101010111
010100111101011011
010100111101011101
010100111101011110
010100111101100111
010100111101101011
010100111101101101
010100111101101110
010100111110001111
010100111110010111
010100111110011011
010100111110011101
010100111110011110
010101000011111111
010101010001111111
010101010010111111
010101010011011111
010101010011101111
010101010011110111
010101010011111011
010101010011111101
010101010011111110
011000000111111111
011000001011111111
011000001101111111
011000001110111111
011000001111011111
011000001111101111
011000001111110111
011000001111111011
011000001111111101
011000001111111110
011000010011111111
011000010101111111
011000010110111111
011000010111011111
011000010111101111
011000010111110111
011000010111111011
011000010111111101
011000010111111110
011000011001111111
011000011010111111
011000011011011111
011000011011101111
011000011011110111
011000011011111011
011000011011111101
011000011011111110
011000011100111111
011000011101011111
011000011101101111
011000011101110111
011000011101111011
011000011101111101
011000011101111110
011000011110011111
011000011110101111
011000011110110111
011000011110111011
011000011110111101
011000011110111110
011000011111001111
011000011111010111
011000011111011011
011000011111011101
011000011111011110
011000011111100111
011000011111101011
011000011111101101
011000011111101110
011000011111110011
011000011111110101
011000011111110110
011000011111111001
011000011111111010
011000011111111100
011000100011111111
011000100101111111
011000100110111111
011000100111011111
011000100111101111
011000100111110111
011000100111111011
011000100111111101
011000100111111110
011000101001111111
011000101010111111
011000101011011111
011000101011101111
011000101011110111
011000101011111011
011000101011111101
011000101011111110
011000101101011111
011000101101101111
011000101101110111
011000101101111011
011000101101111101
011000101110011111
011000101110101111
011000101110110111
011000101110111011
011000101110111101
011000101111001111
011000101111010111
011000101111011011
011000101111011101
011000101111011110
011000101111100111
011000101111101011
011000101111101101
011000101111101110
011000101111110011
011000101111110101
011000101111110110
011000101111111001
011000101111111010
011000101111111100
011000110001111111
011000110010111111
011000110011011111
011000110011101111
011000110011110111
011000110011111011
011000110011111101
011000110011111110
011000110100111111
011000110101011111
011000110101101111
011000110101110111
011000110101111011
011000110101111101
011000110101111110
011000110110011111
011000110110111011
011000110111011011
011000110111101011
011000110111101101
011000110111110011
011000110111111001
011000110111111010
011000111000111111
011000111001011111
011000111001101111
011000111001110111
011000111001111011
011000111001111101
011000111001111110
011000111010011111
011000111011101101
011000111100011111
011000111100101111
011000111101001111
011000111101010111
011000111101011011
011000111101011101
011000111101011110
011000111101100111
011000111101101011
011000111101101101
011000111101101110
011000111110001111
011000111110010111
011000111110011011
011000111110011101
011000111110011110
011000111110101101
011000111111001101
011000111111100101
011000111111101001
011000111111101100
011001000011111111
011001000111111011
011001001111101101
011001010001111111
011001010010111111
011001010011011111
011001010011101111
011001010011110111
011001010011111011
011001010011111101
011001010011111110
011001010101111011
011001010110111011
011001010111011011
011001010111101011
011001010111101101
011001010111110011
011001010111111001
011001010111111010
011001011011101101
011001011101101101
011001011110101101
011001011111001101
011001011111100101
011001011111101001
011001011111101100
011010000011111111
011010000111111011
011010001111001111
011010001111101101
011010010001111111
011010010010111111
011010010011011111
011010010011101111
011010010011110111
011010010011111011
011010010011111101
011010010011111110
011010010101111011
011010010110111011
011010010111001111
011010010111011011
011010010111101011
011010010111101101
011010010111110011
011010010111111001
011010010111111010
011010011011001111
011010011011101101
011010011101001111
011010011101101101
011010011110001111
011010011110101101
011010011111000111
011010011111001011
011010011111001101
011010011111001110
011010011111100101
011010011111101001
011010011111101100
011100000011111111
011100000111111011
011100001111001111
011100001111101101
011100010001111111
011100010010111111
011100010011011111
011100010011101111
011100010011110111
011100010011111011
011100010011111101
011100010011111110
011100010101111011
011100010110111011
011100010111001111
011100010111011011
011100010111101011
011100010111101101
011100010111110011
011100010111111001
011100010111111010
011100011011001111
011100011011101101
011100011101001111
011100011101101101
011100011110001111
011100011110101101
011100011111000111
011100011111001011
011100011111001101
011100011111001110
011100011111100101
011100011111101001
011100011111101100
100000001111111111
100000010111111111
100000011011111111
100000011101111111
100000011110111111
100000011111011111
100000011111101111
100000011111110111
100000011111111011
100000011111111101
100000011111111110
100000100111111111
100000101011111111
100000101101111111
100000101110111111
100000101111011111
100000101111101111
100000101111110111
100000101111111011
100000101111111101
100000101111111110
100000110011111111
100000110101111111
100000110110111111
100000110111011111
100000110111101111
100000110111110111
100000110111111011
100000110111111101
100000110111111110
100000111001111111
100000111010111111
100000111011011111
100000111011101111
100000111011110111
100000111011111011
100000111011111101
100000111011111110
100000111100111111
100000111101011111
100000111101101111
100000111101110111
100000111101111011
100000111101111101
100000111101111110
100000111110011111
100000111110101111
100000111110110111
100000111110111011
100000111110111101
100000111110111110
100000111111001111
100000111111010111
100000111111011011
100000111111011101
100000111111011110
100000111111100111
100000111111101011
100000111111101101
100000111111101110
100000111111110011
100000111111110101
100000111111110110
100000111111111001
100000111111111010
100000111111111100
100001000111111111
100001001011111111
100001001101111111
100001001110111111
100001001111011111
100001001111101111
100001001111110111
100001001111111011
100001001111111101
100001001111111110
100001010011111111
100001010101111111
100001010110111111
100001010111011111
100001010111101111
100001010111110111
100001010111111011
100001010111111101
100001010111111110
100001011001111111
100001011010111111
100001011011011111
100001011011101111
100001011011110111
100001011011111011
100001011011111101
100001011011111110
100001011100111111
100001011101011111
100001011101101111
100001011101110111
100001011101111011
100001011101111101
100001011101111110
100001011110011111
100001011110101111
100001011110110111
100001011110111011
100001011110111101
100001011110111110
100001011111001111
100001011111010111
100001011111011011
100001011111011101
100001011111011110
100001011111100111
100001011111101011
100001011111101101
100001011111101110
100001011111110011
100001011111110101
100001011111110110
100001011111111001
100001011111111010
100001011111111100
100001100011111111
100001100101111111
100001100110111111
100001100111011111
100001100111101111
100001100111110111
100001100111111011
100001100111111101
100001100111111110
100001101001111111
100001101010111111
100001101011011111
100001101011101111
100001101011110111
100001101011111011
100001101011111101
100001101011111110
100001101101011111
100001101101101111
100001101101110111
100001101101111011
100001101101111101
100001101110101111
100001101110111011
100001101111001111
100001101111011011
100001101111100111
100001101111101011
100001101111101101
100001101111101110
100001101111110011
100001101111111001
100001101111111010
100001110001111111
100001110010111111
100001110011011111
100001110011101111
100001110011110111
100001110011111011
100001110011111101
100001110011111110
100001110101011111
100001110101110111
100001110101111011
100001110101111101
100001111000111111
100001111001011111
100001111001101111
100001111001110111
100001111001111011
100001111001111101
100001111001111110
100001111010011111
100001111010101111
100001111010110111
100001111010111011
100001111010111101
100001111010111110
100001111100011111
100001111100110111
100001111100111011
100001111100111101
100001111101001111
100001111101010111
100001111101011011
100001111101011101
100001111101011110
100001111101100111
100001111101101011
100001111101101101
100001111101110011
100001111101110101
100001111101110110
100001111101111001
100001111101111010
100001111101111100
100010000111111111
100010001011111111
100010001101111111
100010001110111111
100010001111011111
100010001111101111
100010001111110111
100010001111111011
100010001111111101
100010001111111110
100010010011111111
100010010101111111
100010010110111111
100010010111011111
100010010111101111
100010010111110111
100010010111111011
100010010111111101
100010010111111110
100010011001111111
100010011010111111
100010011011011111
100010011011101111
100010011011110111
100010011011111011
100010011011111101
100010011011111110
100010011100111111
100010011101011111
100010011101101111
100010011101110111
100010011101111011
100010011101111101
100010011101111110
100010011110011111
100010011110101111
100010011110110111
100010011110111011
100010011110111101
100010011110111110
100010011111001111
100010011111010111
100010011111011011
100010011111011101
100010011111011110
100010011111100111
100010011111101011
100010011111101101
100010011111101110
100010011111110011
100010011111110101
100010011111110110
100010011111111001
100010011111111010
100010011111111100
100010100011111111
100010100101111111
100010100110111111
100010100111011111
100010100111101111
100010100111110111
100010100111111011
100010100111111101
100010100111111110
100010101001111111
100010101010111111
100010101011011111
100010101011101111
100010101011110111
100010101011111011
100010101011111101
100010101011111110
100010101101011111
100010101101101111
100010101101110111
100010101101111011
100010101101111101
100010101110101111
100010101110110111
100010101110111011
100010101111001111
100010101111011011
100010101111100111
100010101111101011
100010101111101101
100010101111101110
100010101111110011
100010101111111001
100010101111111010
100010110001111111
100010110010111111
100010110011011111
100010110011101111
100010110011110111
100010110011111011
100010110011111101
100010110011111110
100010110100111111
100010110101011111
100010110101101111
100010110101110111
100010110101111011
100010110101111101
100010110101111110
100010110110110111
100010111000111111
100010111001011111
100010111001101111
100010111001110111
100010111001111011
100010111001111101
100010111001111110
100010111010011111
100010111010101111
100010111010110111
100010111010111011
100010111010111101
100010111010111110
100010111100011111
100010111100110111
100010111100111011
100010111100111101
100010111101001111
100010111101010111
100010111101011011
100010111101011101
100010111101011110
100010111101100111
100010111101101011
100010111101101101
100010111101110011
100010111101110101
100010111101110110
100010111101111001
100010111101111010
100010111101111100
100010111110010111
100010111110100111
100010111110110011
100010111110110101
100010111110110110
100011000011111111
100011010001111111
100011010010111111
100011010011011111
100011010011101111
100011010011110111
100011010011111011
100011010011111101
100011010011111110
100100000111111111
100100001011111111
100100001101111111
100100001110111111
100100001111011111
100100001111101111
100100001111110111
100100001111111011
100100001111111101
100100001111111110
100100010011111111
100100010101111111
100100010110111111
100100010111011111
100100010111101111
100100010111110111
100100010111111011
100100010111111101
100100010111111110
100100011001111111
100100011010111111
100100011011011111
100100011011101111
100100011011110111
100100011011111011
100100011011111101
100100011011111110
100100011100111111
100100011101011111
100100011101101111
100100011101110111
100100011101111011
100100011101111101
100100011101111110
100100011110011111
100100011110101111
100100011110110111
100100011110111011
100100011110111101
100100011110111110
100100011111001111
100100011111010111
100100011111011011
100100011111011101
100100011111011110
100100011111100111
100100011111101011
100100011111101101
100100011111101110
100100011111110011
100100011111110101
100100011111110110
100100011111111001
100100011111111010
100100011111111100
100100100011111111
100100100101111111
100100100110111111
100100100111011111
100100100111101111
100100100111110111
100100100111111011
100100100111111101
100100100111111110
100100101001111111
100100101010111111
100100101011011111
100100101011101111
100100101011110111
100100101011111011
100100101011111101
100100101011111110
100100101101011111
100100101101101111
100100101101110111
100100101101111011
100100101101111101
100100101110011111
100100101110101111
100100101110111011
100100101111001111
100100101111011011
100100101111100111
100100101111101011
100100101111101101
100100101111101110
100100101111110011
100100101111111001
100100101111111010
100100110001111111
100100110010111111
100100110011011111
100100110011101111
100100110011110111
100100110011111011
100100110011111101
100100110011111110
100100110100111111
100100110101011111
100100110101101111
100100110101110111
100100110101111011
100100110101111101
100100110101111110
100100110110011111
100100111000111111
100100111001011111
100100111001101111
100100111001110111
100100111001111011
100100111001111101
100100111001111110
100100111010011111
100100111010101111
100100111010110111
100100111010111011
100100111010111101
100100111010111110
100100111011001111
100100111011010111
100100111011011011
100100111011011101
100100111011011110
100100111100011111
100100111100110111
100100111100111011
100100111100111101
100100111101001111
100100111101010111
100100111101011011
100100111101011101
100100111101011110
100100111101100111
100100111101101011
100100111101101101
100100111101110011
100100111101110101
100100111101110110
100100111101111001
100100111101111010
100100111101111100
100100111110001111
100100111110010111
100100111110011011
100100111110011101
100100111110011110
100101000011111111
100101001011011111
100101010001111111
100101010010111111
100101010011011111
100101010011101111
100101010011110111
100101010011111011
100101010011111101
100101010011111110
100101011001011111
100101011010011111
100101011011001111
100101011011010111
100101011011011011
100101011011011101
100101011011011110
100110000011111111
100110001011011111
100110010001111111
100110010010111111
100110010011011111
100110010011101111
100110010011110111
100110010011111011
100110010011111101
100110010011111110
100110011001011111
100110011010011111
100110011011001111
100110011011010111
100110011011011011
100110011011011101
100110011011011110
101000000111111111
101000001011111111
101000001101111111
101000001110111111
101000001111011111
101000001111101111
101000001111110111
101000001111111011
101000001111111101
101000001111111110
101000010011111111
101000010101111111
101000010110111111
101000010111011111
101000010111101111
101000010111110111
101000010111111011
101000010111111101
101000010111111110
101000011001111111
101000011010111111
101000011011011111
101000011011101111
101000011011110111
101000011011111011
101000011011111101
101000011011111110
101000011100111111
101000011101011111
101000011101101111
101000011101110111
101000011101111011
101000011101111101
101000011101111110
101000011110011111
101000011110101111
101000011110110111
101000011110111011
101000011110111101
101000011110111110
101000011111001111
101000011111010111
101000011111011011
101000011111011101
101000011111011110
101000011111100111
101000011111101011
101000011111101101
101000011111101110
101000011111110011
101000011111110101
101000011111110110
101000011111111001
101000011111111010
101000011111111100
101000100011111111
101000100101111111
101000100110111111
101000100111011111
101000100111101111
101000100111110111
101000100111111011
101000100111111101
101000100111111110
101000101001111111
101000101010111111
101000101011011111
101000101011101111
101000101011110111
101000101011111011
101000101011111101
101000101011111110
101000101101011111
101000101101110111
101000101101111011
101000101101111101
101000101110011111
101000101110110111
101000101110111011
101000101110111101
101000101111001111
101000101111010111
101000101111011011
101000101111011101
101000101111011110
101000101111100111
101000101111101011
101000101111101101
101000101111110011
101000101111110101
101000101111110110
101000101111111001
101000101111111010
101000101111111100
101000110001111111
101000110010111111
101000110011101111
101000110100111111
101000110101011111
101000110101101111
101000110101110111
101000110101111011
101000110101111101
101000110101111110
101000110110011111
101000111000111111
101000111001011111
101000111001101111
101000111001110111
101000111001111011
101000111001111101
101000111001111110
101000111010011111
101000111010101111
101000111010110111
101000111010111011
101000111010111101
101000111010111110
101000111011001111
101000111011100111
101000111011101011
101000111011101101
101000111011101110
101000111100011111
101000111100110111
101000111100111011
101000111100111101
101000111101001111
101000111101010111
101000111101011011
101000111101011101
101000111101011110
101000111101100111
101000111101101011
101000111101101101
101000111101110011
101000111101110101
101000111101110110
101000111101111001
101000111101111010
101000111101111100
101000111110001111
101000111110010111
101000111110011011
101000111110011101
101000111110011110
101001000011111111
101001001011101111
101001010001111111
101001010010111111
101001010011011111
101001010011101111
101001010011110111
101001010011111011
101001010011111101
101001010011111110
101001011001101111
101001011010101111
101001011011001111
101001011011100111
101001011011101011
101001011011101101
101001011011101110
101010000011111111
101010001011101111
101010001111001111
101010010001111111
101010010010111111
101010010011011111
101010010011101111
101010010011110111
101010010011111011
101010010011111101
101010010011111110
101010010111001111
101010011001101111
101010011010101111
101010011011001111
101010011011100111
101010011011101011
101010011011101101
101010011011101110
101010011101001111
101010011110001111
101010011111000111
101010011111001011
101010011111001101
101010011111001110
101100000011111111
101100001011011111
101100001011101111
101100001111001111
101100010001111111
101100010010111111
101100010011011111
101100010011101111
101100010011110111
101100010011111011
101100010011111101
101100010011111110
101100010111001111
101100011001011111
101100011001101111
101100011010011111
101100011010101111
101100011011001111
101100011011010111
101100011011011011
101100011011011101
101100011011011110
101100011011100111
101100011011101011
101100011011101101
101100011011101110
101100011101001111
101100011110001111
101100011111000111
101100011111001011
101100011111001101
101100011111001110
110000000111111111
110000001011111111
110000001101111111
110000001110111111
110000001111011111
110000001111101111
110000001111110111
110000001111111011
110000001111111101
110000001111111110
110000010011111111
110000010101111111
110000010110111111
110000010111011111
110000010111101111
110000010111110111
110000010111111011
110000010111111101
110000010111111110
110000011001111111
110000011010111111
110000011011011111
110000011011101111
110000011011110111
110000011011111011
110000011011111101
110000011011111110
110000011100111111
110000011101011111
110000011101101111
110000011101110111
110000011101111011
110000011101111101
110000011101111110
110000011110011111
110000011110101111
110000011110110111
110000011110111011
110000011110111101
110000011110111110
110000011111001111
110000011111010111
110000011111011011
110000011111011101
110000011111011110
110000011111100111
110000011111101011
110000011111101101
110000011111101110
110000011111110011
110000011111110101
110000011111110110
110000011111111001
110000011111111010
110000011111111100
110000100011111111
110000100101111111
110000100110111111
110000100111011111
110000100111101111
110000100111110111
110000100111111011
110000100111111101
110000100111111110
110000101001111111
110000101010111111
110000101011011111
110000101011101111
110000101011110111
110000101011111011
110000101011111101
110000101011111110
110000101101011111
110000101101101111
110000101101110111
110000101101111011
110000101101111101
110000101110011111
110000101110101111
110000101110111011
110000101111001111
110000101111010111
110000101111011011
110000101111011101
110000101111011110
110000101111100111
110000101111101011
110000101111101101
110000101111101110
110000101111110011
110000101111111001
110000101111111010
110000110001111111
110000110010111111
110000110011011111
110000110011101111
110000110011110111
110000110011111011
110000110011111101
110000110011111110
110000110100111111
110000110101011111
110000110101101111
110000110101110111
110000110101111011
110000110101111101
110000110101111110
110000110110011111
110000110110111011
110000110111001111
110000110111011011
110000110111101011
110000110111110011
110000110111111001
110000110111111010
110000111000111111
110000111001011111
110000111001101111
110000111001110111
110000111001111011
110000111001111101
110000111001111110
110000111010011111
110000111010101111
110000111010110111
110000111010111011
110000111010111101
110000111010111110
110000111011001111
110000111011010111
110000111011011011
110000111011011101
110000111011011110
110000111011100111
110000111011101011
110000111011101101
110000111011101110
110000111100011111
110000111100101111
110000111100110111
110000111100111011
110000111100111101
110000111101001111
110000111101010111
110000111101011011
110000111101011101
110000111101011110
110000111101100111
110000111101101011
110000111101101101
110000111101101110
110000111101110011
110000111101110101
110000111101110110
110000111101111001
110000111101111010
110000111101111100
110000111110001111
110000111110010111
110000111110011011
110000111110011101
110000111110011110
110000111111000111
110000111111001011
110000111111001101
110000111111001110
110001000011111111
110001000111111011
110001001011011111
110001001011101111
110001001111001111
110001010001111111
110001010010111111
110001010011011111
110001010011101111
110001010011110111
110001010011111011
110001010011111101
110001010011111110
110001010101111011
110001010110111011
110001010111001111
110001010111011011
110001010111101011
110001010111110011
110001010111111001
110001010111111010
110001011001011111
110001011001101111
110001011010011111
110001011010101111
110001011011001111
110001011011010111
110001011011011011
110001011011011101
110001011011011110
110001011011100111
110001011011101011
110001011011101101
110001011011101110
110001011101001111
110001011110001111
110001011111000111
110001011111001011
110001011111001101
110001011111001110
110010000011111111
110010000111111011
110010001011011111
110010001011101111
110010001111001111
110010010001111111
110010010010111111
110010010011011111
110010010011101111
110010010011110111
110010010011111011
110010010011111101
110010010011111110
110010010101111011
110010010110111011
110010010111001111
110010010111011011
110010010111101011
110010010111110011
110010010111111001
110010010111111010
110010011001011111
110010011001101111
110010011010011111
110010011010101111
110010011011001111
110010011011010111
110010011011011011
110010011011011101
110010011011011110
110010011011100111
110010011011101011
110010011011101101
110010011011101110
110010011101001111
110010011110001111
110010011111000111
110010011111001011
110010011111001101
110010011111001110
110100000011111111
110100000111111011
110100001011011111
110100001011101111
110100001111001111
110100010001111111
110100010010111111
110100010011011111
110100010011101111
110100010011110111
110100010011111011
110100010011111101
110100010011111110
110100010101111011
110100010110111011
110100010111001111
110100010111011011
110100010111101011
110100010111110011
110100010111111001
110100010111111010
110100011001011111
110100011001101111
110100011010011111
110100011010101111
110100011011001111
110100011011010111
110100011011011011
110100011011011101
110100011011011110
110100011011100111
110100011011101011
110100011011101101
110100011011101110
110100011101001111
110100011110001111
110100011111000111
110100011111001011
110100011111001101
110100011111001110
111000000011111111
111000000111111011
111000001011011111
111000001011101111
111000001111001111
111000001111101101
111000010001111111
111000010010111111
111000010011011111
111000010011101111
111000010011110111
111000010011111011
111000010011111101
111000010011111110
111000010101111011
111000010110111011
111000010111001111
111000010111011011
111000010111101011
111000010111101101
111000010111110011
111000010111111001
111000010111111010
111000011001011111
111000011001101111
111000011010011111
111000011010101111
111000011011001111
111000011011010111
111000011011011011
111000011011011101
111000011011011110
111000011011100111
111000011011101011
111000011011101101
111000011011101110
111000011101001111
111000011101101101
111000011110001111
111000011110101101
111000011111000111
111000011111001011
111000011111001101
111000011111001110
111000011111100101
111000011111101001
111000011111101100
