0 0 1.999966752889331
0 1 -2.551999733693712e-05
0 2 -5.108538157177566e-05
0 3 -7.487410268130325e-05
0 4 5.8030650721679e-06
0 5 -2.628782861912311e-05
0 6 1.229669009216108e-06
0 7 -8.936197165685265e-06
0 8 6.197735729876932e-06
0 9 -1.939249889552865e-05
0 10 -4.346120739826795e-06
0 11 4.23835028845199e-06
0 12 7.328000747512783e-05
0 13 -2.15455140981911e-05
0 14 -6.649050655506716e-05
0 15 -4.291624960477588e-06
0 16 3.279207740914043e-06
0 17 -8.712320862322621e-05
0 18 2.548177002967565e-05
0 19 -0.0001792357421375608
0 20 0.0001108754261412471
0 21 0.0001541297316575005
0 22 5.742553990649202e-05
0 23 -0.0002990735398444052
0 24 -5.180218923208901e-05
0 25 -3.292570963741731e-05
1 0 -2.551999733693713e-05
1 1 1.98779689538396
1 2 -0.000176290614021112
1 3 -0.0002595901784431431
1 4 -0.0006303524682751442
1 5 0.0008996368519191965
1 6 0.0009339706503301488
1 7 0.0002624007798218876
1 8 -0.0005646498186482377
1 9 -0.001589923910030302
1 10 -0.0008835102175511971
1 11 2.380178092459197e-05
1 12 0.0005840099409745819
1 13 -0.0004521843055858362
1 14 -8.339355312888611e-05
1 15 -0.0001389179934346266
1 16 -0.001152433504563333
1 17 0.001258128518605883
1 18 0.002299045362894503
1 19 -0.0009640197765039741
1 20 -0.002359042711958641
1 21 0.0001154182546858533
1 22 0.0008170364353307985
1 23 0.001431903896086351
1 24 9.600913493624296e-05
1 25 0.0002130659385924142
2 0 -5.108538157177541e-05
2 1 -0.0001762906140210862
2 2 1.987178529312094
2 3 -0.001013215976437066
2 4 3.261166122740802e-05
2 5 -0.0009987193375983246
2 6 0.0007763171797322437
2 7 -0.0002681926588876359
2 8 0.001754915145781516
2 9 -0.0006795441265731787
2 10 -4.928246314598995e-05
2 11 -0.0007349872131466555
2 12 -0.002339523135870688
2 13 0.0003433367677108982
2 14 -9.027187951624501e-05
2 15 -0.0004655501149269617
2 16 -0.000256503448908544
2 17 -5.050735748915518e-05
2 18 -0.0001039518071827193
2 19 -0.000181639479003422
2 20 -0.001157289290204879
2 21 -0.001691697066105432
2 22 6.136043714691849e-05
2 23 0.0001503789233743686
2 24 0.001477990391913522
2 25 0.0001913935587096403
3 0 -7.487410268130362e-05
3 1 -0.0002595901784431588
3 2 -0.001013215976437127
3 3 1.984908010477777
3 4 0.0001541452423422103
3 5 0.0003276986235148889
3 6 -0.00116000582333244
3 7 0.000506452425864271
3 8 -0.00129008563590829
3 9 -0.003113386752749863
3 10 -0.001396353731720568
3 11 0.0003819850881378748
3 12 0.003090745878192892
3 13 -0.0005091986277500663
3 14 0.004479874621029906
3 15 0.000316121792064547
3 16 0.0008084800103097909
3 17 -0.001956219173521445
3 18 0.001987509268995968
3 19 -5.029868427545237e-05
3 20 -0.004488299954778425
3 21 -0.004828299270535933
3 22 -0.0003962388688442728
3 23 0.000480554697482301
3 24 -3.985257364776232e-05
3 25 0.0003480368802140021
4 0 5.803065072167729e-06
4 1 -0.0006303524682751408
4 2 3.261166122740245e-05
4 3 0.0001541452423422126
4 4 1.980556066896001
4 5 -0.0003397248959053094
4 6 -0.0001547859664618887
4 7 -0.0009427171313496701
4 8 0.0001901040529064277
4 9 -0.001242693856051681
4 10 -0.001177665894279718
4 11 -9.372111601998555e-05
4 12 -0.0008724076568283562
4 13 -0.0003346295845929235
4 14 0.001287523007911613
4 15 0.0005731753884162787
4 16 0.004851489726242983
4 17 -0.00519860637815872
4 18 -0.001631684063141418
4 19 0.0009655506315632426
4 20 -0.0005095594749383107
4 21 0.001314724291531177
4 22 -0.003117583875790146
4 23 -0.0002499803515405412
4 24 -8.697470418212977e-05
4 25 -0.0005505921258613907
5 0 -2.628782861912269e-05
5 1 0.0008996368519192546
5 2 -0.000998719337598298
5 3 0.0003276986235148877
5 4 -0.0003397248959053236
5 5 1.982358782891141
5 6 0.002140951090945693
5 7 -0.001864011473265774
5 8 -0.001709366754304507
5 9 0.004763660580636238
5 10 0.001934826696780466
5 11 0.0002546084557638385
5 12 0.005139250759373677
5 13 -0.001175038593547125
5 14 -0.001467318371068461
5 15 0.000927995248381857
5 16 0.0009612257226213955
5 17 0.001430432163829
5 18 0.003915535160946936
5 19 0.00213494752245788
5 20 -0.01039902845882842
5 21 -0.004038946964992214
5 22 0.001431120570373701
5 23 -0.0009597033884295858
5 24 0.002802552410624892
5 25 -0.000298454311057111
6 0 1.229669009215391e-06
6 1 0.0009339706503301121
6 2 0.0007763171797322541
6 3 -0.00116000582333245
6 4 -0.0001547859664618751
6 5 0.002140951090945689
6 6 1.981638191925839
6 7 -0.002945912694400035
6 8 -0.0006938889017914112
6 9 0.006849631608793446
6 10 0.003396753255218025
6 11 -0.0001590133102584681
6 12 -0.0007168960211812281
6 13 0.001323037138047323
6 14 -0.00614823431712097
6 15 8.729859365867809e-05
6 16 0.000619031391554475
6 17 -0.001494858035538916
6 18 -0.001376835278505247
6 19 0.002357461752211457
6 20 0.004642119389440188
6 21 0.003827974947504997
6 22 -0.002842339248211602
6 23 0.0001791010833589161
6 24 -0.001091992793907065
6 25 0.0003696728072002226
7 0 -8.936197165686586e-06
7 1 0.0002624007798218817
7 2 -0.0002681926588876338
7 3 0.0005064524258643235
7 4 -0.0009427171313496421
7 5 -0.00186401147326576
7 6 -0.002945912694400189
7 7 1.975914371178466
7 8 0.0006159519463477282
7 9 -0.002276537440576818
7 10 -0.00109076353596107
7 11 -0.001998366518247097
7 12 -0.0001602981153552166
7 13 -0.0003121888491722989
7 14 0.0004178709176347194
7 15 -0.002618758130653313
7 16 0.0009922026030606173
7 17 0.00239678256776403
7 18 0.0002123781112322244
7 19 -0.000373788605476689
7 20 -0.0003725071866881125
7 21 -0.001570317460775632
7 22 -0.001405145514311188
7 23 -0.0006739243127761847
7 24 0.0003461183092369158
7 25 -4.905274466223511e-05
8 0 6.19773572987733e-06
8 1 -0.0005646498186482811
8 2 0.001754915145781531
8 3 -0.001290085635908259
8 4 0.0001901040529064232
8 5 -0.001709366754304502
8 6 -0.0006938889017914175
8 7 0.0006159519463477272
8 8 1.977718854370983
8 9 -0.0008003317988290774
8 10 -0.0002034224001768814
8 11 8.00880000467386e-05
8 12 -0.005821979562612095
8 13 0.001363671644366086
8 14 -0.0005306495796105231
8 15 -0.001528994068292792
8 16 -0.002073457970508167
8 17 0.0003940477340738901
8 18 -0.01075342956170952
8 19 -0.003444127624090682
8 20 0.01421786343973694
8 21 0.0116488334520203
8 22 -0.002736424014766654
8 23 0.002453661468171952
8 24 -0.005798984306174829
8 25 -0.000205727050454928
9 0 -1.939249889552805e-05
9 1 -0.00158992391003024
9 2 -0.0006795441265732063
9 3 -0.003113386752749823
9 4 -0.001242693856051748
9 5 0.004763660580636155
9 6 0.006849631608793447
9 7 -0.0022765374405768
9 8 -0.000800331798829048
9 9 1.977274660529086
9 10 -0.002795082950241023
9 11 0.0004279652000657837
9 12 -0.002798758020760602
9 13 -0.001183908183399427
9 14 0.001413152682075325
9 15 -0.0005208928793569961
9 16 -0.00105252491852176
9 17 -0.005011173776586709
9 18 -0.005236293021400902
9 19 -0.006721923408282468
9 20 0.004092799472797037
9 21 0.001130306131806177
9 22 -0.001810569701059076
9 23 0.0008245368824578484
9 24 -0.002247466970160576
9 25 -0.0005333534554272008
10 0 -4.346120739826754e-06
10 1 -0.0008835102175512341
10 2 -4.928246314603101e-05
10 3 -0.001396353731720549
10 4 -0.001177665894279672
10 5 0.001934826696780497
10 6 0.003396753255217961
10 7 -0.001090763535961018
10 8 -0.0002034224001769327
10 9 -0.002795082950241054
10 10 1.975844141123507
10 11 -0.0003704418538778843
10 12 0.000949987414525024
10 13 0.001544643170326276
10 14 0.00454264100059937
10 15 -0.0007408878956879702
10 16 0.001915135845848211
10 17 0.0003613568024652882
10 18 0.001154218554056469
10 19 0.0009759847152296605
10 20 -0.0003627090612027656
10 21 -0.00101736127747128
10 22 1.489079083599714e-06
10 23 -0.001192555467308946
10 24 0.0001143934026933092
10 25 -0.0009745091628659852
11 0 4.238350288452134e-06
11 1 2.380178092457944e-05
11 2 -0.0007349872131466128
11 3 0.0003819850881378598
11 4 -9.372111602002043e-05
11 5 0.0002546084557638454
11 6 -0.0001590133102584786
11 7 -0.001998366518247012
11 8 8.008800004673903e-05
11 9 0.0004279652000658022
11 10 -0.0003704418538778674
11 11 1.961681585386704
11 12 -0.0006088742806720676
11 13 0.0001503970402210593
11 14 -0.0002257005872127435
11 15 -0.01120033320119691
11 16 -0.0001485024475222237
11 17 -0.001737568764825883
11 18 0.0003653506945333683
11 19 0.0008156393429435986
11 20 -0.0002426937526494624
11 21 0.0001073751349924485
11 22 0.001805200327009494
11 23 0.0004611684748744957
11 24 0.0003406968947837198
11 25 -3.751823887362993e-05
12 0 7.328000747512903e-05
12 1 0.0005840099409746019
12 2 -0.002339523135870713
12 3 0.00309074587819285
12 4 -0.0008724076568283412
12 5 0.0051392507593737
12 6 -0.0007168960211812224
12 7 -0.0001602981153552051
12 8 -0.005821979562612176
12 9 -0.002798758020760632
12 10 0.0009499874145250176
12 11 -0.0006088742806720612
12 12 1.977472213996308
12 13 0.004145587788110533
12 14 0.02610866940806731
12 15 0.003573017542643588
12 16 0.006081353391467385
12 17 0.002676408537190556
12 18 0.02678249142082186
12 19 0.009606618266617128
12 20 -0.03063033928783276
12 21 -0.0162116313298127
12 22 0.005705831368579675
12 23 -0.001316157079322237
12 24 0.02373180199012836
12 25 0.003135488188911819
13 0 -2.154551409819168e-05
13 1 -0.0004521843055858407
13 2 0.0003433367677109076
13 3 -0.000509198627750083
13 4 -0.000334629584592918
13 5 -0.001175038593547141
13 6 0.001323037138047327
13 7 -0.0003121888491723344
13 8 0.001363671644366074
13 9 -0.00118390818339942
13 10 0.001544643170326268
13 11 0.0001503970402210609
13 12 0.004145587788110664
13 13 1.991544818683971
13 14 -0.002656806441902519
13 15 -0.001479952495696837
13 16 0.003725109941656522
13 17 0.004836987309303202
13 18 -0.009227477744399661
13 19 0.006743835289568606
13 20 0.01446200769668958
13 21 0.009038008724807933
13 22 -0.002394324397206545
13 23 -0.005617107215955999
13 24 -0.008061678798871761
13 25 0.01732384985555569
14 0 -6.649050655506471e-05
14 1 -8.339355312888623e-05
14 2 -9.027187951624075e-05
14 3 0.004479874621029794
14 4 0.001287523007911604
14 5 -0.001467318371068454
14 6 -0.006148234317121066
14 7 0.000417870917634707
14 8 -0.0005306495796105438
14 9 0.001413152682075345
14 10 0.004542641000599455
14 11 -0.0002257005872127409
14 12 0.02610866940806732
14 13 -0.002656806441902507
14 14 0.01279420119380833
14 15 0.001478362922353062
14 16 0.002915069256380304
14 17 0.004651909922202128
14 18 0.0006974350740934908
14 19 0.004556283515891189
14 20 -0.00440885607520973
14 21 0.0009513965613708439
14 22 0.0007407224629432465
14 23 0.0003767623801227457
14 24 0.001440064588510818
14 25 5.107480759714883e-05
15 0 -4.291624960477676e-06
15 1 -0.0001389179934346267
15 2 -0.0004655501149269565
15 3 0.0003161217920645421
15 4 0.0005731753884162805
15 5 0.0009279952483818657
15 6 8.729859365868938e-05
15 7 -0.00261875813065335
15 8 -0.001528994068292806
15 9 -0.0005208928793569881
15 10 -0.0007408878956879884
15 11 -0.01120033320119716
15 12 0.003573017542643581
15 13 -0.001479952495696862
15 14 0.001478362922353103
15 15 0.03963294951052736
15 16 -0.0009383519442800114
15 17 0.002188125248772071
15 18 0.0007001159129546288
15 19 -0.00128762218903205
15 20 -0.0007666379049018467
15 21 -0.001323755232525596
15 22 -0.0006478458047731821
15 23 -0.0002808309475683315
15 24 -0.000607480871882131
15 25 4.568452686624775e-05
16 0 3.27920774091406e-06
16 1 -0.001152433504563325
16 2 -0.0002565034489085398
16 3 0.0008084800103098054
16 4 0.004851489726242964
16 5 0.0009612257226213908
16 6 0.0006190313915544871
16 7 0.0009922026030606355
16 8 -0.002073457970508202
16 9 -0.001052524918521796
16 10 0.001915135845848232
16 11 -0.0001485024475222191
16 12 0.006081353391467407
16 13 0.003725109941656534
16 14 0.002915069256380243
16 15 -0.0009383519442799454
16 16 0.007973853274489844
16 17 -0.002357418430252688
16 18 0.00115294981540593
16 19 0.007652529164580788
16 20 -0.003212295311900972
16 21 0.002971770460515252
16 22 -0.001155930588960559
16 23 -0.002472037779389816
16 24 0.0001468305083098668
16 25 9.677403472353102e-05
17 0 -8.712320862322599e-05
17 1 0.001258128518605837
17 2 -5.050735748915851e-05
17 3 -0.001956219173521436
17 4 -0.005198606378158726
17 5 0.001430432163828998
17 6 -0.001494858035538905
17 7 0.002396782567764038
17 8 0.0003940477340738979
17 9 -0.00501117377658654
17 10 0.0003613568024652853
17 11 -0.001737568764825853
17 12 0.00267640853719059
17 13 0.004836987309303245
17 14 0.004651909922202175
17 15 0.002188125248772123
17 16 -0.002357418430252642
17 17 0.02318079083788636
17 18 -0.000191441692118853
17 19 0.005467771915507915
17 20 -0.001751699507540979
17 21 0.001601798843290775
17 22 -0.003470881385098344
17 23 -0.001326216527063925
17 24 0.0001832742077448647
17 25 0.0002747445091298656
18 0 2.548177002967574e-05
18 1 0.002299045362894507
18 2 -0.0001039518071827202
18 3 0.001987509268995913
18 4 -0.001631684063141392
18 5 0.003915535160946894
18 6 -0.001376835278505245
18 7 0.0002123781112322249
18 8 -0.01075342956170953
18 9 -0.005236293021400835
18 10 0.001154218554056461
18 11 0.0003653506945333719
18 12 0.02678249142082232
18 13 -0.009227477744399871
18 14 0.0006974350740935064
18 15 0.0007001159129546382
18 16 0.001152949815405937
18 17 -0.0001914416921188411
18 18 0.02424936723369804
18 19 0.001062495219702456
18 20 -0.00776479459567238
18 21 -0.003605881245122588
18 22 0.00033633891070282
18 23 -0.001667806918449142
18 24 0.0006949585335639174
18 25 -5.238627131156008e-05
19 0 -0.0001792357421375592
19 1 -0.000964019776503977
19 2 -0.0001816394790034182
19 3 -5.029868427545647e-05
19 4 0.0009655506315632608
19 5 0.002134947522457868
19 6 0.002357461752211464
19 7 -0.0003737886054766871
19 8 -0.003444127624090609
19 9 -0.006721923408282456
19 10 0.0009759847152296557
19 11 0.0008156393429435956
19 12 0.009606618266617312
19 13 0.006743835289568744
19 14 0.004556283515891262
19 15 -0.00128762218903204
19 16 0.007652529164580771
19 17 0.005467771915507928
19 18 0.001062495219702461
19 19 0.02153719266259758
19 20 -0.0004750942532541761
19 21 -0.002067971464797128
19 22 0.002535588772538943
19 23 0.001213526450583123
19 24 0.0002860067119903473
19 25 0.001062642669231839
20 0 0.000110875426141248
20 1 -0.002359042711958609
20 2 -0.001157289290204842
20 3 -0.004488299954778425
20 4 -0.0005095594749383074
20 5 -0.0103990284588284
20 6 0.00464211938944011
20 7 -0.0003725071866881131
20 8 0.01421786343973708
20 9 0.004092799472797053
20 10 -0.000362709061202767
20 11 -0.0002426937526494608
20 12 -0.03063033928783244
20 13 0.01446200769668949
20 14 -0.004408856075209857
20 15 -0.0007666379049018345
20 16 -0.00321229531190095
20 17 -0.00175169950754098
20 18 -0.007764794595672594
20 19 -0.0004750942532542245
20 20 0.02671499343508817
20 21 0.00820900321981205
20 22 -0.002291994754226222
20 23 0.0005685163243885274
20 24 -0.0001093323358903545
20 25 0.0007188836649580973
21 0 0.0001541297316575011
21 1 0.0001154182546858528
21 2 -0.001691697066105414
21 3 -0.004828299270536051
21 4 0.001314724291531177
21 5 -0.004038946964992221
21 6 0.003827974947505011
21 7 -0.001570317460775623
21 8 0.01164883345201999
21 9 0.00113030613180615
21 10 -0.001017361277471295
21 11 0.0001073751349924495
21 12 -0.0162116313298124
21 13 0.009038008724807849
21 14 0.0009513965613708465
21 15 -0.001323755232525575
21 16 0.002971770460515193
21 17 0.001601798843290744
21 18 -0.003605881245122709
21 19 -0.002067971464797129
21 20 0.008209003219811675
21 21 0.02196869392731284
21 22 -6.222277585729146e-05
21 23 0.0006413103590766761
21 24 0.000323814143496719
21 25 0.001134824514150333
22 0 5.742553990649138e-05
22 1 0.0008170364353307786
22 2 6.136043714691873e-05
22 3 -0.0003962388688442775
22 4 -0.003117583875790146
22 5 0.001431120570373713
22 6 -0.002842339248211517
22 7 -0.001405145514311154
22 8 -0.002736424014766722
22 9 -0.001810569701059029
22 10 1.489079083600352e-06
22 11 0.001805200327009502
22 12 0.005705831368579628
22 13 -0.002394324397206483
22 14 0.0007407224629431957
22 15 -0.0006478458047731439
22 16 -0.001155930588960521
22 17 -0.003470881385098426
22 18 0.0003363389107028122
22 19 0.002535588772538963
22 20 -0.00229199475422617
22 21 -6.222277585728135e-05
22 22 0.02142011109905159
22 23 -5.809184988695836e-05
22 24 0.0003047559981541
22 25 -7.85380952667885e-06
23 0 -0.0002990735398443984
23 1 0.001431903896086344
23 2 0.0001503789233743711
23 3 0.0004805546974823073
23 4 -0.0002499803515405425
23 5 -0.0009597033884296031
23 6 0.0001791010833589148
23 7 -0.0006739243127761841
23 8 0.002453661468171964
23 9 0.0008245368824578183
23 10 -0.001192555467308964
23 11 0.0004611684748744955
23 12 -0.00131615707932225
23 13 -0.005617107215955919
23 14 0.0003767623801226943
23 15 -0.0002808309475683471
23 16 -0.002472037779389758
23 17 -0.001326216527063906
23 18 -0.001667806918449278
23 19 0.001213526450583178
23 20 0.0005685163243885189
23 21 0.0006413103590764372
23 22 -5.809184988697375e-05
23 23 0.01973087052342545
23 24 -0.0003089734833726538
23 25 -0.001173941352248113
24 0 -5.180218923208973e-05
24 1 9.600913493624085e-05
24 2 0.00147799039191354
24 3 -3.985257364776863e-05
24 4 -8.697470418213323e-05
24 5 0.002802552410624912
24 6 -0.001091992793907071
24 7 0.0003461183092369183
24 8 -0.005798984306174861
24 9 -0.002247466970160488
24 10 0.0001143934026933117
24 11 0.0003406968947837267
24 12 0.02373180199012795
24 13 -0.008061678798871871
24 14 0.001440064588510856
24 15 -0.0006074808718821371
24 16 0.0001468305083098763
24 17 0.0001832742077448625
24 18 0.0006949585335637996
24 19 0.0002860067119902908
24 20 -0.0001093323358904312
24 21 0.0003238141434967299
24 22 0.0003047559981541268
24 23 -0.000308973483372667
24 24 0.0192708686313489
24 25 0.001159712335061006
25 0 -3.292570963741699e-05
25 1 0.0002130659385924114
25 2 0.0001913935587096434
25 3 0.0003480368802140102
25 4 -0.0005505921258613907
25 5 -0.0002984543110571104
25 6 0.0003696728072002345
25 7 -4.90527446622395e-05
25 8 -0.0002057270504549234
25 9 -0.0005333534554271757
25 10 -0.0009745091628659852
25 11 -3.751823887363255e-05
25 12 0.003135488188911781
25 13 0.01732384985555542
25 14 5.10748075971431e-05
25 15 4.568452686622504e-05
25 16 9.67740347235351e-05
25 17 0.0002747445091298792
25 18 -5.23862713115552e-05
25 19 0.001062642669231855
25 20 0.0007188836649581194
25 21 0.001134824514150294
25 22 -7.853809526690119e-06
25 23 -0.001173941352248116
25 24 0.001159712335060958
25 25 0.01967223250287277
