0 0 1.999986266481518
0 1 -4.87104055606666e-06
0 2 -1.835408450383696e-05
0 3 8.875696104783264e-06
0 4 2.555002011536946e-05
0 5 -1.875209713942745e-05
0 6 4.637326594169433e-06
0 7 3.164839750604542e-06
0 8 -1.190535498909445e-05
0 9 3.766762737776932e-06
0 10 8.286525242224214e-06
0 11 6.469985783126236e-06
0 12 1.386394561037953e-05
0 13 -8.745828939883691e-06
0 14 1.35989639288815e-05
0 15 4.271544855993849e-05
0 16 1.533943905549145e-05
0 17 -2.533934190204949e-06
0 18 -2.343985146938825e-05
0 19 -4.078273868754552e-05
0 20 9.284817332246964e-06
1 0 -4.871040556066755e-06
1 1 1.99003329852422
1 2 0.0002318137530231795
1 3 1.90906876503136e-05
1 4 -0.000336883292072901
1 5 0.000479751271983312
1 6 -0.0002815587887346998
1 7 0.0001156972179150819
1 8 -2.354998427287563e-05
1 9 0.0001780348988843219
1 10 0.001490237610861883
1 11 -0.0003258104283310813
1 12 0.0006670464925444546
1 13 -0.002785899451820397
1 14 -0.0004425823410616009
1 15 -0.0017922606041988
1 16 -0.002230268197977656
1 17 0.0005398153886257562
1 18 0.00187398480561035
1 19 0.0005610421799020499
1 20 0.003326282228831987
2 0 -1.835408450383698e-05
2 1 0.0002318137530231833
2 2 1.989379424210079
2 3 0.001341114016870854
2 4 0.001309121196818598
2 5 -0.002304508348892639
2 6 -0.0004827214366741309
2 7 -0.0009279837668531138
2 8 0.001476173587779086
2 9 -0.0004717356194603491
2 10 -0.001468726025722748
2 11 -0.0007452125038320235
2 12 -0.001304400981400903
2 13 0.001598802281075539
2 14 -0.001951921317113894
2 15 -0.003962138443397318
2 16 0.0006982033079696342
2 17 -0.002941664672989702
2 18 -0.0005900892131001456
2 19 -0.001101678599093749
2 20 -0.003684882714045796
3 0 8.875696104782851e-06
3 1 1.909068765030852e-05
3 2 0.001341114016870846
3 3 1.986899042848236
3 4 -0.0006090519993978594
3 5 -0.001786975815281873
3 6 -0.0008927095298836016
3 7 0.0008834109836476926
3 8 0.000633364872462605
3 9 -0.0002007903344733686
3 10 0.002652613396292148
3 11 0.0008625204112467917
3 12 0.00104700215915985
3 13 0.001087572650412657
3 14 0.000851241555943526
3 15 0.001267163281938389
3 16 -0.0007552021434838194
3 17 -0.0029253490564534
3 18 0.004394138804202338
3 19 0.0004268373611384822
3 20 0.005085729454792473
4 0 2.555002011536918e-05
4 1 -0.0003368832920729117
4 2 0.001309121196818581
4 3 -0.0006090519993978412
4 4 1.980728985566542
4 5 0.001192551371622047
4 6 0.0002252979226488993
4 7 -0.001059308978572618
4 8 0.002695731167562358
4 9 0.0002931308873523184
4 10 -0.004964858706239478
4 11 -0.00133207620687803
4 12 -0.0007567454778441549
4 13 -0.003326120439714407
4 14 -0.0004946946039349369
4 15 -0.002173249055941179
4 16 -4.128330833258199e-05
4 17 -0.001088940871196371
4 18 -0.001275270139186134
4 19 -0.002209400504462798
4 20 -0.00389530994745298
5 0 -1.875209713942723e-05
5 1 0.0004797512719833354
5 2 -0.00230450834889266
5 3 -0.001786975815281858
5 4 0.001192551371622057
5 5 1.977259154294279
5 6 -0.002086454711888627
5 7 -0.0002100682691166115
5 8 0.001053215161242416
5 9 -9.08414873092118e-05
5 10 0.001385900612389804
5 11 1.15555825100085e-05
5 12 -0.004592780861768552
5 13 0.003566112926996563
5 14 0.0003542045798774449
5 15 -0.001033113996808731
5 16 -0.0003329761905985108
5 17 0.001568826644450128
5 18 0.0007209019193303283
5 19 -0.0001631486839091528
5 20 0.005504633024419552
6 0 4.637326594169289e-06
6 1 -0.0002815587887347208
6 2 -0.0004827214366741419
6 3 -0.0008927095298836218
6 4 0.000225297922648902
6 5 -0.002086454711888608
6 6 1.980050677290951
6 7 -0.001155678452759488
6 8 0.0001216722541442566
6 9 -0.003284562133822178
6 10 -0.003735647628466623
6 11 0.005739410052008614
6 12 0.02159292099142147
6 13 0.0008736623668251192
6 14 -0.009215241632200609
6 15 0.002073111635555887
6 16 -0.00142532065519557
6 17 -0.002224796830335133
6 18 -0.002420078395711695
6 19 -0.001923748806067802
6 20 0.004368451045229786
7 0 3.164839750604436e-06
7 1 0.0001156972179151107
7 2 -0.0009279837668531322
7 3 0.000883410983647692
7 4 -0.001059308978572593
7 5 -0.0002100682691166435
7 6 -0.001155678452759571
7 7 1.978466608943731
7 8 -3.968813787502944e-05
7 9 -0.005479026747429942
7 10 -0.0005784594304690675
7 11 0.009435201597192501
7 12 0.02708703041799457
7 13 -0.0008380264250796497
7 14 -0.01029597240456144
7 15 0.006041876386040344
7 16 -0.0002575343251176474
7 17 -0.001240296869856358
7 18 0.001083857794557712
7 19 0.002965682238012727
7 20 -0.006693500643058579
8 0 -1.190535498909462e-05
8 1 -2.354998427296354e-05
8 2 0.001476173587779081
8 3 0.0006333648724626335
8 4 0.002695731167562232
8 5 0.001053215161242466
8 6 0.0001216722541442952
8 7 -3.968813787498543e-05
8 8 1.975055316164737
8 9 -0.002751923674572965
8 10 -0.003385800073100622
8 11 0.003675993875692437
8 12 0.01042638415647234
8 13 -0.001264117985161353
8 14 -0.004754738209717042
8 15 -0.001522382454733243
8 16 0.001159215126924507
8 17 -0.002836889168909023
8 18 -0.002098145486186387
8 19 -0.001500869102044012
8 20 0.009689241269177772
9 0 3.766762737777051e-06
9 1 0.0001780348988843292
9 2 -0.0004717356194603473
9 3 -0.0002007903344733575
9 4 0.0002931308873523351
9 5 -9.084148730917849e-05
9 6 -0.003284562133822044
9 7 -0.005479026747430302
9 8 -0.002751923674573031
9 9 1.95728345429302
9 10 -0.007973078976653256
9 11 0.0233357447135688
9 12 0.04382080746580493
9 13 0.001562656101882266
9 14 -0.007427686209876036
9 15 0.002044013343258607
9 16 -0.001906080755695938
9 17 0.001297977380804459
9 18 -0.002035032210337981
9 19 -0.0003183397191428836
9 20 0.0002510773228890432
10 0 8.286525242224309e-06
10 1 0.001490237610861894
10 2 -0.001468726025722782
10 3 0.002652613396292151
10 4 -0.004964858706239516
10 5 0.001385900612389803
10 6 -0.003735647628466671
10 7 -0.0005784594304691466
10 8 -0.00338580007310056
10 9 -0.007973078976653291
10 10 1.978190884024547
10 11 0.009495071506523249
10 12 7.323242676198979e-05
10 13 -0.004800691668334664
10 14 0.01081840603080367
10 15 0.02084668813474466
10 16 0.01881542729853353
10 17 0.006614183444867707
10 18 0.007537840779142355
10 19 0.02901686199835988
10 20 -0.004853876398741
11 0 6.469985783126567e-06
11 1 -0.0003258104283310918
11 2 -0.0007452125038320055
11 3 0.000862520411246752
11 4 -0.001332076206878049
11 5 1.155558251001083e-05
11 6 0.005739410052008983
11 7 0.009435201597192529
11 8 0.003675993875692342
11 9 0.02333574471356784
11 10 0.009495071506523414
11 11 1.949935881683625
11 12 0.01963893178435886
11 13 -0.0003012644170869692
11 14 -0.01503956035256537
11 15 0.01079207420454692
11 16 0.002393626227016729
11 17 0.001965075584568999
11 18 -0.000585363354805051
11 19 0.007858657797090687
11 20 -0.0002238832124025795
12 0 1.386394561038079e-05
12 1 0.0006670464925444585
12 2 -0.001304400981400923
12 3 0.001047002159159813
12 4 -0.0007567454778441567
12 5 -0.004592780861768493
12 6 0.02159292099142133
12 7 0.0270870304179938
12 8 0.01042638415647277
12 9 0.0438208074658074
12 10 7.323242676183898e-05
12 11 0.01963893178435882
12 12 0.08864076318337757
12 13 0.002521993242892881
12 14 -0.009367884656560415
12 15 0.003064955265644177
12 16 -0.0009273564072286282
12 17 -0.000617582825306132
12 18 -0.0009639385940254548
12 19 0.0005746860439977197
12 20 4.308326716660249e-05
13 0 -8.745828939883527e-06
13 1 -0.002785899451820476
13 2 0.001598802281075686
13 3 0.001087572650412631
13 4 -0.003326120439714372
13 5 0.003566112926996541
13 6 0.0008736623668250922
13 7 -0.0008380264250796493
13 8 -0.001264117985161302
13 9 0.001562656101882222
13 10 -0.004800691668334491
13 11 -0.0003012644170869758
13 12 0.002521993242892918
13 13 0.02731234511683897
13 14 -0.001975182026898051
13 15 -0.0009353929915659593
13 16 1.832062014529964e-05
13 17 -0.0001531622618613336
13 18 0.0007755885429502569
13 19 -0.002160597320312651
13 20 0.0006321080740183244
14 0 1.359896392888019e-05
14 1 -0.0004425823410616013
14 2 -0.00195192131711385
14 3 0.0008512415559434971
14 4 -0.0004946946039349384
14 5 0.0003542045798774403
14 6 -0.009215241632200756
14 7 -0.01029597240456055
14 8 -0.004754738209717104
14 9 -0.007427686209876057
14 10 0.01081840603080381
14 11 -0.01503956035256642
14 12 -0.009367884656561192
14 13 -0.001975182026898037
14 14 0.02657653945213412
14 15 0.0001067517813716389
14 16 0.0008705114001873079
14 17 0.001811118753636738
14 18 -0.0001711259674821967
14 19 0.0008623903225938063
14 20 -0.0001006213357680881
15 0 4.271544855993931e-05
15 1 -0.001792260604198753
15 2 -0.003962138443397104
15 3 0.001267163281938361
15 4 -0.002173249055941138
15 5 -0.001033113996808709
15 6 0.002073111635555914
15 7 0.006041876386040366
15 8 -0.001522382454733237
15 9 0.002044013343258604
15 10 0.02084668813474518
15 11 0.01079207420454711
15 12 0.003064955265644175
15 13 -0.0009353929915660504
15 14 0.0001067517813717135
15 15 0.02383911296996632
15 16 0.001898414156723909
15 17 -0.00015880709621633
15 18 0.001617428555416951
15 19 0.001761189454442192
15 20 0.0004964171364587313
16 0 1.533943905549135e-05
16 1 -0.002230268197977652
16 2 0.0006982033079696149
16 3 -0.0007552021434838296
16 4 -4.128330833254253e-05
16 5 -0.0003329761905985506
16 6 -0.001425320655195549
16 7 -0.000257534325117631
16 8 0.001159215126924515
16 9 -0.001906080755695862
16 10 0.0188154272985333
16 11 0.002393626227016735
16 12 -0.0009273564072285845
16 13 1.832062014529218e-05
16 14 0.0008705114001873241
16 15 0.001898414156723966
16 16 0.02017947433386784
16 17 0.002578866286029315
16 18 -0.001827926920640358
16 19 0.001080152264703978
16 20 0.00102489000417211
17 0 -2.53393419020503e-06
17 1 0.0005398153886257558
17 2 -0.002941664672989787
17 3 -0.002925349056453401
17 4 -0.001088940871196338
17 5 0.001568826644450129
17 6 -0.002224796830335124
17 7 -0.001240296869856345
17 8 -0.002836889168909063
17 9 0.001297977380804519
17 10 0.006614183444867599
17 11 0.00196507558456889
17 12 -0.0006175828253061483
17 13 -0.0001531622618613245
17 14 0.001811118753636724
17 15 -0.000158807096216358
17 16 0.002578866286029327
17 17 0.01281088324763489
17 18 0.002102106138529884
17 19 0.001472267911896099
17 20 -0.0001412514016438255
18 0 -2.343985146938811e-05
18 1 0.001873984805610395
18 2 -0.0005900892131001541
18 3 0.004394138804202335
18 4 -0.001275270139186101
18 5 0.0007209019193304455
18 6 -0.002420078395711731
18 7 0.001083857794557633
18 8 -0.0020981454861864
18 9 -0.002035032210337896
18 10 0.007537840779142467
18 11 -0.0005853633548050378
18 12 -0.000963938594025428
18 13 0.0007755885429502603
18 14 -0.0001711259674822198
18 15 0.001617428555416986
18 16 -0.001827926920640371
18 17 0.002102106138529767
18 18 0.01965907364372928
18 19 0.002088381204027932
18 20 0.0002264660203030158
19 0 -4.078273868754516e-05
19 1 0.0005610421799020307
19 2 -0.001101678599093803
19 3 0.0004268373611384678
19 4 -0.002209400504462607
19 5 -0.000163148683909149
19 6 -0.001923748806067736
19 7 0.002965682238012747
19 8 -0.001500869102043954
19 9 -0.000318339719142897
19 10 0.02901686199835949
19 11 0.007858657797090879
19 12 0.0005746860439976912
19 13 -0.002160597320312661
19 14 0.0008623903225938056
19 15 0.001761189454442163
19 16 0.001080152264703974
19 17 0.001472267911896059
19 18 0.00208838120402784
19 19 0.0222528791975574
19 20 0.000902174819665663
20 0 9.284817332246742e-06
20 1 0.003326282228832004
20 2 -0.003684882714045843
20 3 0.005085729454792486
20 4 -0.003895309947453074
20 5 0.00550463302441949
20 6 0.004368451045229813
20 7 -0.006693500643058567
20 8 0.009689241269177473
20 9 0.0002510773228890121
20 10 -0.004853876398740867
20 11 -0.0002238832124025738
20 12 4.308326716667543e-05
20 13 0.0006321080740183214
20 14 -0.0001006213357680967
20 15 0.0004964171364587415
20 16 0.001024890004172102
20 17 -0.0001412514016438309
20 18 0.0002264660203030288
20 19 0.0009021748196656597
20 20 0.01545993438683941
