0 0 1.999963202775676
0 1 -1.656408377119753e-05
0 2 -2.081163946225247e-05
0 3 -3.297533677522447e-05
0 4 -7.033163926909076e-05
0 5 2.874622598036283e-05
0 6 9.928493249644712e-06
0 7 5.417959658626321e-06
0 8 -2.585892867762224e-05
0 9 -3.642713212548411e-06
0 10 2.481770447592264e-05
0 11 -1.319677218400812e-05
0 12 -4.75101954527831e-06
0 13 2.494075361938467e-06
0 14 -2.792323330902317e-05
0 15 1.774749141225109e-05
0 16 -1.589080305454432e-05
0 17 -8.284230285329666e-07
0 18 -0.0001465472555520959
0 19 -1.718614273150384e-05
0 20 -0.000115425955778502
0 21 0.0001539188268805635
0 22 -0.0002491340052852724
0 23 -8.577605581751788e-05
0 24 1.903644538560008e-05
0 25 0.000109560930958238
0 26 1.656437338454337e-05
0 27 -0.0001646295210440554
0 28 0.0002209500064185676
0 29 -2.555607435749118e-05
1 0 -1.656408377119752e-05
1 1 1.993239156606903
1 2 -0.0004246099144445815
1 3 -0.0006710212784637912
1 4 -0.001646929474801365
1 5 -0.001332160618513009
1 6 0.0003970450001224721
1 7 0.0003831284410287656
1 8 0.002306299284125772
1 9 0.000222689245729241
1 10 -8.163184492804675e-05
1 11 0.001137923043844627
1 12 -0.00158060643789293
1 13 0.0006173617849912672
1 14 -0.0007578534618129164
1 15 -0.0004936282959434244
1 16 5.266160770529869e-05
1 17 0.0005252731418130909
1 18 -0.001374491752571514
1 19 -0.0007182269592065783
1 20 0.0008185323728582257
1 21 -0.0009366201277278218
1 22 -0.001084183611240515
1 23 0.0004365497701835111
1 24 0.0001353144177430501
1 25 0.0001208624881839845
1 26 -0.001296838807697615
1 27 0.0006710862271199992
1 28 -0.001170789307847043
1 29 0.0008696231910817824
2 0 -2.081163946225319e-05
2 1 -0.000424609914444585
2 2 1.992094377184074
2 3 -0.0006345648248027398
2 4 -0.001516896350360075
2 5 0.0006636000598575411
2 6 -0.003194118139211756
2 7 0.0001541208134021252
2 8 -0.0005365440225979005
2 9 0.0002395142565146436
2 10 -0.000629259962313844
2 11 -0.000277707165967798
2 12 0.0006234739987975616
2 13 -0.001442767384601502
2 14 0.0004813910870082633
2 15 0.0009956112357539296
2 16 -0.001223407087101213
2 17 0.0008416446179158031
2 18 0.0005335223864449161
2 19 -0.001950373440982752
2 20 -0.001135162156233737
2 21 0.0007099941748508771
2 22 0.0001145954443332219
2 23 -0.0004783295047854845
2 24 0.0006136155567529292
2 25 0.0001410356792647384
2 26 4.656398571708292e-05
2 27 0.000160499302645143
2 28 -0.0006577187543922622
2 29 -0.001927578978094189
3 0 -3.297533677522396e-05
3 1 -0.0006710212784637956
3 2 -0.0006345648248027417
3 3 1.989445120318481
3 4 0.0001854525149317277
3 5 0.0009114606185685063
3 6 0.0002770159831309523
3 7 -0.0004180489153288399
3 8 -0.001067691945255287
3 9 -0.0009646238066855849
3 10 0.001893399316314433
3 11 0.001323253707308489
3 12 -0.0010492292408232
3 13 -1.559980723243057e-07
3 14 0.0002627044215360842
3 15 0.0001412557115296386
3 16 0.001215016204861796
3 17 -0.0006984421067673721
3 18 -0.0009587640170683234
3 19 -0.0003138903469445252
3 20 0.001438472144471851
3 21 -0.001242986633941062
3 22 0.0007162346124487621
3 23 -4.714211921504687e-05
3 24 0.0008538443637198254
3 25 -0.0006576785767491353
3 26 0.002101248079893865
3 27 0.0002945166463983739
3 28 0.0002816866579532319
3 29 0.0006905366518082582
4 0 -7.033163926909014e-05
4 1 -0.001646929474801343
4 2 -0.001516896350360065
4 3 0.0001854525149317307
4 4 1.985933818859578
4 5 0.0009550775271706853
4 6 0.000826554445908693
4 7 -0.0003068343411638003
4 8 -0.0004469042249504924
4 9 0.0004241165569712655
4 10 0.0006232462165853233
4 11 0.0002891905914137419
4 12 -0.001947899102302684
4 13 0.0004427775912984173
4 14 -0.0005569127184587989
4 15 0.001983566824682968
4 16 0.0004810910674032276
4 17 -0.001512535382069298
4 18 -0.001242803411512709
4 19 0.0008852374710362882
4 20 -0.0004292804297738171
4 21 -0.001621343206073348
4 22 0.0008370387434854965
4 23 -0.0006437861226157254
4 24 0.0005306247053537675
4 25 -0.001558182309235427
4 26 -0.000324754921607424
4 27 -0.0001288870874880356
4 28 0.001260175931982067
4 29 0.001832282846364765
5 0 2.874622598036256e-05
5 1 -0.001332160618512993
5 2 0.0006636000598575281
5 3 0.0009114606185685072
5 4 0.0009550775271707011
5 5 1.986288241334551
5 6 -0.0008400517911311735
5 7 0.0008539425510424848
5 8 0.000789606882007654
5 9 0.0001560755388333651
5 10 0.001457560648827459
5 11 0.002139726833970863
5 12 -0.005856812861131429
5 13 -0.001153155300505635
5 14 0.002017675752762952
5 15 -0.001354296022808906
5 16 0.0004282182817482908
5 17 -0.0003200705323769571
5 18 0.001219037797327299
5 19 0.002812388034938935
5 20 -0.002430178645429466
5 21 -0.001181934383233155
5 22 0.001114937510713059
5 23 -0.002798486661152288
5 24 -0.0007217325046387858
5 25 -0.0003844056263204665
5 26 0.005875686936910154
5 27 0.0009907192181390976
5 28 -0.002793313018859067
5 29 0.0005428181000578352
6 0 9.928493249645176e-06
6 1 0.0003970450001224596
6 2 -0.003194118139211706
6 3 0.0002770159831309843
6 4 0.0008265544459086704
6 5 -0.0008400517911311691
6 6 1.984171598456121
6 7 -0.002256302450114754
6 8 -0.0001096492001964172
6 9 -0.0004610160755949261
6 10 0.000246757272730801
6 11 0.001041238698691206
6 12 0.001014262777070296
6 13 -0.001953276629865377
6 14 0.0008104085973305978
6 15 0.002185369235203735
6 16 0.001788185613504916
6 17 0.004431831951042254
6 18 -0.003312704527311239
6 19 -0.003510922089972303
6 20 -0.001591815976891657
6 21 -0.0011714648746851
6 22 -0.0005413450956845674
6 23 0.0001449017150256967
6 24 0.002913953343659902
6 25 -0.002979614734099214
6 26 -0.000569273758751282
6 27 -0.001760550234767952
6 28 -0.002064352141606297
6 29 0.001487152577964886
7 0 5.417959658625846e-06
7 1 0.0003831284410287685
7 2 0.0001541208134020346
7 3 -0.0004180489153288277
7 4 -0.0003068343411637875
7 5 0.0008539425510424183
7 6 -0.002256302450114509
7 7 1.981808001113085
7 8 -0.0004571906397454169
7 9 -0.0002494649990553712
7 10 0.001086292495850199
7 11 0.0004621573468777461
7 12 -1.147173056415167e-05
7 13 -0.001803638050196269
7 14 -0.001799514844647856
7 15 0.005875859093070791
7 16 0.003014429153481331
7 17 0.008114965794260381
7 18 -0.0005244590450754773
7 19 -0.0006929688454802537
7 20 0.0002873023134560196
7 21 -0.001172519787406979
7 22 0.001949582760131728
7 23 -0.0003272955508271565
7 24 -0.001253882832200799
7 25 -0.0009024632352233461
7 26 -9.910349741940673e-05
7 27 0.001622055798851928
7 28 0.002662496371050533
7 29 0.003720582404094543
8 0 -2.585892867762312e-05
8 1 0.002306299284125704
8 2 -0.0005365440225979041
8 3 -0.001067691945255185
8 4 -0.0004469042249504919
8 5 0.0007896068820077474
8 6 -0.0001096492001963931
8 7 -0.0004571906397453926
8 8 1.978916819563305
8 9 -0.001948868046297342
8 10 0.0006593610390292078
8 11 0.0002581739941701188
8 12 0.004161850698210139
8 13 -2.101777990236238e-05
8 14 -0.0005143134944201544
8 15 0.0005448566737261017
8 16 0.001136501166089445
8 17 0.0002050393421934737
8 18 -0.0054550673829553
8 19 -9.28378421140679e-05
8 20 0.0002933146570633786
8 21 7.900228083777121e-05
8 22 -0.003031630146387583
8 23 -0.002582576661742245
8 24 -0.001379223398032545
8 25 -0.003389198921551577
8 26 0.004449261050047956
8 27 -0.001800873725817981
8 28 0.0009487004875970563
8 29 -0.0003243058610280926
9 0 -3.642713212548359e-06
9 1 0.0002226892457292359
9 2 0.0002395142565146365
9 3 -0.0009646238066855996
9 4 0.0004241165569712851
9 5 0.0001560755388333198
9 6 -0.0004610160755949204
9 7 -0.0002494649990553657
9 8 -0.001948868046297344
9 9 1.979734273162728
9 10 0.001249254283737674
9 11 0.0006262427702884692
9 12 -0.0006825862903075358
9 13 -0.0004522552287799156
9 14 8.502618722167899e-05
9 15 -0.0003286158907172454
9 16 0.0001543326557636985
9 17 0.0008775834409046614
9 18 -0.001687827065974933
9 19 -0.004241425234107825
9 20 0.004635005100807408
9 21 0.001860946003419691
9 22 0.0001817820744753416
9 23 0.002698233181346479
9 24 8.195595179069458e-05
9 25 0.001218736132364606
9 26 -0.005539007458943217
9 27 -0.001770480715954576
9 28 0.00248515653706164
9 29 -0.002197091224558311
10 0 2.481770447592253e-05
10 1 -8.163184492806381e-05
10 2 -0.0006292599623138203
10 3 0.001893399316314412
10 4 0.0006232462165853635
10 5 0.001457560648827464
10 6 0.000246757272730725
10 7 0.001086292495850214
10 8 0.0006593610390292096
10 9 0.001249254283737681
10 10 1.977718508255399
10 11 -0.00263877974974858
10 12 -0.004496215662476226
10 13 0.004978295220499616
10 14 -0.001274238262940691
10 15 0.006172827571511594
10 16 -0.0006895148159997368
10 17 0.008461190631445601
10 18 -3.545065171867297e-05
10 19 0.001000109318499122
10 20 0.0006841091129894566
10 21 -0.002186607611842954
10 22 0.0009643832941708223
10 23 0.001422185446134904
10 24 0.001708761571665956
10 25 -0.001440914863177142
10 26 -0.004179597238526088
10 27 -0.001401745883872517
10 28 -0.001472426543971807
10 29 0.002473781763876888
11 0 -1.31967721840075e-05
11 1 0.001137923043844724
11 2 -0.000277707165967769
11 3 0.001323253707308446
11 4 0.0002891905914137262
11 5 0.002139726833970968
11 6 0.0010412386986912
11 7 0.0004621573468777336
11 8 0.0002581739941700487
11 9 0.0006262427702884931
11 10 -0.002638779749748664
11 11 1.975077885312892
11 12 -0.002566555535178234
11 13 0.005340755708934067
11 14 -0.001220859760959408
11 15 0.001231772757664081
11 16 -0.004146073396506009
11 17 -0.008636907205014355
11 18 -0.002074921043146188
11 19 0.001832482385953811
11 20 0.0006722774076371471
11 21 -0.001423201337198795
11 22 -0.003210642252733205
11 23 0.0001916061962844825
11 24 0.0005604873076141457
11 25 -8.649064000439222e-05
11 26 -0.001105228739992533
11 27 -0.001985378358928569
11 28 0.0008156139753136391
11 29 -0.0004133791875931538
12 0 -4.751019545278637e-06
12 1 -0.001580606437892946
12 2 0.0006234739987976607
12 3 -0.001049229240823179
12 4 -0.001947899102302743
12 5 -0.005856812861131284
12 6 0.001014262777070297
12 7 -1.147173056410201e-05
12 8 0.004161850698210103
12 9 -0.0006825862903075575
12 10 -0.004496215662476373
12 11 -0.00256655553517818
12 12 1.988483141745295
12 13 0.00600018941563845
12 14 -0.000385935429713957
12 15 0.001104627897483121
12 16 -0.002282907396849282
12 17 0.007093257571867724
12 18 -0.00501335137525939
12 19 0.0002628826021872912
12 20 -0.00519458970569078
12 21 -0.001342636799024013
12 22 -0.002478494244053578
12 23 -0.000912722988010011
12 24 0.0007417718140224564
12 25 -0.001414699436190804
12 26 0.003897541551373446
12 27 0.001177589497673271
12 28 -2.068012172535232e-05
12 29 0.001097655662672235
13 0 2.494075361938e-06
13 1 0.0006173617849913208
13 2 -0.001442767384601414
13 3 -1.559980723448513e-07
13 4 0.0004427775912984399
13 5 -0.001153155300505653
13 6 -0.001953276629865329
13 7 -0.001803638050196067
13 8 -2.101777990240543e-05
13 9 -0.00045225522877979
13 10 0.004978295220498942
13 11 0.005340755708933973
13 12 0.006000189415638405
13 13 1.94831049092917
13 14 -0.002757282520881332
13 15 -0.001329146403052694
13 16 0.0117223156859237
13 17 -0.006223232350264805
13 18 -0.001043884369261018
13 19 0.003224329111750017
13 20 0.001346052606753848
13 21 -0.0009615259349594356
13 22 -0.001841726217864039
13 23 0.001896392902163322
13 24 0.0001007914390794116
13 25 -0.0002796629787678736
13 26 -0.001491121391574125
13 27 -0.001767790376599401
13 28 -0.001041823200072745
13 29 0.0003986832223509436
14 0 -2.792323330902295e-05
14 1 -0.000757853461812924
14 2 0.0004813910870082563
14 3 0.0002627044215361057
14 4 -0.0005569127184587834
14 5 0.002017675752762981
14 6 0.0008104085973305544
14 7 -0.001799514844648002
14 8 -0.0005143134944202098
14 9 8.502618722167171e-05
14 10 -0.00127423826294065
14 11 -0.001220859760959366
14 12 -0.0003859354297139422
14 13 -0.002757282520881304
14 14 1.981698676104734
14 15 -0.005144729917703704
14 16 -0.006048525805320832
14 17 0.06044361318489741
14 18 0.00745333225180587
14 19 -0.01853881635571995
14 20 -0.01217753106143661
14 21 0.00581047031723857
14 22 0.00357946659515447
14 23 -0.004499153152847891
14 24 -0.0003526824690782465
14 25 0.005310465738483115
14 26 0.003162451785067669
14 27 0.0116196248352049
14 28 0.01040046236227168
14 29 -0.001473232029066545
15 0 1.774749141225031e-05
15 1 -0.0004936282959434389
15 2 0.000995611235753948
15 3 0.0001412557115296305
15 4 0.001983566824682997
15 5 -0.001354296022808907
15 6 0.00218536923520371
15 7 0.00587585909307111
15 8 0.0005448566737261031
15 9 -0.0003286158907172697
15 10 0.006172827571511733
15 11 0.001231772757664106
15 12 0.001104627897483168
15 13 -0.001329146403052931
15 14 -0.00514472991770378
15 15 1.981600514880551
15 16 0.01662676443656654
15 17 0.0472665316399032
15 18 -0.01310193290985276
15 19 0.009309470926720385
15 20 0.006178064484495994
15 21 -0.004643093394196779
15 22 0.005687690406046669
15 23 0.001476412008105555
15 24 0.005312018157129474
15 25 -0.01014498600944381
15 26 -0.005400469647134217
15 27 -0.009707671240787783
15 28 -0.01306007906941961
15 29 0.001256268814397753
16 0 -1.589080305454385e-05
16 1 5.266160770530261e-05
16 2 -0.001223407087101211
16 3 0.001215016204861844
16 4 0.0004810910674032149
16 5 0.0004282182817483095
16 6 0.001788185613504797
16 7 0.003014429153481796
16 8 0.001136501166089373
16 9 0.0001543326557636745
16 10 -0.0006895148159998363
16 11 -0.004146073396506038
16 12 -0.002282907396849289
16 13 0.0117223156859253
16 14 -0.006048525805320089
16 15 0.01662676443656628
16 16 0.0569313076290244
16 17 -0.002474793908039941
16 18 -0.001645368488939201
16 19 -0.001052556187638252
16 20 0.001869568116356961
16 21 0.00199927493864891
16 22 -9.307548923894693e-05
16 23 0.001426699078140018
16 24 -0.0004270546334979468
16 25 -0.0005977663705056774
16 26 -0.0004333876086987651
16 27 -0.001217904311208657
16 28 -0.001595433354194522
16 29 0.0005107535851307196
17 0 -8.284230285329167e-07
17 1 0.0005252731418130961
17 2 0.0008416446179158176
17 3 -0.0006984421067673686
17 4 -0.001512535382069287
17 5 -0.0003200705323769777
17 6 0.004431831951042142
17 7 0.008114965794259871
17 8 0.0002050393421934803
17 9 0.0008775834409046192
17 10 0.008461190631445964
17 11 -0.008636907205013261
17 12 0.007093257571867814
17 13 -0.006223232350265333
17 14 0.06044361318490275
17 15 0.0472665316399029
17 16 -0.002474793908040103
17 17 0.01794617202797842
17 18 -0.0009024705343406139
17 19 -0.00112919111738029
17 20 -0.0002004726221448515
17 21 -0.0003844144962909084
17 22 1.805470451895498e-05
17 23 -0.0005489879861763542
17 24 0.000334522690761506
17 25 -0.0005572654045139388
17 26 -0.0003244875145934217
17 27 0.0009291744149448572
17 28 -9.83147106638595e-05
17 29 0.00101989024536435
18 0 -0.0001465472555520958
18 1 -0.001374491752571564
18 2 0.000533522386444925
18 3 -0.000958764017068345
18 4 -0.001242803411512614
18 5 0.001219037797327296
18 6 -0.003312704527311198
18 7 -0.0005244590450754819
18 8 -0.005455067382955193
18 9 -0.001687827065974934
18 10 -3.545065171872512e-05
18 11 -0.00207492104314615
18 12 -0.00501335137525917
18 13 -0.0010438843692611
18 14 0.007453332251805918
18 15 -0.01310193290985267
18 16 -0.001645368488939141
18 17 -0.0009024705343406941
18 18 0.02205019618929606
18 19 -0.0028280094142303
18 20 0.002097233769118127
18 21 0.002903286813606067
18 22 -0.000460974792600573
18 23 -0.001974323645517044
18 24 -0.003091058530330764
18 25 0.001886830037547116
18 26 0.0002661363999938987
18 27 0.003323121871561249
18 28 -0.003309158458944941
18 29 0.0001775776777865617
19 0 -1.718614273150434e-05
19 1 -0.0007182269592065734
19 2 -0.001950373440982771
19 3 -0.0003138903469445312
19 4 0.0008852374710363253
19 5 0.002812388034938963
19 6 -0.003510922089972465
19 7 -0.000692968845480288
19 8 -9.283784211409014e-05
19 9 -0.004241425234107705
19 10 0.001000109318499168
19 11 0.001832482385953753
19 12 0.0002628826021872845
19 13 0.003224329111750169
19 14 -0.018538816355721
19 15 0.009309470926720687
19 16 -0.001052556187638146
19 17 -0.001129191117380295
19 18 -0.002828009414230412
19 19 0.02481901097483866
19 20 0.00260488626126192
19 21 0.0002020235360552926
19 22 -0.0001631838955554598
19 23 -0.001651449051838033
19 24 -0.0004913005794868053
19 25 -3.389711442472622e-05
19 26 -0.003023620917256577
19 27 -0.002185047254841514
19 28 -0.003948742132017672
19 29 0.0007639537043324467
20 0 -0.0001154259557785077
20 1 0.0008185323728582038
20 2 -0.001135162156233664
20 3 0.001438472144471969
20 4 -0.0004292804297738386
20 5 -0.002430178645429419
20 6 -0.001591815976891631
20 7 0.0002873023134560267
20 8 0.0002933146570633365
20 9 0.004635005100807161
20 10 0.0006841091129894659
20 11 0.0006722774076371684
20 12 -0.005194589705690825
20 13 0.001346052606753833
20 14 -0.01217753106143634
20 15 0.006178064484495896
20 16 0.001869568116357076
20 17 -0.000200472622144832
20 18 0.002097233769118211
20 19 0.002604886261261931
20 20 0.01799516730476077
20 21 -0.002659726698712484
20 22 -0.001859529127784128
20 23 0.004926490988186771
20 24 0.002152352530704682
20 25 -0.002865431199001551
20 26 0.0009624933064236966
20 27 -0.002857469471856658
20 28 -0.002417793614804928
20 29 0.0003037903703813236
21 0 0.000153918826880573
21 1 -0.0009366201277278498
21 2 0.0007099941748509018
21 3 -0.001242986633941046
21 4 -0.001621343206073346
21 5 -0.001181934383233203
21 6 -0.001171464874685216
21 7 -0.001172519787406926
21 8 7.900228083777547e-05
21 9 0.001860946003419589
21 10 -0.0021866076118427
21 11 -0.001423201337198769
21 12 -0.001342636799024019
21 13 -0.0009615259349594432
21 14 0.005810470317238529
21 15 -0.004643093394196851
21 16 0.001999274938649002
21 17 -0.0003844144962908703
21 18 0.002903286813606031
21 19 0.0002020235360552686
21 20 -0.002659726698712489
21 21 0.01582005939923361
21 22 -0.003409468042160791
21 23 0.002466922533326505
21 24 0.001860288027035101
21 25 0.0012924888848998
21 26 0.003017401583557244
21 27 0.001719362673278972
21 28 0.002985797599185247
21 29 0.0003761369293703296
22 0 -0.0002491340052852638
22 1 -0.001084183611240634
22 2 0.0001145954443332185
22 3 0.0007162346124487513
22 4 0.0008370387434855069
22 5 0.001114937510713036
22 6 -0.0005413450956845642
22 7 0.00194958276013173
22 8 -0.003031630146387632
22 9 0.0001817820744753479
22 10 0.0009643832941708117
22 11 -0.003210642252732993
22 12 -0.002478494244053492
22 13 -0.001841726217864117
22 14 0.003579466595154361
22 15 0.00568769040604686
22 16 -9.307548923894784e-05
22 17 1.805470451895001e-05
22 18 -0.0004609747926005309
22 19 -0.0001631838955554678
22 20 -0.001859529127784098
22 21 -0.003409468042160695
22 22 0.01373287143368752
22 23 0.00293771197308644
22 24 -0.0006570223822467372
22 25 -0.0003726386504840582
22 26 0.0003937200223862293
22 27 0.00313259255519681
22 28 -0.002957339992444807
22 29 0.001325461288660838
23 0 -8.577605581751707e-05
23 1 0.0004365497701834945
23 2 -0.0004783295047854887
23 3 -4.714211921505787e-05
23 4 -0.0006437861226157528
23 5 -0.002798486661152428
23 6 0.000144901715025691
23 7 -0.0003272955508271388
23 8 -0.002582576661742134
23 9 0.002698233181346427
23 10 0.001422185446134916
23 11 0.0001916061962844829
23 12 -0.000912722988010036
23 13 0.001896392902163331
23 14 -0.00449915315284812
23 15 0.001476412008105625
23 16 0.001426699078139852
23 17 -0.0005489879861763722
23 18 -0.001974323645517001
23 19 -0.001651449051837985
23 20 0.004926490988186928
23 21 0.002466922533326344
23 22 0.002937711973086513
23 23 0.01550842262960582
23 24 -0.001587587478082645
23 25 -0.000163533511495938
23 26 0.0002042942387256016
23 27 -0.001049433363054495
23 28 -0.00132262219881916
23 29 0.0004999149091793986
24 0 1.903644538559978e-05
24 1 0.0001353144177430468
24 2 0.0006136155567529704
24 3 0.0008538443637197603
24 4 0.0005306247053537972
24 5 -0.0007217325046387729
24 6 0.002913953343659899
24 7 -0.001253882832200807
24 8 -0.001379223398032506
24 9 8.195595179069441e-05
24 10 0.00170876157166598
24 11 0.0005604873076141436
24 12 0.0007417718140225662
24 13 0.0001007914390794018
24 14 -0.0003526824690782422
24 15 0.005312018157129296
24 16 -0.0004270546334979591
24 17 0.0003345226907615049
24 18 -0.003091058530330647
24 19 -0.0004913005794867489
24 20 0.002152352530704637
24 21 0.001860288027035127
24 22 -0.0006570223822467756
24 23 -0.001587587478082608
24 24 0.01352069453580907
24 25 0.0004058840976070584
24 26 -0.001150797517211935
24 27 0.003149762899710935
24 28 0.0009686359865536851
24 29 7.191842176716423e-05
25 0 0.0001095609309582428
25 1 0.0001208624881839744
25 2 0.0001410356792647375
25 3 -0.0006576785767491236
25 4 -0.00155818230923542
25 5 -0.0003844056263204544
25 6 -0.002979614734099106
25 7 -0.0009024632352233467
25 8 -0.003389198921551669
25 9 0.001218736132364608
25 10 -0.001440914863177109
25 11 -8.649064000437259e-05
25 12 -0.001414699436190781
25 13 -0.00027966297876785
25 14 0.005310465738483424
25 15 -0.01014498600944362
25 16 -0.0005977663705056657
25 17 -0.000557265404514004
25 18 0.00188683003754713
25 19 -3.3897114424701e-05
25 20 -0.002865431199001558
25 21 0.001292488884899832
25 22 -0.0003726386504840277
25 23 -0.0001635335114959372
25 24 0.0004058840976070736
25 25 0.0178933209840809
25 26 0.0002621518757927351
25 27 -0.001111602718107134
25 28 -0.0006688216354560433
25 29 -0.000920052403546405
26 0 1.656437338454246e-05
26 1 -0.001296838807697656
26 2 4.656398571708478e-05
26 3 0.002101248079893809
26 4 -0.0003247549216074504
26 5 0.005875686936910297
26 6 -0.0005692737587513295
26 7 -9.910349741942058e-05
26 8 0.004449261050047936
26 9 -0.005539007458943297
26 10 -0.00417959723852596
26 11 -0.001105228739992482
26 12 0.003897541551373502
26 13 -0.001491121391574192
26 14 0.003162451785067525
26 15 -0.005400469647134013
26 16 -0.000433387608698784
26 17 -0.0003244875145934337
26 18 0.0002661363999938836
26 19 -0.003023620917256619
26 20 0.000962493306423637
26 21 0.003017401583557314
26 22 0.00039372002238622
26 23 0.0002042942387255843
26 24 -0.001150797517211975
26 25 0.0002621518757927231
26 26 0.01647282649284369
26 27 0.0001444743838294142
26 28 -0.000879946941227041
26 29 -0.0004856337617228184
27 0 -0.0001646295210440619
27 1 0.0006710862271200119
27 2 0.0001604993026451393
27 3 0.0002945166463983764
27 4 -0.0001288870874881331
27 5 0.0009907192181391735
27 6 -0.001760550234767933
27 7 0.001622055798851935
27 8 -0.001800873725818023
27 9 -0.0017704807159546
27 10 -0.001401745883872622
27 11 -0.001985378358928562
27 12 0.001177589497673306
27 13 -0.001767790376599455
27 14 0.01161962483520429
27 15 -0.009707671240787016
27 16 -0.001217904311208737
27 17 0.0009291744149449125
27 18 0.003323121871561209
27 19 -0.002185047254841496
27 20 -0.002857469471856688
27 21 0.001719362673278939
27 22 0.003132592555196829
27 23 -0.001049433363054517
27 24 0.003149762899710946
27 25 -0.001111602718107118
27 26 0.0001444743838294279
27 27 0.01482003831697214
27 28 -0.000526820902418916
27 29 -0.0009852279015518019
28 0 0.0002209500064185663
28 1 -0.00117078930784701
28 2 -0.0006577187543922659
28 3 0.0002816866579532668
28 4 0.001260175931982098
28 5 -0.002793313018859174
28 6 -0.002064352141606311
28 7 0.002662496371050495
28 8 0.000948700487597036
28 9 0.002485156537061611
28 10 -0.001472426543971985
28 11 0.0008156139753136551
28 12 -2.068012172529117e-05
28 13 -0.001041823200072837
28 14 0.01040046236227131
28 15 -0.01306007906941954
28 16 -0.001595433354194494
28 17 -9.831471066392459e-05
28 18 -0.003309158458944783
28 19 -0.003948742132017558
28 20 -0.002417793614805009
28 21 0.00298579759918517
28 22 -0.002957339992444805
28 23 -0.001322622198819117
28 24 0.0009686359865536376
28 25 -0.0006688216354560641
28 26 -0.000879946941227079
28 27 -0.0005268209024188897
28 28 0.01223645277078821
28 29 -0.0001662020107516805
29 0 -2.555607435749039e-05
29 1 0.000869623191081792
29 2 -0.001927578978094263
29 3 0.0006905366518082682
29 4 0.001832282846364689
29 5 0.0005428181000578585
29 6 0.001487152577964845
29 7 0.003720582404094664
29 8 -0.0003243058610280977
29 9 -0.002197091224558412
29 10 0.002473781763876908
29 11 -0.0004133791875931567
29 12 0.001097655662672203
29 13 0.0003986832223509093
29 14 -0.001473232029066584
29 15 0.001256268814397704
29 16 0.0005107535851307158
29 17 0.001019890245364358
29 18 0.0001775776777865198
29 19 0.0007639537043324405
29 20 0.0003037903703813396
29 21 0.0003761369293703638
29 22 0.001325461288660784
29 23 0.0004999149091793793
29 24 7.191842176713112e-05
29 25 -0.0009200524035462295
29 26 -0.0004856337617228491
29 27 -0.0009852279015516985
29 28 -0.0001662020107516685
29 29 0.01576963210887133
