0 0 1.999964483382179
0 1 -4.126667554798676e-05
0 2 3.349977586802616e-07
0 3 -8.745931441190476e-05
0 4 -1.052740382550904e-05
0 5 6.850726678403796e-07
0 6 1.145506220193102e-05
0 7 -1.370342734501066e-05
0 8 -1.964864446561674e-05
0 9 1.032378675238047e-06
0 10 4.085794754547545e-06
0 11 8.502977895914797e-06
0 12 4.920274529420299e-05
0 13 -7.734415096026973e-05
0 14 8.095075333487207e-05
0 15 -8.996302921507804e-06
0 16 0.0001309156765584876
0 17 5.613545853339138e-05
0 18 0.0001364035454597626
0 19 -1.293357099878057e-05
0 20 -8.170624988200558e-05
0 21 0.0002511589685127211
0 22 -6.597927618309682e-05
0 23 -0.0001302106421821717
1 0 -4.126667554798671e-05
1 1 1.988100001249245
1 2 -5.241614356118172e-05
1 3 -0.0001694434413036875
1 4 -2.015221283309374e-05
1 5 0.0003917179969918074
1 6 -0.0002979874463261868
1 7 1.439122754907515e-05
1 8 0.0007576543953889503
1 9 0.0001317896714058574
1 10 -0.0003545227217534951
1 11 0.001424962328628821
1 12 -0.001936082796925277
1 13 0.0006136473624028098
1 14 0.0009730370360367419
1 15 0.0003094410732162693
1 16 -0.001350183751450567
1 17 0.0006729904588553678
1 18 -0.0006921549405195666
1 19 -0.0008086058529395942
1 20 -0.0003842754756370728
1 21 -0.0003792514888580947
1 22 -0.0003209857330210771
1 23 0.00045133927753411
2 0 3.349977586802755e-07
2 1 -5.241614356118338e-05
2 2 1.98630062259265
2 3 -0.0002046640590341631
2 4 0.0004094353456665236
2 5 0.0003907804123835791
2 6 -0.0001348468042990561
2 7 0.0002186201736519007
2 8 -0.0003168194849861778
2 9 9.046038941546099e-05
2 10 -0.001087746331962347
2 11 0.0006522026167313913
2 12 0.0007462624754991921
2 13 0.0005040381041976939
2 14 0.001340193188895695
2 15 -2.015505743650852e-05
2 16 0.0008001041980544803
2 17 0.0005977454414930822
2 18 -0.0009663075480341203
2 19 -0.001037745867680445
2 20 -0.0002097120175971253
2 21 4.838427841786297e-05
2 22 -0.0004607234880669712
2 23 0.0001260932370638578
3 0 -8.745931441190372e-05
3 1 -0.0001694434413036886
3 2 -0.0002046640590341635
3 3 1.982859904473365
3 4 4.127429292954496e-05
3 5 0.0005701504331002906
3 6 -0.0003545919278194063
3 7 0.0001438222727106807
3 8 0.0002662484140703295
3 9 0.0001900399440444517
3 10 -5.679845072546796e-06
3 11 0.0008747420782349488
3 12 -0.0007107157495248848
3 13 0.0001269077285521163
3 14 -0.001034078297940138
3 15 0.0006149199922865022
3 16 0.0005434687441093505
3 17 -0.0001709685764954314
3 18 0.0004307057063898352
3 19 -0.0004926661313641776
3 20 0.0003270511488302014
3 21 0.0001831366882492466
3 22 0.001583548108062687
3 23 -0.0009924343750828367
4 0 -1.052740382550892e-05
4 1 -2.015221283309007e-05
4 2 0.000409435345666524
4 3 4.127429292955312e-05
4 4 1.980859760995916
4 5 0.0008027230742454963
4 6 0.0004059768984735156
4 7 0.0007323625722238675
4 8 -0.001002357773107579
4 9 0.002235371060345677
4 10 -0.0001416040290611244
4 11 -0.003909113219748043
4 12 0.003431943259064952
4 13 -0.001117396443603204
4 14 -0.001731303520410389
4 15 0.001327488384198395
4 16 -0.0008798775934149163
4 17 0.0001099573642893527
4 18 0.002293814081552248
4 19 0.001619021651524402
4 20 0.0005629204390083391
4 21 -0.000552448291756241
4 22 0.0006082507826566019
4 23 4.067420961911009e-05
5 0 6.850726678407256e-07
5 1 0.0003917179969917969
5 2 0.0003907804123835709
5 3 0.0005701504331002934
5 4 0.0008027230742455034
5 5 1.979062423920468
5 6 0.000890486816264817
5 7 0.0003666196024183991
5 8 -0.0007415176480142002
5 9 0.0003841276723508821
5 10 9.425991620549176e-05
5 11 -0.003519004163477171
5 12 0.002588496517650765
5 13 -0.00023371396561902
5 14 -0.0001645776684147388
5 15 -0.0006462291023736981
5 16 -0.0004162579343289161
5 17 0.0005709353233779818
5 18 0.0008557493013315431
5 19 0.0008643686761939417
5 20 4.245737453806785e-05
5 21 -0.0002397587517044458
5 22 -0.000407066914877749
5 23 -0.000164918796539341
6 0 1.145506220193173e-05
6 1 -0.000297987446326181
6 2 -0.0001348468042990653
6 3 -0.0003545919278194266
6 4 0.000405976898473519
6 5 0.0008904868162648244
6 6 1.976421408173932
6 7 0.0008095523276554976
6 8 0.000163176168993941
6 9 0.0004118535088571259
6 10 -8.782746854522748e-05
6 11 -0.0004054140394240805
6 12 -0.001310378668775784
6 13 0.0002468933659671729
6 14 -0.0004014130543535487
6 15 0.001749803998643568
6 16 7.079014185173213e-05
6 17 -0.001661241085559788
6 18 0.001731508464537017
6 19 0.001607690721428542
6 20 0.001058838062729265
6 21 -8.920067183268622e-05
6 22 0.0004793602818810362
6 23 -0.0003078691112914236
7 0 -1.370342734501098e-05
7 1 1.439122754908146e-05
7 2 0.0002186201736518971
7 3 0.0001438222727106828
7 4 0.0007323625722238822
7 5 0.000366619602418416
7 6 0.0008095523276554671
7 7 1.976781855720339
7 8 -0.000751654603583705
7 9 0.001116933244896405
7 10 0.001108797970837698
7 11 -0.002898745444871199
7 12 0.003977267513998388
7 13 0.001330882485850227
7 14 0.003855644048536657
7 15 0.0002496673530698362
7 16 -0.0001413309473308182
7 17 0.003070751435702295
7 18 -0.001320387213132685
7 19 -0.0005799440454666797
7 20 -0.002844977837174687
7 21 0.0001506754350806613
7 22 0.000102631086898567
7 23 -0.0006514597321105783
8 0 -1.964864446561721e-05
8 1 0.000757654395388962
8 2 -0.0003168194849861841
8 3 0.0002662484140703625
8 4 -0.001002357773107567
8 5 -0.00074151764801419
8 6 0.0001631761689939394
8 7 -0.0007516546035837018
8 8 1.974192784700308
8 9 -0.001116824845352774
8 10 -0.001076285885054237
8 11 0.001589973827775859
8 12 0.001768314710766636
8 13 -0.002168108361734574
8 14 -0.0005584332024634036
8 15 -0.001632638334264372
8 16 -0.00127488472532308
8 17 -0.002532015431647769
8 18 0.002293963919115869
8 19 0.0007823501679016623
8 20 0.002319507558762196
8 21 3.073943703712769e-06
8 22 0.000924625352832932
8 23 -0.001119337586749839
9 0 1.032378675238788e-06
9 1 0.0001317896714058538
9 2 9.046038941545925e-05
9 3 0.0001900399440445129
9 4 0.00223537106034579
9 5 0.0003841276723508759
9 6 0.0004118535088571336
9 7 0.001116933244896348
9 8 -0.001116824845352816
9 9 1.975819510326845
9 10 -0.0005690974055707868
9 11 -0.0046727530423003
9 12 0.002082627745785755
9 13 -0.0005999906089496068
9 14 0.003151883035546641
9 15 0.0006577057147311726
9 16 -0.0006602408031261674
9 17 0.001212846923553
9 18 0.003409671183311675
9 19 0.002012865249458566
9 20 0.0007315972521278376
9 21 0.001246916399815415
9 22 0.001097941714974259
9 23 0.0003989578563453876
10 0 4.085794754546673e-06
10 1 -0.0003545227217534928
10 2 -0.001087746331962368
10 3 -5.679845072568236e-06
10 4 -0.0001416040290611021
10 5 9.425991620549477e-05
10 6 -8.782746854524278e-05
10 7 0.001108797970837643
10 8 -0.001076285885054233
10 9 -0.0005690974055707879
10 10 1.969553180774844
10 11 0.003027168304086721
10 12 0.003107280796102087
10 13 0.0008606837242323328
10 14 1.536875094255031e-05
10 15 -0.0006561051270282405
10 16 -0.00154826416521157
10 17 0.001006053519982112
10 18 -0.0001921242244394898
10 19 0.001794945672863519
10 20 0.002341324021481241
10 21 0.0005032140206465253
10 22 0.0005849913638101866
10 23 0.0002450001895742792
11 0 8.502977895914978e-06
11 1 0.001424962328628837
11 2 0.0006522026167313591
11 3 0.000874742078234922
11 4 -0.003909113219748031
11 5 -0.003519004163477238
11 6 -0.0004054140394240559
11 7 -0.002898745444871277
11 8 0.001589973827775765
11 9 -0.004672753042300335
11 10 0.00302716830408672
11 11 1.978484904665426
11 12 -0.004807300527812367
11 13 0.00111368338669567
11 14 -0.004298156965568123
11 15 -0.002362223396922977
11 16 0.002083847694258685
11 17 -0.002731493980311666
11 18 -0.006549100975808665
11 19 -0.002646515249289716
11 20 -0.003768223308599363
11 21 -0.0002994452020294465
11 22 -0.002155275509761731
11 23 0.0005642127151299112
12 0 4.920274529420141e-05
12 1 -0.001936082796925272
12 2 0.0007462624754991617
12 3 -0.0007107157495248861
12 4 0.003431943259064918
12 5 0.002588496517650785
12 6 -0.001310378668775749
12 7 0.003977267513998328
12 8 0.001768314710766653
12 9 0.002082627745785688
12 10 0.003107280796102166
12 11 -0.004807300527812213
12 12 0.01633403971974367
12 13 0.004554318286455263
12 14 -0.004559829389490436
12 15 0.004705257236633311
12 16 0.00548326432529316
12 17 -0.003605545556449708
12 18 -0.0005871424847819262
12 19 -0.001665588860359623
12 20 -0.0005855975213185085
12 21 0.002083474811572904
12 22 0.0009025448328574589
12 23 -0.00105006233131033
13 0 -7.734415096027332e-05
13 1 0.0006136473624028196
13 2 0.0005040381041977284
13 3 0.0001269077285521183
13 4 -0.00111739644360321
13 5 -0.0002337139656190201
13 6 0.0002468933659671736
13 7 0.001330882485850171
13 8 -0.002168108361734654
13 9 -0.000599990608949576
13 10 0.000860683724232332
13 11 0.001113683386695662
13 12 0.004554318286455191
13 13 0.02044753225790302
13 14 0.002398883363409794
13 15 -0.005940199516795091
13 16 -0.001790507376990835
13 17 -0.003865256666078691
13 18 -0.004645174845551179
13 19 -0.002431265179148305
13 20 -0.002850308862373137
13 21 -0.001272465392887352
13 22 -0.002386283019233054
13 23 0.0002079989125616213
14 0 8.095075333486976e-05
14 1 0.0009730370360367654
14 2 0.001340193188895694
14 3 -0.001034078297940106
14 4 -0.001731303520410413
14 5 -0.0001645776684147363
14 6 -0.0004014130543535383
14 7 0.003855644048536508
14 8 -0.0005584332024634068
14 9 0.003151883035546746
14 10 1.536875094254783e-05
14 11 -0.004298156965568174
14 12 -0.004559829389490396
14 13 0.002398883363409814
14 14 0.02115202958053457
14 15 0.003489360428662516
14 16 0.002141650266304584
14 17 -0.0002518076638732956
14 18 0.001767607897058054
14 19 -0.0001208340011005884
14 20 0.0004312443917146101
14 21 0.001617604855842733
14 22 0.001743091291575373
14 23 -0.001347036360181442
15 0 -8.996302921507648e-06
15 1 0.0003094410732162735
15 2 -2.015505743650907e-05
15 3 0.0006149199922865173
15 4 0.00132748838419843
15 5 -0.000646229102373699
15 6 0.001749803998643547
15 7 0.0002496673530698386
15 8 -0.001632638334264367
15 9 0.0006577057147311886
15 10 -0.0006561051270282344
15 11 -0.002362223396922972
15 12 0.004705257236633276
15 13 -0.005940199516795157
15 14 0.003489360428662536
15 15 0.02002539139893904
15 16 -0.001235248145878056
15 17 -0.0009273686812211296
15 18 -0.001817026294009565
15 19 -0.000947587150463244
15 20 -0.001808622229372171
15 21 -0.0004063434418097375
15 22 -3.871597190148479e-06
15 23 0.00110875065081148
16 0 0.0001309156765584856
16 1 -0.001350183751450553
16 2 0.0008001041980544741
16 3 0.0005434687441093502
16 4 -0.0008798775934148938
16 5 -0.0004162579343289148
16 6 7.07901418517356e-05
16 7 -0.0001413309473308166
16 8 -0.001274884725323096
16 9 -0.0006602408031261572
16 10 -0.001548264165211584
16 11 0.002083847694258648
16 12 0.005483264325293165
16 13 -0.001790507376990827
16 14 0.002141650266304591
16 15 -0.001235248145878062
16 16 0.01892782813219761
16 17 0.001384744364073628
16 18 0.0001840814412278165
16 19 -0.0005225261138278295
16 20 -0.0006214643934419454
16 21 8.838785113894869e-05
16 22 0.000244640827517512
16 23 -7.094839913886065e-05
17 0 5.613545853339129e-05
17 1 0.0006729904588554068
17 2 0.0005977454414930838
17 3 -0.0001709685764954296
17 4 0.0001099573642893525
17 5 0.0005709353233779857
17 6 -0.001661241085559766
17 7 0.003070751435702413
17 8 -0.002532015431647717
17 9 0.001212846923552996
17 10 0.001006053519982121
17 11 -0.002731493980311707
17 12 -0.003605545556449813
17 13 -0.00386525666607856
17 14 -0.0002518076638732757
17 15 -0.0009273686812211285
17 16 0.00138474436407359
17 17 0.02033984886306681
17 18 -0.0002930116681626234
17 19 -0.001417202587463636
17 20 -0.0001267674018872782
17 21 -5.382881177268962e-05
17 22 -3.195499711896486e-05
17 23 -0.0001668286491601451
18 0 0.0001364035454597631
18 1 -0.0006921549405195626
18 2 -0.0009663075480340802
18 3 0.0004307057063898087
18 4 0.002293814081552216
18 5 0.0008557493013315427
18 6 0.001731508464537054
18 7 -0.001320387213132621
18 8 0.002293963919115849
18 9 0.003409671183311615
18 10 -0.0001921242244394833
18 11 -0.00654910097580841
18 12 -0.0005871424847819289
18 13 -0.004645174845551133
18 14 0.001767607897058095
18 15 -0.001817026294009564
18 16 0.0001840814412278195
18 17 -0.00029301166816262
18 18 0.01966714782244769
18 19 -0.001322918007254457
18 20 -0.001742198646402411
18 21 -0.0006774731764763462
18 22 -0.0007028419054304593
18 23 -0.0006395220734654195
19 0 -1.293357099878055e-05
19 1 -0.0008086058529395678
19 2 -0.00103774586768044
19 3 -0.0004926661313641764
19 4 0.001619021651524434
19 5 0.0008643686761939546
19 6 0.001607690721428558
19 7 -0.0005799440454666821
19 8 0.0007823501679016498
19 9 0.00201286524945859
19 10 0.001794945672863477
19 11 -0.002646515249289655
19 12 -0.001665588860359574
19 13 -0.002431265179148321
19 14 -0.0001208340011005954
19 15 -0.0009475871504632384
19 16 -0.0005225261138278366
19 17 -0.001417202587463626
19 18 -0.00132291800725445
19 19 0.0178895244587739
19 20 -0.0003884374021272887
19 21 -0.000133755161962665
19 22 -0.001166519383606644
19 23 0.0004588696229429742
20 0 -8.170624988200771e-05
20 1 -0.0003842754756370761
20 2 -0.0002097120175970996
20 3 0.0003270511488302056
20 4 0.0005629204390083177
20 5 4.245737453806742e-05
20 6 0.001058838062729271
20 7 -0.002844977837174544
20 8 0.002319507558762255
20 9 0.0007315972521278499
20 10 0.002341324021481316
20 11 -0.003768223308599394
20 12 -0.0005855975213184678
20 13 -0.002850308862373166
20 14 0.0004312443917146214
20 15 -0.001808622229372159
20 16 -0.0006214643934419254
20 17 -0.0001267674018872811
20 18 -0.00174219864640241
20 19 -0.000388437402127294
20 20 0.01837624375053489
20 21 -0.000359740786898344
20 22 -0.000548804197054903
20 23 0.0003352238662902594
21 0 0.0002511589685127238
21 1 -0.0003792514888580924
21 2 4.838427841786262e-05
21 3 0.0001831366882492441
21 4 -0.0005524482917562425
21 5 -0.0002397587517044442
21 6 -8.920067183268963e-05
21 7 0.0001506754350806626
21 8 3.073943703715551e-06
21 9 0.001246916399815368
21 10 0.0005032140206465202
21 11 -0.0002994452020294551
21 12 0.002083474811572836
21 13 -0.001272465392887292
21 14 0.001617604855842738
21 15 -0.0004063434418097482
21 16 8.838785113893741e-05
21 17 -5.382881177268272e-05
21 18 -0.000677473176476325
21 19 -0.0001337551619626684
21 20 -0.0003597407868983324
21 21 0.02046211366722303
21 22 0.000399484386905034
21 23 0.0001871221130661636
22 0 -6.597927618309531e-05
22 1 -0.0003209857330210819
22 2 -0.0004607234880669794
22 3 0.001583548108062696
22 4 0.0006082507826565937
22 5 -0.0004070669148777434
22 6 0.0004793602818810164
22 7 0.0001026310868985681
22 8 0.0009246253528329394
22 9 0.001097941714974265
22 10 0.0005849913638101964
22 11 -0.002155275509761776
22 12 0.0009025448328574346
22 13 -0.002386283019233082
22 14 0.001743091291575344
22 15 -3.871597190205941e-06
22 16 0.0002446408275174997
22 17 -3.195499711898172e-05
22 18 -0.0007028419054304212
22 19 -0.001166519383606632
22 20 -0.000548804197054903
22 21 0.0003994843869050322
22 22 0.01915711512153963
22 23 7.112579594851953e-05
23 0 -0.0001302106421821755
23 1 0.0004513392775341338
23 2 0.0001260932370638583
23 3 -0.0009924343750828822
23 4 4.067420961910861e-05
23 5 -0.000164918796539341
23 6 -0.0003078691112914231
23 7 -0.0006514597321105962
23 8 -0.001119337586749819
23 9 0.0003989578563453827
23 10 0.0002450001895742817
23 11 0.0005642127151298996
23 12 -0.001050062331310335
23 13 0.0002079989125615949
23 14 -0.001347036360181445
23 15 0.001108750650811495
23 16 -7.094839913889185e-05
23 17 -0.0001668286491601353
23 18 -0.0006395220734654627
23 19 0.0004588696229429884
23 20 0.0003352238662902929
23 21 0.0001871221130661477
23 22 7.112579594853764e-05
23 23 0.01882034420842951
