0 0 1.999964424583616
0 1 -1.175421350937915e-05
0 2 -4.306658587543975e-05
0 3 -7.669497083388233e-05
0 4 -1.662255749154618e-06
0 5 2.550462416658233e-05
0 6 9.066240067015486e-06
0 7 -7.489240245165268e-06
0 8 -5.646360104410897e-06
0 9 -2.117570787253898e-05
0 10 7.815780872476769e-06
0 11 -1.833833367854169e-05
0 12 -1.740461287546763e-05
0 13 -1.459318624805046e-05
0 14 -6.773301663879371e-05
0 15 -0.0001003619941206105
0 16 -3.678545155025271e-05
0 17 -7.469254504666382e-05
0 18 -7.595197085541784e-06
0 19 0.0002568962808818494
0 20 0.0002501395148275941
0 21 -1.77476696408157e-05
0 22 8.225735079091687e-05
0 23 3.200363814702217e-05
1 0 -1.175421350937916e-05
1 1 1.991806680598015
1 2 -0.0004240996901724231
1 3 -0.0007622484297280902
1 4 0.002539676818840546
1 5 -0.001388869570935858
1 6 -0.0003887562748213035
1 7 -0.0008824434354805081
1 8 -8.787919835154935e-05
1 9 0.0007884878956086016
1 10 0.0001297119735999651
1 11 0.0002868371256858794
1 12 -0.000264815949831838
1 13 0.002618882101797205
1 14 -0.0003640326699640356
1 15 -0.0003890333277022059
1 16 -0.001424859104414744
1 17 0.00106192194363439
1 18 0.0002905550244229179
1 19 0.0008375011858638136
1 20 -0.0001251993857504994
1 21 -0.0008573312201556858
1 22 -0.0002754351517490764
1 23 -0.002187981293166077
2 0 -4.306658587543959e-05
2 1 -0.0004240996901724212
2 2 1.988766747843282
2 3 -0.001404505672833136
2 4 -0.0002286828453820309
2 5 -0.0003317689699992428
2 6 0.001762995501727493
2 7 0.002662386833596864
2 8 -0.0005089479193859535
2 9 -0.0007347198673050456
2 10 0.0005046040250641921
2 11 -0.002406365329992655
2 12 -0.0002519999439173975
2 13 -0.0006680472450172396
2 14 0.00109361004088074
2 15 -0.000531526196643057
2 16 -0.0005915726351853039
2 17 0.0003840719872867143
2 18 -0.002329883254041632
2 19 -0.000781405906540276
2 20 -0.002025142402190953
2 21 0.001945940015154672
2 22 5.730124247383884e-05
2 23 0.0007968853821329369
3 0 -7.669497083388261e-05
3 1 -0.0007622484297280847
3 2 -0.001404505672833133
3 3 1.986150513580539
3 4 -0.0007774710777782167
3 5 0.001053635909590289
3 6 -0.0009207045405864919
3 7 -0.0009814740798577571
3 8 -0.0005274652757391399
3 9 -0.0001790964716336727
3 10 3.813708732121015e-05
3 11 -0.002072368704041849
3 12 -0.001714534748221992
3 13 -0.0009824081432417476
3 14 0.001672172758670456
3 15 -0.0009551924973433673
3 16 -0.0004068544136948544
3 17 -0.001928210607886228
3 18 0.001576045904938702
3 19 -0.002772221740429745
3 20 -0.0009960910938327941
3 21 -0.000322227875604233
3 22 -0.0001897997760531634
3 23 0.002225147548713361
4 0 -1.662255749154634e-06
4 1 0.002539676818840583
4 2 -0.0002286828453820296
4 3 -0.0007774710777782432
4 4 1.984890366979402
4 5 -0.0006250238082351454
4 6 0.0006679425019817436
4 7 -0.001772716162761957
4 8 -0.000676967971661723
4 9 -0.0003829289668813614
4 10 0.000455142447978294
4 11 0.0001132339562654948
4 12 -0.0005368835594517209
4 13 -0.003168389492592392
4 14 0.002266170863151122
4 15 0.002840612534385918
4 16 0.0006958267527571094
4 17 0.0007060630375552618
4 18 0.001538615364999909
4 19 -0.0007422804922008454
4 20 0.001180929550520249
4 21 -0.001782391272152029
4 22 0.004992012290319214
4 23 0.001162749371121954
5 0 2.550462416658148e-05
5 1 -0.001388869570935841
5 2 -0.0003317689699992445
5 3 0.001053635909590274
5 4 -0.0006250238082351372
5 5 1.979344053466158
5 6 0.0005853225094862434
5 7 -0.001508828015511555
5 8 -0.002852815357746202
5 9 0.0005146738691282787
5 10 0.005201315577257851
5 11 -0.00131374159924935
5 12 -0.005435646367671607
5 13 -0.002624612348099476
5 14 -0.001162291579207059
5 15 0.001134288605328948
5 16 0.000243538890939334
5 17 -0.002119998772368807
5 18 -0.001180671493460514
5 19 -0.00229595351697729
5 20 4.522486689521361e-06
5 21 0.005270980489130474
5 22 -0.002082043216662599
5 23 0.002643305288194383
6 0 9.066240067014922e-06
6 1 -0.0003887562748213012
6 2 0.001762995501727514
6 3 -0.0009207045405865185
6 4 0.0006679425019817355
6 5 0.0005853225094862572
6 6 1.980153381144995
6 7 0.001039129442981288
6 8 0.00322443729534368
6 9 0.0002161823593499065
6 10 -0.004096258930652623
6 11 0.00315647662554092
6 12 -0.005836531954181602
6 13 0.0008340883341695923
6 14 -0.003228825504361439
6 15 -0.001952814628829088
6 16 0.002043486725051277
6 17 -0.001748253525152806
6 18 -0.001534643427241326
6 19 -0.002529705089090214
6 20 1.486059863427165e-06
6 21 -3.768591385395287e-05
6 22 -0.001245064471659134
6 23 0.004056187951569569
7 0 -7.489240245165676e-06
7 1 -0.0008824434354805349
7 2 0.002662386833596811
7 3 -0.0009814740798577066
7 4 -0.001772716162761919
7 5 -0.001508828015511553
7 6 0.001039129442981325
7 7 1.97962903083989
7 8 0.003051959392489655
7 9 0.0003923933348210499
7 10 -0.002063792967168963
7 11 0.009302058574503613
7 12 -0.0009302571767877516
7 13 -0.001233516343226567
7 14 -0.008525272932562252
7 15 -0.001128271683561714
7 16 -0.001588516293550575
7 17 -0.001472682937965141
7 18 -0.0002936581572241292
7 19 0.0005350097342156942
7 20 0.001049570970077888
7 21 0.0003764061260857323
7 22 0.0008209038095667031
7 23 -0.001339334273459979
8 0 -5.646360104410829e-06
8 1 -8.787919835154957e-05
8 2 -0.0005089479193858519
8 3 -0.0005274652757391646
8 4 -0.0006769679716616888
8 5 -0.002852815357746197
8 6 0.003224437295343619
8 7 0.003051959392489665
8 8 1.971752404070575
8 9 -0.0002321552470784115
8 10 0.01006298651539444
8 11 0.004011277767237564
8 12 -0.0001915076849203411
8 13 -0.004531801351773718
8 14 0.003675053067189683
8 15 -0.002507895410549915
8 16 0.002602012895286225
8 17 0.001945388950609837
8 18 0.001824398526184279
8 19 0.000370985472931909
8 20 0.0009272119182144232
8 21 -0.0002000489170499071
8 22 9.438530453142721e-05
8 23 -0.00158992706850923
9 0 -2.117570787254011e-05
9 1 0.0007884878956086012
9 2 -0.0007347198673050743
9 3 -0.0001790964716336617
9 4 -0.0003829289668813431
9 5 0.0005146738691282589
9 6 0.0002161823593499279
9 7 0.0003923933348211142
9 8 -0.0002321552470785113
9 9 1.980012085165152
9 10 0.0003537664131401632
9 11 0.001412571969808369
9 12 0.003109059899206436
9 13 -0.001250083419481593
9 14 -0.001429911732842903
9 15 0.0002044170221727072
9 16 -0.004050660147225757
9 17 0.003317752039000217
9 18 0.0006777514290811606
9 19 0.001565261930986758
9 20 0.0009499847089724018
9 21 -0.002193076612844651
9 22 0.003340544708749871
9 23 -0.001510612096923581
10 0 7.815780872476884e-06
10 1 0.0001297119735999875
10 2 0.000504604025064171
10 3 3.813708732120055e-05
10 4 0.0004551424479782884
10 5 0.005201315577257786
10 6 -0.004096258930652885
10 7 -0.002063792967168947
10 8 0.01006298651539472
10 9 0.0003537664131401588
10 10 1.951824445433732
10 11 -0.009948085349709593
10 12 0.002347929633540796
10 13 0.01146251207148086
10 14 -0.0003927061373190397
10 15 -0.0006159671713934804
10 16 0.000202801679826734
10 17 -0.0005681456159850485
10 18 -0.0001837238956809456
10 19 -0.0009107325386416454
10 20 -0.0004921364876383414
10 21 0.0004917937029956583
10 22 -0.0002323691290404679
10 23 0.001930033460483827
11 0 -1.833833367854108e-05
11 1 0.0002868371256858832
11 2 -0.002406365329992595
11 3 -0.002072368704041906
11 4 0.000113233956265498
11 5 -0.001313741599249274
11 6 0.003156476625540832
11 7 0.009302058574503823
11 8 0.004011277767237611
11 9 0.001412571969808429
11 10 -0.009948085349709843
11 11 1.977419011861424
11 12 0.001299151681257592
11 13 0.0006107212790472613
11 14 0.00130033418148354
11 15 -0.0005681808723801524
11 16 -0.00393804183283449
11 17 0.0007583938467173219
11 18 0.001796319238761843
11 19 0.0004655613029891774
11 20 0.002197917211095006
11 21 -0.002380576517891904
11 22 0.003659234943722858
11 23 0.001426674962672175
12 0 -1.740461287546815e-05
12 1 -0.0002648159498318471
12 2 -0.0002519999439173816
12 3 -0.001714534748221995
12 4 -0.0005368835594517559
12 5 -0.005435646367671658
12 6 -0.005836531954181439
12 7 -0.0009302571767876743
12 8 -0.0001915076849203737
12 9 0.003109059899206442
12 10 0.002347929633540758
12 11 0.001299151681257578
12 12 1.986055204446032
12 13 -0.005781371323270379
12 14 -0.003666008576158176
12 15 0.001820766123963965
12 16 -0.01026982547330511
12 17 0.01636691932359656
12 18 0.007569802875661498
12 19 0.006935746102051514
12 20 0.005811237625537917
12 21 -0.01372166498493814
12 22 0.02129287269111764
12 23 -0.001363673080682525
13 0 -1.459318624805057e-05
13 1 0.002618882101797211
13 2 -0.0006680472450172499
13 3 -0.000982408143241748
13 4 -0.003168389492592387
13 5 -0.002624612348099434
13 6 0.0008340883341695709
13 7 -0.00123351634322659
13 8 -0.004531801351773638
13 9 -0.001250083419481591
13 10 0.01146251207148074
13 11 0.0006107212790472826
13 12 -0.005781371323270199
13 13 0.05754124268336355
13 14 -0.007076981247465013
13 15 0.0007470291820492827
13 16 -0.001015583258404297
13 17 -0.0005122076994339534
13 18 -0.001617730766286095
13 19 -0.001250912810322604
13 20 -0.0008987978687673001
13 21 -0.001695053205485162
13 22 -0.0001726226129772264
13 23 0.0002771211201658855
14 0 -6.773301663879163e-05
14 1 -0.0003640326699640258
14 2 0.001093610040880727
14 3 0.001672172758670455
14 4 0.002266170863151109
14 5 -0.001162291579207061
14 6 -0.00322882550436147
14 7 -0.008525272932562472
14 8 0.003675053067189672
14 9 -0.001429911732842847
14 10 -0.00039270613731905
14 11 0.001300334181483537
14 12 -0.003666008576158194
14 13 -0.007076981247464731
14 14 0.01234923329861371
14 15 0.003689503299420001
14 16 0.003921567969510526
14 17 0.005231295239092732
14 18 -0.001060340978942107
14 19 -0.0001760742925200632
14 20 -0.001665997904057542
14 21 0.001693393606881782
14 22 -0.000597591288681045
14 23 0.001118005771397904
15 0 -0.0001003619941206112
15 1 -0.0003890333277022065
15 2 -0.0005315261966430667
15 3 -0.0009551924973433492
15 4 0.002840612534385948
15 5 0.001134288605328995
15 6 -0.001952814628829125
15 7 -0.001128271683561717
15 8 -0.00250789541054986
15 9 0.0002044170221727064
15 10 -0.0006159671713934808
15 11 -0.0005681808723801451
15 12 0.001820766123963933
15 13 0.0007470291820492844
15 14 0.003689503299419947
15 15 0.02452606301414758
15 16 0.0005177705125766523
15 17 0.002485910469943146
15 18 -0.001610400259506674
15 19 0.001249036130208165
15 20 -0.001280298944578822
15 21 0.001918558660511619
15 22 -0.002415999218785685
15 23 0.0002417059670313455
16 0 -3.678545155025387e-05
16 1 -0.00142485910441471
16 2 -0.0005915726351853083
16 3 -0.0004068544136948513
16 4 0.0006958267527571113
16 5 0.0002435388909393414
16 6 0.002043486725051314
16 7 -0.001588516293550583
16 8 0.002602012895286225
16 9 -0.004050660147225806
16 10 0.0002028016798267295
16 11 -0.003938041832834457
16 12 -0.01026982547330512
16 13 -0.001015583258404291
16 14 0.003921567969510528
16 15 0.0005177705125766754
16 16 0.02258684519942288
16 17 -0.0002473932346288673
16 18 -0.000728737026357633
16 19 -0.0006073248174167526
16 20 0.0003861364230154389
16 21 0.001981609461136498
16 22 -0.003112594159333701
16 23 0.000344376285974351
17 0 -7.469254504666341e-05
17 1 0.00106192194363439
17 2 0.0003840719872867108
17 3 -0.001928210607886261
17 4 0.0007060630375552766
17 5 -0.002119998772368726
17 6 -0.001748253525152775
17 7 -0.00147268293796514
17 8 0.001945388950609799
17 9 0.003317752039000183
17 10 -0.0005681456159850307
17 11 0.0007583938467173367
17 12 0.01636691932359696
17 13 -0.000512207699434053
17 14 0.005231295239092628
17 15 0.002485910469943187
17 16 -0.0002473932346290386
17 17 0.02462271582510342
17 18 0.002423293682683863
17 19 0.0008364159512008908
17 20 0.0001317171139583872
17 21 -0.0009690499740150679
17 22 0.001202351841822254
17 23 -0.0006402443355670171
18 0 -7.595197085541701e-06
18 1 0.0002905550244229196
18 2 -0.002329883254041636
18 3 0.001576045904938741
18 4 0.001538615364999923
18 5 -0.001180671493460497
18 6 -0.001534643427241281
18 7 -0.0002936581572241341
18 8 0.001824398526184314
18 9 0.0006777514290811372
18 10 -0.0001837238956809491
18 11 0.001796319238761834
18 12 0.00756980287566144
18 13 -0.001617730766286085
18 14 -0.001060340978942111
18 15 -0.001610400259506584
18 16 -0.0007287370263576407
18 17 0.002423293682683879
18 18 0.01550596069836635
18 19 0.0008951989459820868
18 20 -0.001518731521389884
18 21 0.002201069393502285
18 22 0.002784223787142319
18 23 0.000357855942523252
19 0 0.0002568962808818496
19 1 0.0008375011858638097
19 2 -0.0007814059065402918
19 3 -0.002772221740429758
19 4 -0.0007422804922008313
19 5 -0.002295953516977302
19 6 -0.002529705089090224
19 7 0.0005350097342156775
19 8 0.0003709854729318988
19 9 0.001565261930986717
19 10 -0.0009107325386416524
19 11 0.000465561302989167
19 12 0.006935746102051615
19 13 -0.001250912810322744
19 14 -0.0001760742925200637
19 15 0.001249036130208146
19 16 -0.0006073248174167364
19 17 0.0008364159512008714
19 18 0.000895198945982117
19 19 0.01889336495632269
19 20 0.001250634922516539
19 21 -0.002016531626592105
19 22 0.003095696986988104
19 23 -0.000514990139428901
20 0 0.0002501395148275963
20 1 -0.0001251993857504999
20 2 -0.002025142402190955
20 3 -0.0009960910938327898
20 4 0.001180929550520226
20 5 4.522486689516455e-06
20 6 1.486059863420894e-06
20 7 0.001049570970077904
20 8 0.0009272119182144092
20 9 0.000949984708972401
20 10 -0.0004921364876383381
20 11 0.002197917211095047
20 12 0.005811237625537938
20 13 -0.000898797868767333
20 14 -0.001665997904057566
20 15 -0.001280298944578834
20 16 0.0003861364230154302
20 17 0.0001317171139583969
20 18 -0.001518731521389831
20 19 0.001250634922516486
20 20 0.01832638174319333
20 21 0.0006166844406881927
20 22 -0.0002102759048777273
20 23 -0.0001888945181417308
21 0 -1.774766964081578e-05
21 1 -0.0008573312201556886
21 2 0.001945940015154649
21 3 -0.0003222278756042277
21 4 -0.001782391272151991
21 5 0.005270980489130649
21 6 -3.768591385395574e-05
21 7 0.0003764061260857251
21 8 -0.0002000489170499212
21 9 -0.002193076612844668
21 10 0.0004917937029956642
21 11 -0.002380576517891949
21 12 -0.01372166498493739
21 13 -0.001695053205485283
21 14 0.001693393606881775
21 15 0.001918558660511559
21 16 0.001981609461136468
21 17 -0.0009690499740150295
21 18 0.002201069393502327
21 19 -0.002016531626592105
21 20 0.0006166844406881815
21 21 0.01936085836463692
21 22 0.0002269225678220226
21 23 0.0004682921401307853
22 0 8.225735079091777e-05
22 1 -0.0002754351517490792
22 2 5.730124247383973e-05
22 3 -0.0001897997760531621
22 4 0.004992012290319063
22 5 -0.002082043216662648
22 6 -0.001245064471659142
22 7 0.0008209038095667116
22 8 9.438530453143257e-05
22 9 0.003340544708749867
22 10 -0.0002323691290404658
22 11 0.003659234943722716
22 12 0.02129287269111819
22 13 -0.0001726226129772083
22 14 -0.0005975912886810608
22 15 -0.002415999218785572
22 16 -0.003112594159333676
22 17 0.001202351841822244
22 18 0.002784223787142346
22 19 0.003095696986988087
22 20 -0.0002102759048777103
22 21 0.0002269225678220131
22 22 0.01248665126065227
22 23 -0.00130234451832216
23 0 3.200363814702403e-05
23 1 -0.002187981293166069
23 2 0.0007968853821329462
23 3 0.002225147548713313
23 4 0.001162749371122048
23 5 0.002643305288194338
23 6 0.004056187951569557
23 7 -0.00133933427346
23 8 -0.001589927068509279
23 9 -0.001510612096923575
23 10 0.0019300334604838
23 11 0.001426674962672152
23 12 -0.001363673080682517
23 13 0.0002771211201658827
23 14 0.001118005771397875
23 15 0.0002417059670314147
23 16 0.0003443762859743517
23 17 -0.0006402443355670525
23 18 0.0003578559425232448
23 19 -0.0005149901394289522
23 20 -0.0001888945181417304
23 21 0.0004682921401307566
23 22 -0.001302344518322202
23 23 0.01603233282119378
