00000000111111111
00000001011111111
00000001101111111
00000001110111111
00000001111011111
00000001111101111
00000001111110111
00000001111111011
00000001111111101
00000001111111110
00000010011111111
00000010101111111
00000010110111111
00000010111011111
00000010111101111
00000010111110111
00000010111111011
00000010111111101
00000010111111110
00000011001111111
00000011010111111
00000011011110111
00000011011111011
00000011011111101
00000011101011111
00000011111001111
00000011111011011
00000011111011101
00000100011111111
00000100101111111
00000100110111111
00000100111011111
00000100111101111
00000100111110111
00000100111111011
00000100111111101
00000100111111110
00000101001111111
00000101010111111
00000101011110111
00000101011111011
00000101011111101
00000101101011111
00000101111001111
00000101111010111
00000101111011011
00000101111011101
00000110100111111
00000110101101111
00000110101110111
00000110101111011
00000110110101111
00000110110110111
00000110110111011
00000110111100111
00000110111101011
00000110111101101
00000110111110011
00000110111111001
00001000011111111
00001000101111111
00001000110111111
00001000111011111
00001000111101111
00001000111110111
00001000111111011
00001000111111101
00001000111111110
00001001010111111
00001001011101111
00001001011110111
00001001011111011
00001001111011011
00001010100111111
00001010101110111
00001010101111011
00001010101111101
00001010101111110
00001010110101111
00001010110110111
00001010110111011
00001010111100111
00001010111101011
00001010111101101
00001010111101110
00001010111111010
00001100011011111
00001100101110111
00001100101111011
00001100110101111
00001100110110111
00001100111100111
00001100111101011
00001100111110011
00010000011111111
00010000101111111
00010000110111111
00010000111011111
00010000111101111
00010000111110111
00010000111111011
00010000111111101
00010001011011111
00010001100111111
00010001101110111
00010001110101111
00010001110111101
00010001111100111
00010001111110101
00010001111111001
00010010011111101
00010010101011111
00010010110011111
00010010111010111
00010010111011101
00010100001111111
00010100010111111
00010100011101111
00010100011111101
00010100101011111
00010100110011111
00010100111001111
00010100111010111
00010100111011011
00010100111011101
00011000011111011
00011000111011101
00100000011111111
00100000101111111
00100000110111111
00100000111011111
00100000111101111
00100000111110111
00100000111111011
00100000111111101
00100000111111110
00100001001111111
00100001010111111
00100001011101111
00100001011110111
00100001011111011
00100001011111101
00100001110011111
00100001111010111
00100001111011011
00100001111011101
00100010011011111
00100010100111111
00100010101101111
00100010101110111
00100010101111011
00100010101111101
00100010110101111
00100010110110111
00100010110111101
00100010111100111
00100010111101011
00100010111101101
00100010111101110
00100100011011111
00100100100111111
00100100101101111
00100100101111101
00100100110101111
00100100110110111
00100100110111011
00100100110111101
00100100111100111
00100100111101101
00100100111110011
00100100111110101
00100100111111001
00101000100111111
00101000101101111
00101000101110111
00101000101111011
00101000110101111
00101000110110111
00101000110111011
00101000110111101
00101000110111110
00101000111100111
00101000111101011
00101000111110011
00101000111110110
00110000010111111
00110000011110111
00110000011111011
00110000011111101
00110000101011111
00110000110011111
00110000111001111
00110000111010111
00110000111011011
00110000111011101
01000000011111111
01000000101111111
01000000110111111
01000000111011111
01000000111101111
01000000111110111
01000000111111011
01000000111111101
01000000111111110
01000001010111111
01000001011101111
01000001011110111
01000001011111011
01000001111001111
01000010100111111
01000010101101111
01000010101110111
01000010101111011
01000010110101111
01000010110110111
01000010110111110
01000010111100111
01000010111110011
01000010111110101
01000010111111001
01000010111111010
01000100100111111
01000100101101111
01000100101110111
01000100101111011
01000100110101111
01000100111100111
01000100111101011
01000100111110011
01000100111111010
01001000100111111
01001000101101111
01001000101110111
01001000101111011
01001000101111101
01001000101111110
01001000110101111
01001000110110111
01001000111100111
01001000111101011
01001000111101110
01001000111110011
01010000001111111
01010000011101111
01010000011110111
01010000011111011
01010000101011111
01010000110011111
01010000111001111
01010000111010111
01100000100111111
01100000101101111
01100000101110111
01100000101111011
01100000101111101
01100000110101111
01100000110110111
01100000111100111
01100000111101011
01100000111101101
01100000111110011
01100000111111010
10000000011111111
10000000101111111
10000000110111111
10000000111011111
10000000111101111
10000000111110111
10000000111111011
10000000111111101
10000000111111110
10000001010111111
10000001011101111
10000001011110111
10000001011111011
10000001011111101
10000001011111110
10000001110011111
10000001111001111
10000001111011011
10000010011011111
10000010100111111
10000010101101111
10000010101111011
10000010101111101
10000010110110111
10000010110111011
10000010111100111
10000010111101110
10000100100111111
10000100101101111
10000100101111011
10000100101111101
10000100110101111
10000100110110111
10000100110111011
10000100110111101
10000100111100111
10000100111101101
10000100111110011
10000100111110101
10000100111111001
10001000011011111
10001000100111111
10001000101101111
10001000101111011
10001000110110111
10001000110111011
10001000110111110
10001000111101011
10001000111110110
10001000111111010
10010000010111111
10010000011111011
10010000011111101
10010000111001111
10010000111010111
10010000111011101
10100000011011111
10100000100111111
10100000101101111
10100000101111011
10100000101111101
10100000110110111
10100000110111011
10100000110111101
10100000111101011
10100000111101101
10100000111110011
10100000111110101
10100000111110110
10100000111111010
11000000100111111
11000000101110111
11000000101111101
11000000110101111
11000000110111011
11000000110111101
11000000111100111
11000000111101011
11000000111101101
