 &FCI NORB=   8,NELEC= 8,MS2=0,
  ORBSYM=1,1,1,1,1,1,1,1
  ISYM=1,
 &END
 0.5089365437464139    1    1    1    1
 -0.01313387607736972    2    1    1    1
 0.09781495933360655    2    1    2    1
 0.4703378458100968    2    2    1    1
 0.05288997791692999    2    2    2    1
 0.5412161311917734    2    2    2    2
 0.01434016142109397    3    1    1    1
 0.006049434461833609    3    1    2    1
 -0.02564658661180534    3    1    2    2
 0.1068818438315333    3    1    3    1
 0.001644626104475472    3    2    1    1
 -0.0308107069288317    3    2    2    1
 -0.0350897609577328    3    2    2    2
 -0.001096637069135591    3    2    3    1
 0.03529663810187674    3    2    3    2
 0.4762326895526015    3    3    1    1
 -0.001592460207395902    3    3    2    1
 0.4276833755301501    3    3    2    2
 0.009494497987267321    3    3    3    1
 0.01359478853064999    3    3    3    2
 0.495564506279738    3    3    3    3
 0.0006880737484019391    4    1    1    1
 -0.007116156814332171    4    1    2    1
 0.02392743041668878    4    1    2    2
 -0.001821134941039066    4    1    3    1
 -0.02389425719959279    4    1    3    2
 -0.0408283506711247    4    1    3    3
 0.1098047837179421    4    1    4    1
 -0.009244163566351726    4    2    1    1
 0.02393273566680527    4    2    2    1
 0.01515185752570239    4    2    2    2
 -0.02417464174700549    4    2    3    1
 -0.000608351126314919    4    2    3    2
 0.008121029073356642    4    2    3    3
 -0.02838511589137707    4    2    4    1
 0.0409373454342374    4    2    4    2
 -0.002891429349187357    4    3    1    1
 -0.02604634110155079    4    3    2    1
 -0.002638076386044731    4    3    2    2
 -0.0435934341637793    4    3    3    1
 0.01137513623667936    4    3    3    2
 -0.006766800555439875    4    3    3    3
 0.001764228225415722    4    3    4    1
 0.005412138493547723    4    3    4    2
 0.04635903586183292    4    3    4    3
 0.4848657892892183    4    4    1    1
 -0.03128680743717964    4    4    2    1
 0.4371267867557536    4    4    2    2
 0.004161925661641076    4    4    3    1
 0.002999019248786585    4    4    3    2
 0.4373473187822405    4    4    3    3
 0.0286876218898764    4    4    4    1
 -0.02590858845499799    4    4    4    2
 0.008006061963533798    4    4    4    3
 0.5029483058280522    4    4    4    4
 0.02325035751480116    5    1    1    1
 -0.01421033741907048    5    1    2    1
 0.0267139317877764    5    1    2    2
 0.01606742206020521    5    1    3    1
 -0.003131053897038738    5    1    3    2
 5.730842079580413e-05    5    1    3    3
 -0.007814701886053174    5    1    4    1
 0.004550733354587336    5    1    4    2
 0.00935934494751966    5    1    4    3
 0.01168608205500889    5    1    4    4
 0.04932089325430414    5    1    5    1
 -0.03860095717947389    5    2    1    1
 0.04017644608610062    5    2    2    1
 0.01588512946502338    5    2    2    2
 -0.0115319941760485    5    2    3    1
 -0.01549786616728811    5    2    3    2
 -0.03554910200532192    5    2    3    3
 0.01477794801408388    5    2    4    1
 0.009850991218111914    5    2    4    2
 -0.004745253885761807    5    2    4    3
 -0.03408533478152703    5    2    4    4
 -0.002041901313957826    5    2    5    1
 0.05310940355852396    5    2    5    2
 0.06295366786686551    5    3    1    1
 -0.01502912191915479    5    3    2    1
 0.05163616631703125    5    3    2    2
 -0.03574126362423579    5    3    3    1
 -0.005317339284228423    5    3    3    2
 0.04478692158753146    5    3    3    3
 0.02157471935219889    5    3    4    1
 -0.001960392509149869    5    3    4    2
 0.0223171315704407    5    3    4    3
 0.05721193215462724    5    3    4    4
 0.01264832710588467    5    3    5    1
 -0.02105068739484488    5    3    5    2
 0.07859045515155302    5    3    5    3
 -0.02905687203433101    5    4    1    1
 0.01725418237480664    5    4    2    1
 -0.01897136531132708    5    4    2    2
 0.02228092527661783    5    4    3    1
 -0.002857869235649302    5    4    3    2
 -0.009211273581458993    5    4    3    3
 -0.01060846269176054    5    4    4    1
 -0.0004346367675134276    5    4    4    2
 -0.01008154342426472    5    4    4    3
 -0.03843383225139317    5    4    4    4
 -0.008534079304123842    5    4    5    1
 0.01330305155601351    5    4    5    2
 -0.03570084993427218    5    4    5    3
 0.03235999185983035    5    4    5    4
 0.4747044855322773    5    5    1    1
 0.0183233370310516    5    5    2    1
 0.4561678993127554    5    5    2    2
 0.03021911352435427    5    5    3    1
 -0.01559061303093888    5    5    3    2
 0.4685567901995173    5    5    3    3
 -0.01703868927477221    5    5    4    1
 0.006291325074112171    5    5    4    2
 -0.03468706239454693    5    5    4    3
 0.4337629626706235    5    5    4    4
 0.01179006945707539    5    5    5    1
 -0.02679813664716139    5    5    5    2
 0.03709575157392462    5    5    5    3
 -0.009253795075201476    5    5    5    4
 0.5086510008211605    5    5    5    5
 -0.04026467921627988    6    1    1    1
 0.007205107613552794    6    1    2    1
 -0.03257062027935002    6    1    2    2
 0.01240147798855425    6    1    3    1
 0.008572286918171886    6    1    3    2
 -0.0264390196761664    6    1    3    3
 0.01458070262823016    6    1    4    1
 0.01059408211429304    6    1    4    2
 0.005397415829386542    6    1    4    3
 -0.03589883178496195    6    1    4    4
 -0.003461230826674366    6    1    5    1
 0.01421478611315774    6    1    5    2
 -0.023858738792954    6    1    5    3
 0.01434029347081063    6    1    5    4
 -0.04030569018416091    6    1    5    5
 0.05067595240706611    6    1    6    1
 0.01798179213857331    6    2    1    1
 -0.002481030263726606    6    2    2    1
 0.01955317833941331    6    2    2    2
 0.02331094114531927    6    2    3    1
 -0.006843145153505901    6    2    3    2
 -0.002815744201149441    6    2    3    3
 0.02609235547981855    6    2    4    1
 -0.007089518585899753    6    2    4    2
 -0.01614845862576134    6    2    4    3
 0.01530762782071284    6    2    4    4
 0.009328829386865207    6    2    5    1
 0.00273843769773492    6    2    5    2
 -0.001277559455086534    6    2    5    3
 -0.001854384572704677    6    2    5    4
 0.02209533924877219    6    2    5    5
 -0.008831834964085447    6    2    6    1
 0.03217198791388423    6    2    6    2
 0.04966106880505504    6    3    1    1
 0.02318119305469789    6    3    2    1
 0.04651348648372771    6    3    2    2
 0.01777184441106657    6    3    3    1
 -0.01734214608890787    6    3    3    2
 0.03996533849627768    6    3    3    3
 0.01711055993991817    6    3    4    1
 -0.01286558937274343    6    3    4    2
 -0.02058084880059683    6    3    4    3
 0.03549189560267921    6    3    4    4
 -0.01025702950368233    6    3    5    1
 -0.005062570504919506    6    3    5    2
 0.01738810857806497    6    3    5    3
 0.002351661309657804    6    3    5    4
 0.06229818628339768    6    3    5    5
 -0.03132244009136728    6    3    6    1
 0.02376148878907719    6    3    6    2
 0.06466483062515463    6    3    6    3
 0.05563922529884108    6    4    1    1
 0.02602706820225762    6    4    2    1
 0.05214823815680273    6    4    2    2
 0.01961086672870475    6    4    3    1
 -0.01600984357176835    6    4    3    2
 0.03489272908594386    6    4    3    3
 -0.007247196616978363    6    4    4    1
 -7.316430947896038e-05    6    4    4    2
 -0.01464915108471939    6    4    4    3
 0.04454553046229797    6    4    4    4
 0.01289525415555321    6    4    5    1
 -0.005990736152431683    6    4    5    2
 0.01801581524696211    6    4    5    3
 -0.00748326430319469    6    4    5    4
 0.05940857201012077    6    4    5    5
 -0.03374869353924416    6    4    6    1
 0.01833260470149394    6    4    6    2
 0.04531446823793924    6    4    6    3
 0.06062275701224563    6    4    6    4
 0.005907564582361063    6    5    1    1
 0.01268298468918594    6    5    2    1
 0.02468231337004334    6    5    2    2
 -0.02766418709872148    6    5    3    1
 -0.007942573084195853    6    5    3    2
 0.009390457900616713    6    5    3    3
 0.01879708356545173    6    5    4    1
 0.002192776396097015    6    5    4    2
 0.01119362761825805    6    5    4    3
 0.005126588523352723    6    5    4    4
 -0.01097229515358525    6    5    5    1
 0.0110070806191718    6    5    5    2
 0.0213592746781909    6    5    5    3
 -0.001934036617256705    6    5    5    4
 0.001091095022679662    6    5    5    5
 0.001126302509917046    6    5    6    1
 -0.0070240963458724    6    5    6    2
 0.009426828228696423    6    5    6    3
 -0.004048730892919592    6    5    6    4
 0.02520101520272791    6    5    6    5
 0.4718102306243221    6    6    1    1
 -0.0296227996346984    6    6    2    1
 0.4319152398338049    6    6    2    2
 -0.06269794216597135    6    6    3    1
 0.03249972252162119    6    6    3    2
 0.4761410869000904    6    6    3    3
 -0.06208628376959458    6    6    4    1
 0.02594393496526117    6    6    4    2
 0.05078188024712124    6    6    4    3
 0.4543600214656254    6    6    4    4
 0.01718698904684164    6    6    5    1
 -0.04513932267111164    6    6    5    2
 0.07420335599857011    6    6    5    3
 -0.03822938161847119    6    6    5    4
 0.4273031232771156    6    6    5    5
 -0.03217919684118808    6    6    6    1
 -0.03157528734570184    6    6    6    2
 -0.001936546130499603    6    6    6    3
 0.02426500145137278    6    6    6    4
 0.01504140508579758    6    6    6    5
 0.5890673473670873    6    6    6    6
 -0.04060773512701524    7    1    1    1
 0.0110891612253974    7    1    2    1
 -0.02843476090912682    7    1    2    2
 0.002415371658230404    7    1    3    1
 -0.0004982925568550572    7    1    3    2
 -0.0396435501113357    7    1    3    3
 -0.01063611826598833    7    1    4    1
 -0.0125770292720111    7    1    4    2
 0.008161413488201772    7    1    4    3
 -0.01948436163663915    7    1    4    4
 -0.002377422122085507    7    1    5    1
 0.014955459531452    7    1    5    2
 -0.01978996954409176    7    1    5    3
 0.006436489804137312    7    1    5    4
 -0.05170232409533691    7    1    5    5
 0.002061184401953264    7    1    6    1
 -0.01326263890864678    7    1    6    2
 -0.01723556818569384    7    1    6    3
 -0.01071520995585588    7    1    6    4
 -0.00268448252751283    7    1    6    5
 -0.02564867973725793    7    1    6    6
 0.05215360114261128    7    1    7    1
 0.03894208128691069    7    2    1    1
 0.00466857277955351    7    2    2    1
 0.0345919815993357    7    2    2    2
 0.0006323621767905499    7    2    3    1
 0.005495649097528994    7    2    3    2
 0.03992631950376216    7    2    3    3
 -0.03169553100452467    7    2    4    1
 0.007883334252606303    7    2    4    2
 -0.005238239613314987    7    2    4    3
 0.009622478752449194    7    2    4    4
 0.01208948484647783    7    2    5    1
 -0.01294409046856512    7    2    5    2
 0.01157925071233164    7    2    5    3
 -0.0006218668718299393    7    2    5    4
 0.04442104023282768    7    2    5    5
 -0.01788746203283098    7    2    6    1
 -0.0007205054954220183    7    2    6    2
 0.01495608699289149    7    2    6    3
 0.02187107742587677    7    2    6    4
 -0.003559851115301281    7    2    6    5
 0.04376638826201337    7    2    6    6
 -0.02476736062735229    7    2    7    1
 0.04341586608089264    7    2    7    2
 0.01445517506422542    7    3    1    1
 -0.000484735189828781    7    3    2    1
 0.0225349367955285    7    3    2    2
 -0.01939325122789883    7    3    3    1
 -0.002074046942234733    7    3    3    2
 0.004154396490490435    7    3    3    3
 0.02114281743919355    7    3    4    1
 -0.004967867594116657    7    3    4    2
 -0.002849135501794228    7    3    4    3
 0.0190807166138093    7    3    4    4
 -0.009175656826731665    7    3    5    1
 0.003496378934868379    7    3    5    2
 0.01736664028944868    7    3    5    3
 -0.01347192040302777    7    3    5    4
 0.010395902034675    7    3    5    5
 -0.01301955170793391    7    3    6    1
 0.009074418671099692    7    3    6    2
 0.01350102667475741    7    3    6    3
 0.003491754443145597    7    3    6    4
 0.008618378979384923    7    3    6    5
 0.002846565177637238    7    3    6    6
 -0.005845803657269682    7    3    7    1
 -0.001421933815430208    7    3    7    2
 0.02216117171726543    7    3    7    3
 -0.04985439598681075    7    4    1    1
 -0.03148092308072004    7    4    2    1
 -0.05316572261597396    7    4    2    2
 0.02023616688824418    7    4    3    1
 -0.001630694361599386    7    4    3    2
 -0.05854565043534093    7    4    3    3
 0.0312180514531978    7    4    4    1
 -0.02932234629193748    7    4    4    2
 0.002464115890028038    7    4    4    3
 -0.02215237857844379    7    4    4    4
 -0.000933745829419428    7    4    5    1
 0.006211470487126255    7    4    5    2
 -0.02601292596842681    7    4    5    3
 0.00867872699400375    7    4    5    4
 -0.05933595924715723    7    4    5    5
 0.006596967003183389    7    4    6    1
 0.01165573985231427    7    4    6    2
 -0.01300112012680983    7    4    6    3
 -0.02968400364898933    7    4    6    4
 -0.006122714297099778    7    4    6    5
 -0.07884959908966986    7    4    6    6
 0.03858865037119243    7    4    7    1
 -0.04458010472524342    7    4    7    2
 -0.0006296479843954052    7    4    7    3
 0.08933145001756379    7    4    7    4
 0.01134877147125997    7    5    1    1
 0.0162058871271176    7    5    2    1
 0.01260542959668673    7    5    2    2
 -0.01376485774842826    7    5    3    1
 0.0003091932395393731    7    5    3    2
 0.02117569372391965    7    5    3    3
 -0.001060768452751628    7    5    4    1
 0.006520256974058406    7    5    4    2
 -0.009522529501304493    7    5    4    3
 0.01192737986965861    7    5    4    4
 -0.02136628758687347    7    5    5    1
 0.005129010766270425    7    5    5    2
 0.005092427792667937    7    5    5    3
 -0.005507698597589827    7    5    5    4
 0.01978875241759019    7    5    5    5
 -0.003717669895811869    7    5    6    1
 -0.00303425276459569    7    5    6    2
 0.008719288863779215    7    5    6    3
 0.003758790134187184    7    5    6    4
 0.007395897189160247    7    5    6    5
 0.01529980131298629    7    5    6    6
 -0.008075235109088636    7    5    7    1
 0.001200673204070156    7    5    7    2
 0.0114224900688757    7    5    7    3
 -0.01975423354947431    7    5    7    4
 0.02307799005998839    7    5    7    5
 -0.018556600339237    7    6    1    1
 -0.0199081873152052    7    6    2    1
 -0.02019020645401605    7    6    2    2
 -0.02470538075623535    7    6    3    1
 0.01403236905428383    7    6    3    2
 -0.0009737582875046968    7    6    3    3
 -0.01238151384312385    7    6    4    1
 0.01428465073718744    7    6    4    2
 0.009043769442829377    7    6    4    3
 -0.02837106894231433    7    6    4    4
 -0.003188684533455903    7    6    5    1
 -0.003887636960023523    7    6    5    2
 0.001712922645022534    7    6    5    3
 -0.0009356969704724678    7    6    5    4
 -0.01408297076010205    7    6    5    5
 0.007393031389644695    7    6    6    1
 -0.006412091572523326    7    6    6    2
 -0.01942687183291532    7    6    6    3
 -0.02601842740874855    7    6    6    4
 0.001389684082132776    7    6    6    5
 0.01301131797506441    7    6    6    6
 -0.01517335288687813    7    6    7    1
 0.006733075333202354    7    6    7    2
 0.00203910502961035    7    6    7    3
 -0.005698306452010798    7    6    7    4
 0.002314631511282739    7    6    7    5
 0.0312506806468344    7    6    7    6
 0.4787987722905126    7    7    1    1
 -0.05277781603626636    7    7    2    1
 0.4382109901499266    7    7    2    2
 -0.0004717307964689415    7    7    3    1
 -0.003572407295314788    7    7    3    2
 0.4140150421480843    7    7    3    3
 0.07538251449333605    7    7    4    1
 -0.05333469281094893    7    7    4    2
 0.009122341213863239    7    7    4    3
 0.5027762704871953    7    7    4    4
 0.00838587196874576    7    7    5    1
 -0.03775033341264403    7    7    5    2
 0.07700181333053147    7    7    5    3
 -0.04578367122621358    7    7    5    4
 0.4231175865483162    7    7    5    5
 -0.04609245223766029    7    7    6    1
 0.0293401096262102    7    7    6    2
 0.04872019075702314    7    7    6    3
 0.03440052673374787    7    7    6    4
 0.01492959828681785    7    7    6    5
 0.4235764833847289    7    7    6    6
 -0.02181177165136969    7    7    7    1
 0.0007021970325426218    7    7    7    2
 0.03672917131632391    7    7    7    3
 0.00973759330868048    7    7    7    4
 0.006944313153251939    7    7    7    5
 -0.02877995927913986    7    7    7    6
 0.5719895471733815    7    7    7    7
 0.05579799302204552    8    1    1    1
 0.01890385778623344    8    1    2    1
 0.04310048673613077    8    1    2    2
 0.00595252970209445    8    1    3    1
 0.002250209945103086    8    1    3    2
 0.04244018405961722    8    1    3    3
 0.003790533047310105    8    1    4    1
 1.209804374604388e-05    8    1    4    2
 0.006642386705986166    8    1    4    3
 0.04898055707572387    8    1    4    4
 0.006196590503477761    8    1    5    1
 -0.01631661309435741    8    1    5    2
 0.03849350432385191    8    1    5    3
 -0.01722773140198404    8    1    5    4
 0.03401578637546757    8    1    5    5
 -0.003121080282607654    8    1    6    1
 -0.002965909283588939    8    1    6    2
 0.01806332199864084    8    1    6    3
 0.0276792054137898    8    1    6    4
 0.008096996920370761    8    1    6    5
 0.05686021353786644    8    1    6    6
 -0.005495550000549332    8    1    7    1
 0.01332243380238016    8    1    7    2
 0.002845758473303211    8    1    7    3
 -0.03371402789147813    8    1    7    4
 0.005605082018935711    8    1    7    5
 -0.01599641317733991    8    1    7    6
 0.0443614331084683    8    1    7    7
 0.05392216316170661    8    1    8    1
 0.06726020993839446    8    2    1    1
 -0.02099612933296921    8    2    2    1
 0.0169278157001665    8    2    2    2
 0.01367056532004748    8    2    3    1
 0.02197812322253816    8    2    3    2
 0.05219023546990623    8    2    3    3
 -0.002194019696565976    8    2    4    1
 -0.0197315154658987    8    2    4    2
 0.005321459332603872    8    2    4    3
 0.06471007458894723    8    2    4    4
 -0.005800858291456368    8    2    5    1
 -0.05039897099330068    8    2    5    2
 0.03528685375693902    8    2    5    3
 -0.02092296109106644    8    2    5    4
 0.03262725189950723    8    2    5    5
 -0.01665551077773629    8    2    6    1
 0.0007947676112265812    8    2    6    2
 0.01932522493575847    8    2    6    3
 0.01832394263272962    8    2    6    4
 -0.003401998984312484    8    2    6    5
 0.06633947601916206    8    2    6    6
 -0.005180230292520767    8    2    7    1
 0.01509553213506618    8    2    7    2
 0.005936262794128348    8    2    7    3
 -0.01192917700380452    8    2    7    4
 0.00277397055186531    8    2    7    5
 -0.009028298832534865    8    2    7    6
 0.07859351916108052    8    2    7    7
 0.04794986740518817    8    2    8    1
 0.08839803094420615    8    2    8    2
 0.02254092604395373    8    3    1    1
 0.01347217005813997    8    3    2    1
 0.04704666149745267    8    3    2    2
 -0.00577040608212496    8    3    3    1
 -0.007759348214381149    8    3    3    2
 0.003086871337927601    8    3    3    3
 0.0207670390685538    8    3    4    1
 0.005529026959357566    8    3    4    2
 0.009160414057521058    8    3    4    3
 0.01542277608111607    8    3    4    4
 0.02613977465746243    8    3    5    1
 0.01822469345404755    8    3    5    2
 0.02621545336123984    8    3    5    3
 -0.01135416918084924    8    3    5    4
 0.006790166527510811    8    3    5    5
 0.002735874939628292    8    3    6    1
 0.009856601901949142    8    3    6    2
 0.005047817555658411    8    3    6    3
 0.01264123091753862    8    3    6    4
 0.009592576275118832    8    3    6    5
 0.01248786151826172    8    3    6    6
 -0.004244936304165097    8    3    7    1
 0.004378221170888296    8    3    7    2
 0.006992711055913176    8    3    7    3
 -0.01124566696985415    8    3    7    4
 -0.004822039298683672    8    3    7    5
 -0.005274277420917601    8    3    7    6
 0.02086900972393247    8    3    7    7
 0.01975982874315961    8    3    8    1
 -0.005629469446024599    8    3    8    2
 0.04033144357484844    8    3    8    3
 0.009899493644468266    8    4    1    1
 -0.001629906825720815    8    4    2    1
 -0.0111783274301176    8    4    2    2
 0.0214003927982    8    4    3    1
 0.004781568744672296    8    4    3    2
 0.01504483221249249    8    4    3    3
 0.009728092102699225    8    4    4    1
 0.003182392208046559    8    4    4    2
 -0.009948223619085247    8    4    4    3
 0.006830138504298024    8    4    4    4
 -0.01123095578206027    8    4    5    1
 -0.01367211074725135    8    4    5    2
 -0.007770257262199399    8    4    5    3
 0.005352909537678822    8    4    5    4
 0.01834811941835074    8    4    5    5
 0.01398144831533886    8    4    6    1
 0.008122677727131832    8    4    6    2
 0.009565005632229078    8    4    6    3
 0.003030195443867256    8    4    6    4
 -0.005034464304214334    8    4    6    5
 -0.006766517007104961    8    4    6    6
 -0.02126123921052882    8    4    7    1
 0.000424458658179456    8    4    7    2
 -0.004234568790187533    8    4    7    3
 -0.008507913846789375    8    4    7    4
 0.004908964171257323    8    4    7    5
 0.001414853286694007    8    4    7    6
 0.0008990143539139305    8    4    7    7
 0.006029687350680907    8    4    8    1
 0.012808835213925    8    4    8    2
 -0.01005816952051355    8    4    8    3
 0.02855924247009026    8    4    8    4
 0.004592534993327278    8    5    1    1
 -0.03326864170596525    8    5    2    1
 -0.07326400446687523    8    5    2    2
 0.06159187900724813    8    5    3    1
 0.03215757634772826    8    5    3    2
 0.02531853714371281    8    5    3    3
 -0.03168970875185166    8    5    4    1
 -0.0223811920365232    8    5    4    2
 -0.01751112018038194    8    5    4    3
 0.003621358908116775    8    5    4    4
 -0.009113711171803993    8    5    5    1
 -0.03769859213235165    8    5    5    2
 -0.02732395403079416    8    5    5    3
 0.01464342088388463    8    5    5    4
 0.00595961118580273    8    5    5    5
 0.0071885124612323    8    5    6    1
 -0.001117285617072249    8    5    6    2
 0.00088733453651092    8    5    6    3
 -0.005252834321658974    8    5    6    4
 -0.02552759267278942    8    5    6    5
 -0.006522488655397885    8    5    6    6
 0.002854450785735452    8    5    7    1
 0.003687264863776183    8    5    7    2
 -0.01624748422556573    8    5    7    3
 0.01464364597242877    8    5    7    4
 -0.004581258951156861    8    5    7    5
 -0.001977867963318918    8    5    7    6
 -0.003844331478877461    8    5    7    7
 0.001931341279293194    8    5    8    1
 0.03979213938240538    8    5    8    2
 -0.03134993650587886    8    5    8    3
 0.02217834883925468    8    5    8    4
 0.09402866003443398    8    5    8    5
 0.0178669272262949    8    6    1    1
 -0.0182324326812379    8    6    2    1
 0.004878215573335139    8    6    2    2
 0.007301334001610484    8    6    3    1
 0.007972376133194676    8    6    3    2
 0.006054644569223552    8    6    3    3
 0.02662434208481353    8    6    4    1
 -0.001884887798873318    8    6    4    2
 0.0081545882411887    8    6    4    3
 0.01994699008541705    8    6    4    4
 0.007991420566983607    8    6    5    1
 -0.00829692031721297    8    6    5    2
 0.01232065716200635    8    6    5    3
 -0.008223551678062924    8    6    5    4
 0.0001466377790048445    8    6    5    5
 0.01432341845693371    8    6    6    1
 0.01174027439190676    8    6    6    2
 -0.00101832029575145    8    6    6    3
 -0.004705000637115382    8    6    6    4
 0.001121896213293129    8    6    6    5
 0.007410839320729407    8    6    6    6
 -0.01435431780445765    8    6    7    1
 -0.005600669893018492    8    6    7    2
 0.001982873515467469    8    6    7    3
 0.005070737123561436    8    6    7    4
 -0.004067747036453485    8    6    7    5
 0.003427399455244071    8    6    7    6
 0.0300474562284178    8    6    7    7
 0.01093334494634632    8    6    8    1
 0.01507616947286384    8    6    8    2
 0.01263323521866697    8    6    8    3
 0.01388208762597398    8    6    8    4
 0.004871619196921377    8    6    8    5
 0.02612923458279534    8    6    8    6
 0.01259562112768146    8    7    1    1
 0.01222853352635044    8    7    2    1
 0.01504224114824846    8    7    2    2
 0.0003505030972858832    8    7    3    1
 0.005040414696877013    8    7    3    2
 0.02371796284181311    8    7    3    3
 -0.04180151493931986    8    7    4    1
 0.007604159541455019    8    7    4    2
 -0.006735743655565533    8    7    4    3
 -0.005205063005984923    8    7    4    4
 0.003839560051277362    8    7    5    1
 -0.001920514915771387    8    7    5    2
 -0.006726327558851218    8    7    5    3
 0.005763294459301188    8    7    5    4
 0.02068776742325562    8    7    5    5
 -0.01459408425101061    8    7    6    1
 -0.007982785503966663    8    7    6    2
 0.001849009945917765    8    7    6    3
 0.01049698404763737    8    7    6    4
 -0.005228946767170115    8    7    6    5
 0.02799656496043282    8    7    6    6
 0.001975515113393851    8    7    7    1
 0.02448299278840398    8    7    7    2
 -0.004187677984142313    8    7    7    3
 -0.02051384345942104    8    7    7    4
 0.002355066884887908    8    7    7    5
 0.003645884776750428    8    7    7    6
 -0.020219405528685    8    7    7    7
 0.001358838256388708    8    7    8    1
 0.004432581441716157    8    7    8    2
 -0.004205822264719721    8    7    8    3
 -0.009770195582328098    8    7    8    4
 0.006726960808953387    8    7    8    5
 -0.01609349426884151    8    7    8    6
 0.02809932111695913    8    7    8    7
 0.4720156557561878    8    8    1    1
 0.08647340380977132    8    8    2    1
 0.5183838574745148    8    8    2    2
 0.03222060595017631    8    8    3    1
 -0.03183501224385375    8    8    3    2
 0.4480660581413147    8    8    3    3
 0.007342570301271035    8    8    4    1
 0.01557281829514535    8    8    4    2
 -0.03276313815926327    8    8    4    3
 0.4299700059521008    8    8    4    4
 0.0177203378879367    8    8    5    1
 0.01931874470994552    8    8    5    2
 0.02825993829208001    8    8    5    3
 -0.0004437040075976427    8    8    5    4
 0.48991911224625    8    8    5    5
 -0.01967836411658002    8    8    6    1
 0.02632159540694814    8    8    6    2
 0.0696391051649671    8    8    6    3
 0.07637240957676239    8    8    6    4
 0.01579000429764943    8    8    6    5
 0.4111737459297977    8    8    6    6
 -0.03115410431852515    8    8    7    1
 0.03963167853927919    8    8    7    2
 0.01113401466794061    8    8    7    3
 -0.07112954770621066    8    8    7    4
 0.02130128047480542    8    8    7    5
 -0.03888446186730812    8    8    7    6
 0.4142181866897248    8    8    7    7
 0.06420921996463996    8    8    8    1
 0.02697922336538681    8    8    8    2
 0.04606832881154024    8    8    8    3
 0.01027405631749665    8    8    8    4
 -0.03658467158856255    8    8    8    5
 0.005438128575395277    8    8    8    6
 0.02193233417187646    8    8    8    7
 0.5828021212373233    8    8    8    8
 -4.102724975505082    1    1  0  0
 -0.003479319510922351    2    1  0  0
 -3.562249511528478    2    2  0  0
 -0.009911816211448614    3    1  0  0
 0.0236692546759399    3    2  0  0
 -3.477129946620426    3    3  0  0
 -0.01523455362637991    4    1  0  0
 0.01726197933763302    4    2  0  0
 0.007390263995016222    4    3  0  0
 -3.510340717059328    4    4  0  0
 -0.1063382827440642    5    1  0  0
 0.1806233481791966    5    2  0  0
 -0.3979024520067582    5    3  0  0
 0.177266284978671    5    4  0  0
 -2.7819820616972    5    5  0  0
 0.238125257991344    6    1  0  0
 -0.09071073363522182    6    2  0  0
 -0.312389050491458    6    3  0  0
 -0.3429955776506063    6    4  0  0
 -0.08103179760681652    6    5  0  0
 -2.768865131980697    6    6  0  0
 0.2322264562246303    7    1  0  0
 -0.2318809728253057    7    2  0  0
 -0.1059209185650371    7    3  0  0
 0.3396819941084879    7    4  0  0
 -0.1033906946302481    7    5  0  0
 0.1213409699784433    7    6  0  0
 -2.727123358445914    7    7  0  0
 -0.341878892773516    8    1  0  0
 -0.3709219698903233    8    2  0  0
 -0.1551251698591855    8    3  0  0
 -0.04114270078277665    8    4  0  0
 0.06682912925253222    8    5  0  0
 -0.09174185458039634    8    6  0  0
 -0.08421674487987554    8    7  0  0
 -2.757008092177603    8    8  0  0
 0  0  0  0  0
