5.110000000000000000e+02
7.670000000000000000e+02
8.950000000000000000e+02
9.590000000000000000e+02
9.910000000000000000e+02
1.007000000000000000e+03
1.015000000000000000e+03
1.019000000000000000e+03
1.021000000000000000e+03
1.022000000000000000e+03
1.279000000000000000e+03
1.407000000000000000e+03
1.471000000000000000e+03
1.503000000000000000e+03
1.519000000000000000e+03
1.527000000000000000e+03
1.531000000000000000e+03
1.533000000000000000e+03
1.534000000000000000e+03
1.663000000000000000e+03
1.727000000000000000e+03
1.759000000000000000e+03
1.775000000000000000e+03
1.783000000000000000e+03
1.787000000000000000e+03
1.789000000000000000e+03
1.790000000000000000e+03
1.855000000000000000e+03
1.887000000000000000e+03
1.903000000000000000e+03
1.911000000000000000e+03
1.915000000000000000e+03
1.917000000000000000e+03
1.918000000000000000e+03
1.951000000000000000e+03
1.967000000000000000e+03
1.975000000000000000e+03
1.979000000000000000e+03
1.981000000000000000e+03
1.982000000000000000e+03
1.999000000000000000e+03
2.007000000000000000e+03
2.011000000000000000e+03
2.013000000000000000e+03
2.014000000000000000e+03
2.023000000000000000e+03
2.027000000000000000e+03
2.029000000000000000e+03
2.030000000000000000e+03
2.035000000000000000e+03
2.037000000000000000e+03
2.038000000000000000e+03
2.041000000000000000e+03
2.042000000000000000e+03
2.044000000000000000e+03
2.303000000000000000e+03
2.431000000000000000e+03
2.495000000000000000e+03
2.527000000000000000e+03
2.543000000000000000e+03
2.551000000000000000e+03
2.555000000000000000e+03
2.557000000000000000e+03
2.558000000000000000e+03
2.687000000000000000e+03
2.751000000000000000e+03
2.783000000000000000e+03
2.799000000000000000e+03
2.807000000000000000e+03
2.811000000000000000e+03
2.813000000000000000e+03
2.814000000000000000e+03
2.879000000000000000e+03
2.911000000000000000e+03
2.927000000000000000e+03
2.935000000000000000e+03
2.939000000000000000e+03
2.941000000000000000e+03
2.942000000000000000e+03
2.975000000000000000e+03
2.991000000000000000e+03
2.999000000000000000e+03
3.003000000000000000e+03
3.005000000000000000e+03
3.006000000000000000e+03
3.023000000000000000e+03
3.031000000000000000e+03
3.035000000000000000e+03
3.037000000000000000e+03
3.047000000000000000e+03
3.051000000000000000e+03
3.053000000000000000e+03
3.054000000000000000e+03
3.059000000000000000e+03
3.061000000000000000e+03
3.062000000000000000e+03
3.065000000000000000e+03
3.066000000000000000e+03
3.199000000000000000e+03
3.263000000000000000e+03
3.295000000000000000e+03
3.311000000000000000e+03
3.319000000000000000e+03
3.323000000000000000e+03
3.325000000000000000e+03
3.391000000000000000e+03
3.423000000000000000e+03
3.439000000000000000e+03
3.447000000000000000e+03
3.451000000000000000e+03
3.453000000000000000e+03
3.454000000000000000e+03
3.487000000000000000e+03
3.503000000000000000e+03
3.511000000000000000e+03
3.515000000000000000e+03
3.517000000000000000e+03
3.518000000000000000e+03
3.535000000000000000e+03
3.543000000000000000e+03
3.547000000000000000e+03
3.549000000000000000e+03
3.559000000000000000e+03
3.563000000000000000e+03
3.565000000000000000e+03
3.566000000000000000e+03
3.571000000000000000e+03
3.573000000000000000e+03
3.574000000000000000e+03
3.577000000000000000e+03
3.578000000000000000e+03
3.580000000000000000e+03
3.647000000000000000e+03
3.679000000000000000e+03
3.695000000000000000e+03
3.703000000000000000e+03
3.707000000000000000e+03
3.709000000000000000e+03
3.743000000000000000e+03
3.767000000000000000e+03
3.771000000000000000e+03
3.773000000000000000e+03
3.774000000000000000e+03
3.791000000000000000e+03
3.799000000000000000e+03
3.803000000000000000e+03
3.805000000000000000e+03
3.815000000000000000e+03
3.819000000000000000e+03
3.821000000000000000e+03
3.827000000000000000e+03
3.829000000000000000e+03
3.830000000000000000e+03
3.833000000000000000e+03
3.871000000000000000e+03
3.887000000000000000e+03
3.895000000000000000e+03
3.899000000000000000e+03
3.901000000000000000e+03
3.919000000000000000e+03
3.933000000000000000e+03
3.943000000000000000e+03
3.955000000000000000e+03
3.962000000000000000e+03
3.983000000000000000e+03
3.991000000000000000e+03
3.995000000000000000e+03
3.997000000000000000e+03
3.998000000000000000e+03
4.007000000000000000e+03
4.011000000000000000e+03
4.019000000000000000e+03
4.021000000000000000e+03
4.025000000000000000e+03
4.043000000000000000e+03
4.045000000000000000e+03
4.051000000000000000e+03
4.053000000000000000e+03
4.054000000000000000e+03
4.067000000000000000e+03
4.069000000000000000e+03
4.073000000000000000e+03
4.074000000000000000e+03
4.076000000000000000e+03
4.081000000000000000e+03
4.351000000000000000e+03
4.479000000000000000e+03
4.543000000000000000e+03
4.575000000000000000e+03
4.591000000000000000e+03
4.599000000000000000e+03
4.603000000000000000e+03
4.605000000000000000e+03
4.606000000000000000e+03
4.735000000000000000e+03
4.799000000000000000e+03
4.831000000000000000e+03
4.847000000000000000e+03
4.855000000000000000e+03
4.859000000000000000e+03
4.861000000000000000e+03
4.862000000000000000e+03
4.927000000000000000e+03
4.959000000000000000e+03
4.975000000000000000e+03
4.983000000000000000e+03
4.987000000000000000e+03
4.989000000000000000e+03
4.990000000000000000e+03
5.023000000000000000e+03
5.039000000000000000e+03
5.047000000000000000e+03
5.051000000000000000e+03
5.053000000000000000e+03
5.054000000000000000e+03
5.071000000000000000e+03
5.079000000000000000e+03
5.083000000000000000e+03
5.085000000000000000e+03
5.086000000000000000e+03
5.095000000000000000e+03
5.099000000000000000e+03
5.101000000000000000e+03
5.102000000000000000e+03
5.107000000000000000e+03
5.109000000000000000e+03
5.110000000000000000e+03
5.113000000000000000e+03
5.114000000000000000e+03
5.116000000000000000e+03
5.247000000000000000e+03
5.311000000000000000e+03
5.343000000000000000e+03
5.359000000000000000e+03
5.367000000000000000e+03
5.371000000000000000e+03
5.373000000000000000e+03
5.374000000000000000e+03
5.439000000000000000e+03
5.471000000000000000e+03
5.487000000000000000e+03
5.495000000000000000e+03
5.499000000000000000e+03
5.501000000000000000e+03
5.502000000000000000e+03
5.535000000000000000e+03
5.551000000000000000e+03
5.559000000000000000e+03
5.563000000000000000e+03
5.565000000000000000e+03
5.566000000000000000e+03
5.583000000000000000e+03
5.591000000000000000e+03
5.595000000000000000e+03
5.597000000000000000e+03
5.598000000000000000e+03
5.607000000000000000e+03
5.611000000000000000e+03
5.613000000000000000e+03
5.614000000000000000e+03
5.619000000000000000e+03
5.621000000000000000e+03
5.622000000000000000e+03
5.625000000000000000e+03
5.626000000000000000e+03
5.628000000000000000e+03
5.695000000000000000e+03
5.727000000000000000e+03
5.743000000000000000e+03
5.751000000000000000e+03
5.755000000000000000e+03
5.757000000000000000e+03
5.791000000000000000e+03
5.807000000000000000e+03
5.815000000000000000e+03
5.819000000000000000e+03
5.839000000000000000e+03
5.847000000000000000e+03
5.851000000000000000e+03
5.853000000000000000e+03
5.863000000000000000e+03
5.867000000000000000e+03
5.869000000000000000e+03
5.875000000000000000e+03
5.877000000000000000e+03
5.881000000000000000e+03
5.882000000000000000e+03
5.884000000000000000e+03
5.919000000000000000e+03
5.935000000000000000e+03
5.943000000000000000e+03
5.947000000000000000e+03
5.949000000000000000e+03
5.967000000000000000e+03
5.975000000000000000e+03
5.979000000000000000e+03
5.995000000000000000e+03
6.003000000000000000e+03
6.005000000000000000e+03
6.006000000000000000e+03
6.009000000000000000e+03
6.010000000000000000e+03
6.031000000000000000e+03
6.039000000000000000e+03
6.043000000000000000e+03
6.045000000000000000e+03
6.055000000000000000e+03
6.059000000000000000e+03
6.061000000000000000e+03
6.062000000000000000e+03
6.067000000000000000e+03
6.069000000000000000e+03
6.073000000000000000e+03
6.074000000000000000e+03
6.076000000000000000e+03
6.093000000000000000e+03
6.094000000000000000e+03
6.099000000000000000e+03
6.102000000000000000e+03
6.105000000000000000e+03
6.106000000000000000e+03
6.115000000000000000e+03
6.117000000000000000e+03
6.118000000000000000e+03
6.121000000000000000e+03
6.124000000000000000e+03
6.132000000000000000e+03
6.271000000000000000e+03
6.335000000000000000e+03
6.367000000000000000e+03
6.383000000000000000e+03
6.391000000000000000e+03
6.395000000000000000e+03
6.397000000000000000e+03
6.398000000000000000e+03
6.463000000000000000e+03
6.495000000000000000e+03
6.511000000000000000e+03
6.519000000000000000e+03
6.523000000000000000e+03
6.525000000000000000e+03
6.526000000000000000e+03
6.559000000000000000e+03
6.575000000000000000e+03
6.583000000000000000e+03
6.587000000000000000e+03
6.589000000000000000e+03
6.590000000000000000e+03
6.607000000000000000e+03
6.615000000000000000e+03
6.619000000000000000e+03
6.621000000000000000e+03
6.622000000000000000e+03
6.631000000000000000e+03
6.635000000000000000e+03
6.637000000000000000e+03
6.638000000000000000e+03
6.643000000000000000e+03
6.645000000000000000e+03
6.646000000000000000e+03
6.649000000000000000e+03
6.650000000000000000e+03
6.652000000000000000e+03
6.719000000000000000e+03
6.751000000000000000e+03
6.767000000000000000e+03
6.775000000000000000e+03
6.779000000000000000e+03
6.781000000000000000e+03
6.782000000000000000e+03
6.815000000000000000e+03
6.831000000000000000e+03
6.839000000000000000e+03
6.843000000000000000e+03
6.845000000000000000e+03
6.863000000000000000e+03
6.871000000000000000e+03
6.875000000000000000e+03
6.877000000000000000e+03
6.878000000000000000e+03
6.887000000000000000e+03
6.891000000000000000e+03
6.893000000000000000e+03
6.899000000000000000e+03
6.901000000000000000e+03
6.905000000000000000e+03
6.943000000000000000e+03
6.959000000000000000e+03
6.967000000000000000e+03
6.973000000000000000e+03
7.006000000000000000e+03
7.015000000000000000e+03
7.019000000000000000e+03
7.021000000000000000e+03
7.029000000000000000e+03
7.034000000000000000e+03
7.055000000000000000e+03
7.063000000000000000e+03
7.067000000000000000e+03
7.079000000000000000e+03
7.083000000000000000e+03
7.085000000000000000e+03
7.091000000000000000e+03
7.093000000000000000e+03
7.094000000000000000e+03
7.097000000000000000e+03
7.098000000000000000e+03
7.115000000000000000e+03
7.130000000000000000e+03
7.132000000000000000e+03
7.141000000000000000e+03
7.231000000000000000e+03
7.279000000000000000e+03
7.291000000000000000e+03
7.357000000000000000e+03
7.389000000000000000e+03
7.399000000000000000e+03
7.403000000000000000e+03
7.405000000000000000e+03
7.414000000000000000e+03
7.479000000000000000e+03
7.485000000000000000e+03
7.503000000000000000e+03
7.511000000000000000e+03
7.515000000000000000e+03
7.527000000000000000e+03
7.531000000000000000e+03
7.533000000000000000e+03
7.539000000000000000e+03
7.541000000000000000e+03
7.603000000000000000e+03
7.612000000000000000e+03
7.623000000000000000e+03
7.627000000000000000e+03
7.629000000000000000e+03
7.635000000000000000e+03
7.637000000000000000e+03
7.638000000000000000e+03
7.641000000000000000e+03
7.644000000000000000e+03
7.651000000000000000e+03
7.653000000000000000e+03
7.654000000000000000e+03
7.665000000000000000e+03
7.666000000000000000e+03
7.672000000000000000e+03
7.711000000000000000e+03
7.739000000000000000e+03
7.741000000000000000e+03
7.790000000000000000e+03
7.801000000000000000e+03
7.837000000000000000e+03
7.838000000000000000e+03
7.851000000000000000e+03
7.868000000000000000e+03
7.885000000000000000e+03
7.891000000000000000e+03
7.900000000000000000e+03
7.907000000000000000e+03
7.922000000000000000e+03
7.959000000000000000e+03
7.965000000000000000e+03
7.966000000000000000e+03
7.975000000000000000e+03
8.013000000000000000e+03
8.019000000000000000e+03
8.035000000000000000e+03
8.044000000000000000e+03
8.050000000000000000e+03
8.052000000000000000e+03
8.075000000000000000e+03
8.089000000000000000e+03
8.134000000000000000e+03
8.168000000000000000e+03
8.447000000000000000e+03
8.575000000000000000e+03
8.639000000000000000e+03
8.671000000000000000e+03
8.687000000000000000e+03
8.695000000000000000e+03
8.699000000000000000e+03
8.701000000000000000e+03
8.702000000000000000e+03
8.831000000000000000e+03
8.895000000000000000e+03
8.927000000000000000e+03
8.943000000000000000e+03
8.951000000000000000e+03
8.955000000000000000e+03
8.957000000000000000e+03
8.958000000000000000e+03
9.023000000000000000e+03
9.055000000000000000e+03
9.071000000000000000e+03
9.079000000000000000e+03
9.083000000000000000e+03
9.085000000000000000e+03
9.086000000000000000e+03
9.119000000000000000e+03
9.135000000000000000e+03
9.143000000000000000e+03
9.147000000000000000e+03
9.149000000000000000e+03
9.150000000000000000e+03
9.167000000000000000e+03
9.175000000000000000e+03
9.179000000000000000e+03
9.181000000000000000e+03
9.182000000000000000e+03
9.191000000000000000e+03
9.195000000000000000e+03
9.197000000000000000e+03
9.198000000000000000e+03
9.203000000000000000e+03
9.205000000000000000e+03
9.206000000000000000e+03
9.209000000000000000e+03
9.210000000000000000e+03
9.212000000000000000e+03
9.343000000000000000e+03
9.407000000000000000e+03
9.439000000000000000e+03
9.455000000000000000e+03
9.463000000000000000e+03
9.467000000000000000e+03
9.469000000000000000e+03
9.470000000000000000e+03
9.535000000000000000e+03
9.567000000000000000e+03
9.583000000000000000e+03
9.591000000000000000e+03
9.595000000000000000e+03
9.597000000000000000e+03
9.598000000000000000e+03
9.631000000000000000e+03
9.647000000000000000e+03
9.655000000000000000e+03
9.659000000000000000e+03
9.661000000000000000e+03
9.662000000000000000e+03
9.679000000000000000e+03
9.687000000000000000e+03
9.691000000000000000e+03
9.693000000000000000e+03
9.694000000000000000e+03
9.703000000000000000e+03
9.707000000000000000e+03
9.709000000000000000e+03
9.710000000000000000e+03
9.715000000000000000e+03
9.717000000000000000e+03
9.718000000000000000e+03
9.721000000000000000e+03
9.722000000000000000e+03
9.724000000000000000e+03
9.791000000000000000e+03
9.823000000000000000e+03
9.839000000000000000e+03
9.847000000000000000e+03
9.851000000000000000e+03
9.853000000000000000e+03
9.854000000000000000e+03
9.903000000000000000e+03
9.911000000000000000e+03
9.915000000000000000e+03
9.917000000000000000e+03
9.935000000000000000e+03
9.943000000000000000e+03
9.947000000000000000e+03
9.949000000000000000e+03
9.950000000000000000e+03
9.959000000000000000e+03
9.963000000000000000e+03
9.965000000000000000e+03
9.971000000000000000e+03
9.973000000000000000e+03
9.974000000000000000e+03
9.977000000000000000e+03
9.980000000000000000e+03
1.001500000000000000e+04
1.003100000000000000e+04
1.003900000000000000e+04
1.004300000000000000e+04
1.004500000000000000e+04
1.004600000000000000e+04
1.006300000000000000e+04
1.007100000000000000e+04
1.007500000000000000e+04
1.008700000000000000e+04
1.009100000000000000e+04
1.009400000000000000e+04
1.009900000000000000e+04
1.010100000000000000e+04
1.010600000000000000e+04
1.012700000000000000e+04
1.013500000000000000e+04
1.013900000000000000e+04
1.014100000000000000e+04
1.014200000000000000e+04
1.015100000000000000e+04
1.015500000000000000e+04
1.015700000000000000e+04
1.015800000000000000e+04
1.016300000000000000e+04
1.016500000000000000e+04
1.016600000000000000e+04
1.016900000000000000e+04
1.018300000000000000e+04
1.018700000000000000e+04
1.018900000000000000e+04
1.019700000000000000e+04
1.019800000000000000e+04
1.020100000000000000e+04
1.021300000000000000e+04
1.021400000000000000e+04
1.022500000000000000e+04
1.036700000000000000e+04
1.043100000000000000e+04
1.046300000000000000e+04
1.047900000000000000e+04
1.048700000000000000e+04
1.049100000000000000e+04
1.049300000000000000e+04
1.049400000000000000e+04
1.055900000000000000e+04
1.059100000000000000e+04
1.060700000000000000e+04
1.061500000000000000e+04
1.061900000000000000e+04
1.062100000000000000e+04
1.062200000000000000e+04
1.065500000000000000e+04
1.067100000000000000e+04
1.067900000000000000e+04
1.068300000000000000e+04
1.068500000000000000e+04
1.068600000000000000e+04
1.070300000000000000e+04
1.071100000000000000e+04
1.071500000000000000e+04
1.071700000000000000e+04
1.071800000000000000e+04
1.072700000000000000e+04
1.073100000000000000e+04
1.073300000000000000e+04
1.073400000000000000e+04
1.073900000000000000e+04
1.074100000000000000e+04
1.074200000000000000e+04
1.074500000000000000e+04
1.074600000000000000e+04
1.074800000000000000e+04
1.081500000000000000e+04
1.084700000000000000e+04
1.086300000000000000e+04
1.087100000000000000e+04
1.087500000000000000e+04
1.087700000000000000e+04
1.087800000000000000e+04
1.091100000000000000e+04
1.092700000000000000e+04
1.093500000000000000e+04
1.093900000000000000e+04
1.094100000000000000e+04
1.094200000000000000e+04
1.095900000000000000e+04
1.096700000000000000e+04
1.097100000000000000e+04
1.097300000000000000e+04
1.098300000000000000e+04
1.098700000000000000e+04
1.098900000000000000e+04
1.099000000000000000e+04
1.099500000000000000e+04
1.099700000000000000e+04
1.100100000000000000e+04
1.100200000000000000e+04
1.103900000000000000e+04
1.105500000000000000e+04
1.106300000000000000e+04
1.106700000000000000e+04
1.108700000000000000e+04
1.109500000000000000e+04
1.109900000000000000e+04
1.110100000000000000e+04
1.111100000000000000e+04
1.111500000000000000e+04
1.112500000000000000e+04
1.113200000000000000e+04
1.115100000000000000e+04
1.115900000000000000e+04
1.116300000000000000e+04
1.116500000000000000e+04
1.117500000000000000e+04
1.117900000000000000e+04
1.118100000000000000e+04
1.118700000000000000e+04
1.118900000000000000e+04
1.119300000000000000e+04
1.121100000000000000e+04
1.121400000000000000e+04
1.122500000000000000e+04
1.123500000000000000e+04
1.125600000000000000e+04
1.135900000000000000e+04
1.137500000000000000e+04
1.138700000000000000e+04
1.138900000000000000e+04
1.144700000000000000e+04
1.145100000000000000e+04
1.145300000000000000e+04
1.147100000000000000e+04
1.148500000000000000e+04
1.149500000000000000e+04
1.150200000000000000e+04
1.150900000000000000e+04
1.155100000000000000e+04
1.156700000000000000e+04
1.158100000000000000e+04
1.159900000000000000e+04
1.160700000000000000e+04
1.161100000000000000e+04
1.162300000000000000e+04
1.162700000000000000e+04
1.162900000000000000e+04
1.163500000000000000e+04
1.163800000000000000e+04
1.164100000000000000e+04
1.164200000000000000e+04
1.167700000000000000e+04
1.168700000000000000e+04
1.169300000000000000e+04
1.171900000000000000e+04
1.172300000000000000e+04
1.172500000000000000e+04
1.173100000000000000e+04
1.173300000000000000e+04
1.173700000000000000e+04
1.174700000000000000e+04
1.174900000000000000e+04
1.175300000000000000e+04
1.175600000000000000e+04
1.176100000000000000e+04
1.176400000000000000e+04
1.180700000000000000e+04
1.185500000000000000e+04
1.186900000000000000e+04
1.187900000000000000e+04
1.188300000000000000e+04
1.193300000000000000e+04
1.195700000000000000e+04
1.196200000000000000e+04
1.196400000000000000e+04
1.198900000000000000e+04
1.199400000000000000e+04
1.204700000000000000e+04
1.205900000000000000e+04
1.206100000000000000e+04
1.207500000000000000e+04
1.208300000000000000e+04
1.213100000000000000e+04
1.213700000000000000e+04
1.214500000000000000e+04
1.218200000000000000e+04
1.220100000000000000e+04
1.220900000000000000e+04
1.222900000000000000e+04
1.223000000000000000e+04
1.241500000000000000e+04
1.247900000000000000e+04
1.251100000000000000e+04
1.252700000000000000e+04
1.253500000000000000e+04
1.253900000000000000e+04
1.254100000000000000e+04
1.254200000000000000e+04
1.260700000000000000e+04
1.263900000000000000e+04
1.265500000000000000e+04
1.266300000000000000e+04
1.266700000000000000e+04
1.266900000000000000e+04
1.267000000000000000e+04
1.270300000000000000e+04
1.271900000000000000e+04
1.272700000000000000e+04
1.273100000000000000e+04
1.273300000000000000e+04
1.273400000000000000e+04
1.275100000000000000e+04
1.275900000000000000e+04
1.276300000000000000e+04
1.276500000000000000e+04
1.276600000000000000e+04
1.277500000000000000e+04
1.277900000000000000e+04
1.278100000000000000e+04
1.278200000000000000e+04
1.278700000000000000e+04
1.278900000000000000e+04
1.279000000000000000e+04
1.279300000000000000e+04
1.279400000000000000e+04
1.279600000000000000e+04
1.286300000000000000e+04
1.289500000000000000e+04
1.291100000000000000e+04
1.291900000000000000e+04
1.292300000000000000e+04
1.292500000000000000e+04
1.292600000000000000e+04
1.295900000000000000e+04
1.297500000000000000e+04
1.298300000000000000e+04
1.298700000000000000e+04
1.298900000000000000e+04
1.299000000000000000e+04
1.300700000000000000e+04
1.301500000000000000e+04
1.301900000000000000e+04
1.302100000000000000e+04
1.303100000000000000e+04
1.303500000000000000e+04
1.303700000000000000e+04
1.304300000000000000e+04
1.304500000000000000e+04
1.304900000000000000e+04
1.305200000000000000e+04
1.308700000000000000e+04
1.310300000000000000e+04
1.311100000000000000e+04
1.311500000000000000e+04
1.311700000000000000e+04
1.313500000000000000e+04
1.314700000000000000e+04
1.314900000000000000e+04
1.316300000000000000e+04
1.316500000000000000e+04
1.317400000000000000e+04
1.317700000000000000e+04
1.319900000000000000e+04
1.320700000000000000e+04
1.321100000000000000e+04
1.321300000000000000e+04
1.322300000000000000e+04
1.322700000000000000e+04
1.322900000000000000e+04
1.323000000000000000e+04
1.323500000000000000e+04
1.323700000000000000e+04
1.324100000000000000e+04
1.324400000000000000e+04
1.325500000000000000e+04
1.325900000000000000e+04
1.326100000000000000e+04
1.326200000000000000e+04
1.327300000000000000e+04
1.327600000000000000e+04
1.328300000000000000e+04
1.328500000000000000e+04
1.329700000000000000e+04
1.329800000000000000e+04
1.330000000000000000e+04
1.337500000000000000e+04
1.340700000000000000e+04
1.342300000000000000e+04
1.343100000000000000e+04
1.343500000000000000e+04
1.343700000000000000e+04
1.347100000000000000e+04
1.348700000000000000e+04
1.349900000000000000e+04
1.351900000000000000e+04
1.353300000000000000e+04
1.353400000000000000e+04
1.354300000000000000e+04
1.354900000000000000e+04
1.355700000000000000e+04
1.359900000000000000e+04
1.363000000000000000e+04
1.364700000000000000e+04
1.365500000000000000e+04
1.365900000000000000e+04
1.366100000000000000e+04
1.366200000000000000e+04
1.367100000000000000e+04
1.367500000000000000e+04
1.367700000000000000e+04
1.368300000000000000e+04
1.368500000000000000e+04
1.371100000000000000e+04
1.371900000000000000e+04
1.372300000000000000e+04
1.372500000000000000e+04
1.373900000000000000e+04
1.374100000000000000e+04
1.374200000000000000e+04
1.374700000000000000e+04
1.374900000000000000e+04
1.375400000000000000e+04
1.376700000000000000e+04
1.377100000000000000e+04
1.377300000000000000e+04
1.377400000000000000e+04
1.377900000000000000e+04
1.378100000000000000e+04
1.378500000000000000e+04
1.378600000000000000e+04
1.379500000000000000e+04
1.379700000000000000e+04
1.379800000000000000e+04
1.380100000000000000e+04
1.380200000000000000e+04
1.380900000000000000e+04
1.381000000000000000e+04
1.387100000000000000e+04
1.390300000000000000e+04
1.391500000000000000e+04
1.392700000000000000e+04
1.393900000000000000e+04
1.394100000000000000e+04
1.398200000000000000e+04
1.399500000000000000e+04
1.400900000000000000e+04
1.401000000000000000e+04
1.404400000000000000e+04
1.405300000000000000e+04
1.409500000000000000e+04
1.411000000000000000e+04
1.412300000000000000e+04
1.412500000000000000e+04
1.412600000000000000e+04
1.413100000000000000e+04
1.413800000000000000e+04
1.415100000000000000e+04
1.415500000000000000e+04
1.418100000000000000e+04
1.419300000000000000e+04
1.422100000000000000e+04
1.423300000000000000e+04
1.423400000000000000e+04
1.423600000000000000e+04
1.424500000000000000e+04
1.424900000000000000e+04
1.425000000000000000e+04
1.426400000000000000e+04
1.427700000000000000e+04
1.428400000000000000e+04
1.428900000000000000e+04
1.430500000000000000e+04
1.443100000000000000e+04
1.444700000000000000e+04
1.446200000000000000e+04
1.451100000000000000e+04
1.451900000000000000e+04
1.452300000000000000e+04
1.455100000000000000e+04
1.455500000000000000e+04
1.457400000000000000e+04
1.458100000000000000e+04
1.458500000000000000e+04
1.462300000000000000e+04
1.463900000000000000e+04
1.467900000000000000e+04
1.468300000000000000e+04
1.469500000000000000e+04
1.469900000000000000e+04
1.470100000000000000e+04
1.470200000000000000e+04
1.470700000000000000e+04
1.470900000000000000e+04
1.471300000000000000e+04
1.471400000000000000e+04
1.473500000000000000e+04
1.474700000000000000e+04
1.474900000000000000e+04
1.476300000000000000e+04
1.476500000000000000e+04
1.476600000000000000e+04
1.477400000000000000e+04
1.477800000000000000e+04
1.479500000000000000e+04
1.479700000000000000e+04
1.480300000000000000e+04
1.480500000000000000e+04
1.481900000000000000e+04
1.482100000000000000e+04
1.482500000000000000e+04
1.483400000000000000e+04
1.489500000000000000e+04
1.492700000000000000e+04
1.493900000000000000e+04
1.495500000000000000e+04
1.496300000000000000e+04
1.496900000000000000e+04
1.497000000000000000e+04
1.502900000000000000e+04
1.503400000000000000e+04
1.505300000000000000e+04
1.507700000000000000e+04
1.513100000000000000e+04
1.514900000000000000e+04
1.517500000000000000e+04
1.518700000000000000e+04
1.518900000000000000e+04
1.520500000000000000e+04
1.524300000000000000e+04
1.524500000000000000e+04
1.524600000000000000e+04
1.525100000000000000e+04
1.526000000000000000e+04
1.528100000000000000e+04
1.530600000000000000e+04
1.544700000000000000e+04
1.545100000000000000e+04
1.545300000000000000e+04
1.555900000000000000e+04
1.557700000000000000e+04
1.557800000000000000e+04
1.559400000000000000e+04
1.563100000000000000e+04
1.567300000000000000e+04
1.567400000000000000e+04
1.570200000000000000e+04
1.577900000000000000e+04
1.578200000000000000e+04
1.579300000000000000e+04
1.579400000000000000e+04
1.581300000000000000e+04
1.581800000000000000e+04
1.585600000000000000e+04
1.592500000000000000e+04
1.594700000000000000e+04
1.595500000000000000e+04
1.597700000000000000e+04
1.603800000000000000e+04
1.606700000000000000e+04
1.617700000000000000e+04
1.663900000000000000e+04
1.676700000000000000e+04
1.683100000000000000e+04
1.686300000000000000e+04
1.687900000000000000e+04
1.688700000000000000e+04
1.689100000000000000e+04
1.689300000000000000e+04
1.689400000000000000e+04
1.702300000000000000e+04
1.708700000000000000e+04
1.711900000000000000e+04
1.713500000000000000e+04
1.714300000000000000e+04
1.714700000000000000e+04
1.714900000000000000e+04
1.715000000000000000e+04
1.721500000000000000e+04
1.724700000000000000e+04
1.726300000000000000e+04
1.727100000000000000e+04
1.727500000000000000e+04
1.727700000000000000e+04
1.727800000000000000e+04
1.731100000000000000e+04
1.732700000000000000e+04
1.733500000000000000e+04
1.733900000000000000e+04
1.734100000000000000e+04
1.734200000000000000e+04
1.735900000000000000e+04
1.736700000000000000e+04
1.737100000000000000e+04
1.737300000000000000e+04
1.737400000000000000e+04
1.738300000000000000e+04
1.738700000000000000e+04
1.738900000000000000e+04
1.739000000000000000e+04
1.739500000000000000e+04
1.739700000000000000e+04
1.739800000000000000e+04
1.740100000000000000e+04
1.740200000000000000e+04
1.740400000000000000e+04
1.753500000000000000e+04
1.759900000000000000e+04
1.763100000000000000e+04
1.764700000000000000e+04
1.765500000000000000e+04
1.765900000000000000e+04
1.766100000000000000e+04
1.772700000000000000e+04
1.775900000000000000e+04
1.777500000000000000e+04
1.778300000000000000e+04
1.778700000000000000e+04
1.778900000000000000e+04
1.779000000000000000e+04
1.782300000000000000e+04
1.783900000000000000e+04
1.784700000000000000e+04
1.785100000000000000e+04
1.785300000000000000e+04
1.785400000000000000e+04
1.787100000000000000e+04
1.787900000000000000e+04
1.788300000000000000e+04
1.788500000000000000e+04
1.788600000000000000e+04
1.789500000000000000e+04
1.789900000000000000e+04
1.790100000000000000e+04
1.790200000000000000e+04
1.790700000000000000e+04
1.790900000000000000e+04
1.791000000000000000e+04
1.791300000000000000e+04
1.791400000000000000e+04
1.791600000000000000e+04
1.798300000000000000e+04
1.801500000000000000e+04
1.803100000000000000e+04
1.803900000000000000e+04
1.804300000000000000e+04
1.804500000000000000e+04
1.804600000000000000e+04
1.807900000000000000e+04
1.809500000000000000e+04
1.810300000000000000e+04
1.810700000000000000e+04
1.810900000000000000e+04
1.812700000000000000e+04
1.813500000000000000e+04
1.813900000000000000e+04
1.814100000000000000e+04
1.814200000000000000e+04
1.815100000000000000e+04
1.815500000000000000e+04
1.815700000000000000e+04
1.815800000000000000e+04
1.816300000000000000e+04
1.816500000000000000e+04
1.816600000000000000e+04
1.816900000000000000e+04
1.820700000000000000e+04
1.822300000000000000e+04
1.823100000000000000e+04
1.823500000000000000e+04
1.823700000000000000e+04
1.823800000000000000e+04
1.825500000000000000e+04
1.826300000000000000e+04
1.826700000000000000e+04
1.826900000000000000e+04
1.828500000000000000e+04
1.828600000000000000e+04
1.829300000000000000e+04
1.829700000000000000e+04
1.829800000000000000e+04
1.830000000000000000e+04
1.831900000000000000e+04
1.832700000000000000e+04
1.833100000000000000e+04
1.833300000000000000e+04
1.834300000000000000e+04
1.834700000000000000e+04
1.834900000000000000e+04
1.835000000000000000e+04
1.835500000000000000e+04
1.835700000000000000e+04
1.835800000000000000e+04
1.836100000000000000e+04
1.836200000000000000e+04
1.836400000000000000e+04
1.838100000000000000e+04
1.838200000000000000e+04
1.838700000000000000e+04
1.838900000000000000e+04
1.839000000000000000e+04
1.839300000000000000e+04
1.839400000000000000e+04
1.839600000000000000e+04
1.840300000000000000e+04
1.840500000000000000e+04
1.840600000000000000e+04
1.840900000000000000e+04
1.841000000000000000e+04
1.841700000000000000e+04
1.841800000000000000e+04
1.855900000000000000e+04
1.862300000000000000e+04
1.865500000000000000e+04
1.867100000000000000e+04
1.867900000000000000e+04
1.868300000000000000e+04
1.868500000000000000e+04
1.868600000000000000e+04
1.875100000000000000e+04
1.878300000000000000e+04
1.879900000000000000e+04
1.880700000000000000e+04
1.881100000000000000e+04
1.881300000000000000e+04
1.881400000000000000e+04
1.884700000000000000e+04
1.886300000000000000e+04
1.887100000000000000e+04
1.887500000000000000e+04
1.887700000000000000e+04
1.887800000000000000e+04
1.889500000000000000e+04
1.890300000000000000e+04
1.890700000000000000e+04
1.890900000000000000e+04
1.891000000000000000e+04
1.891900000000000000e+04
1.892300000000000000e+04
1.892500000000000000e+04
1.892600000000000000e+04
1.893100000000000000e+04
1.893300000000000000e+04
1.893400000000000000e+04
1.893700000000000000e+04
1.893800000000000000e+04
1.894000000000000000e+04
1.900700000000000000e+04
1.903900000000000000e+04
1.905500000000000000e+04
1.906300000000000000e+04
1.906700000000000000e+04
1.906900000000000000e+04
1.907000000000000000e+04
1.910300000000000000e+04
1.911900000000000000e+04
1.912700000000000000e+04
1.913100000000000000e+04
1.913300000000000000e+04
1.915100000000000000e+04
1.915900000000000000e+04
1.916300000000000000e+04
1.916500000000000000e+04
1.916600000000000000e+04
1.917500000000000000e+04
1.917900000000000000e+04
1.918100000000000000e+04
1.918700000000000000e+04
1.918900000000000000e+04
1.919000000000000000e+04
1.919300000000000000e+04
1.919400000000000000e+04
1.923100000000000000e+04
1.924700000000000000e+04
1.925500000000000000e+04
1.925900000000000000e+04
1.926100000000000000e+04
1.928700000000000000e+04
1.929100000000000000e+04
1.929300000000000000e+04
1.930700000000000000e+04
1.931500000000000000e+04
1.931700000000000000e+04
1.934300000000000000e+04
1.935100000000000000e+04
1.935500000000000000e+04
1.935700000000000000e+04
1.936700000000000000e+04
1.937100000000000000e+04
1.937300000000000000e+04
1.937900000000000000e+04
1.938100000000000000e+04
1.938200000000000000e+04
1.938500000000000000e+04
1.939900000000000000e+04
1.941100000000000000e+04
1.941300000000000000e+04
1.941700000000000000e+04
1.942000000000000000e+04
1.942700000000000000e+04
1.942900000000000000e+04
1.943300000000000000e+04
1.944100000000000000e+04
1.944200000000000000e+04
1.955100000000000000e+04
1.956700000000000000e+04
1.963100000000000000e+04
1.963900000000000000e+04
1.964500000000000000e+04
1.966300000000000000e+04
1.967500000000000000e+04
1.967700000000000000e+04
1.968700000000000000e+04
1.970200000000000000e+04
1.970500000000000000e+04
1.974300000000000000e+04
1.975900000000000000e+04
1.979100000000000000e+04
1.979900000000000000e+04
1.980300000000000000e+04
1.980500000000000000e+04
1.981500000000000000e+04
1.981900000000000000e+04
1.982100000000000000e+04
1.982700000000000000e+04
1.982900000000000000e+04
1.983300000000000000e+04
1.983400000000000000e+04
1.985500000000000000e+04
1.986300000000000000e+04
1.986700000000000000e+04
1.986900000000000000e+04
1.987900000000000000e+04
1.988600000000000000e+04
1.989700000000000000e+04
1.989800000000000000e+04
1.991100000000000000e+04
1.991500000000000000e+04
1.991700000000000000e+04
1.992300000000000000e+04
1.992500000000000000e+04
1.992600000000000000e+04
1.993900000000000000e+04
1.994100000000000000e+04
1.994200000000000000e+04
1.994500000000000000e+04
1.995300000000000000e+04
1.995400000000000000e+04
1.995600000000000000e+04
2.005900000000000000e+04
2.006100000000000000e+04
2.007500000000000000e+04
2.009200000000000000e+04
2.011100000000000000e+04
2.012500000000000000e+04
2.013900000000000000e+04
2.017100000000000000e+04
2.017300000000000000e+04
2.017900000000000000e+04
2.018200000000000000e+04
2.019800000000000000e+04
2.020100000000000000e+04
2.020200000000000000e+04
2.020400000000000000e+04
2.020900000000000000e+04
2.021600000000000000e+04
2.029900000000000000e+04
2.037400000000000000e+04
2.037700000000000000e+04
2.044000000000000000e+04
2.044900000000000000e+04
2.060700000000000000e+04
2.067100000000000000e+04
2.070300000000000000e+04
2.071900000000000000e+04
2.072700000000000000e+04
2.073100000000000000e+04
2.073300000000000000e+04
2.073400000000000000e+04
2.079900000000000000e+04
2.083100000000000000e+04
2.084700000000000000e+04
2.085500000000000000e+04
2.085900000000000000e+04
2.086100000000000000e+04
2.086200000000000000e+04
2.089500000000000000e+04
2.091100000000000000e+04
2.091900000000000000e+04
2.092300000000000000e+04
2.092500000000000000e+04
2.094300000000000000e+04
2.095100000000000000e+04
2.095500000000000000e+04
2.095700000000000000e+04
2.095800000000000000e+04
2.096700000000000000e+04
2.097100000000000000e+04
2.097300000000000000e+04
2.097400000000000000e+04
2.097900000000000000e+04
2.098100000000000000e+04
2.098200000000000000e+04
2.098500000000000000e+04
2.098600000000000000e+04
2.105500000000000000e+04
2.108700000000000000e+04
2.110300000000000000e+04
2.111100000000000000e+04
2.111500000000000000e+04
2.111700000000000000e+04
2.111800000000000000e+04
2.115100000000000000e+04
2.116700000000000000e+04
2.117500000000000000e+04
2.117900000000000000e+04
2.118100000000000000e+04
2.119900000000000000e+04
2.120700000000000000e+04
2.121100000000000000e+04
2.121300000000000000e+04
2.121400000000000000e+04
2.122300000000000000e+04
2.122700000000000000e+04
2.122900000000000000e+04
2.123000000000000000e+04
2.123500000000000000e+04
2.123700000000000000e+04
2.124100000000000000e+04
2.124200000000000000e+04
2.127900000000000000e+04
2.129500000000000000e+04
2.130300000000000000e+04
2.132700000000000000e+04
2.133500000000000000e+04
2.133900000000000000e+04
2.134100000000000000e+04
2.134200000000000000e+04
2.135700000000000000e+04
2.136300000000000000e+04
2.139100000000000000e+04
2.139900000000000000e+04
2.140300000000000000e+04
2.140500000000000000e+04
2.141500000000000000e+04
2.141900000000000000e+04
2.142100000000000000e+04
2.142200000000000000e+04
2.142700000000000000e+04
2.142900000000000000e+04
2.143300000000000000e+04
2.143600000000000000e+04
2.144700000000000000e+04
2.145100000000000000e+04
2.145300000000000000e+04
2.145900000000000000e+04
2.146100000000000000e+04
2.146800000000000000e+04
2.147500000000000000e+04
2.148900000000000000e+04
2.149600000000000000e+04
2.156700000000000000e+04
2.159900000000000000e+04
2.162300000000000000e+04
2.162900000000000000e+04
2.166300000000000000e+04
2.167900000000000000e+04
2.168700000000000000e+04
2.169100000000000000e+04
2.169300000000000000e+04
2.169400000000000000e+04
2.171100000000000000e+04
2.172500000000000000e+04
2.173500000000000000e+04
2.173900000000000000e+04
2.174100000000000000e+04
2.174200000000000000e+04
2.174700000000000000e+04
2.175400000000000000e+04
2.175600000000000000e+04
2.179100000000000000e+04
2.181500000000000000e+04
2.183900000000000000e+04
2.184700000000000000e+04
2.185300000000000000e+04
2.186700000000000000e+04
2.186900000000000000e+04
2.187500000000000000e+04
2.187700000000000000e+04
2.188100000000000000e+04
2.188200000000000000e+04
2.191500000000000000e+04
2.191800000000000000e+04
2.193100000000000000e+04
2.193400000000000000e+04
2.195900000000000000e+04
2.196300000000000000e+04
2.196500000000000000e+04
2.197100000000000000e+04
2.197300000000000000e+04
2.197700000000000000e+04
2.198900000000000000e+04
2.199400000000000000e+04
2.200100000000000000e+04
2.200800000000000000e+04
2.206300000000000000e+04
2.207500000000000000e+04
2.210700000000000000e+04
2.213700000000000000e+04
2.213800000000000000e+04
2.215900000000000000e+04
2.216700000000000000e+04
2.218900000000000000e+04
2.220100000000000000e+04
2.221900000000000000e+04
2.222700000000000000e+04
2.225200000000000000e+04
2.225800000000000000e+04
2.229900000000000000e+04
2.231100000000000000e+04
2.231800000000000000e+04
2.232500000000000000e+04
2.232900000000000000e+04
2.234700000000000000e+04
2.236400000000000000e+04
2.237700000000000000e+04
2.238800000000000000e+04
2.240700000000000000e+04
2.241100000000000000e+04
2.241300000000000000e+04
2.241400000000000000e+04
2.241900000000000000e+04
2.242500000000000000e+04
2.244900000000000000e+04
2.245200000000000000e+04
2.246700000000000000e+04
2.247300000000000000e+04
2.248800000000000000e+04
2.259100000000000000e+04
2.265300000000000000e+04
2.271100000000000000e+04
2.271500000000000000e+04
2.273500000000000000e+04
2.274700000000000000e+04
2.274900000000000000e+04
2.277400000000000000e+04
2.281500000000000000e+04
2.284300000000000000e+04
2.286300000000000000e+04
2.287100000000000000e+04
2.287500000000000000e+04
2.287700000000000000e+04
2.287800000000000000e+04
2.288700000000000000e+04
2.289100000000000000e+04
2.290100000000000000e+04
2.290500000000000000e+04
2.293500000000000000e+04
2.294100000000000000e+04
2.295100000000000000e+04
2.296500000000000000e+04
2.296900000000000000e+04
2.297200000000000000e+04
2.298300000000000000e+04
2.298700000000000000e+04
2.298900000000000000e+04
2.299500000000000000e+04
2.299700000000000000e+04
2.300100000000000000e+04
2.301100000000000000e+04
2.301300000000000000e+04
2.301700000000000000e+04
2.302600000000000000e+04
2.311900000000000000e+04
2.313300000000000000e+04
2.315500000000000000e+04
2.315700000000000000e+04
2.316100000000000000e+04
2.322100000000000000e+04
2.323900000000000000e+04
2.324300000000000000e+04
2.325700000000000000e+04
2.326700000000000000e+04
2.326900000000000000e+04
2.328100000000000000e+04
2.331100000000000000e+04
2.338100000000000000e+04
2.339500000000000000e+04
2.340900000000000000e+04
2.343100000000000000e+04
2.344500000000000000e+04
2.349800000000000000e+04
2.350800000000000000e+04
2.360700000000000000e+04
2.370700000000000000e+04
2.373300000000000000e+04
2.373800000000000000e+04
2.375100000000000000e+04
2.378100000000000000e+04
2.379600000000000000e+04
2.385900000000000000e+04
2.386800000000000000e+04
2.387900000000000000e+04
2.389700000000000000e+04
2.391300000000000000e+04
2.391600000000000000e+04
2.395500000000000000e+04
2.397100000000000000e+04
2.397700000000000000e+04
2.399200000000000000e+04
2.400300000000000000e+04
2.400900000000000000e+04
2.410300000000000000e+04
2.414900000000000000e+04
2.427300000000000000e+04
2.435800000000000000e+04
2.438900000000000000e+04
2.451400000000000000e+04
2.451600000000000000e+04
2.470300000000000000e+04
2.476700000000000000e+04
2.479900000000000000e+04
2.481500000000000000e+04
2.482300000000000000e+04
2.482700000000000000e+04
2.482900000000000000e+04
2.483000000000000000e+04
2.489500000000000000e+04
2.492700000000000000e+04
2.494300000000000000e+04
2.495100000000000000e+04
2.495500000000000000e+04
2.495700000000000000e+04
2.495800000000000000e+04
2.499100000000000000e+04
2.500700000000000000e+04
2.501500000000000000e+04
2.501900000000000000e+04
2.502100000000000000e+04
2.503900000000000000e+04
2.504700000000000000e+04
2.505100000000000000e+04
2.505300000000000000e+04
2.505400000000000000e+04
2.506300000000000000e+04
2.506700000000000000e+04
2.506900000000000000e+04
2.507000000000000000e+04
2.507500000000000000e+04
2.507700000000000000e+04
2.507800000000000000e+04
2.508100000000000000e+04
2.508200000000000000e+04
2.508400000000000000e+04
2.515100000000000000e+04
2.518300000000000000e+04
2.519900000000000000e+04
2.520700000000000000e+04
2.521100000000000000e+04
2.521300000000000000e+04
2.521400000000000000e+04
2.524700000000000000e+04
2.526300000000000000e+04
2.527100000000000000e+04
2.527500000000000000e+04
2.527700000000000000e+04
2.527800000000000000e+04
2.529500000000000000e+04
2.530300000000000000e+04
2.530700000000000000e+04
2.530900000000000000e+04
2.531900000000000000e+04
2.532300000000000000e+04
2.532500000000000000e+04
2.532600000000000000e+04
2.533100000000000000e+04
2.533300000000000000e+04
2.533400000000000000e+04
2.533700000000000000e+04
2.533800000000000000e+04
2.534000000000000000e+04
2.537500000000000000e+04
2.539100000000000000e+04
2.539900000000000000e+04
2.540300000000000000e+04
2.540500000000000000e+04
2.540600000000000000e+04
2.542300000000000000e+04
2.543100000000000000e+04
2.543500000000000000e+04
2.543700000000000000e+04
2.543800000000000000e+04
2.545100000000000000e+04
2.546100000000000000e+04
2.546500000000000000e+04
2.546800000000000000e+04
2.548700000000000000e+04
2.549500000000000000e+04
2.549900000000000000e+04
2.550100000000000000e+04
2.550200000000000000e+04
2.551100000000000000e+04
2.551500000000000000e+04
2.551700000000000000e+04
2.551800000000000000e+04
2.552300000000000000e+04
2.552500000000000000e+04
2.552600000000000000e+04
2.552900000000000000e+04
2.553000000000000000e+04
2.553200000000000000e+04
2.554300000000000000e+04
2.554700000000000000e+04
2.554900000000000000e+04
2.555500000000000000e+04
2.555700000000000000e+04
2.555800000000000000e+04
2.556100000000000000e+04
2.556200000000000000e+04
2.557100000000000000e+04
2.557300000000000000e+04
2.557400000000000000e+04
2.558000000000000000e+04
2.558600000000000000e+04
2.559200000000000000e+04
2.566300000000000000e+04
2.569500000000000000e+04
2.571100000000000000e+04
2.572300000000000000e+04
2.572500000000000000e+04
2.572600000000000000e+04
2.577500000000000000e+04
2.578700000000000000e+04
2.578900000000000000e+04
2.580700000000000000e+04
2.583500000000000000e+04
2.583700000000000000e+04
2.583800000000000000e+04
2.584300000000000000e+04
2.588700000000000000e+04
2.590300000000000000e+04
2.591100000000000000e+04
2.593500000000000000e+04
2.594300000000000000e+04
2.594700000000000000e+04
2.594900000000000000e+04
2.595900000000000000e+04
2.596300000000000000e+04
2.596500000000000000e+04
2.596600000000000000e+04
2.597100000000000000e+04
2.597400000000000000e+04
2.597700000000000000e+04
2.597800000000000000e+04
2.599900000000000000e+04
2.601100000000000000e+04
2.601300000000000000e+04
2.602300000000000000e+04
2.603500000000000000e+04
2.603700000000000000e+04
2.604100000000000000e+04
2.604200000000000000e+04
2.605500000000000000e+04
2.605900000000000000e+04
2.606100000000000000e+04
2.606700000000000000e+04
2.606900000000000000e+04
2.607300000000000000e+04
2.608300000000000000e+04
2.608500000000000000e+04
2.608900000000000000e+04
2.609700000000000000e+04
2.609800000000000000e+04
2.614300000000000000e+04
2.617300000000000000e+04
2.619100000000000000e+04
2.619900000000000000e+04
2.620300000000000000e+04
2.621500000000000000e+04
2.622900000000000000e+04
2.623400000000000000e+04
2.627900000000000000e+04
2.629700000000000000e+04
2.631100000000000000e+04
2.631500000000000000e+04
2.632500000000000000e+04
2.632900000000000000e+04
2.635300000000000000e+04
2.640700000000000000e+04
2.641300000000000000e+04
2.642200000000000000e+04
2.644500000000000000e+04
2.646700000000000000e+04
2.650300000000000000e+04
2.650700000000000000e+04
2.650900000000000000e+04
2.652400000000000000e+04
2.653300000000000000e+04
2.653700000000000000e+04
2.656500000000000000e+04
2.656600000000000000e+04
2.656900000000000000e+04
2.657700000000000000e+04
2.657800000000000000e+04
2.660000000000000000e+04
2.671900000000000000e+04
2.673500000000000000e+04
2.674900000000000000e+04
2.675000000000000000e+04
2.678300000000000000e+04
2.679900000000000000e+04
2.681300000000000000e+04
2.683900000000000000e+04
2.686700000000000000e+04
2.686900000000000000e+04
2.687300000000000000e+04
2.692700000000000000e+04
2.695900000000000000e+04
2.696700000000000000e+04
2.697100000000000000e+04
2.697300000000000000e+04
2.698300000000000000e+04
2.698700000000000000e+04
2.698900000000000000e+04
2.699000000000000000e+04
2.699500000000000000e+04
2.699700000000000000e+04
2.699800000000000000e+04
2.700100000000000000e+04
2.703500000000000000e+04
2.703700000000000000e+04
2.704700000000000000e+04
2.705300000000000000e+04
2.706500000000000000e+04
2.706800000000000000e+04
2.707900000000000000e+04
2.708300000000000000e+04
2.708500000000000000e+04
2.709100000000000000e+04
2.709300000000000000e+04
2.709700000000000000e+04
2.710000000000000000e+04
2.710700000000000000e+04
2.710900000000000000e+04
2.711300000000000000e+04
2.712200000000000000e+04
2.712400000000000000e+04
2.716700000000000000e+04
2.721500000000000000e+04
2.722300000000000000e+04
2.722900000000000000e+04
2.723000000000000000e+04
2.724300000000000000e+04
2.725300000000000000e+04
2.725700000000000000e+04
2.730900000000000000e+04
2.732200000000000000e+04
2.735300000000000000e+04
2.736500000000000000e+04
2.736900000000000000e+04
2.738000000000000000e+04
2.738400000000000000e+04
2.742100000000000000e+04
2.743700000000000000e+04
2.747700000000000000e+04
2.748100000000000000e+04
2.752700000000000000e+04
2.753100000000000000e+04
2.754100000000000000e+04
2.755500000000000000e+04
2.756200000000000000e+04
2.757200000000000000e+04
2.758700000000000000e+04
2.759600000000000000e+04
2.760100000000000000e+04
2.775100000000000000e+04
2.775500000000000000e+04
2.775700000000000000e+04
2.779900000000000000e+04
2.783300000000000000e+04
2.786800000000000000e+04
2.787500000000000000e+04
2.788400000000000000e+04
2.788900000000000000e+04
2.794700000000000000e+04
2.796100000000000000e+04
2.800500000000000000e+04
2.804500000000000000e+04
2.806900000000000000e+04
2.807000000000000000e+04
2.807300000000000000e+04
2.808200000000000000e+04
2.808800000000000000e+04
2.810100000000000000e+04
2.810500000000000000e+04
2.810800000000000000e+04
2.812900000000000000e+04
2.813200000000000000e+04
2.825900000000000000e+04
2.828000000000000000e+04
2.831000000000000000e+04
2.833000000000000000e+04
2.835800000000000000e+04
2.844100000000000000e+04
2.848600000000000000e+04
2.855600000000000000e+04
2.861000000000000000e+04
2.876700000000000000e+04
2.878300000000000000e+04
2.879500000000000000e+04
2.879700000000000000e+04
2.885500000000000000e+04
2.889100000000000000e+04
2.889300000000000000e+04
2.890300000000000000e+04
2.890700000000000000e+04
2.890900000000000000e+04
2.891000000000000000e+04
2.891500000000000000e+04
2.891800000000000000e+04
2.892100000000000000e+04
2.892400000000000000e+04
2.897500000000000000e+04
2.898700000000000000e+04
2.898900000000000000e+04
2.900700000000000000e+04
2.901500000000000000e+04
2.901900000000000000e+04
2.902100000000000000e+04
2.903100000000000000e+04
2.903500000000000000e+04
2.903700000000000000e+04
2.904300000000000000e+04
2.904500000000000000e+04
2.905000000000000000e+04
2.905200000000000000e+04
2.907900000000000000e+04
2.908300000000000000e+04
2.908600000000000000e+04
2.910700000000000000e+04
2.910900000000000000e+04
2.911300000000000000e+04
2.911600000000000000e+04
2.912700000000000000e+04
2.913100000000000000e+04
2.913900000000000000e+04
2.914500000000000000e+04
2.914600000000000000e+04
2.914800000000000000e+04
2.915500000000000000e+04
2.915700000000000000e+04
2.916900000000000000e+04
2.917000000000000000e+04
2.917600000000000000e+04
2.926300000000000000e+04
2.927100000000000000e+04
2.927500000000000000e+04
2.927700000000000000e+04
2.929300000000000000e+04
2.930200000000000000e+04
2.933900000000000000e+04
2.935100000000000000e+04
2.936500000000000000e+04
2.937000000000000000e+04
2.938300000000000000e+04
2.939500000000000000e+04
2.939700000000000000e+04
2.941100000000000000e+04
2.946700000000000000e+04
2.947000000000000000e+04
2.948500000000000000e+04
2.949300000000000000e+04
2.949800000000000000e+04
2.951700000000000000e+04
2.952900000000000000e+04
2.953000000000000000e+04
2.954500000000000000e+04
2.955300000000000000e+04
2.957500000000000000e+04
2.964200000000000000e+04
2.975100000000000000e+04
2.986300000000000000e+04
2.988100000000000000e+04
2.989500000000000000e+04
2.989900000000000000e+04
2.992900000000000000e+04
2.993700000000000000e+04
2.997900000000000000e+04
3.000600000000000000e+04
3.002300000000000000e+04
3.003500000000000000e+04
3.004100000000000000e+04
3.005100000000000000e+04
3.005700000000000000e+04
3.008700000000000000e+04
3.009100000000000000e+04
3.009900000000000000e+04
3.010500000000000000e+04
3.010600000000000000e+04
3.011700000000000000e+04
3.012900000000000000e+04
3.013600000000000000e+04
3.014700000000000000e+04
3.014900000000000000e+04
3.015300000000000000e+04
3.016800000000000000e+04
3.023700000000000000e+04
3.029800000000000000e+04
3.031400000000000000e+04
3.040900000000000000e+04
3.041700000000000000e+04
3.047100000000000000e+04
3.048500000000000000e+04
3.049200000000000000e+04
3.055200000000000000e+04
3.059500000000000000e+04
3.063200000000000000e+04
3.067200000000000000e+04
3.081100000000000000e+04
3.081400000000000000e+04
3.083500000000000000e+04
3.087700000000000000e+04
3.088700000000000000e+04
3.092600000000000000e+04
3.094900000000000000e+04
3.096800000000000000e+04
3.099900000000000000e+04
3.101500000000000000e+04
3.102700000000000000e+04
3.103000000000000000e+04
3.104700000000000000e+04
3.106500000000000000e+04
3.106800000000000000e+04
3.107500000000000000e+04
3.107700000000000000e+04
3.111800000000000000e+04
3.120100000000000000e+04
3.121600000000000000e+04
3.128900000000000000e+04
3.130700000000000000e+04
3.133400000000000000e+04
3.138600000000000000e+04
3.157200000000000000e+04
3.162800000000000000e+04
3.163300000000000000e+04
3.189400000000000000e+04
3.202100000000000000e+04
3.202800000000000000e+04
3.208800000000000000e+04
3.213100000000000000e+04
3.219300000000000000e+04
3.229700000000000000e+04
