0 0 1.999965210406681
0 1 -1.81590903459453e-05
0 2 -2.266530595886769e-05
0 3 -4.098932903129003e-05
0 4 -7.700365354604438e-05
0 5 2.173900875353258e-05
0 6 -5.967388516625893e-06
0 7 -7.825518470238253e-06
0 8 2.813317221697011e-05
0 9 3.339105517395433e-05
0 10 -6.842074622257841e-07
0 11 8.627525355970041e-06
0 12 1.016867074706964e-05
0 13 -5.89646854081814e-06
0 14 -2.66753244671095e-05
0 15 -1.633944254216259e-05
0 16 2.192238096789837e-05
0 17 3.093472771104734e-06
0 18 -0.0001609544125532541
0 19 -2.845849659367935e-05
0 20 0.0001081978840534874
0 21 0.0002982898048486571
0 22 3.166878672018483e-05
0 23 -3.668541618345274e-05
0 24 -9.366366421597469e-05
0 25 -0.000163304773402975
0 26 6.465247565246544e-05
0 27 -0.0001574852097984943
0 28 2.741032566527942e-06
1 0 -1.815909034594528e-05
1 1 1.993958752409439
1 2 -0.000320587292509955
1 3 -0.0008217271278381242
1 4 -0.002038065415617053
1 5 -0.001091776176857904
1 6 -0.001031338702979825
1 7 -0.0009032978676429069
1 8 -0.002463206608562889
1 9 -0.001327416077041884
1 10 -0.001683425519249135
1 11 0.0008405815440920926
1 12 0.002196396924367975
1 13 0.0001434647660760804
1 14 -0.0006100112450200004
1 15 0.0008131022014854018
1 16 -0.001567154791463298
1 17 0.0002404505462059538
1 18 -0.0009676116583000004
1 19 -5.606843188206927e-05
1 20 -0.001386815030664498
1 21 -0.0002347530008124995
1 22 -0.00148205940312275
1 23 -2.712331155267294e-05
1 24 -0.0002562705274802588
1 25 0.0006897007222162169
1 26 0.0008016180798664952
1 27 0.001582483902912294
1 28 -0.001218234749142468
2 0 -2.266530595886666e-05
2 1 -0.0003205872925099563
2 2 1.992440797898349
2 3 -0.0005997611719971009
2 4 -0.001859195767625201
2 5 -0.0002257787214659968
2 6 0.003071716891247265
2 7 -0.0004533206261442073
2 8 0.0002581516068986975
2 9 -0.0007798787869975545
2 10 0.0006105430744475198
2 11 -0.0005745263880126506
2 12 0.0002581564316538108
2 13 -0.0006677827963629171
2 14 0.0009001404021707103
2 15 -0.0006856164381187818
2 16 0.005178664794782992
2 17 0.0005569412404549443
2 18 3.372842978042662e-05
2 19 0.001944419053196751
2 20 0.0003888170090601816
2 21 0.0008022575531034755
2 22 -5.040188420671241e-05
2 23 0.0005532958412518
2 24 -0.0003977147331995491
2 25 0.0003722404647914455
2 26 -0.0005388241045782108
2 27 0.0008673270091105339
2 28 0.002044462276343871
3 0 -4.098932903129067e-05
3 1 -0.0008217271278380968
3 2 -0.0005997611719971007
3 3 1.991224866825353
3 4 -0.001619984246282722
3 5 0.0004936792004911462
3 6 -0.0001606067024067401
3 7 0.0007038394732554389
3 8 0.001847814292144201
3 9 0.002895637237279575
3 10 -0.0006773421843223786
3 11 0.003692847577295957
3 12 0.001780064920078059
3 13 -0.0007836413211555005
3 14 -0.0002239641693327087
3 15 -0.000268135950473642
3 16 -7.710214710004767e-05
3 17 -0.0009304720661836136
3 18 -0.0004045506270005536
3 19 0.0001497190301517401
3 20 -0.002226205809972299
3 21 -0.001121192352300261
3 22 -0.003163427206486076
3 23 0.001160313598833091
3 24 -0.0009169054634421365
3 25 0.0003201602729169905
3 26 -0.001898823509865867
3 27 -0.001190909759673276
3 28 -0.001009235213760256
4 0 -7.700365354604502e-05
4 1 -0.002038065415617067
4 2 -0.001859195767625223
4 3 -0.001619984246282742
4 4 1.987224561974785
4 5 0.001254418323756365
4 6 -0.0008640200937929989
4 7 0.0002322130645124466
4 8 0.0005649273990923889
4 9 -0.000770983037702405
4 10 -0.0002792658407247007
4 11 -0.001092279847677493
4 12 0.001558049258573373
4 13 -7.029501098580156e-05
4 14 -0.0008032153509057198
4 15 -0.001970304671840401
4 16 -0.00262202267813886
4 17 -0.001159890463292788
4 18 -0.00204789503992176
4 19 -0.0008735461943678389
4 20 0.001388933193970166
4 21 -0.001896399094160489
4 22 -0.0002070058279885166
4 23 0.0002485110021408007
4 24 0.00208015509133321
4 25 -0.0005130549371239626
4 26 0.0007239483674824378
4 27 -0.001277781022663707
4 28 -0.001981204670602283
5 0 2.173900875353223e-05
5 1 -0.001091776176857889
5 2 -0.000225778721465978
5 3 0.0004936792004911492
5 4 0.001254418323756379
5 5 1.987956567445718
5 6 0.0005132021476445901
5 7 -0.0004005121271955122
5 8 9.017383074348996e-05
5 9 -0.001919918660869071
5 10 -0.002276184742039427
5 11 0.001931621997163944
5 12 0.005930227613616585
5 13 0.001669617677411391
5 14 0.001610406237888666
5 15 0.001422060887211997
5 16 0.001492954574624148
5 17 -0.0008151676554878662
5 18 0.0006280559970702075
5 19 -0.002058762014333426
5 20 0.001686359790135266
5 21 -0.0002495650347662719
5 22 -0.0009604537960904929
5 23 0.001012155230865936
5 24 8.163121506672186e-05
5 25 0.00237721211813574
5 26 -0.007008174365935144
5 27 0.0004031586972744465
5 28 -0.0004997358262414273
6 0 -5.967388516626579e-06
6 1 -0.001031338702979799
6 2 0.00307171689124728
6 3 -0.0001606067024067428
6 4 -0.0008640200937930097
6 5 0.0005132021476445968
6 6 1.984917700872386
6 7 -0.002323591393434577
6 8 1.740088290531474e-05
6 9 0.0002701996836494428
6 10 -0.0009365389144686342
6 11 -0.0009121178040588488
6 12 0.0013853911249779
6 13 0.0001256942820817119
6 14 -0.0005044102110957072
6 15 0.002625112379957013
6 16 0.001036421219081122
6 17 -0.004279131777041414
6 18 0.003748314646040618
6 19 -0.0029996000565573
6 20 -0.0005567846473103835
6 21 0.0003434820907737198
6 22 0.003361638084684008
6 23 -0.00248285517415614
6 24 -0.001595962745760372
6 25 0.003221042809614526
6 26 -0.001383838843608158
6 27 -0.002745574211771757
6 28 0.001441495565169563
7 0 -7.825518470237084e-06
7 1 -0.000903297867642915
7 2 -0.0004533206261441294
7 3 0.0007038394732554302
7 4 0.0002322130645124261
7 5 -0.0004005121271954913
7 6 -0.002323591393434569
7 7 1.982927098448365
7 8 0.0001745461731935995
7 9 -0.0004437163152296597
7 10 -0.0002578086648966529
7 11 -0.0009041013334372937
7 12 0.0004918962970850103
7 13 -0.0009908030382396505
7 14 0.00286311761060495
7 15 0.006968725138794173
7 16 0.002835355479442869
7 17 -0.007569216824839796
7 18 0.0005355270600997879
7 19 0.0009511506747245506
7 20 -0.001237774712818161
7 21 0.002403971762729297
7 22 0.001801041666680407
7 23 0.001368783182002225
7 24 -0.00108835365210028
7 25 -0.001176936323687243
7 26 -0.0001771882596143108
7 27 0.002059501447277625
7 28 0.004853526037680902
8 0 2.813317221697013e-05
8 1 -0.002463206608562832
8 2 0.0002581516068986818
8 3 0.001847814292144227
8 4 0.0005649273990923838
8 5 9.017383074339052e-05
8 6 1.740088290532486e-05
8 7 0.0001745461731936439
8 8 1.983990914825768
8 9 -0.003067179682351497
8 10 -0.002287161344460713
8 11 -0.0007489949835973112
8 12 0.005311053062496567
8 13 0.001613879771355165
8 14 0.0005108392932192752
8 15 -0.0006681994040088168
8 16 -0.0009789691830542012
8 17 0.002954197148736688
8 18 0.005075659320965622
8 19 0.002639497275062476
8 20 -0.0009137309418404413
8 21 -0.003518863781933678
8 22 0.001357507886111581
8 23 0.002812280454461465
8 24 -0.002508177615392321
8 25 -0.001723650464440211
8 26 0.00713068511461839
8 27 0.001438545515656158
8 28 0.0005929346171692159
9 0 3.339105517395413e-05
9 1 -0.001327416077041893
9 2 -0.0007798787869975736
9 3 0.002895637237279554
9 4 -0.0007709830377023512
9 5 -0.001919918660869108
9 6 0.0002701996836494207
9 7 -0.0004437163152296618
9 8 -0.00306717968235139
9 9 1.979253998893279
9 10 6.412459209553136e-05
9 11 -0.004466435590571322
9 12 0.001069174356789601
9 13 -0.002884727139370857
9 14 0.0007976788052162453
9 15 -0.002742856766385507
9 16 -0.003982778518433887
9 17 0.007567696154097204
9 18 0.001236025301438766
9 19 -0.00326373569107735
9 20 0.002083949762026004
9 21 -0.001010938559428297
9 22 -0.001000161393001639
9 23 0.001515816314175406
9 24 0.001949013754013634
9 25 0.001943975748011785
9 26 -0.00335765778179287
9 27 0.001991955699767708
9 28 -0.003015824379704977
10 0 -6.842074622248085e-07
10 1 -0.001683425519249127
10 2 0.0006105430744475154
10 3 -0.0006773421843223659
10 4 -0.0002792658407246788
10 5 -0.00227618474203947
10 6 -0.0009365389144686354
10 7 -0.0002578086648966351
10 8 -0.002287161344460763
10 9 6.412459209554058e-05
10 10 1.980758745395287
10 11 0.002982540699615327
10 12 -0.001811980637998095
10 13 0.005053847839393786
10 14 -0.0005570573974765079
10 15 0.00220826660134236
10 16 0.005589763749298482
10 17 -0.00389533075636108
10 18 0.002825528982139123
10 19 5.795307397807992e-05
10 20 0.002762924196285992
10 21 -0.0003448382254447189
10 22 0.001762136478653304
10 23 -0.002069624958848795
10 24 -0.001091611339284931
10 25 0.003246622423182888
10 26 -0.003425227694863831
10 27 -0.0003306996298710526
10 28 -0.0003402445247082071
11 0 8.627525355969792e-06
11 1 0.0008405815440921007
11 2 -0.0005745263880126958
11 3 0.003692847577295909
11 4 -0.001092279847677505
11 5 0.001931621997163945
11 6 -0.0009121178040589463
11 7 -0.000904101333437262
11 8 -0.0007489949835973413
11 9 -0.00446643559057123
11 10 0.002982540699614977
11 11 1.972555275423766
11 12 0.001262821301111429
11 13 -0.007551957596114885
11 14 0.002335820990937783
11 15 0.0004020333294642655
11 16 -0.004928287968515726
11 17 -0.00257024805108804
11 18 0.0006245087085822866
11 19 -0.001606154747239569
11 20 0.002551594864434109
11 21 0.001509362988947208
11 22 -0.003226526218096854
11 23 0.001130579269456205
11 24 -0.00152610587894062
11 25 -0.0008505205997703436
11 26 -0.0005880098103682365
11 27 0.0001772208726934527
11 28 0.0002756013271703456
12 0 1.016867074707035e-05
12 1 0.002196396924368031
12 2 0.0002581564316538085
12 3 0.001780064920078056
12 4 0.001558049258573347
12 5 0.005930227613616809
12 6 0.001385391124977873
12 7 0.0004918962970850403
12 8 0.005311053062496636
12 9 0.001069174356789576
12 10 -0.001811980637997932
12 11 0.001262821301111695
12 12 1.987524700087146
12 13 0.008104732855409299
12 14 -0.002233895422758378
12 15 -0.001325306827922974
12 16 -0.001139519423219369
12 17 -0.004713173128590985
12 18 0.004719412477518134
12 19 -0.001665640764561741
12 20 -0.001304078484039493
12 21 -0.002049668221724237
12 22 0.002946725021360465
12 23 -0.0007102081105135431
12 24 0.001629405140045709
12 25 -0.0009279171113821647
12 26 0.001446332056364825
12 27 0.001717124096875558
12 28 -0.0004583242422390589
13 0 -5.896468540817997e-06
13 1 0.0001434647660760673
13 2 -0.000667782796362994
13 3 -0.0007836413211555346
13 4 -7.029501098579009e-05
13 5 0.001669617677411361
13 6 0.0001256942820816842
13 7 -0.0009908030382398279
13 8 0.0016138797713551
13 9 -0.002884727139370872
13 10 0.0050538478393942
13 11 -0.007551957596114746
13 12 0.008104732855409
13 13 1.953394406675105
13 14 0.008607471214718908
13 15 0.004209251904768797
13 16 -0.006984724037491649
13 17 0.007487155528398016
13 18 0.001808888709623965
13 19 0.003824549605803765
13 20 0.003121874961055011
13 21 -0.0007599654734936036
13 22 0.0006908976034800761
13 23 -0.0006237849009326272
13 24 -0.0001309023849828565
13 25 0.001804018471487035
13 26 -0.0001701558883277508
13 27 -0.0007063179963635661
13 28 0.001235523569603683
14 0 -2.667532446710992e-05
14 1 -0.0006100112450199971
14 2 0.0009001404021707183
14 3 -0.000223964169332712
14 4 -0.0008032153509057387
14 5 0.001610406237888715
14 6 -0.0005044102110955983
14 7 0.002863117610604989
14 8 0.0005108392932192858
14 9 0.0007976788052162203
14 10 -0.0005570573974766082
14 11 0.002335820990937614
14 12 -0.002233895422758255
14 13 0.00860747121471887
14 14 1.980694349738688
14 15 0.003711496213548201
14 16 0.02154034386050035
14 17 0.05764073200014615
14 18 0.006844257311496384
14 19 0.01559440837006357
14 20 0.0122931809688949
14 21 0.005016246071041716
14 22 -0.002915431541620358
14 23 -4.456439352102906e-05
14 24 -0.00653981802272556
14 25 0.01119911027221425
14 26 0.002886857354730928
14 27 -0.01084464810200283
14 28 0.000590289014072276
15 0 -1.633944254216271e-05
15 1 0.0008131022014854003
15 2 -0.0006856164381187518
15 3 -0.0002681359504736138
15 4 -0.001970304671840516
15 5 0.001422060887211999
15 6 0.002625112379956924
15 7 0.006968725138794157
15 8 -0.0006681994040088008
15 9 -0.00274285676638551
15 10 0.002208266601342368
15 11 0.0004020333294641546
15 12 -0.001325306827922967
15 13 0.004209251904769183
15 14 0.003711496213547857
15 15 1.981612533691385
15 16 0.02165295194253962
15 17 -0.04998952250327556
15 18 0.0065235327979353
15 19 0.008373191687779807
15 20 0.006268109179991061
15 21 0.006631426675546613
15 22 0.005895499975470481
15 23 -0.006511861293548084
15 24 -0.009826866449764011
15 25 0.008570791989577737
15 26 0.004320244013259211
15 27 -0.01213188625943131
15 28 0.0007484125134386559
16 0 2.192238096789735e-05
16 1 -0.001567154791463268
16 2 0.005178664794783058
16 3 -7.710214710004732e-05
16 4 -0.002622022678138818
16 5 0.001492954574624221
16 6 0.001036421219081006
16 7 0.002835355479442762
16 8 -0.0009789691830542127
16 9 -0.003982778518434062
16 10 0.005589763749298232
16 11 -0.004928287968515473
16 12 -0.001139519423219401
16 13 -0.006984724037492021
16 14 0.02154034386049947
16 15 0.02165295194253831
16 16 0.05753122042745883
16 17 -0.0008214151884233657
16 18 -0.0004485789823327546
16 19 0.001435122653586623
16 20 -0.002593352064129695
16 21 0.0005140300151214064
16 22 0.0009187325025966085
16 23 -0.001753304140307929
16 24 -0.0009875356634634377
16 25 0.00202225280505949
16 26 0.001235734437134155
16 27 -0.002905982796985875
16 28 -0.0008700827670350996
17 0 3.093472771104733e-06
17 1 0.000240450546205947
17 2 0.000556941240454966
17 3 -0.0009304720661836279
17 4 -0.001159890463292816
17 5 -0.0008151676554878665
17 6 -0.004279131777041398
17 7 -0.007569216824839785
17 8 0.002954197148736704
17 9 0.007567696154097127
17 10 -0.003895330756361016
17 11 -0.002570248051087975
17 12 -0.00471317312859116
17 13 0.007487155528398146
17 14 0.05764073200014614
17 15 -0.04998952250327561
17 16 -0.000821415188423296
17 17 0.01729357301304123
17 18 -0.0005332909550387663
17 19 0.0006647921787923952
17 20 0.0005238207735494443
17 21 -0.0001185766674350732
17 22 -0.001567291416569077
17 23 0.0007233117999529957
17 24 0.0002996958401525816
17 25 0.0004589825878280923
17 26 0.0005448769147236696
17 27 -0.0002035296003340077
17 28 -0.00133446678373398
18 0 -0.000160954412553255
18 1 -0.0009676116582999299
18 2 3.372842978041938e-05
18 3 -0.000404550627000553
18 4 -0.002047895039921665
18 5 0.0006280559970702101
18 6 0.00374831464604057
18 7 0.0005355270600997824
18 8 0.005075659320965615
18 9 0.001236025301438774
18 10 0.002825528982138964
18 11 0.0006245087085822502
18 12 0.004719412477518244
18 13 0.001808888709623931
18 14 0.006844257311496256
18 15 0.00652353279793513
18 16 -0.0004485789823327859
18 17 -0.0005332909550387743
18 18 0.02172417156543188
18 19 0.002120841509346443
18 20 0.0001489798610199725
18 21 0.0006508539668493639
18 22 0.002238887391497075
18 23 -0.003478102764290591
18 24 -0.001108073619309401
18 25 0.004216395877103825
18 26 0.0002136367305795567
18 27 0.004567272337975376
18 28 -0.0006123531344764097
19 0 -2.845849659368008e-05
19 1 -5.606843188206859e-05
19 2 0.001944419053196809
19 3 0.0001497190301517384
19 4 -0.0008735461943678482
19 5 -0.002058762014333514
19 6 -0.002999600056557369
19 7 0.0009511506747245072
19 8 0.002639497275062502
19 9 -0.003263735691077466
19 10 5.795307397806989e-05
19 11 -0.001606154747239569
19 12 -0.001665640764561636
19 13 0.003824549605803752
19 14 0.01559440837006376
19 15 0.008373191687779297
19 16 0.001435122653586671
19 17 0.0006647921787923956
19 18 0.002120841509346311
19 19 0.02530561338943986
19 20 -0.0006269939748767751
19 21 -0.000750736643036223
19 22 -0.0008219027980276672
19 23 0.0007052001447287429
19 24 -0.002205015576271062
19 25 0.002381963036804203
19 26 -0.001472821416380289
19 27 -0.004577531586535016
19 28 0.0001086635355028029
20 0 0.0001081978840534885
20 1 -0.001386815030664611
20 2 0.0003888170090601692
20 3 -0.002226205809972482
20 4 0.001388933193970158
20 5 0.001686359790135282
20 6 -0.0005567846473103654
20 7 -0.001237774712818118
20 8 -0.0009137309418404754
20 9 0.002083949762026056
20 10 0.002762924196286136
20 11 0.002551594864434105
20 12 -0.001304078484039576
20 13 0.003121874961055022
20 14 0.0122931809688948
20 15 0.006268109179991092
20 16 -0.002593352064129959
20 17 0.0005238207735494469
20 18 0.0001489798610199234
20 19 -0.0006269939748767299
20 20 0.02260471976485411
20 21 0.002447923869554817
20 22 -0.001918874504794212
20 23 -0.0003748475633901816
20 24 -0.002225247878200523
20 25 0.003053019432804308
20 26 0.002457589797443407
20 27 -0.001078742121255765
20 28 0.0004747478703913927
21 0 0.0002982898048486445
21 1 -0.0002347530008124718
21 2 0.0008022575531034652
21 3 -0.001121192352300274
21 4 -0.001896399094160423
21 5 -0.0002495650347662547
21 6 0.0003434820907737219
21 7 0.002403971762729243
21 8 -0.003518863781933822
21 9 -0.001010938559428321
21 10 -0.0003448382254447156
21 11 0.001509362988947248
21 12 -0.002049668221724204
21 13 -0.0007599654734936008
21 14 0.005016246071041832
21 15 0.006631426675546467
21 16 0.0005140300151213575
21 17 -0.000118576667435074
21 18 0.0006508539668493664
21 19 -0.0007507366430362133
21 20 0.002447923869554866
21 21 0.01913334569466264
21 22 0.001023289660745766
21 23 -0.0001364610070186618
21 24 -0.001808828970419694
21 25 -0.0005008710813033526
21 26 0.0008391230007640439
21 27 -0.004272659592051706
21 28 0.0007585856363596421
22 0 3.166878672018438e-05
22 1 -0.001482059403122601
22 2 -5.040188420670637e-05
22 3 -0.003163427206486114
22 4 -0.0002070058279885188
22 5 -0.0009604537960904976
22 6 0.003361638084684107
22 7 0.001801041666680419
22 8 0.00135750788611156
22 9 -0.00100016139300165
22 10 0.001762136478653331
22 11 -0.003226526218096944
22 12 0.002946725021360448
22 13 0.0006908976034800694
22 14 -0.002915431541620293
22 15 0.005895499975470541
22 16 0.000918732502596561
22 17 -0.001567291416569042
22 18 0.002238887391497062
22 19 -0.0008219027980277079
22 20 -0.001918874504794162
22 21 0.001023289660745756
22 22 0.0141386318030098
22 23 0.0009450522515046527
22 24 -0.00349245619243454
22 25 0.0002363688158280371
22 26 -0.001171579198765822
22 27 -9.36599769253287e-05
22 28 -0.0005408702864397796
23 0 -3.668541618345217e-05
23 1 -2.71233115526736e-05
23 2 0.0005532958412518066
23 3 0.001160313598833123
23 4 0.0002485110021407993
23 5 0.00101215523086589
23 6 -0.002482855174156076
23 7 0.001368783182002257
23 8 0.002812280454461487
23 9 0.001515816314175332
23 10 -0.002069624958848803
23 11 0.001130579269456239
23 12 -0.0007102081105135972
23 13 -0.0006237849009326297
23 14 -4.456439352102866e-05
23 15 -0.006511861293548221
23 16 -0.00175330414030793
23 17 0.0007233117999529522
23 18 -0.003478102764290762
23 19 0.0007052001447286722
23 20 -0.0003748475633901799
23 21 -0.0001364610070186558
23 22 0.000945052251504721
23 23 0.01171468679195789
23 24 0.0005257752420582198
23 25 0.003930453658425074
23 26 0.002903044095955378
23 27 1.070434473644952e-05
23 28 -0.0006990008297199212
24 0 -9.366366421597447e-05
24 1 -0.0002562705274802502
24 2 -0.0003977147331995446
24 3 -0.0009169054634421297
24 4 0.002080155091333367
24 5 8.163121506671062e-05
24 6 -0.001595962745760359
24 7 -0.001088353652100251
24 8 -0.002508177615392376
24 9 0.001949013754013621
24 10 -0.001091611339284948
24 11 -0.001526105878940661
24 12 0.001629405140045745
24 13 -0.0001309023849828423
24 14 -0.006539818022725517
24 15 -0.00982686644976496
24 16 -0.0009875356634634893
24 17 0.0002996958401525408
24 18 -0.001108073619309404
24 19 -0.002205015576271104
24 20 -0.002225247878200472
24 21 -0.001808828970419714
24 22 -0.003492456192434465
24 23 0.0005257752420582318
24 24 0.01469859305353436
24 25 0.0002900698007607742
24 26 0.0008911940458122397
24 27 -0.0002500686173386268
24 28 -0.001153303197321708
25 0 -0.000163304773402974
25 1 0.0006897007222162006
25 2 0.0003722404647914538
25 3 0.0003201602729169767
25 4 -0.0005130549371239627
25 5 0.002377212118135731
25 6 0.003221042809614626
25 7 -0.00117693632368728
25 8 -0.001723650464440212
25 9 0.001943975748011809
25 10 0.003246622423182879
25 11 -0.0008505205997703554
25 12 -0.0009279171113821478
25 13 0.001804018471487136
25 14 0.01119911027221409
25 15 0.008570791989578101
25 16 0.002022252805059349
25 17 0.0004589825878280589
25 18 0.004216395877103781
25 19 0.002381963036804307
25 20 0.003053019432804455
25 21 -0.000500871081303375
25 22 0.0002363688158280855
25 23 0.003930453658425049
25 24 0.0002900698007607676
25 25 0.01541810624699013
25 26 -0.001284126286054628
25 27 -0.000200650079473893
25 28 0.001047457096715268
26 0 6.465247565246479e-05
26 1 0.0008016180798664802
26 2 -0.0005388241045782266
26 3 -0.001898823509865859
26 4 0.0007239483674824481
26 5 -0.007008174365935007
26 6 -0.00138383884360818
26 7 -0.0001771882596143143
26 8 0.007130685114618495
26 9 -0.003357657781792763
26 10 -0.003425227694863779
26 11 -0.0005880098103682379
26 12 0.001446332056364825
26 13 -0.00017015588832772
26 14 0.002886857354730936
26 15 0.004320244013259192
26 16 0.001235734437134101
26 17 0.0005448769147237064
26 18 0.0002136367305795687
26 19 -0.001472821416380372
26 20 0.00245758979744328
26 21 0.0008391230007640813
26 22 -0.00117157919876582
26 23 0.002903044095955466
26 24 0.0008911940458122123
26 25 -0.001284126286054607
26 26 0.01377033023203433
26 27 -0.0003526621566198151
26 28 0.0002152913037671253
27 0 -0.0001574852097984908
27 1 0.00158248390291227
27 2 0.0008673270091105248
27 3 -0.001190909759673259
27 4 -0.001277781022663678
27 5 0.0004031586972744541
27 6 -0.002745574211771777
27 7 0.002059501447277637
27 8 0.001438545515656101
27 9 0.001991955699767751
27 10 -0.0003306996298710664
27 11 0.0001772208726934427
27 12 0.001717124096875513
27 13 -0.0007063179963635539
27 14 -0.01084464810200342
27 15 -0.01213188625943111
27 16 -0.002905982796985808
27 17 -0.0002035296003340192
27 18 0.004567272337975208
27 19 -0.004577531586535135
27 20 -0.00107874212125585
27 21 -0.004272659592051743
27 22 -9.365997692533206e-05
27 23 1.070434473649108e-05
27 24 -0.0002500686173385901
27 25 -0.0002006500794738829
27 26 -0.0003526621566198174
27 27 0.01100210338560913
27 28 -0.0004182082859196649
28 0 2.741032566528069e-06
28 1 -0.001218234749142463
28 2 0.002044462276343837
28 3 -0.001009235213760249
28 4 -0.001981204670602335
28 5 -0.0004997358262414474
28 6 0.001441495565169721
28 7 0.00485352603768095
28 8 0.000592934617169146
28 9 -0.003015824379704923
28 10 -0.0003402445247082094
28 11 0.0002756013271704105
28 12 -0.0004583242422390401
28 13 0.001235523569603655
28 14 0.000590289014072277
28 15 0.0007484125134386128
28 16 -0.0008700827670351135
28 17 -0.001334466783733941
28 18 -0.0006123531344763601
28 19 0.0001086635355027911
28 20 0.0004747478703914249
28 21 0.0007585856363596212
28 22 -0.0005408702864397907
28 23 -0.0006990008297198774
28 24 -0.001153303197321735
28 25 0.001047457096715247
28 26 0.000215291303767103
28 27 -0.0004182082859196305
28 28 0.01526442330039391
