0 0 1.999964088572351
0 1 -1.462318532739564e-05
0 2 -4.086693645556861e-05
0 3 -7.552761273577559e-05
0 4 -1.531958056236073e-05
0 5 -3.233355021583074e-06
0 6 -3.409865071136672e-05
0 7 1.487665756125761e-05
0 8 -6.163537113915681e-06
0 9 8.638987579574817e-06
0 10 -8.875419582482789e-06
0 11 1.428317098996558e-06
0 12 6.886693321047571e-06
0 13 -0.0001334542785803086
0 14 -2.296555891052436e-05
0 15 -2.033019620019568e-06
0 16 -6.170540247543222e-05
0 17 0.0002126950488358371
0 18 6.077571837124215e-05
0 19 4.658365340296406e-05
0 20 0.0002942530990686223
0 21 -1.592953099016487e-06
0 22 -7.520130026309163e-05
0 23 -0.0001018869057602455
1 0 -1.462318532739563e-05
1 1 1.993060052817729
1 2 -0.0006939028554065352
1 3 -0.001543047619711438
1 4 0.001828642623527397
1 5 0.0002354177071132633
1 6 0.002175790088041247
1 7 -0.001142076999604225
1 8 0.0004238759890328362
1 9 -8.682257522633051e-05
1 10 0.0003623842259346235
1 11 -1.253590711629124e-05
1 12 0.0001566134148987628
1 13 -0.001691382982973913
1 14 -0.002385479110907441
1 15 0.0007803446143365767
1 16 -0.0005319992566515898
1 17 0.0001934615621273232
1 18 0.00037896188444245
1 19 -0.0009447769156276568
1 20 0.0003302983031633836
1 21 3.803204806105574e-05
1 22 0.0009036513396255031
1 23 0.0009944147836055089
2 0 -4.086693645556873e-05
2 1 -0.0006939028554065324
2 2 1.988507388616533
2 3 -0.0005649428363035903
2 4 -0.0002478887287588778
2 5 -9.107463138698863e-05
2 6 -0.000415249163164106
2 7 0.001454278279191651
2 8 -0.0004886358068333244
2 9 -0.002032929700968451
2 10 -0.0008409849813130945
2 11 -0.00012151952363434
2 12 -0.0001025144672072944
2 13 4.911391681298108e-05
2 14 -0.001767547444662042
2 15 -0.001243268615664914
2 16 0.0002095678912243188
2 17 -0.000192145985121962
2 18 -0.0009959490242578521
2 19 -0.001338528428905486
2 20 -0.0009126419567375783
2 21 2.492232668669269e-05
2 22 -0.001403837291252892
2 23 -3.924050998256628e-05
3 0 -7.552761273577611e-05
3 1 -0.001543047619711411
3 2 -0.0005649428363035784
3 3 1.985302937320311
3 4 -0.0003152655673403619
3 5 1.893707822451051e-05
3 6 -1.855810029100085e-05
3 7 0.0002169706093362341
3 8 -0.0001998510278646935
3 9 0.0004530474754741104
3 10 -0.003017056486230326
3 11 0.0001223966017977968
3 12 -8.519128593194128e-05
3 13 -0.0002613113587514108
3 14 -0.0006178750950777158
3 15 -0.0009888936233036893
3 16 2.120923103510691e-06
3 17 -0.000550801967379418
3 18 0.001167976235939635
3 19 -0.0006501765785787322
3 20 0.0002210561582999274
3 21 -6.220055842714142e-05
3 22 0.0007191621259926182
3 23 -0.0009759913471753258
4 0 -1.531958056236016e-05
4 1 0.001828642623527354
4 2 -0.000247888728758884
4 3 -0.0003152655673403489
4 4 1.984017352879738
4 5 5.172899316056272e-05
4 6 -0.001523892500487905
4 7 -0.0006422032166494187
4 8 0.0004784507318252252
4 9 0.0006889782618895545
4 10 0.004600434167883541
4 11 -9.014435138580759e-05
4 12 0.0002412660391245518
4 13 0.001641439738882911
4 14 -0.001017565969838655
4 15 0.002623244468638752
4 16 -0.0008449202147158311
4 17 0.001790779350281515
4 18 0.001023141229426631
4 19 0.001207336938701785
4 20 0.001030559874517987
4 21 0.0005682111733135071
4 22 0.006367452867673155
4 23 -0.001585867886586213
5 0 -3.233355021583166e-06
5 1 0.0002354177071132615
5 2 -9.107463138698599e-05
5 3 1.893707822451255e-05
5 4 5.172899316055899e-05
5 5 1.980531276753623
5 6 -8.701834523829196e-05
5 7 -0.0002333526237489869
5 8 -0.0003194680630645778
5 9 -6.468008537694915e-05
5 10 0.0007134486045455186
5 11 0.002892273999559693
5 12 0.009455122476816324
5 13 0.0006929638485852487
5 14 0.0001522542465763505
5 15 -0.0005993787652211697
5 16 -0.004428533966946606
5 17 -0.0005549686082271248
5 18 -0.0006102210934820771
5 19 0.0003371864995502307
5 20 9.994767192757537e-05
5 21 -0.002383574447487122
5 22 0.0001656061032286626
5 23 -0.0001423189962610247
6 0 -3.409865071136675e-05
6 1 0.002175790088041168
6 2 -0.0004152491631641345
6 3 -1.855810029092435e-05
6 4 -0.001523892500488005
6 5 -8.70183452382822e-05
6 6 1.978847395357608
6 7 0.000106186027382294
6 8 0.0001017863238842071
6 9 -0.001006392025052647
6 10 0.005840978213922173
6 11 -0.0002290839139575099
6 12 0.0003912328559331588
6 13 -0.0009862736781459649
6 14 0.00152142917642884
6 15 -0.001601749727091383
6 16 -0.0006382676778574699
6 17 0.002322899161235336
6 18 0.001371186681759058
6 19 -0.001217999551659701
6 20 0.0009694532689829695
6 21 -0.0002125874483154962
6 22 -0.004237825458911203
6 23 0.0005086079255454291
7 0 1.48766575612574e-05
7 1 -0.00114207699960423
7 2 0.001454278279191621
7 3 0.000216970609336235
7 4 -0.0006422032166494311
7 5 -0.0002333526237489854
7 6 0.0001061860273823173
7 7 1.977695377399421
7 8 0.0002955846742622022
7 9 0.001932939332118747
7 10 -0.004839483452331574
7 11 0.001423544645295221
7 12 0.00538403689411503
7 13 0.003759893357808072
7 14 0.003638997149538102
7 15 0.00161799716076937
7 16 -0.0005002269847631119
7 17 -0.002259979455913897
7 18 -0.002007060396801055
7 19 0.0005378409530955234
7 20 0.0002585466359704314
7 21 -0.0006819219168330853
7 22 0.0008805853067759444
7 23 -0.0004966222637884699
8 0 -6.163537113916279e-06
8 1 0.0004238759890328359
8 2 -0.0004886358068333318
8 3 -0.0001998510278646998
8 4 0.0004784507318252276
8 5 -0.0003194680630645794
8 6 0.0001017863238842051
8 7 0.0002955846742621978
8 8 1.9782996800136
8 9 -0.0008830633628261581
8 10 0.002206726035938206
8 11 0.002516809616006649
8 12 0.01292600782141799
8 13 -0.00157271208981422
8 14 -0.001838265496229999
8 15 -0.00094904753420732
8 16 -0.002425201790563308
8 17 0.0002463941865378683
8 18 9.445064265341043e-06
8 19 0.0001224255452663348
8 20 -0.0003681118119149463
8 21 -0.002382257238361761
8 22 -0.0005935127431684513
8 23 7.469179794583726e-05
9 0 8.638987579575285e-06
9 1 -8.682257522633768e-05
9 2 -0.002032929700968434
9 3 0.0004530474754741053
9 4 0.0006889782618895327
9 5 -6.468008537692955e-05
9 6 -0.001006392025052652
9 7 0.001932939332118731
9 8 -0.0008830633628261817
9 9 1.973360789128408
9 10 -0.001344260694867913
9 11 -0.000276713185107304
9 12 -0.0008554526864706349
9 13 0.004689032246311906
9 14 0.001399347929330435
9 15 -0.001693724230172533
9 16 0.0008246121461163352
9 17 -0.0003321366896650663
9 18 -0.0004484275154619043
9 19 0.0001413036389985534
9 20 -0.0008554321954288195
9 21 0.0001894409259802199
9 22 0.001462439197492961
9 23 -0.000334181822981881
10 0 -8.875419582483109e-06
10 1 0.0003623842259345644
10 2 -0.0008409849813131237
10 3 -0.003017056486230348
10 4 0.004600434167883556
10 5 0.0007134486045455315
10 6 0.005840978213922108
10 7 -0.004839483452331645
10 8 0.002206726035938211
10 9 -0.001344260694867917
10 10 1.989447242630839
10 11 -0.0001152147156295283
10 12 0.002790021694478759
10 13 -0.011937250267149
10 14 -0.00374187366874987
10 15 -0.004057221046544423
10 16 -0.002504962979254158
10 17 0.00315667570054927
10 18 0.004080822797932048
10 19 -0.005145463185881629
10 20 0.0004880740185406704
10 21 -0.0008766085128466209
10 22 -0.008183206268084324
10 23 0.007201706129670801
11 0 1.428317098996531e-06
11 1 -1.253590711629031e-05
11 2 -0.000121519523634342
11 3 0.0001223966017977966
11 4 -9.01443513858084e-05
11 5 0.002892273999559694
11 6 -0.0002290839139575067
11 7 0.001423544645295193
11 8 0.002516809616006699
11 9 -0.0002767131851073018
11 10 -0.0001152147156295371
11 11 1.981014709283846
11 12 0.06982442074109158
11 13 0.0028985980314782
11 14 0.0005408497827584713
11 15 -0.0002001012496978869
11 16 -0.009599004918949737
11 17 -0.002274599730378402
11 18 -0.002450318300250575
11 19 0.0007254296804092113
11 20 -0.0004769436349001153
11 21 -0.008545688373757477
11 22 0.000214540639622697
11 23 -0.0008153444928177011
12 0 6.8866933210476e-06
12 1 0.0001566134148987662
12 2 -0.0001025144672072932
12 3 -8.519128593194189e-05
12 4 0.0002412660391245545
12 5 0.009455122476816923
12 6 0.0003912328559331567
12 7 0.005384036894115236
12 8 0.01292600782141814
12 9 -0.0008554526864706633
12 10 0.002790021694478626
12 11 0.06982442074109524
12 12 0.01371495635827646
12 13 -0.0002411325760386714
12 14 -0.0002473581074098749
12 15 -0.0001612080022751549
12 16 -0.0006325049157816672
12 17 -5.506116287552391e-05
12 18 0.0001113695429711942
12 19 4.678486032997514e-05
12 20 0.00015879797136193
12 21 -0.0005903289152382114
12 22 -5.18579920939574e-05
12 23 4.142491104092751e-05
13 0 -0.0001334542785803128
13 1 -0.001691382982973818
13 2 4.911391681297415e-05
13 3 -0.0002613113587514157
13 4 0.001641439738882854
13 5 0.000692963848585257
13 6 -0.000986273678145979
13 7 0.003759893357808076
13 8 -0.001572712089814201
13 9 0.004689032246311927
13 10 -0.01193725026714881
13 11 0.002898598031478194
13 12 -0.0002411325760386744
13 13 0.01631656550518789
13 14 0.005868938630854104
13 15 0.008825501042200437
13 16 -0.001647658375520252
13 17 0.0002003387580906458
13 18 -0.00322856977003153
13 19 -0.000685514989297882
13 20 -0.004829030300143506
13 21 0.0004590298567441029
13 22 -0.001256166048830377
13 23 0.00149769409854341
14 0 -2.296555891052457e-05
14 1 -0.002385479110907368
14 2 -0.001767547444662076
14 3 -0.0006178750950777336
14 4 -0.001017565969838652
14 5 0.0001522542465763695
14 6 0.001521429176428802
14 7 0.003638997149538092
14 8 -0.001838265496230003
14 9 0.001399347929330392
14 10 -0.003741873668749845
14 11 0.000540849782758455
14 12 -0.0002473581074098718
14 13 0.005868938630854132
14 14 0.02061381859129292
14 15 -0.00372570310562833
14 16 0.001549175430630613
14 17 -0.003506726990483164
14 18 0.0007092775686072135
14 19 -0.0005481582583172582
14 20 0.003935656123691114
14 21 -0.0003338903069980565
14 22 0.0006805880801933502
14 23 0.001994912517324254
15 0 -2.033019620019567e-06
15 1 0.0007803446143366003
15 2 -0.00124326861566491
15 3 -0.0009888936233036485
15 4 0.002623244468638744
15 5 -0.0005993787652211644
15 6 -0.001601749727091403
15 7 0.001617997160769371
15 8 -0.0009490475342073023
15 9 -0.001693724230172554
15 10 -0.004057221046544488
15 11 -0.00020010124969789
15 12 -0.0001612080022751586
15 13 0.00882550104220056
15 14 -0.003725703105628322
15 15 0.01369534742882345
15 16 0.001594987776586817
15 17 0.004455246269515213
15 18 -0.0006793218331467706
15 19 0.00146424138459975
15 20 -0.0003650560657975284
15 21 -0.0003393862001715493
15 22 0.001043290296803796
15 23 0.0009667869152170886
16 0 -6.170540247543248e-05
16 1 -0.0005319992566515785
16 2 0.0002095678912243208
16 3 2.120923103510548e-06
16 4 -0.0008449202147158199
16 5 -0.004428533966946658
16 6 -0.0006382676778574753
16 7 -0.0005002269847631221
16 8 -0.002425201790563219
16 9 0.0008246121461163181
16 10 -0.002504962979254163
16 11 -0.00959900491894981
16 12 -0.000632504915781714
16 13 -0.001647658375520274
16 14 0.001549175430630556
16 15 0.00159498777658685
16 16 0.02138102087237895
16 17 9.294090365895824e-05
16 18 -0.0001070490016379757
16 19 -0.0001776919837863902
16 20 -0.0006078633748507903
16 21 0.001306827204650899
16 22 0.0002482984395720977
16 23 0.0007660314759407325
17 0 0.0002126950488358379
17 1 0.0001934615621273212
17 2 -0.0001921459851219611
17 3 -0.0005508019673794184
17 4 0.001790779350281548
17 5 -0.0005549686082271395
17 6 0.002322899161235346
17 7 -0.002259979455913886
17 8 0.0002463941865378673
17 9 -0.0003321366896650628
17 10 0.003156675700549256
17 11 -0.002274599730378346
17 12 -5.506116287552156e-05
17 13 0.0002003387580907018
17 14 -0.003506726990483147
17 15 0.004455246269515207
17 16 9.294090365895749e-05
17 17 0.009852491366850048
17 18 0.005175735757010289
17 19 -0.0007796421854035422
17 20 0.004394431330595081
17 21 5.017581486806645e-05
17 22 -0.004897171428687995
17 23 -0.002643006326152891
18 0 6.077571837124189e-05
18 1 0.0003789618844424472
18 2 -0.0009959490242578504
18 3 0.001167976235939651
18 4 0.00102314122942664
18 5 -0.0006102210934820455
18 6 0.001371186681759032
18 7 -0.002007060396801036
18 8 9.445064265339905e-06
18 9 -0.0004484275154618867
18 10 0.004080822797932031
18 11 -0.002450318300250566
18 12 0.000111369542971204
18 13 -0.003228569770031555
18 14 0.0007092775686072055
18 15 -0.0006793218331467571
18 16 -0.0001070490016379782
18 17 0.005175735757010259
18 18 0.0153913760843824
18 19 -0.001880390502479645
18 20 -0.001928135455149646
18 21 0.0006025537303486854
18 22 0.001113636717344548
18 23 -0.001197317929762849
19 0 4.65836534029645e-05
19 1 -0.0009447769156276709
19 2 -0.001338528428905484
19 3 -0.0006501765785787319
19 4 0.001207336938701798
19 5 0.0003371864995502395
19 6 -0.001217999551659712
19 7 0.0005378409530955234
19 8 0.0001224255452663361
19 9 0.0001413036389985524
19 10 -0.00514546318588159
19 11 0.0007254296804092345
19 12 4.678486032997034e-05
19 13 -0.0006855149892978774
19 14 -0.0005481582583172723
19 15 0.001464241384599725
19 16 -0.0001776919837864118
19 17 -0.0007796421854035589
19 18 -0.001880390502479653
19 19 0.018563876366217
19 20 -0.000158326674558342
19 21 1.393748227197247e-05
19 22 -0.0008431506553913228
19 23 0.0005955203872972749
20 0 0.0002942530990686298
20 1 0.0003302983031633629
20 2 -0.0009126419567375727
20 3 0.0002210561582999226
20 4 0.001030559874518003
20 5 9.994767192757559e-05
20 6 0.0009694532689829365
20 7 0.0002585466359704278
20 8 -0.0003681118119149404
20 9 -0.0008554321954288399
20 10 0.000488074018540667
20 11 -0.0004769436349001127
20 12 0.0001587979713619301
20 13 -0.004829030300143394
20 14 0.003935656123691136
20 15 -0.000365056065797585
20 16 -0.0006078633748507915
20 17 0.004394431330594969
20 18 -0.001928135455149645
20 19 -0.0001583266745583334
20 20 0.01700955358305856
20 21 0.0002901192721824285
20 22 0.001207413493673489
20 23 -0.0009603896552762223
21 0 -1.592953099016503e-06
21 1 3.803204806105507e-05
21 2 2.492232668669242e-05
21 3 -6.220055842714228e-05
21 4 0.0005682111733135123
21 5 -0.00238357444748702
21 6 -0.000212587448315497
21 7 -0.0006819219168330861
21 8 -0.002382257238361679
21 9 0.0001894409259802195
21 10 -0.0008766085128466319
21 11 -0.008545688373757474
21 12 -0.0005903289152381929
21 13 0.0004590298567440687
21 14 -0.0003338903069980472
21 15 -0.0003393862001715547
21 16 0.001306827204650864
21 17 5.017581486806261e-05
21 18 0.0006025537303486954
21 19 1.393748227198407e-05
21 20 0.0002901192721824259
21 21 0.01882067253665355
21 22 -0.0001694386066807544
21 23 0.0002542954803352996
22 0 -7.520130026309165e-05
22 1 0.0009036513396255053
22 2 -0.001403837291252903
22 3 0.0007191621259926214
22 4 0.006367452867673091
22 5 0.0001656061032286625
22 6 -0.004237825458911118
22 7 0.0008805853067759752
22 8 -0.0005935127431684385
22 9 0.001462439197492962
22 10 -0.008183206268084192
22 11 0.0002145406396226997
22 12 -5.185799209395952e-05
22 13 -0.001256166048830417
22 14 0.0006805880801933188
22 15 0.001043290296803769
22 16 0.000248298439572084
22 17 -0.004897171428688066
22 18 0.001113636717344582
22 19 -0.0008431506553913068
22 20 0.001207413493673498
22 21 -0.0001694386066807478
22 22 0.01377213417952501
22 23 -0.001140569454430211
23 0 -0.0001018869057602444
23 1 0.000994414783605476
23 2 -3.924050998258747e-05
23 3 -0.0009759913471753004
23 4 -0.001585867886586196
23 5 -0.0001423189962610234
23 6 0.000508607925545423
23 7 -0.0004966222637884629
23 8 7.469179794583733e-05
23 9 -0.0003341818229818755
23 10 0.007201706129671049
23 11 -0.0008153444928176885
23 12 4.14249110409303e-05
23 13 0.001497694098543405
23 14 0.001994912517324257
23 15 0.0009667869152170855
23 16 0.0007660314759407318
23 17 -0.002643006326152896
23 18 -0.001197317929762862
23 19 0.0005955203872972838
23 20 -0.0009603896552762566
23 21 0.0002542954803352927
23 22 -0.001140569454430229
23 23 0.01081989624103225
