0 0 1.999997059524902
0 1 9.903514862868247e-07
0 2 -1.575277819415376e-06
0 3 -1.508729550087749e-05
0 4 -3.250541576679039e-05
0 5 6.021818082414447e-05
0 6 -2.665123842294933e-06
0 7 2.27249712745324e-05
0 8 2.213801888069161e-05
0 9 9.648873812944889e-07
0 10 1.380183227264592e-05
0 11 -1.911254425719332e-05
0 12 5.815080435987979e-05
0 13 9.411871322678847e-05
0 14 -0.0001510306565571748
1 0 9.903514862868476e-07
1 1 1.994222881305101
1 2 0.0001910931098254215
1 3 0.002963227856468081
1 4 0.004042753583001536
1 5 0.002798995636320014
1 6 -0.0001847332400588376
1 7 -0.002500954296283663
1 8 0.002879252276235947
1 9 4.040664991493099e-05
1 10 -0.0007728431171957765
1 11 -0.0001710305569846702
1 12 -0.007870365686817826
1 13 -0.01031216811076494
1 14 -0.006684405859807813
2 0 -1.575277819415363e-06
2 1 0.0001910931098254221
2 2 1.993257532240059
2 3 0.001074271711012633
2 4 0.001648047423675356
2 5 -0.008226457436149718
2 6 0.0002461762114351945
2 7 -0.002857588386984368
2 8 -0.004608999482201457
2 9 0.0001268806039098817
2 10 -0.001008846658602218
2 11 0.0010897004631723
2 12 -0.002545179899629897
2 13 5.065220453688297e-06
2 14 0.01553567684253838
3 0 -1.50872955008775e-05
3 1 0.002963227856468088
3 2 0.001074271711012633
3 3 1.988495905769736
3 4 0.003205506415354787
3 5 0.0008439205449683891
3 6 0.0002923965410357139
3 7 -0.002842569139241089
3 8 0.0004672796081498086
3 9 -4.387958527260229e-05
3 10 0.0013525370354519
3 11 -0.001465602063162205
3 12 -0.00485968878674534
3 13 -0.001715357590815902
3 14 -0.0006752471475662658
4 0 -3.250541576679049e-05
4 1 0.004042753583001527
4 2 0.001648047423675352
4 3 0.00320550641535482
4 4 1.988812678798425
4 5 -0.0006063471700408858
4 6 0.000425525134864759
4 7 0.004996806621697486
4 8 -0.0009230659927403964
4 9 0.0001309449872874027
4 10 0.0009451672732807597
4 11 -0.001850916975807374
4 12 0.01423089059168166
4 13 0.001476697376911197
4 14 0.001110725973857577
5 0 6.021818082414464e-05
5 1 0.002798995636319997
5 2 -0.008226457436149762
5 3 0.000843920544968396
5 4 -0.0006063471700408717
5 5 1.983528640578178
5 6 -0.0007567564989348676
5 7 -0.001607014316675641
5 8 -0.005096544431972294
5 9 0.0006725423105805742
5 10 0.003592923293450806
5 11 -0.0006014124883524205
5 12 0.0001727356998031946
5 13 0.007964305509438836
5 14 0.02191750164487739
6 0 -2.665123842294917e-06
6 1 -0.0001847332400588361
6 2 0.0002461762114351972
6 3 0.0002923965410357128
6 4 0.0004255251348647578
6 5 -0.0007567564989348844
6 6 1.965224695140018
6 7 -2.358800443634927e-05
6 8 0.0005576569434528015
6 9 0.001130769949751962
6 10 0.09085324047577462
6 11 0.03851364945429087
6 12 -0.001313346314635303
6 13 -0.001100570047479927
6 14 -0.0003147190006823908
7 0 2.272497127453236e-05
7 1 -0.00250095429628366
7 2 -0.002857588386984364
7 3 -0.002842569139241086
7 4 0.004996806621697478
7 5 -0.001607014316675643
7 6 -2.358800443635504e-05
7 7 1.981637429727195
7 8 0.0007899015190795048
7 9 -6.435259007393779e-05
7 10 0.006439827035548148
7 11 -0.01247165014720025
7 12 0.02355692625255125
7 13 -0.03957782134826338
7 14 0.006894786600026757
8 0 2.213801888069146e-05
8 1 0.002879252276235915
8 2 -0.00460899948220146
8 3 0.0004672796081497962
8 4 -0.0009230659927403935
8 5 -0.005096544431972242
8 6 0.0005576569434527917
8 7 0.0007899015190795297
8 8 1.984245141066973
8 9 0.001077822215835906
8 10 -0.007456070753129295
8 11 0.01025591583058703
8 12 0.001153661787023195
8 13 0.0117973634123717
8 14 0.02942240983651841
9 0 9.648873812945393e-07
9 1 4.040664991492834e-05
9 2 0.0001268806039098776
9 3 -4.387958527260071e-05
9 4 0.0001309449872874039
9 5 0.0006725423105805749
9 6 0.001130769949751962
9 7 -6.435259007395286e-05
9 8 0.001077822215835905
9 9 1.906748882240622
9 10 0.01527795669305932
9 11 0.006078681862689674
9 12 -3.278181627396846e-05
9 13 0.0007725229766794063
9 14 -0.0004720725131322471
10 0 1.380183227264556e-05
10 1 -0.0007728431171957894
10 2 -0.001008846658602213
10 3 0.001352537035451888
10 4 0.0009451672732807395
10 5 0.003592923293450862
10 6 0.0908532404757738
10 7 0.006439827035548127
10 8 -0.007456070753129356
10 9 0.01527795669305915
10 10 0.1040923517940791
10 11 0.04938000130949
10 12 0.0001836918934833712
10 13 -0.001324500119469665
10 14 -0.001976155323422903
11 0 -1.911254425719292e-05
11 1 -0.0001710305569846676
11 2 0.001089700463172304
11 3 -0.001465602063162228
11 4 -0.001850916975807303
11 5 -0.0006014124883524341
11 6 0.03851364945429138
11 7 -0.01247165014720015
11 8 0.01025591583058715
11 9 0.006078681862689615
11 10 0.04938000130948889
11 11 0.02558659392327811
11 12 -0.003618748013328725
11 13 0.002049278974439787
11 14 0.002949340917214282
12 0 5.815080435987977e-05
12 1 -0.007870365686817812
12 2 -0.002545179899629883
12 3 -0.004859688786745316
12 4 0.01423089059168156
12 5 0.000172735699803213
12 6 -0.00131334631463529
12 7 0.02355692625255091
12 8 0.001153661787023198
12 9 -3.278181627396967e-05
12 10 0.0001836918934834385
12 11 -0.003618748013328785
12 12 0.03047065124833757
12 13 -0.0004614394169167571
12 14 -0.001388465302094677
13 0 9.411871322678779e-05
13 1 -0.01031216811076478
13 2 5.0652204536732e-06
13 3 -0.001715357590815901
13 4 0.001476697376911225
13 5 0.007964305509438829
13 6 -0.001100570047479957
13 7 -0.03957782134826401
13 8 0.01179736341237176
13 9 0.0007725229766793896
13 10 -0.001324500119469661
13 11 0.002049278974439789
13 12 -0.0004614394169168015
13 13 0.0301998071604345
13 14 -0.002312485412284292
14 0 -0.0001510306565571754
14 1 -0.006684405859807846
14 2 0.01553567684253843
14 3 -0.0006752471475662587
14 4 0.001110725973857565
14 5 0.02191750164487725
14 6 -0.0003147190006823911
14 7 0.006894786600026707
14 8 0.02942240983651825
14 9 -0.0004720725131322577
14 10 -0.001976155323422895
14 11 0.002949340917214286
14 12 -0.001388465302094681
14 13 -0.002312485412284289
14 14 0.02347974947571733
