0 0 1.999968977363389
0 1 -6.276965687236913e-06
0 2 -1.564353239791384e-05
0 3 -4.967712598880747e-05
0 4 -7.861228593579843e-05
0 5 -2.682371464959583e-06
0 6 -5.331192547981958e-05
0 7 1.171266527652543e-05
0 8 -8.561838862492858e-06
0 9 -7.841573202018375e-05
0 10 2.743918295892886e-05
0 11 -2.219424006079286e-05
0 12 -3.540454950587967e-05
0 13 8.458454325135693e-05
0 14 -1.136727358195939e-05
0 15 -0.0002111897017783953
0 16 2.104648930822758e-05
0 17 0.000110339314055965
0 18 9.280370742082659e-05
0 19 -9.777058745889065e-05
0 20 -4.524405441314572e-05
0 21 0.0002741534806262498
0 22 -0.0003267866360885925
0 23 -0.0004066993981426533
1 0 -6.276965687236898e-06
1 1 1.993501669837047
1 2 -4.303474000036173e-05
1 3 -0.0005488334428420884
1 4 -0.002094182262772163
1 5 0.0004974032198651742
1 6 -0.002217839998581161
1 7 0.003766465465088916
1 8 3.569167211557057e-05
1 9 0.005467096523485824
1 10 -0.001052980063040051
1 11 8.104049180567729e-05
1 12 -0.0002826605730122459
1 13 2.521388025899125e-05
1 14 0.0006014500759759409
1 15 0.0007982892019612082
1 16 4.686640860808237e-07
1 17 -0.001847011667494347
1 18 -0.001831504575048588
1 19 0.000852261051174009
1 20 0.0005019337931271984
1 21 -0.004145490985490863
1 22 0.002619038731383868
1 23 0.008433811351585874
2 0 -1.564353239791364e-05
2 1 -4.30347400003633e-05
2 2 1.991630955015965
2 3 -9.668908181620952e-05
2 4 -0.0002943574251445465
2 5 6.083740162175292e-05
2 6 7.1659448281024e-05
2 7 -0.0004486704509850645
2 8 0.0001215678789191894
2 9 -0.0009280244156648589
2 10 -0.000204369468200524
2 11 -0.0008563364981790957
2 12 -0.0003782092302223964
2 13 -0.001019764980333637
2 14 -0.001095175615851072
2 15 -0.001701591020679896
2 16 0.001005392434568432
2 17 -0.002565916236885048
2 18 0.003380773674967319
2 19 0.0006778623871792414
2 20 -0.0002080200005176733
2 21 0.0007106187324674482
2 22 -0.0003002786312973128
2 23 -0.001409355591098749
3 0 -4.967712598880785e-05
3 1 -0.0005488334428421006
3 2 -9.66890818162067e-05
3 3 1.989611884634308
3 4 -0.00168071073649618
3 5 -0.0009191628218409747
3 6 -0.001162390279934903
3 7 0.0003273250277804433
3 8 -0.0001018170217645207
3 9 -0.00287942609293702
3 10 0.0009390418689633466
3 11 -6.818544447799977e-05
3 12 -0.0008033485664905942
3 13 0.003728316433540157
3 14 0.0005414409001514176
3 15 0.00102903449053103
3 16 0.000439493915341093
3 17 0.0001664704445747288
3 18 0.001695949041340038
3 19 -0.003184941144090792
3 20 4.134392766981836e-05
3 21 -0.002199208734035096
3 22 -0.0004217889834144312
3 23 -0.002490542421994974
4 0 -7.861228593579994e-05
4 1 -0.002094182262772167
4 2 -0.0002943574251445431
4 3 -0.0016807107364962
4 4 1.983435752779837
4 5 0.0003756337563765525
4 6 0.0002696381982535699
4 7 -0.002032770717919268
4 8 -0.0006815803526391352
4 9 -0.003052014282275348
4 10 0.001160590235154531
4 11 -0.002975074912195922
4 12 -0.001087496937104654
4 13 0.00157185213164582
4 14 0.002438540402938173
4 15 0.006569125667185217
4 16 0.0001679017403679988
4 17 -0.0007465552817171562
4 18 -3.183295918063256e-05
4 19 0.0001319363791698461
4 20 0.0002248190847167041
4 21 0.000585500666735006
4 22 -0.0006398908271672147
4 23 -0.003423067089062779
5 0 -2.682371464959396e-06
5 1 0.0004974032198651824
5 2 6.083740162173684e-05
5 3 -0.0009191628218409582
5 4 0.0003756337563765407
5 5 1.983202122346166
5 6 -0.0006399826727811566
5 7 -4.796075378022018e-05
5 8 -0.0005678177127743418
5 9 0.002592440380109033
5 10 -0.0004930005490868176
5 11 -0.001969707636274741
5 12 -0.001500751409284708
5 13 0.004656946796939314
5 14 0.0006155020205590794
5 15 6.943510761101361e-05
5 16 -0.000828481401803012
5 17 0.001872079608280616
5 18 -0.001634940606153508
5 19 0.0002197622419516182
5 20 0.0009213645960748723
5 21 -0.002331258628543487
5 22 0.001928335317616481
5 23 0.003712453820896097
6 0 -5.331192547981958e-05
6 1 -0.002217839998581134
6 2 7.165944828102139e-05
6 3 -0.001162390279934904
6 4 0.0002696381982535723
6 5 -0.0006399826727811757
6 6 1.982018658539276
6 7 -1.648463502205543e-05
6 8 0.0005513462362475737
6 9 -0.002815016484421782
6 10 3.330226318730176e-05
6 11 0.001913343895325285
6 12 0.0001281897369076269
6 13 0.006217640191162934
6 14 0.003020244617391137
6 15 2.63333656659099e-06
6 16 0.0006520985526418907
6 17 0.006740494800462053
6 18 0.0001605031128120942
6 19 0.003447138349555299
6 20 0.0001310785607332752
6 21 -0.001409275481442599
6 22 0.002309742174165201
6 23 -0.001178894143313066
7 0 1.171266527652731e-05
7 1 0.003766465465088894
7 2 -0.000448670450985069
7 3 0.0003273250277804186
7 4 -0.002032770717919285
7 5 -4.79607537802166e-05
7 6 -1.6484635022131e-05
7 7 1.982044188089221
7 8 0.000523355393674505
7 9 0.0007561180664068584
7 10 -0.0004593319991282289
7 11 0.001537128516577601
7 12 0.001466034307150349
7 13 -0.003542426456846807
7 14 0.0002161252283391177
7 15 0.002507756247342963
7 16 -0.0002463071005227279
7 17 0.002937598818646388
7 18 -0.0008247376492318641
7 19 -0.0005843056013345964
7 20 -0.0007692609508036608
7 21 -0.0002581180694541085
7 22 0.0002386292986251518
7 23 -0.006358886409898191
8 0 -8.561838862493163e-06
8 1 3.569167211556675e-05
8 2 0.0001215678789191852
8 3 -0.0001018170217645284
8 4 -0.0006815803526391386
8 5 -0.0005678177127743608
8 6 0.0005513462362475375
8 7 0.0005233553936745032
8 8 1.974874452588159
8 9 0.001401149924975047
8 10 0.008606158269399252
8 11 0.002679671190705529
8 12 -0.015870201354195
8 13 -0.003592768049690479
8 14 -0.02617468015448713
8 15 0.001505369509919981
8 16 -0.007089582671422128
8 17 0.0008138838267335414
8 18 0.00101289671514818
8 19 0.0003192160321726335
8 20 0.005546066367063819
8 21 0.0005300371401682607
8 22 1.960202326945928e-05
8 23 -0.0004122749487878598
9 0 -7.841573202017972e-05
9 1 0.005467096523485647
9 2 -0.0009280244156648287
9 3 -0.002879426092937009
9 4 -0.003052014282275387
9 5 0.00259244038010903
9 6 -0.002815016484421682
9 7 0.0007561180664068399
9 8 0.00140114992497489
9 9 1.978960381919406
9 10 -0.001850785099914921
9 11 -0.001823389583311238
9 12 0.003806524246242355
9 13 0.005657923834983508
9 14 0.011415511404401
9 15 0.000370116639654399
9 16 0.004623162495719571
9 17 0.00115213357358548
9 18 -0.001668465054519911
9 19 0.002551694012473921
9 20 0.0005273540115615864
9 21 -0.001238395204709658
9 22 0.0007361732316231456
9 23 -0.01199295724139336
10 0 2.743918295892906e-05
10 1 -0.001052980063040071
10 2 -0.0002043694682005319
10 3 0.0009390418689633737
10 4 0.00116059023515452
10 5 -0.0004930005490868283
10 6 3.330226318729509e-05
10 7 -0.0004593319991282408
10 8 0.008606158269399269
10 9 -0.001850785099914982
10 10 1.968624326797377
10 11 -0.0004707178032855544
10 12 0.02323912702270073
10 13 0.001674209136148384
10 14 0.04859704791752945
10 15 -0.002551013313380929
10 16 0.01690871822587516
10 17 -6.568643038983898e-05
10 18 -0.001538374452760469
10 19 0.0007073625780672837
10 20 -0.002365078055839593
10 21 0.001484959438011849
10 22 -0.0004685654160136397
10 23 0.003064711695100935
11 0 -2.219424006079338e-05
11 1 8.104049180567978e-05
11 2 -0.0008563364981790879
11 3 -6.818544447800471e-05
11 4 -0.00297507491219597
11 5 -0.001969707636274742
11 6 0.001913343895325292
11 7 0.001537128516577569
11 8 0.002679671190705541
11 9 -0.001823389583311233
11 10 -0.000470717803285582
11 11 1.991478812828023
11 12 0.004048545775240931
11 13 -0.003800977257884338
11 14 0.0007438268220001597
11 15 -0.007873683372578669
11 16 -0.003963432663088429
11 17 0.01824290620118784
11 18 -0.01219172311564217
11 19 0.003276936010572543
11 20 -0.001478516148699914
11 21 0.00286081857930011
11 22 0.01286159876635016
11 23 -0.004936604404720674
12 0 -3.540454950588024e-05
12 1 -0.0002826605730122845
12 2 -0.0003782092302223958
12 3 -0.0008033485664905699
12 4 -0.001087496937104655
12 5 -0.001500751409284701
12 6 0.0001281897369076458
12 7 0.001466034307150336
12 8 -0.01587020135419453
12 9 0.003806524246242343
12 10 0.02323912702270018
12 11 0.004048545775240978
12 12 1.943884007060953
12 13 -0.006827095498546297
12 14 0.007407341197768511
12 15 -0.004386028592658148
12 16 0.01944051463740742
12 17 -0.004842718194348283
12 18 -2.687134683534935e-05
12 19 0.002541184249330325
12 20 -0.002066449346309257
12 21 0.001654110462150245
12 22 -0.005248922738354723
12 23 0.001477721044245302
13 0 8.458454325135505e-05
13 1 2.521388025897378e-05
13 2 -0.001019764980333649
13 3 0.003728316433540093
13 4 0.001571852131645753
13 5 0.0046569467969394
13 6 0.006217640191162537
13 7 -0.003542426456846761
13 8 -0.003592768049690405
13 9 0.005657923834983302
13 10 0.001674209136148376
13 11 -0.003800977257884475
13 12 -0.006827095498546295
13 13 1.978188668871191
13 14 0.005861737244116746
13 15 0.005541040748883656
13 16 0.004871394408551786
13 17 0.02830124569017977
13 18 -0.012588196984724
13 19 -0.007418125292998352
13 20 0.0004468005711707646
13 21 0.0004854201256242305
13 22 0.02721892641402041
13 23 -0.002971418712309208
14 0 -1.136727358195969e-05
14 1 0.0006014500759759126
14 2 -0.001095175615851062
14 3 0.0005414409001514295
14 4 0.002438540402938124
14 5 0.0006155020205590839
14 6 0.003020244617391207
14 7 0.0002161252283391284
14 8 -0.02617468015448832
14 9 0.01141551140440085
14 10 0.04859704791753011
14 11 0.0007438268220001547
14 12 0.007407341197768473
14 13 0.005861737244116663
14 14 0.08996809576490486
14 15 -0.003288680829774498
14 16 0.0134957673502132
14 17 -0.000154731419509553
14 18 -0.001182239028748733
14 19 0.001461975147433477
14 20 -0.007523415687167508
14 21 -0.001704637569595244
14 22 0.0001350429164450724
14 23 2.724433058467484e-05
15 0 -0.0002111897017783948
15 1 0.0007982892019611956
15 2 -0.001701591020679915
15 3 0.001029034490531038
15 4 0.00656912566718529
15 5 6.943510761100497e-05
15 6 2.633336566576265e-06
15 7 0.002507756247343
15 8 0.00150536950991996
15 9 0.0003701166396543785
15 10 -0.002551013313381016
15 11 -0.007873683372578672
15 12 -0.004386028592658221
15 13 0.005541040748883617
15 14 -0.003288680829774767
15 15 0.02726001024654252
15 16 -0.004110227246607561
15 17 -0.005368404709876823
15 18 0.002933434842137955
15 19 0.003477715812963392
15 20 0.001293369814685801
15 21 -0.003043648491872895
15 22 0.002319699501172365
15 23 -0.0008081315168773958
16 0 2.104648930822779e-05
16 1 4.686640860797005e-07
16 2 0.001005392434568424
16 3 0.0004394939153411002
16 4 0.0001679017403679901
16 5 -0.0008284814018030001
16 6 0.0006520985526418846
16 7 -0.0002463071005227234
16 8 -0.0070895826714222
16 9 0.004623162495719556
16 10 0.01690871822587494
16 11 -0.003963432663088407
16 12 0.01944051463740757
16 13 0.004871394408551902
16 14 0.01349576735021318
16 15 -0.004110227246607585
16 16 0.005578948139082556
16 17 -0.0001224745743949804
16 18 0.002402807995455885
16 19 -0.0005016477168266198
16 20 -0.0002920969840949775
16 21 -0.0006744169146834979
16 22 0.000221687861234954
16 23 -0.0003168946996234696
17 0 0.0001103393140559669
17 1 -0.001847011667494394
17 2 -0.002565916236885031
17 3 0.0001664704445747359
17 4 -0.000746555281717141
17 5 0.001872079608280655
17 6 0.006740494800463072
17 7 0.00293759881864634
17 8 0.0008138838267335276
17 9 0.001152133573585502
17 10 -6.568643038983626e-05
17 11 0.01824290620118859
17 12 -0.004842718194348571
17 13 0.02830124569017937
17 14 -0.0001547314195095268
17 15 -0.005368404709876871
17 16 -0.0001224745743949697
17 17 0.02539407907463913
17 18 -0.001927369958444716
17 19 0.0002779908293006676
17 20 -0.0008325775911776183
17 21 0.00352453141832429
17 22 0.004714711336533807
17 23 -0.002224540215619767
18 0 9.280370742082531e-05
18 1 -0.001831504575048614
18 2 0.003380773674967339
18 3 0.00169594904134001
18 4 -3.183295918064865e-05
18 5 -0.001634940606153466
18 6 0.0001605031128121038
18 7 -0.0008247376492318494
18 8 0.001012896715148195
18 9 -0.001668465054519863
18 10 -0.001538374452760455
18 11 -0.01219172311564172
18 12 -2.687134683533689e-05
18 13 -0.01258819698472425
18 14 -0.001182239028748669
18 15 0.002933434842137823
18 16 0.002402807995455875
18 17 -0.001927369958444704
18 18 0.01757652804581312
18 19 0.0008007037931447567
18 20 0.0001585876238410403
18 21 0.001247529132689427
18 22 -0.0033964788599477
18 23 -0.0009504453233378621
19 0 -9.777058745889049e-05
19 1 0.0008522610511740162
19 2 0.0006778623871792502
19 3 -0.003184941144090831
19 4 0.0001319363791698481
19 5 0.0002197622419516188
19 6 0.003447138349555281
19 7 -0.0005843056013345959
19 8 0.0003192160321726253
19 9 0.002551694012473879
19 10 0.0007073625780672733
19 11 0.003276936010572533
19 12 0.002541184249330454
19 13 -0.007418125292998332
19 14 0.001461975147433482
19 15 0.003477715812963455
19 16 -0.0005016477168265765
19 17 0.0002779908293006919
19 18 0.0008007037931447955
19 19 0.01468443531739988
19 20 0.0001431450017398699
19 21 -0.003462666178615621
19 22 -0.0006062528819836999
19 23 0.0001221323704827307
20 0 -4.524405441314728e-05
20 1 0.0005019337931272123
20 2 -0.0002080200005176677
20 3 4.134392766982167e-05
20 4 0.0002248190847167029
20 5 0.0009213645960748638
20 6 0.0001310785607332787
20 7 -0.0007692609508036641
20 8 0.005546066367064026
20 9 0.0005273540115615864
20 10 -0.002365078055839591
20 11 -0.001478516148699924
20 12 -0.002066449346309228
20 13 0.0004468005711707749
20 14 -0.007523415687167274
20 15 0.001293369814685782
20 16 -0.0002920969840950085
20 17 -0.0008325775911776935
20 18 0.0001585876238410386
20 19 0.0001431450017398803
20 20 0.01936410695609938
20 21 -0.000110468816898517
20 22 0.0002976778953331516
20 23 0.0003337636167436094
21 0 0.0002741534806262492
21 1 -0.004145490985490926
21 2 0.0007106187324674477
21 3 -0.002199208734035105
21 4 0.0005855006667350603
21 5 -0.002331258628543436
21 6 -0.001409275481442633
21 7 -0.000258118069454128
21 8 0.000530037140168269
21 9 -0.001238395204709715
21 10 0.001484959438011798
21 11 0.002860818579299969
21 12 0.001654110462150173
21 13 0.000485420125624249
21 14 -0.001704637569595222
21 15 -0.003043648491872856
21 16 -0.0006744169146835051
21 17 0.003524531418324432
21 18 0.001247529132689446
21 19 -0.003462666178615587
21 20 -0.0001104688168985465
21 21 0.0186372839597637
21 22 -0.001353968039517891
21 23 -0.002406368056111501
22 0 -0.0003267866360885954
22 1 0.002619038731383898
22 2 -0.0003002786312973128
22 3 -0.0004217889834144373
22 4 -0.0006398908271672238
22 5 0.001928335317616446
22 6 0.00230974217416511
22 7 0.0002386292986251424
22 8 1.960202326945639e-05
22 9 0.0007361732316230686
22 10 -0.0004685654160136906
22 11 0.01286159876635063
22 12 -0.005248922738354833
22 13 0.02721892641402069
22 14 0.0001350429164449931
22 15 0.002319699501172374
22 16 0.0002216878612349454
22 17 0.004714711336534149
22 18 -0.003396478859947791
22 19 -0.000606252881983732
22 20 0.0002976778953331862
22 21 -0.001353968039517912
22 22 0.02178281564224267
22 23 0.001369428222908525
23 0 -0.0004066993981426471
23 1 0.008433811351585723
23 2 -0.001409355591098727
23 3 -0.002490542421995006
23 4 -0.003423067089062809
23 5 0.003712453820896152
23 6 -0.001178894143313097
23 7 -0.006358886409898195
23 8 -0.0004122749487878628
23 9 -0.01199295724139329
23 10 0.003064711695100979
23 11 -0.004936604404720642
23 12 0.00147772104424529
23 13 -0.002971418712309122
23 14 2.724433058460404e-05
23 15 -0.0008081315168773431
23 16 -0.0003168946996234767
23 17 -0.002224540215619926
23 18 -0.0009504453233377876
23 19 0.0001221323704827129
23 20 0.0003337636167436111
23 21 -0.00240636805611142
23 22 0.001369428222908536
23 23 0.01832883795435188
