0 0 1.999962839121398
0 1 -3.284823849340701e-05
0 2 -2.008581775652296e-05
0 3 -7.734819792432673e-05
0 4 8.060755800108973e-06
0 5 -1.252030140340817e-05
0 6 -2.866766363372346e-06
0 7 1.768236036525319e-05
0 8 6.501740976963189e-07
0 9 2.288914607186497e-05
0 10 7.490891254373657e-07
0 11 -3.833159089731385e-06
0 12 -7.457240112196165e-05
0 13 -3.956406561418856e-05
0 14 -4.89777410226748e-05
0 15 -2.951267713183903e-05
0 16 -5.180030908067323e-05
0 17 -7.181940342316652e-05
0 18 0.0001931981568021126
0 19 0.0001240308041269394
0 20 -0.0002136403582892418
0 21 -0.0001193167202224111
0 22 0.0001652837500193844
1 0 -3.284823849340708e-05
1 1 1.988928638740241
1 2 -6.640122226340007e-05
1 3 -0.000329537563282588
1 4 -0.0004857989013530472
1 5 0.000766539261417659
1 6 5.822094430897454e-05
1 7 -0.0003374831927944125
1 8 1.69374212497974e-05
1 9 -0.0004166313073033624
1 10 7.165901749398652e-05
1 11 4.084937202185755e-05
1 12 -0.0001456201842852842
1 13 0.0003367706894800013
1 14 0.001082490406484818
1 15 0.0002027812122064161
1 16 0.0001406374770677965
1 17 -0.000200761694863915
1 18 -0.0004673417432810629
1 19 0.0001639858425182478
1 20 7.31682715066801e-05
1 21 0.0001484930752926943
1 22 -0.0001413216916278789
2 0 -2.008581775652293e-05
2 1 -6.640122226340143e-05
2 2 1.987045211157257
2 3 -0.0001841286363212497
2 4 -0.0007681729476861456
2 5 0.0007321745595840156
2 6 0.0007511674103116491
2 7 -0.0005796912125646359
2 8 2.435488701840112e-05
2 9 0.0002292560934866467
2 10 0.000333848315221543
2 11 -0.0004442194899641273
2 12 -3.783708293253142e-05
2 13 -6.67564532853928e-06
2 14 0.0006729198427642569
2 15 0.0008205716462927339
2 16 -0.0006146995106264385
2 17 -0.0007715402693498951
2 18 -0.0005785464068433199
2 19 9.607212254116881e-05
2 20 0.0006625533762978983
2 21 -0.0005842709283455511
2 22 0.0004445626061397869
3 0 -7.734819792432658e-05
3 1 -0.0003295375632825821
3 2 -0.0001841286363212494
3 3 1.984829279868595
3 4 0.00146756652855951
3 5 -0.001854486730808614
3 6 -0.001219710305039382
3 7 0.002314208997670649
3 8 -0.0003621475655393434
3 9 0.0009007747376248678
3 10 0.0009463362908922553
3 11 -0.002647024028912951
3 12 0.0006043293361678822
3 13 0.00041524555869089
3 14 0.0007182957803259266
3 15 0.0005890167915210361
3 16 0.001106569379760686
3 17 0.0003525581616923073
3 18 1.162509983199979e-05
3 19 0.0006800091810858424
3 20 -0.0003291671967495955
3 21 0.0003023226426465193
3 22 0.0004199430553850546
4 0 8.060755800109051e-06
4 1 -0.0004857989013530589
4 2 -0.0007681729476861379
4 3 0.001467566528559506
4 4 1.981464777839951
4 5 -0.003365989299668832
4 6 -0.002432168061159621
4 7 0.003406071753921942
4 8 -0.001107385277029834
4 9 0.0004840669994648811
4 10 0.0009233207741421515
4 11 -0.004366623791711502
4 12 0.0003637347431862146
4 13 0.001610184505074328
4 14 -0.0002995094952694815
4 15 0.0001028838361468159
4 16 0.0005162754304080016
4 17 -1.848923319150116e-05
4 18 -0.0001555505678611809
4 19 -0.0005131524360509087
4 20 0.0007447655545974101
4 21 -6.773791533855297e-05
4 22 1.657908176468964e-05
5 0 -1.252030140340824e-05
5 1 0.00076653926141766
5 2 0.000732174559584003
5 3 -0.001854486730808611
5 4 -0.003365989299668793
5 5 1.982671704438923
5 6 0.002705287085841086
5 7 -0.004498997438449095
5 8 0.00119289709958614
5 9 -0.0005720931287493346
5 10 -0.002508609066739545
5 11 0.006064662469570121
5 12 -0.0008909762981715147
5 13 -0.0004347007804751016
5 14 -0.001601204098929923
5 15 -0.00100850956836504
5 16 -0.001538864280787268
5 17 0.0002810727533123647
5 18 -9.33900045154133e-05
5 19 0.0004066326280275698
5 20 -0.0003172152398921298
5 21 -0.0002541813970999622
5 22 -0.0002542259432924986
6 0 -2.866766363372832e-06
6 1 5.82209443089706e-05
6 2 0.000751167410311656
6 3 -0.001219710305039373
6 4 -0.002432168061159632
6 5 0.002705287085841094
6 6 1.980086930207644
6 7 -0.002935546932442344
6 8 0.00110335028822134
6 9 -0.001452063254494325
6 10 -0.001650658315265689
6 11 0.00306963876698577
6 12 -0.002517938441622718
6 13 0.001800256597049239
6 14 0.003339113526499609
6 15 -0.0008989776667575136
6 16 -0.0001269023458570697
6 17 -0.0001812352772388102
6 18 0.0008199052621490673
6 19 0.0006771051335920145
6 20 -0.001758803464121196
6 21 0.0008731887617704447
6 22 0.0003824674472357386
7 0 1.768236036525348e-05
7 1 -0.0003374831927944127
7 2 -0.000579691212564625
7 3 0.002314208997670627
7 4 0.003406071753921921
7 5 -0.00449899743844908
7 6 -0.00293554693244234
7 7 1.980878702685855
7 8 -0.001094415273676078
7 9 0.0004325096221036662
7 10 0.00167130053565993
7 11 -0.004232019816073152
7 12 0.001054610373665664
7 13 0.001079885890747379
7 14 0.000801452020455823
7 15 -0.002150123947756979
7 16 0.0002690762495954441
7 17 0.001397408558178392
7 18 -0.0004650655801983482
7 19 -0.001332202807529024
7 20 0.0003032454013309956
7 21 -0.0001922075322704474
7 22 -2.559887392870065e-05
8 0 6.501740976965283e-07
8 1 1.693742124979299e-05
8 2 2.435488701839843e-05
8 3 -0.0003621475655393276
8 4 -0.001107385277029836
8 5 0.001192897099586145
8 6 0.001103350288221355
8 7 -0.001094415273676087
8 8 1.976008707797297
8 9 -0.0002598516896754319
8 10 -0.0008771407343076587
8 11 0.001444511552989406
8 12 -0.001228650832350058
8 13 0.0003535567211339505
8 14 -0.000224698516466817
8 15 -0.000443877097998689
8 16 -9.150453845258295e-05
8 17 -0.0007125811543032897
8 18 0.0001041174479896451
8 19 -4.726648530542319e-05
8 20 0.0003214176035555138
8 21 -0.0001053454570329779
8 22 8.699584584560343e-05
9 0 2.288914607186505e-05
9 1 -0.0004166313073033779
9 2 0.0002292560934866163
9 3 0.0009007747376248776
9 4 0.0004840669994648761
9 5 -0.0005720931287493314
9 6 -0.001452063254494366
9 7 0.0004325096221036472
9 8 -0.0002598516896753905
9 9 1.975419673803531
9 10 0.0006800814642510297
9 11 -0.0003819058995277134
9 12 -0.0007559960921900552
9 13 -0.001034087295600818
9 14 -0.001718697854595001
9 15 -0.0003458549802929083
9 16 -0.0008857331286103108
9 17 0.0005690598722652089
9 18 -2.588580516566805e-05
9 19 -0.0002877296674004699
9 20 0.0005802455320310588
9 21 -0.0001733987307178322
9 22 -0.0003856866142050338
10 0 7.490891254371745e-07
10 1 7.165901749398479e-05
10 2 0.0003338483152215503
10 3 0.0009463362908922708
10 4 0.0009233207741422051
10 5 -0.002508609066739561
10 6 -0.001650658315265708
10 7 0.001671300535659984
10 8 -0.0008771407343076415
10 9 0.0006800814642510253
10 10 1.974231070573185
10 11 -0.001140276255084186
10 12 0.0004419651983944775
10 13 -0.0005654478415291365
10 14 -0.001552147194607651
10 15 -0.0004268987909884151
10 16 -0.0005705011975842044
10 17 0.0004085838603234641
10 18 -0.0003804162676097447
10 19 -0.0001097601345567308
10 20 0.0001928890711707077
10 21 0.0003305322950429061
10 22 0.0006898894052833364
11 0 -3.833159089730885e-06
11 1 4.084937202185541e-05
11 2 -0.0004442194899641271
11 3 -0.002647024028912912
11 4 -0.004366623791711511
11 5 0.006064662469570115
11 6 0.003069638766985732
11 7 -0.004232019816073192
11 8 0.001444511552989412
11 9 -0.0003819058995277248
11 10 -0.001140276255084205
11 11 1.975243704006278
11 12 0.001796036280665203
11 13 0.0008955057503102603
11 14 0.001873694199283384
11 15 0.002386620582096114
11 16 0.0009725179289877246
11 17 -0.0008843835643288318
11 18 0.0006695267859618994
11 19 0.0002386129550313232
11 20 -0.000218066108917353
11 21 0.0003861195521448704
11 22 0.0005723217986541218
12 0 -7.457240112196033e-05
12 1 -0.0001456201842852845
12 2 -3.783708293253122e-05
12 3 0.0006043293361678774
12 4 0.0003637347431862166
12 5 -0.0008909762981715054
12 6 -0.002517938441622676
12 7 0.00105461037366565
12 8 -0.001228650832350055
12 9 -0.0007559960921900514
12 10 0.000441965198394479
12 11 0.00179603628066521
12 12 0.01545751588369322
12 13 -0.002320701343548961
12 14 -0.002885105575901274
12 15 -0.005376722851278822
12 16 -0.006411622181712547
12 17 0.0006381262224587772
12 18 -0.003627435265562688
12 19 -0.003427537015389218
12 20 0.002825283234424011
12 21 -0.003341111412930494
12 22 -0.000928784276070569
13 0 -3.956406561418829e-05
13 1 0.0003367706894799934
13 2 -6.67564532853885e-06
13 3 0.0004152455586908916
13 4 0.00161018450507428
13 5 -0.0004347007804751021
13 6 0.001800256597049213
13 7 0.001079885890747388
13 8 0.000353556721133947
13 9 -0.001034087295600845
13 10 -0.0005654478415291347
13 11 0.0008955057503102616
13 12 -0.002320701343548983
13 13 0.02343141228250487
13 14 -0.002214465529900456
13 15 -0.0007351759034240953
13 16 -0.001845502635855091
13 17 0.0009540253301578189
13 18 -0.001008717717447509
13 19 -0.0002074982527439817
13 20 0.000930812337062756
13 21 -0.001262958082650918
13 22 -0.0004529329170452143
14 0 -4.897774102267457e-05
14 1 0.001082490406484824
14 2 0.0006729198427642585
14 3 0.000718295780325935
14 4 -0.0002995094952694825
14 5 -0.001601204098929887
14 6 0.003339113526499614
14 7 0.0008014520204558404
14 8 -0.0002246985164668218
14 9 -0.001718697854594972
14 10 -0.001552147194607657
14 11 0.001873694199283382
14 12 -0.002885105575901255
14 13 -0.002214465529900447
14 14 0.02112226314275523
14 15 -0.001205439252360905
14 16 -0.001172767514317581
14 17 0.001546258318232015
14 18 -0.00116034832891136
14 19 -0.000540913744116348
14 20 0.0009549175098221903
14 21 -0.001216748899034461
14 22 -6.10514942473852e-05
15 0 -2.951267713183876e-05
15 1 0.0002027812122064144
15 2 0.0008205716462927435
15 3 0.0005890167915210325
15 4 0.0001028838361468162
15 5 -0.001008509568365016
15 6 -0.0008989776667575091
15 7 -0.002150123947756993
15 8 -0.0004438770979986837
15 9 -0.0003458549802929122
15 10 -0.000426898790988407
15 11 0.002386620582096145
15 12 -0.005376722851278898
15 13 -0.0007351759034241143
15 14 -0.001205439252360924
15 15 0.02148101301073912
15 16 -0.002358913039383028
15 17 -8.392647029295479e-05
15 18 -0.0004586913096985935
15 19 -0.0004557767042257659
15 20 0.000803545113813758
15 21 -0.0005411760220241392
15 22 -0.0001283380035498827
16 0 -5.180030908067347e-05
16 1 0.0001406374770677965
16 2 -0.0006146995106264368
16 3 0.001106569379760685
16 4 0.0005162754304080024
16 5 -0.001538864280787264
16 6 -0.000126902345857069
16 7 0.0002690762495954484
16 8 -9.150453845258372e-05
16 9 -0.0008857331286103046
16 10 -0.0005705011975842039
16 11 0.0009725179289877162
16 12 -0.006411622181712517
16 13 -0.001845502635855097
16 14 -0.001172767514317614
16 15 -0.002358913039383043
16 16 0.01833466362933353
16 17 -0.0005804206418471308
16 18 -0.002079319224430602
16 19 -0.0007146746552757453
16 20 0.002038494541923004
16 21 -0.002054048689450826
16 22 -8.145146235970914e-05
17 0 -7.181940342316639e-05
17 1 -0.0002007616948639132
17 2 -0.0007715402693498938
17 3 0.0003525581616923065
17 4 -1.848923319150108e-05
17 5 0.0002810727533123592
17 6 -0.0001812352772388098
17 7 0.001397408558178379
17 8 -0.0007125811543032889
17 9 0.0005690598722652041
17 10 0.0004085838603234631
17 11 -0.0008843835643288291
17 12 0.0006381262224587673
17 13 0.0009540253301577946
17 14 0.001546258318231998
17 15 -8.392647029290096e-05
17 16 -0.0005804206418471042
17 17 0.0203194830067796
17 18 -0.0008949454797011318
17 19 -7.93231801167078e-05
17 20 0.0003057642227298196
17 21 -0.000314928285140408
17 22 -2.969536761660853e-05
18 0 0.0001931981568021072
18 1 -0.0004673417432810584
18 2 -0.0005785464068433219
18 3 1.162509983200176e-05
18 4 -0.0001555505678611809
18 5 -9.339000451541362e-05
18 6 0.000819905262149076
18 7 -0.0004650655801983585
18 8 0.0001041174479896456
18 9 -2.588580516567108e-05
18 10 -0.0003804162676097489
18 11 0.0006695267859619042
18 12 -0.003627435265562673
18 13 -0.001008717717447503
18 14 -0.001160348328911356
18 15 -0.0004586913096985814
18 16 -0.002079319224430588
18 17 -0.0008949454797011055
18 18 0.01760473139374032
18 19 -0.0005497645737966397
18 20 -0.001024598398208066
18 21 -0.001346416262345225
18 22 -0.0008769755937557183
19 0 0.0001240308041269416
19 1 0.0001639858425182508
19 2 9.607212254116952e-05
19 3 0.0006800091810858435
19 4 -0.0005131524360509213
19 5 0.0004066326280275821
19 6 0.0006771051335919948
19 7 -0.001332202807529029
19 8 -4.726648530542352e-05
19 9 -0.0002877296674004741
19 10 -0.0001097601345567316
19 11 0.0002386129550313281
19 12 -0.003427537015389202
19 13 -0.0002074982527439893
19 14 -0.0005409137441163754
19 15 -0.0004557767042257509
19 16 -0.000714674655275746
19 17 -7.932318011670553e-05
19 18 -0.0005497645737966542
19 19 0.0204239963873909
19 20 -0.0002419833307185629
19 21 -0.0003069485489606376
19 22 -0.0003701408697407292
20 0 -0.0002136403582892386
20 1 7.316827150667835e-05
20 2 0.0006625533762979033
20 3 -0.000329167196749593
20 4 0.0007447655545974197
20 5 -0.0003172152398921322
20 6 -0.001758803464121153
20 7 0.0003032454013309912
20 8 0.0003214176035555108
20 9 0.0005802455320310647
20 10 0.0001928890711707059
20 11 -0.0002180661089173528
20 12 0.002825283234423991
20 13 0.0009308123370627582
20 14 0.000954917509822193
20 15 0.000803545113813755
20 16 0.002038494541922997
20 17 0.0003057642227298324
20 18 -0.001024598398208077
20 19 -0.000241983330718568
20 20 0.01740425830264548
20 21 0.0001852936500851804
20 22 -0.0003016086728374275
21 0 -0.0001193167202224108
21 1 0.0001484930752926974
21 2 -0.0005842709283455527
21 3 0.0003023226426465187
21 4 -6.773791533855442e-05
21 5 -0.0002541813970999596
21 6 0.0008731887617704315
21 7 -0.0001922075322704489
21 8 -0.0001053454570329741
21 9 -0.0001733987307178318
21 10 0.0003305322950429104
21 11 0.0003861195521448621
21 12 -0.003341111412930448
21 13 -0.001262958082650935
21 14 -0.001216748899034461
21 15 -0.0005411760220241271
21 16 -0.002054048689450846
21 17 -0.0003149282851404134
21 18 -0.001346416262345227
21 19 -0.0003069485489606797
21 20 0.0001852936500851637
21 21 0.0186191331863107
21 22 0.0003671549878013715
22 0 0.0001652837500193854
22 1 -0.0001413216916278815
22 2 0.0004445626061397902
22 3 0.0004199430553850432
22 4 1.657908176469006e-05
22 5 -0.0002542259432925037
22 6 0.0003824674472357346
22 7 -2.559887392870164e-05
22 8 8.699584584560352e-05
22 9 -0.0003856866142050345
22 10 0.000689889405283337
22 11 0.0005723217986541222
22 12 -0.000928784276070575
22 13 -0.0004529329170452262
22 14 -6.10514942473953e-05
22 15 -0.0001283380035498958
22 16 -8.145146235969329e-05
22 17 -2.969536761659888e-05
22 18 -0.0008769755937557146
22 19 -0.0003701408697407365
22 20 -0.0003016086728374323
22 21 0.0003671549878013348
22 22 0.01903028952417057
