0 0 1.999967730343046
0 1 -1.14186615764987e-05
0 2 -6.420140136281395e-06
0 3 -5.207513803555887e-05
0 4 -6.417254284085896e-05
0 5 2.188009080942237e-05
0 6 -7.41633491629974e-05
0 7 3.392980846119016e-05
0 8 2.067957526458074e-05
0 9 -7.41549152377001e-05
0 10 -1.141964005927604e-05
0 11 3.884391800537287e-05
0 12 4.804130645728327e-06
0 13 3.121853807965836e-06
0 14 -0.0001526049453864674
0 15 5.849247027868358e-05
0 16 -0.0001528873799570861
0 17 -6.758942438843697e-05
0 18 -0.0001621150427316232
0 19 5.237626909268151e-06
0 20 0.0003273963388658239
0 21 -0.0002686075851506828
0 22 0.0004464165903665335
1 0 -1.141866157649863e-05
1 1 1.992780950550527
1 2 -0.0009892925405878884
1 3 -0.0001115771042187648
1 4 -0.001242288396149216
1 5 -0.0002833688618108434
1 6 -0.00212464246954962
1 7 0.001374547767765974
1 8 0.001674165106354251
1 9 0.004826833709908527
1 10 0.0001131023564502367
1 11 -0.0009061943225557886
1 12 4.936248415547757e-06
1 13 -0.0004933892559944022
1 14 -0.00068966323132961
1 15 -0.004007064124648247
1 16 0.0006620783246415943
1 17 0.0002386032950394289
1 18 0.003079435066709657
1 19 0.0002831419727742621
1 20 -0.004138181863634226
1 21 -0.0004885910189241044
1 22 -0.006020248106377867
2 0 -6.420140136281334e-06
2 1 -0.0009892925405878914
2 2 1.991621367273714
2 3 0.0005108532687281256
2 4 0.00191854152648896
2 5 0.0009441863006312296
2 6 0.001076092723889404
2 7 -0.0009460155025826074
2 8 -0.00119607373408839
2 9 -0.004794920588352066
2 10 -0.0002621867258532134
2 11 -0.0006272082480004882
2 12 -7.292130159061093e-05
2 13 0.0003171553896321351
2 14 -0.0009979025071552652
2 15 -0.00184778044232553
2 16 -0.003876733379559171
2 17 0.001097093940513991
2 18 -0.001449425104275812
2 19 -0.000268034971089056
2 20 0.003554289169763982
2 21 4.195925231077685e-05
2 22 0.006963070893107486
3 0 -5.207513803555891e-05
3 1 -0.0001115771042187664
3 2 0.0005108532687281289
3 3 1.987198992416443
3 4 -0.0002791446815950831
3 5 3.248570092584133e-05
3 6 -0.0003095427465699902
3 7 0.0001040889565804794
3 8 -0.0003547019154847134
3 9 -0.001134619262250661
3 10 -0.0001725488806171396
3 11 0.001624603366975077
3 12 0.0001517002124857081
3 13 0.0001026094488295347
3 14 0.001344196276790535
3 15 -0.001262197895094123
3 16 0.001277387719808621
3 17 0.0006056774465556865
3 18 -0.002671879533941319
3 19 0.0006708064672387587
3 20 -3.884067742504771e-05
3 21 0.0004852008925054559
3 22 0.0017428427694028
4 0 -6.417254284085833e-05
4 1 -0.001242288396149184
4 2 0.001918541526488987
4 3 -0.000279144681595085
4 4 1.982003827325884
4 5 0.001094798807001201
4 6 0.0001641810302867173
4 7 -0.0002845916519796829
4 8 -0.0003611987732151783
4 9 -0.004325054443608077
4 10 -0.0004412244938666499
4 11 -0.001353383849105874
4 12 0.0001339704589845213
4 13 -0.0002156823810900252
4 14 0.005141255480350543
4 15 0.0004306023106047942
4 16 0.001127583821765504
4 17 0.002528783946843675
4 18 0.0005112108779144666
4 19 -0.001399110480883899
4 20 0.00255510552720456
4 21 0.002487863350733138
4 22 0.004509840530537315
5 0 2.188009080942208e-05
5 1 -0.0002833688618108334
5 2 0.0009441863006312402
5 3 3.24857009258424e-05
5 4 0.001094798807001252
5 5 1.980830631876928
5 6 6.408070202692221e-05
5 7 -0.0002603345565289646
5 8 -0.0004047493234604851
5 9 -0.001932320648235553
5 10 -0.0003391651037136076
5 11 -0.002650095845676615
5 12 0.0005021312531288273
5 13 0.0008318001117250949
5 14 -0.001921068103576565
5 15 -0.003650507636348633
5 16 -0.001157337705914904
5 17 0.0003188507474215166
5 18 0.000786198234629757
5 19 0.0007581866361650935
5 20 -0.0004218601569539394
5 21 -0.0009539089870044283
5 22 0.002490408946613965
6 0 -7.416334916299748e-05
6 1 -0.002124642469549604
6 2 0.001076092723889412
6 3 -0.000309542746570072
6 4 0.0001641810302866355
6 5 6.408070202693258e-05
6 6 1.978950527235376
6 7 -0.001433317388852964
6 8 -0.0002594805208679195
6 9 -0.001606228406504854
6 10 -0.001884430376001221
6 11 0.005402973113563267
6 12 0.005375962953626315
6 13 0.009635046364909722
6 14 0.000387392435363872
6 15 0.00249259437371755
6 16 -0.0009680205696430695
6 17 -0.004467025443691435
6 18 -0.001580621808452286
6 19 0.003029013612448364
6 20 -0.0006201907902988668
6 21 0.002310326493597836
6 22 0.001389529581532401
7 0 3.392980846118955e-05
7 1 0.001374547767765978
7 2 -0.0009460155025826025
7 3 0.0001040889565804838
7 4 -0.0002845916519797155
7 5 -0.0002603345565289773
7 6 -0.001433317388852947
7 7 1.975431342777861
7 8 0.0009842093674368633
7 9 0.001818717033531245
7 10 -0.004010717135036907
7 11 -0.00268428807342082
7 12 0.01366631098432909
7 13 0.02593012974460461
7 14 0.001223187691130603
7 15 -0.0007979322461459862
7 16 0.0007565900092770315
7 17 0.002506801270814785
7 18 0.003423699148749351
7 19 0.004671637381141044
7 20 0.001810325617141308
7 21 -0.0007254072433332177
7 22 -0.0001488151935364109
8 0 2.067957526458098e-05
8 1 0.0016741651063542
8 2 -0.001196073734088404
8 3 -0.0003547019154846648
8 4 -0.0003611987732151301
8 5 -0.0004047493234604721
8 6 -0.0002594805208679464
8 7 0.0009842093674368993
8 8 1.975914323593934
8 9 0.000880625882377755
8 10 0.0007734975155498585
8 11 -0.00136311932951194
8 12 -0.002994670876531778
8 13 -0.004702332123503152
8 14 -0.001234377901525592
8 15 -0.0001704945824273535
8 16 0.004738922298673289
8 17 0.0004477685708733791
8 18 -0.001014314263570939
8 19 -0.001689378072144557
8 20 0.002799474772805055
8 21 0.002094947906120191
8 22 0.003879177004143525
9 0 -7.415491523770115e-05
9 1 0.004826833709908464
9 2 -0.004794920588352014
9 3 -0.001134619262250647
9 4 -0.004325054443608097
9 5 -0.00193232064823552
9 6 -0.001606228406504845
9 7 0.001818717033531244
9 8 0.0008806258823777622
9 9 1.978782570397438
9 10 0.0009380169524296204
9 11 0.00337695230856539
9 12 -0.002442762153520664
9 13 -0.003395835491312406
9 14 0.001036310504636774
9 15 0.001172842315711255
9 16 -0.00228798700507297
9 17 -0.00240903349867505
9 18 -0.002460895832058729
9 19 0.0005316886372909841
9 20 -5.123736472252679e-05
9 21 0.004107808087900577
9 22 0.01549000933797031
10 0 -1.141964005927584e-05
10 1 0.0001131023564502375
10 2 -0.0002621867258532018
10 3 -0.0001725488806171664
10 4 -0.000441224493866645
10 5 -0.0003391651037136104
10 6 -0.001884430376001215
10 7 -0.004010717135037345
10 8 0.0007734975155498518
10 9 0.0009380169524296302
10 10 1.968373680513032
10 11 0.0008374040164823527
10 12 0.02482094855535015
10 13 0.05610441781692681
10 14 0.0002210066879449519
10 15 0.0004755196709242256
10 16 0.0002919343572008567
10 17 -0.001144200729777503
10 18 0.0007920718545052856
10 19 0.002034807760357124
10 20 0.0006638788424621564
10 21 0.001133627001436982
10 22 0.0004719670924467639
11 0 3.884391800537359e-05
11 1 -0.000906194322555785
11 2 -0.0006272082480004758
11 3 0.00162460336697506
11 4 -0.001353383849105875
11 5 -0.002650095845676601
11 6 0.005402973113563232
11 7 -0.002684288073420727
11 8 -0.001363119329511946
11 9 0.003376952308565327
11 10 0.0008374040164823503
11 11 1.980401801780816
11 12 -0.0005648139872653495
11 13 -0.0006496192871791834
11 14 -0.00664580536725313
11 15 0.03199188237159399
11 16 -0.003034358979854136
11 17 -0.01077524561619356
11 18 -0.01651656997881026
11 19 -0.0003821938504987543
11 20 0.006258204596944286
11 21 0.02894722176809689
11 22 -0.006957119236346536
12 0 4.80413064572845e-06
12 1 4.936248415543278e-06
12 2 -7.292130159060937e-05
12 3 0.0001517002124856988
12 4 0.0001339704589845274
12 5 0.0005021312531288397
12 6 0.005375962953626577
12 7 0.01366631098432889
12 8 -0.002994670876531724
12 9 -0.002442762153520652
12 10 0.02482094855535092
12 11 -0.0005648139872653354
12 12 1.935666752041818
12 13 0.005682128469858697
12 14 -3.216960901324793e-05
12 15 -0.0003591383507846881
12 16 0.0004144256578737129
12 17 7.073838261104971e-05
12 18 0.001141001488224753
12 19 0.002158374678182366
12 20 0.0006764019527835339
12 21 0.0001859241906931237
12 22 0.0002235781977261183
13 0 3.121853807965975e-06
13 1 -0.0004933892559944216
13 2 0.0003171553896321431
13 3 0.0001026094488295346
13 4 -0.0002156823810900216
13 5 0.0008318001117250944
13 6 0.00963504636490977
13 7 0.02593012974460429
13 8 -0.004702332123503047
13 9 -0.003395835491312321
13 10 0.05610441781692554
13 11 -0.0006496192871791506
13 12 0.005682128469858884
13 13 0.09676270911508686
13 14 0.001893967077190856
13 15 0.0007596963999451109
13 16 -0.0004352895108620267
13 17 -0.0005952928514201122
13 18 0.003277196269913908
13 19 0.006982034826546897
13 20 0.00197001877057909
13 21 0.000515469278059348
13 22 -7.093164244284597e-05
14 0 -0.0001526049453864667
14 1 -0.0006896632313296413
14 2 -0.0009979025071552858
14 3 0.001344196276790477
14 4 0.005141255480350593
14 5 -0.001921068103576556
14 6 0.0003873924353638899
14 7 0.001223187691130611
14 8 -0.001234377901525635
14 9 0.001036310504636789
14 10 0.000221006687944957
14 11 -0.006645805367252934
14 12 -3.216960901324514e-05
14 13 0.00189396707719089
14 14 0.01874826552900591
14 15 0.002019260392639546
14 16 0.0004034500926209406
14 17 0.0101443022926732
14 18 0.001605797249039874
14 19 0.001514703058397865
14 20 -0.004085730733084633
14 21 0.0006280005116016539
14 22 0.0009962488920557486
15 0 5.849247027868444e-05
15 1 -0.004007064124648204
15 2 -0.001847780442325528
15 3 -0.001262197895094083
15 4 0.0004306023106048088
15 5 -0.003650507636348615
15 6 0.002492594373717418
15 7 -0.0007979322461459963
15 8 -0.0001704945824273467
15 9 0.001172842315711221
15 10 0.0004755196709242408
15 11 0.0319918823715941
15 12 -0.0003591383507847108
15 13 0.0007596963999451418
15 14 0.002019260392639524
15 15 0.0212652616452503
15 16 -0.002487563186129489
15 17 -0.00686699280734589
15 18 -0.002678951684728526
15 19 -0.0005311340101612765
15 20 0.00293147806182789
15 21 0.003431847169046782
15 22 -0.0003094017105910133
16 0 -0.000152887379957085
16 1 0.000662078324641591
16 2 -0.003876733379559128
16 3 0.001277387719808627
16 4 0.001127583821765493
16 5 -0.001157337705914902
16 6 -0.0009680205696431209
16 7 0.0007565900092770619
16 8 0.004738922298673174
16 9 -0.002287987005073036
16 10 0.0002919343572008561
16 11 -0.003034358979853998
16 12 0.0004144256578737457
16 13 -0.0004352895108620413
16 14 0.0004034500926211031
16 15 -0.002487563186129497
16 16 0.02182038836649057
16 17 0.0002229987647063365
16 18 0.001813911842864214
16 19 8.6709206658263e-05
16 20 -0.001737333622984646
16 21 5.931152708803022e-06
16 22 -0.001509576198488338
17 0 -6.758942438843648e-05
17 1 0.0002386032950394269
17 2 0.001097093940513993
17 3 0.0006056774465556853
17 4 0.002528783946843642
17 5 0.0003188507474215017
17 6 -0.004467025443691595
17 7 0.002506801270814812
17 8 0.0004477685708733761
17 9 -0.002409033498675083
17 10 -0.001144200729777553
17 11 -0.01077524561619385
17 12 7.073838261105318e-05
17 13 -0.0005952928514200743
17 14 0.01014430229267332
17 15 -0.006866992807345903
17 16 0.0002229987647063506
17 17 0.01077240785479662
17 18 0.001287543263680288
17 19 -0.0005875583468737799
17 20 0.0009015435616893289
17 21 -0.0008606858779963872
17 22 0.0002888942928402524
18 0 -0.0001621150427316231
18 1 0.003079435066709759
18 2 -0.00144942510427582
18 3 -0.002671879533941339
18 4 0.0005112108779144579
18 5 0.0007861982346297491
18 6 -0.001580621808452195
18 7 0.003423699148749226
18 8 -0.001014314263570943
18 9 -0.002460895832058729
18 10 0.0007920718545052628
18 11 -0.01651656997881042
18 12 0.001141001488224757
18 13 0.00327719626991385
18 14 0.001605797249039856
18 15 -0.002678951684728341
18 16 0.001813911842864155
18 17 0.001287543263680364
18 18 0.02088568646651984
18 19 0.0009925683521973729
18 20 -0.002350714736388823
18 21 -0.001841618260084607
18 22 -0.001471096961163213
19 0 5.237626909268107e-06
19 1 0.000283141972774251
19 2 -0.0002680349710890531
19 3 0.0006708064672387556
19 4 -0.001399110480883916
19 5 0.0007581866361650882
19 6 0.003029013612448283
19 7 0.004671637381141363
19 8 -0.001689378072144555
19 9 0.0005316886372909917
19 10 0.002034807760357029
19 11 -0.0003821938504987581
19 12 0.002158374678182409
19 13 0.006982034826546675
19 14 0.001514703058397801
19 15 -0.0005311340101612699
19 16 8.670920665824214e-05
19 17 -0.0005875583468736977
19 18 0.0009925683521973898
19 19 0.02059858825346843
19 20 0.0004829725864691671
19 21 -0.0001652568897819267
19 22 -0.0003420104013871625
20 0 0.0003273963388658299
20 1 -0.004138181863634266
20 2 0.003554289169764077
20 3 -3.884067742505426e-05
20 4 0.002555105527204614
20 5 -0.0004218601569539241
20 6 -0.0006201907902988493
20 7 0.001810325617141341
20 8 0.002799474772805099
20 9 -5.123736472242629e-05
20 10 0.0006638788424621531
20 11 0.006258204596944358
20 12 0.0006764019527835548
20 13 0.001970018770579091
20 14 -0.004085730733084674
20 15 0.002931478061827945
20 16 -0.001737333622984716
20 17 0.0009015435616892802
20 18 -0.002350714736388855
20 19 0.0004829725864691802
20 20 0.02081893377882678
20 21 0.0001553493727694786
20 22 0.003335834089218681
21 0 -0.0002686075851506757
21 1 -0.000488591018924059
21 2 4.195925231077923e-05
21 3 0.0004852008925054563
21 4 0.002487863350733223
21 5 -0.0009539089870043972
21 6 0.00231032649359782
21 7 -0.0007254072433332879
21 8 0.002094947906120185
21 9 0.004107808087900721
21 10 0.001133627001436952
21 11 0.02894722176809783
21 12 0.0001859241906931262
21 13 0.0005154692780593455
21 14 0.000628000511601621
21 15 0.003431847169046591
21 16 5.931152708848369e-06
21 17 -0.0008606858779963656
21 18 -0.001841618260084533
21 19 -0.0001652568897819313
21 20 0.0001553493727694572
21 21 0.02122029986708621
21 22 -0.001050391789585056
22 0 0.0004464165903665426
22 1 -0.006020248106377765
22 2 0.006963070893107654
22 3 0.001742842769402792
22 4 0.004509840530537364
22 5 0.002490408946614004
22 6 0.001389529581532376
22 7 -0.0001488151935364055
22 8 0.003879177004143433
22 9 0.01549000933797063
22 10 0.0004719670924467679
22 11 -0.006957119236346865
22 12 0.0002235781977261261
22 13 -7.093164244285804e-05
22 14 0.0009962488920557612
22 15 -0.0003094017105910027
22 16 -0.001509576198488246
22 17 0.0002888942928402725
22 18 -0.001471096961163185
22 19 -0.0003420104013871614
22 20 0.003335834089218959
22 21 -0.001050391789585009
22 22 0.01918296081246102
