5.110000000000000000e+02
7.670000000000000000e+02
8.950000000000000000e+02
9.590000000000000000e+02
9.910000000000000000e+02
1.007000000000000000e+03
1.015000000000000000e+03
1.019000000000000000e+03
1.021000000000000000e+03
1.022000000000000000e+03
1.279000000000000000e+03
1.407000000000000000e+03
1.471000000000000000e+03
1.503000000000000000e+03
1.519000000000000000e+03
1.527000000000000000e+03
1.531000000000000000e+03
1.533000000000000000e+03
1.534000000000000000e+03
1.663000000000000000e+03
1.727000000000000000e+03
1.759000000000000000e+03
1.775000000000000000e+03
1.783000000000000000e+03
1.787000000000000000e+03
1.789000000000000000e+03
1.790000000000000000e+03
1.855000000000000000e+03
1.887000000000000000e+03
1.903000000000000000e+03
1.911000000000000000e+03
1.915000000000000000e+03
1.917000000000000000e+03
1.918000000000000000e+03
1.951000000000000000e+03
1.967000000000000000e+03
1.975000000000000000e+03
1.979000000000000000e+03
1.981000000000000000e+03
1.982000000000000000e+03
1.999000000000000000e+03
2.007000000000000000e+03
2.011000000000000000e+03
2.013000000000000000e+03
2.023000000000000000e+03
2.027000000000000000e+03
2.029000000000000000e+03
2.035000000000000000e+03
2.037000000000000000e+03
2.038000000000000000e+03
2.041000000000000000e+03
2.042000000000000000e+03
2.044000000000000000e+03
2.303000000000000000e+03
2.431000000000000000e+03
2.495000000000000000e+03
2.527000000000000000e+03
2.543000000000000000e+03
2.551000000000000000e+03
2.555000000000000000e+03
2.557000000000000000e+03
2.558000000000000000e+03
2.687000000000000000e+03
2.751000000000000000e+03
2.783000000000000000e+03
2.799000000000000000e+03
2.807000000000000000e+03
2.811000000000000000e+03
2.813000000000000000e+03
2.814000000000000000e+03
2.879000000000000000e+03
2.911000000000000000e+03
2.927000000000000000e+03
2.935000000000000000e+03
2.939000000000000000e+03
2.941000000000000000e+03
2.975000000000000000e+03
2.991000000000000000e+03
2.999000000000000000e+03
3.003000000000000000e+03
3.005000000000000000e+03
3.006000000000000000e+03
3.023000000000000000e+03
3.031000000000000000e+03
3.035000000000000000e+03
3.037000000000000000e+03
3.038000000000000000e+03
3.047000000000000000e+03
3.051000000000000000e+03
3.053000000000000000e+03
3.054000000000000000e+03
3.059000000000000000e+03
3.061000000000000000e+03
3.065000000000000000e+03
3.066000000000000000e+03
3.199000000000000000e+03
3.263000000000000000e+03
3.295000000000000000e+03
3.311000000000000000e+03
3.319000000000000000e+03
3.323000000000000000e+03
3.325000000000000000e+03
3.326000000000000000e+03
3.391000000000000000e+03
3.423000000000000000e+03
3.439000000000000000e+03
3.447000000000000000e+03
3.451000000000000000e+03
3.453000000000000000e+03
3.454000000000000000e+03
3.487000000000000000e+03
3.503000000000000000e+03
3.511000000000000000e+03
3.515000000000000000e+03
3.517000000000000000e+03
3.535000000000000000e+03
3.543000000000000000e+03
3.547000000000000000e+03
3.549000000000000000e+03
3.550000000000000000e+03
3.559000000000000000e+03
3.563000000000000000e+03
3.565000000000000000e+03
3.566000000000000000e+03
3.571000000000000000e+03
3.573000000000000000e+03
3.574000000000000000e+03
3.577000000000000000e+03
3.578000000000000000e+03
3.580000000000000000e+03
3.647000000000000000e+03
3.743000000000000000e+03
3.759000000000000000e+03
3.774000000000000000e+03
3.791000000000000000e+03
3.799000000000000000e+03
3.822000000000000000e+03
3.830000000000000000e+03
3.836000000000000000e+03
3.895000000000000000e+03
3.919000000000000000e+03
3.943000000000000000e+03
3.947000000000000000e+03
3.950000000000000000e+03
3.955000000000000000e+03
3.961000000000000000e+03
3.964000000000000000e+03
4.007000000000000000e+03
4.021000000000000000e+03
4.022000000000000000e+03
4.025000000000000000e+03
4.039000000000000000e+03
4.053000000000000000e+03
4.054000000000000000e+03
4.069000000000000000e+03
4.073000000000000000e+03
4.081000000000000000e+03
4.351000000000000000e+03
4.479000000000000000e+03
4.543000000000000000e+03
4.575000000000000000e+03
4.591000000000000000e+03
4.599000000000000000e+03
4.603000000000000000e+03
4.605000000000000000e+03
4.606000000000000000e+03
4.735000000000000000e+03
4.799000000000000000e+03
4.831000000000000000e+03
4.847000000000000000e+03
4.855000000000000000e+03
4.859000000000000000e+03
4.861000000000000000e+03
4.862000000000000000e+03
4.927000000000000000e+03
4.959000000000000000e+03
4.975000000000000000e+03
4.983000000000000000e+03
4.987000000000000000e+03
4.989000000000000000e+03
4.990000000000000000e+03
5.023000000000000000e+03
5.039000000000000000e+03
5.047000000000000000e+03
5.051000000000000000e+03
5.053000000000000000e+03
5.071000000000000000e+03
5.079000000000000000e+03
5.083000000000000000e+03
5.085000000000000000e+03
5.086000000000000000e+03
5.095000000000000000e+03
5.099000000000000000e+03
5.101000000000000000e+03
5.107000000000000000e+03
5.109000000000000000e+03
5.110000000000000000e+03
5.113000000000000000e+03
5.116000000000000000e+03
5.247000000000000000e+03
5.311000000000000000e+03
5.343000000000000000e+03
5.359000000000000000e+03
5.367000000000000000e+03
5.371000000000000000e+03
5.373000000000000000e+03
5.374000000000000000e+03
5.439000000000000000e+03
5.471000000000000000e+03
5.487000000000000000e+03
5.495000000000000000e+03
5.499000000000000000e+03
5.501000000000000000e+03
5.502000000000000000e+03
5.535000000000000000e+03
5.551000000000000000e+03
5.559000000000000000e+03
5.563000000000000000e+03
5.565000000000000000e+03
5.566000000000000000e+03
5.583000000000000000e+03
5.591000000000000000e+03
5.595000000000000000e+03
5.597000000000000000e+03
5.598000000000000000e+03
5.607000000000000000e+03
5.611000000000000000e+03
5.613000000000000000e+03
5.614000000000000000e+03
5.619000000000000000e+03
5.621000000000000000e+03
5.622000000000000000e+03
5.625000000000000000e+03
5.626000000000000000e+03
5.628000000000000000e+03
5.751000000000000000e+03
5.758000000000000000e+03
5.822000000000000000e+03
5.851000000000000000e+03
5.853000000000000000e+03
5.881000000000000000e+03
5.919000000000000000e+03
5.950000000000000000e+03
5.975000000000000000e+03
6.009000000000000000e+03
6.012000000000000000e+03
6.055000000000000000e+03
6.070000000000000000e+03
6.094000000000000000e+03
6.105000000000000000e+03
6.121000000000000000e+03
6.124000000000000000e+03
6.132000000000000000e+03
6.271000000000000000e+03
6.335000000000000000e+03
6.367000000000000000e+03
6.383000000000000000e+03
6.391000000000000000e+03
6.395000000000000000e+03
6.397000000000000000e+03
6.398000000000000000e+03
6.463000000000000000e+03
6.495000000000000000e+03
6.511000000000000000e+03
6.519000000000000000e+03
6.523000000000000000e+03
6.525000000000000000e+03
6.559000000000000000e+03
6.575000000000000000e+03
6.583000000000000000e+03
6.587000000000000000e+03
6.589000000000000000e+03
6.590000000000000000e+03
6.607000000000000000e+03
6.615000000000000000e+03
6.619000000000000000e+03
6.621000000000000000e+03
6.622000000000000000e+03
6.631000000000000000e+03
6.635000000000000000e+03
6.637000000000000000e+03
6.638000000000000000e+03
6.643000000000000000e+03
6.645000000000000000e+03
6.646000000000000000e+03
6.649000000000000000e+03
6.650000000000000000e+03
6.767000000000000000e+03
6.779000000000000000e+03
6.782000000000000000e+03
6.815000000000000000e+03
6.831000000000000000e+03
6.843000000000000000e+03
6.863000000000000000e+03
6.871000000000000000e+03
6.878000000000000000e+03
6.891000000000000000e+03
6.893000000000000000e+03
6.894000000000000000e+03
6.899000000000000000e+03
6.901000000000000000e+03
6.905000000000000000e+03
6.943000000000000000e+03
6.959000000000000000e+03
6.973000000000000000e+03
6.999000000000000000e+03
7.003000000000000000e+03
7.019000000000000000e+03
7.036000000000000000e+03
7.055000000000000000e+03
7.063000000000000000e+03
7.115000000000000000e+03
7.126000000000000000e+03
7.141000000000000000e+03
7.231000000000000000e+03
7.279000000000000000e+03
7.343000000000000000e+03
7.355000000000000000e+03
7.357000000000000000e+03
7.358000000000000000e+03
7.375000000000000000e+03
7.403000000000000000e+03
7.411000000000000000e+03
7.417000000000000000e+03
7.455000000000000000e+03
7.471000000000000000e+03
7.479000000000000000e+03
7.486000000000000000e+03
7.511000000000000000e+03
7.517000000000000000e+03
7.527000000000000000e+03
7.567000000000000000e+03
7.575000000000000000e+03
7.582000000000000000e+03
7.605000000000000000e+03
7.623000000000000000e+03
7.629000000000000000e+03
7.641000000000000000e+03
7.653000000000000000e+03
7.672000000000000000e+03
7.739000000000000000e+03
7.783000000000000000e+03
7.823000000000000000e+03
7.835000000000000000e+03
7.862000000000000000e+03
7.866000000000000000e+03
7.891000000000000000e+03
7.893000000000000000e+03
7.975000000000000000e+03
7.982000000000000000e+03
8.090000000000000000e+03
8.120000000000000000e+03
8.133000000000000000e+03
8.134000000000000000e+03
8.146000000000000000e+03
8.447000000000000000e+03
8.575000000000000000e+03
8.639000000000000000e+03
8.671000000000000000e+03
8.687000000000000000e+03
8.695000000000000000e+03
8.699000000000000000e+03
8.701000000000000000e+03
8.702000000000000000e+03
8.831000000000000000e+03
8.895000000000000000e+03
8.927000000000000000e+03
8.943000000000000000e+03
8.951000000000000000e+03
8.955000000000000000e+03
8.957000000000000000e+03
8.958000000000000000e+03
9.023000000000000000e+03
9.055000000000000000e+03
9.071000000000000000e+03
9.079000000000000000e+03
9.083000000000000000e+03
9.085000000000000000e+03
9.119000000000000000e+03
9.135000000000000000e+03
9.143000000000000000e+03
9.147000000000000000e+03
9.149000000000000000e+03
9.167000000000000000e+03
9.175000000000000000e+03
9.179000000000000000e+03
9.181000000000000000e+03
9.182000000000000000e+03
9.191000000000000000e+03
9.195000000000000000e+03
9.197000000000000000e+03
9.198000000000000000e+03
9.203000000000000000e+03
9.205000000000000000e+03
9.209000000000000000e+03
9.210000000000000000e+03
9.343000000000000000e+03
9.407000000000000000e+03
9.439000000000000000e+03
9.455000000000000000e+03
9.463000000000000000e+03
9.467000000000000000e+03
9.469000000000000000e+03
9.535000000000000000e+03
9.567000000000000000e+03
9.583000000000000000e+03
9.591000000000000000e+03
9.595000000000000000e+03
9.597000000000000000e+03
9.598000000000000000e+03
9.631000000000000000e+03
9.647000000000000000e+03
9.655000000000000000e+03
9.659000000000000000e+03
9.661000000000000000e+03
9.679000000000000000e+03
9.687000000000000000e+03
9.691000000000000000e+03
9.693000000000000000e+03
9.694000000000000000e+03
9.703000000000000000e+03
9.707000000000000000e+03
9.709000000000000000e+03
9.710000000000000000e+03
9.715000000000000000e+03
9.717000000000000000e+03
9.721000000000000000e+03
9.722000000000000000e+03
9.823000000000000000e+03
9.851000000000000000e+03
9.853000000000000000e+03
9.903000000000000000e+03
9.917000000000000000e+03
9.935000000000000000e+03
9.949000000000000000e+03
1.003100000000000000e+04
1.006300000000000000e+04
1.007100000000000000e+04
1.007700000000000000e+04
1.010800000000000000e+04
1.012700000000000000e+04
1.016900000000000000e+04
1.019000000000000000e+04
1.019500000000000000e+04
1.020400000000000000e+04
1.036700000000000000e+04
1.043100000000000000e+04
1.046300000000000000e+04
1.047900000000000000e+04
1.048700000000000000e+04
1.049100000000000000e+04
1.049300000000000000e+04
1.055900000000000000e+04
1.059100000000000000e+04
1.060700000000000000e+04
1.061500000000000000e+04
1.061900000000000000e+04
1.062100000000000000e+04
1.062200000000000000e+04
1.065500000000000000e+04
1.067100000000000000e+04
1.067900000000000000e+04
1.068300000000000000e+04
1.068500000000000000e+04
1.068600000000000000e+04
1.070300000000000000e+04
1.071100000000000000e+04
1.071500000000000000e+04
1.071700000000000000e+04
1.071800000000000000e+04
1.072700000000000000e+04
1.073100000000000000e+04
1.073300000000000000e+04
1.073400000000000000e+04
1.073900000000000000e+04
1.074100000000000000e+04
1.074500000000000000e+04
1.074800000000000000e+04
1.081500000000000000e+04
1.087100000000000000e+04
1.087500000000000000e+04
1.091100000000000000e+04
1.093900000000000000e+04
1.094100000000000000e+04
1.095900000000000000e+04
1.097100000000000000e+04
1.097300000000000000e+04
1.097400000000000000e+04
1.098300000000000000e+04
1.099700000000000000e+04
1.099800000000000000e+04
1.100100000000000000e+04
1.112900000000000000e+04
1.113000000000000000e+04
1.115100000000000000e+04
1.117900000000000000e+04
1.118200000000000000e+04
1.118700000000000000e+04
1.119000000000000000e+04
1.124100000000000000e+04
1.124900000000000000e+04
1.125600000000000000e+04
1.147100000000000000e+04
1.149500000000000000e+04
1.149900000000000000e+04
1.151600000000000000e+04
1.155100000000000000e+04
1.157900000000000000e+04
1.159900000000000000e+04
1.160700000000000000e+04
1.162300000000000000e+04
1.163800000000000000e+04
1.164100000000000000e+04
1.167100000000000000e+04
1.167700000000000000e+04
1.170600000000000000e+04
1.171900000000000000e+04
1.172300000000000000e+04
1.175400000000000000e+04
1.183800000000000000e+04
1.186300000000000000e+04
1.188300000000000000e+04
1.199300000000000000e+04
1.202000000000000000e+04
1.204700000000000000e+04
1.211000000000000000e+04
1.214600000000000000e+04
1.218200000000000000e+04
1.241500000000000000e+04
1.247900000000000000e+04
1.251100000000000000e+04
1.252700000000000000e+04
1.253500000000000000e+04
1.253900000000000000e+04
1.254100000000000000e+04
1.254200000000000000e+04
1.260700000000000000e+04
1.263900000000000000e+04
1.265500000000000000e+04
1.266300000000000000e+04
1.266700000000000000e+04
1.266900000000000000e+04
1.267000000000000000e+04
1.270300000000000000e+04
1.271900000000000000e+04
1.272700000000000000e+04
1.273100000000000000e+04
1.273300000000000000e+04
1.273400000000000000e+04
1.275100000000000000e+04
1.275900000000000000e+04
1.276300000000000000e+04
1.276500000000000000e+04
1.277500000000000000e+04
1.277900000000000000e+04
1.278100000000000000e+04
1.278200000000000000e+04
1.278700000000000000e+04
1.278900000000000000e+04
1.279000000000000000e+04
1.279300000000000000e+04
1.279400000000000000e+04
1.279600000000000000e+04
1.289500000000000000e+04
1.291900000000000000e+04
1.298300000000000000e+04
1.301500000000000000e+04
1.311700000000000000e+04
1.313500000000000000e+04
1.314300000000000000e+04
1.317400000000000000e+04
1.317700000000000000e+04
1.320700000000000000e+04
1.321100000000000000e+04
1.322700000000000000e+04
1.323700000000000000e+04
1.326100000000000000e+04
1.326200000000000000e+04
1.326900000000000000e+04
1.327400000000000000e+04
1.340700000000000000e+04
1.354900000000000000e+04
1.355500000000000000e+04
1.356200000000000000e+04
1.362700000000000000e+04
1.365500000000000000e+04
1.365900000000000000e+04
1.367700000000000000e+04
1.371100000000000000e+04
1.371900000000000000e+04
1.372500000000000000e+04
1.373900000000000000e+04
1.374900000000000000e+04
1.375300000000000000e+04
1.377100000000000000e+04
1.377900000000000000e+04
1.379700000000000000e+04
1.381000000000000000e+04
1.399500000000000000e+04
1.400900000000000000e+04
1.401200000000000000e+04
1.404200000000000000e+04
1.412500000000000000e+04
1.418800000000000000e+04
1.419300000000000000e+04
1.443100000000000000e+04
1.449500000000000000e+04
1.452500000000000000e+04
1.456700000000000000e+04
1.457100000000000000e+04
1.462300000000000000e+04
1.467100000000000000e+04
1.468500000000000000e+04
1.468600000000000000e+04
1.470100000000000000e+04
1.470700000000000000e+04
1.470900000000000000e+04
1.471300000000000000e+04
1.475900000000000000e+04
1.476300000000000000e+04
1.476500000000000000e+04
1.479800000000000000e+04
1.480500000000000000e+04
1.482200000000000000e+04
1.505300000000000000e+04
1.514700000000000000e+04
1.517500000000000000e+04
1.519600000000000000e+04
1.525300000000000000e+04
1.525700000000000000e+04
1.527400000000000000e+04
1.530200000000000000e+04
1.533600000000000000e+04
1.541500000000000000e+04
1.546900000000000000e+04
1.557300000000000000e+04
1.569300000000000000e+04
1.573000000000000000e+04
1.582800000000000000e+04
1.592600000000000000e+04
1.602500000000000000e+04
1.613900000000000000e+04
1.614900000000000000e+04
1.622600000000000000e+04
1.663900000000000000e+04
1.676700000000000000e+04
1.683100000000000000e+04
1.686300000000000000e+04
1.687900000000000000e+04
1.688700000000000000e+04
1.689100000000000000e+04
1.689300000000000000e+04
1.689400000000000000e+04
1.702300000000000000e+04
1.708700000000000000e+04
1.711900000000000000e+04
1.713500000000000000e+04
1.714300000000000000e+04
1.714700000000000000e+04
1.714900000000000000e+04
1.715000000000000000e+04
1.721500000000000000e+04
1.724700000000000000e+04
1.726300000000000000e+04
1.727100000000000000e+04
1.727500000000000000e+04
1.727700000000000000e+04
1.727800000000000000e+04
1.731100000000000000e+04
1.732700000000000000e+04
1.733500000000000000e+04
1.733900000000000000e+04
1.734100000000000000e+04
1.734200000000000000e+04
1.735900000000000000e+04
1.736700000000000000e+04
1.737100000000000000e+04
1.737300000000000000e+04
1.737400000000000000e+04
1.738300000000000000e+04
1.738700000000000000e+04
1.738900000000000000e+04
1.739000000000000000e+04
1.739500000000000000e+04
1.739700000000000000e+04
1.739800000000000000e+04
1.740100000000000000e+04
1.740200000000000000e+04
1.740400000000000000e+04
1.753500000000000000e+04
1.759900000000000000e+04
1.763100000000000000e+04
1.764700000000000000e+04
1.765500000000000000e+04
1.765900000000000000e+04
1.766100000000000000e+04
1.766200000000000000e+04
1.772700000000000000e+04
1.775900000000000000e+04
1.777500000000000000e+04
1.778300000000000000e+04
1.778700000000000000e+04
1.778900000000000000e+04
1.779000000000000000e+04
1.782300000000000000e+04
1.783900000000000000e+04
1.784700000000000000e+04
1.785100000000000000e+04
1.785300000000000000e+04
1.785400000000000000e+04
1.787100000000000000e+04
1.787900000000000000e+04
1.788300000000000000e+04
1.788500000000000000e+04
1.788600000000000000e+04
1.789500000000000000e+04
1.789900000000000000e+04
1.790100000000000000e+04
1.790200000000000000e+04
1.790700000000000000e+04
1.790900000000000000e+04
1.791000000000000000e+04
1.791300000000000000e+04
1.791600000000000000e+04
1.801500000000000000e+04
1.803100000000000000e+04
1.803900000000000000e+04
1.810300000000000000e+04
1.810900000000000000e+04
1.812700000000000000e+04
1.813900000000000000e+04
1.816500000000000000e+04
1.820700000000000000e+04
1.825500000000000000e+04
1.826300000000000000e+04
1.828300000000000000e+04
1.829100000000000000e+04
1.835000000000000000e+04
1.835700000000000000e+04
1.840300000000000000e+04
1.855900000000000000e+04
1.862300000000000000e+04
1.865500000000000000e+04
1.867100000000000000e+04
1.867900000000000000e+04
1.868300000000000000e+04
1.868500000000000000e+04
1.868600000000000000e+04
1.875100000000000000e+04
1.878300000000000000e+04
1.879900000000000000e+04
1.880700000000000000e+04
1.881100000000000000e+04
1.881300000000000000e+04
1.881400000000000000e+04
1.884700000000000000e+04
1.886300000000000000e+04
1.887100000000000000e+04
1.887500000000000000e+04
1.887700000000000000e+04
1.887800000000000000e+04
1.889500000000000000e+04
1.890300000000000000e+04
1.890700000000000000e+04
1.890900000000000000e+04
1.891000000000000000e+04
1.891900000000000000e+04
1.892300000000000000e+04
1.892500000000000000e+04
1.892600000000000000e+04
1.893100000000000000e+04
1.893300000000000000e+04
1.893700000000000000e+04
1.893800000000000000e+04
1.900700000000000000e+04
1.903900000000000000e+04
1.906300000000000000e+04
1.906700000000000000e+04
1.915100000000000000e+04
1.916300000000000000e+04
1.916500000000000000e+04
1.916600000000000000e+04
1.918100000000000000e+04
1.918700000000000000e+04
1.919400000000000000e+04
1.925900000000000000e+04
1.927900000000000000e+04
1.929100000000000000e+04
1.929300000000000000e+04
1.929400000000000000e+04
1.930300000000000000e+04
1.930700000000000000e+04
1.930900000000000000e+04
1.931700000000000000e+04
1.932100000000000000e+04
1.932200000000000000e+04
1.935100000000000000e+04
1.936700000000000000e+04
1.938500000000000000e+04
1.941100000000000000e+04
1.941300000000000000e+04
1.944100000000000000e+04
1.956700000000000000e+04
1.961500000000000000e+04
1.964500000000000000e+04
1.964600000000000000e+04
1.967100000000000000e+04
1.968700000000000000e+04
1.969100000000000000e+04
1.969900000000000000e+04
1.970200000000000000e+04
1.974300000000000000e+04
1.975900000000000000e+04
1.976700000000000000e+04
1.979100000000000000e+04
1.979900000000000000e+04
1.980300000000000000e+04
1.985500000000000000e+04
1.986300000000000000e+04
1.991100000000000000e+04
1.991500000000000000e+04
1.991800000000000000e+04
1.992500000000000000e+04
1.993900000000000000e+04
1.995600000000000000e+04
2.003000000000000000e+04
2.005500000000000000e+04
2.012600000000000000e+04
2.014900000000000000e+04
2.015400000000000000e+04
2.018100000000000000e+04
2.018600000000000000e+04
2.019500000000000000e+04
2.029900000000000000e+04
2.031000000000000000e+04
2.037400000000000000e+04
2.039300000000000000e+04
2.044000000000000000e+04
2.060700000000000000e+04
2.067100000000000000e+04
2.070300000000000000e+04
2.071900000000000000e+04
2.072700000000000000e+04
2.073100000000000000e+04
2.073300000000000000e+04
2.073400000000000000e+04
2.079900000000000000e+04
2.083100000000000000e+04
2.084700000000000000e+04
2.085500000000000000e+04
2.085900000000000000e+04
2.086100000000000000e+04
2.086200000000000000e+04
2.089500000000000000e+04
2.091100000000000000e+04
2.091900000000000000e+04
2.092300000000000000e+04
2.092500000000000000e+04
2.092600000000000000e+04
2.094300000000000000e+04
2.095100000000000000e+04
2.095500000000000000e+04
2.095700000000000000e+04
2.095800000000000000e+04
2.096700000000000000e+04
2.097100000000000000e+04
2.097300000000000000e+04
2.097400000000000000e+04
2.097900000000000000e+04
2.098100000000000000e+04
2.098200000000000000e+04
2.098500000000000000e+04
2.110300000000000000e+04
2.111800000000000000e+04
2.115100000000000000e+04
2.116700000000000000e+04
2.118200000000000000e+04
2.119900000000000000e+04
2.120700000000000000e+04
2.121300000000000000e+04
2.122700000000000000e+04
2.123000000000000000e+04
2.123500000000000000e+04
2.124100000000000000e+04
2.133500000000000000e+04
2.137000000000000000e+04
2.140600000000000000e+04
2.141500000000000000e+04
2.142700000000000000e+04
2.144700000000000000e+04
2.145100000000000000e+04
2.145400000000000000e+04
2.146500000000000000e+04
2.162700000000000000e+04
2.162900000000000000e+04
2.174100000000000000e+04
2.175300000000000000e+04
2.175600000000000000e+04
2.182200000000000000e+04
2.187000000000000000e+04
2.187500000000000000e+04
2.188100000000000000e+04
2.188200000000000000e+04
2.191800000000000000e+04
2.194100000000000000e+04
2.194200000000000000e+04
2.195900000000000000e+04
2.196500000000000000e+04
2.196600000000000000e+04
2.197100000000000000e+04
2.207700000000000000e+04
2.217400000000000000e+04
2.224900000000000000e+04
2.232300000000000000e+04
2.237400000000000000e+04
2.238500000000000000e+04
2.243500000000000000e+04
2.262300000000000000e+04
2.265300000000000000e+04
2.265400000000000000e+04
2.268700000000000000e+04
2.270300000000000000e+04
2.271500000000000000e+04
2.276300000000000000e+04
2.281500000000000000e+04
2.283100000000000000e+04
2.287500000000000000e+04
2.287800000000000000e+04
2.289400000000000000e+04
2.293500000000000000e+04
2.295500000000000000e+04
2.295700000000000000e+04
2.295800000000000000e+04
2.298300000000000000e+04
2.299700000000000000e+04
2.301100000000000000e+04
2.301300000000000000e+04
2.302500000000000000e+04
2.310200000000000000e+04
2.321900000000000000e+04
2.327400000000000000e+04
2.334700000000000000e+04
2.344300000000000000e+04
2.344500000000000000e+04
2.344900000000000000e+04
2.371000000000000000e+04
2.372300000000000000e+04
2.376600000000000000e+04
2.379400000000000000e+04
2.388500000000000000e+04
2.390900000000000000e+04
2.391300000000000000e+04
2.395800000000000000e+04
2.397300000000000000e+04
2.398800000000000000e+04
2.400300000000000000e+04
2.409100000000000000e+04
2.410300000000000000e+04
2.416300000000000000e+04
2.422900000000000000e+04
2.423000000000000000e+04
2.424400000000000000e+04
2.438700000000000000e+04
2.445700000000000000e+04
2.446500000000000000e+04
2.448200000000000000e+04
2.448800000000000000e+04
2.470300000000000000e+04
2.476700000000000000e+04
2.479900000000000000e+04
2.481500000000000000e+04
2.482300000000000000e+04
2.482700000000000000e+04
2.482900000000000000e+04
2.483000000000000000e+04
2.489500000000000000e+04
2.492700000000000000e+04
2.494300000000000000e+04
2.495100000000000000e+04
2.495500000000000000e+04
2.495700000000000000e+04
2.495800000000000000e+04
2.499100000000000000e+04
2.500700000000000000e+04
2.501500000000000000e+04
2.501900000000000000e+04
2.502100000000000000e+04
2.502200000000000000e+04
2.503900000000000000e+04
2.504700000000000000e+04
2.505100000000000000e+04
2.505300000000000000e+04
2.505400000000000000e+04
2.506300000000000000e+04
2.506700000000000000e+04
2.506900000000000000e+04
2.507500000000000000e+04
2.507700000000000000e+04
2.507800000000000000e+04
2.508100000000000000e+04
2.508200000000000000e+04
2.508400000000000000e+04
2.515100000000000000e+04
2.521100000000000000e+04
2.526300000000000000e+04
2.530700000000000000e+04
2.530900000000000000e+04
2.533300000000000000e+04
2.539100000000000000e+04
2.540300000000000000e+04
2.543700000000000000e+04
2.544700000000000000e+04
2.545900000000000000e+04
2.546200000000000000e+04
2.548700000000000000e+04
2.549500000000000000e+04
2.549900000000000000e+04
2.551800000000000000e+04
2.552600000000000000e+04
2.552900000000000000e+04
2.554300000000000000e+04
2.558600000000000000e+04
2.569500000000000000e+04
2.571100000000000000e+04
2.572300000000000000e+04
2.581500000000000000e+04
2.584500000000000000e+04
2.584900000000000000e+04
2.588700000000000000e+04
2.591500000000000000e+04
2.594300000000000000e+04
2.603700000000000000e+04
2.607300000000000000e+04
2.608600000000000000e+04
2.609200000000000000e+04
2.609800000000000000e+04
2.619900000000000000e+04
2.622700000000000000e+04
2.622900000000000000e+04
2.623600000000000000e+04
2.639100000000000000e+04
2.642100000000000000e+04
2.657800000000000000e+04
2.668700000000000000e+04
2.671900000000000000e+04
2.674300000000000000e+04
2.679900000000000000e+04
2.681300000000000000e+04
2.683100000000000000e+04
2.691100000000000000e+04
2.692700000000000000e+04
2.693500000000000000e+04
2.698300000000000000e+04
2.698700000000000000e+04
2.703500000000000000e+04
2.703700000000000000e+04
2.706200000000000000e+04
2.706500000000000000e+04
2.710700000000000000e+04
2.735600000000000000e+04
2.737200000000000000e+04
2.746700000000000000e+04
2.749400000000000000e+04
2.749800000000000000e+04
2.753100000000000000e+04
2.755700000000000000e+04
2.756400000000000000e+04
2.756900000000000000e+04
2.759300000000000000e+04
2.759400000000000000e+04
2.769500000000000000e+04
2.782700000000000000e+04
2.789200000000000000e+04
2.795800000000000000e+04
2.797900000000000000e+04
2.825200000000000000e+04
2.829900000000000000e+04
2.831000000000000000e+04
2.836900000000000000e+04
2.838600000000000000e+04
2.842300000000000000e+04
2.879100000000000000e+04
2.885500000000000000e+04
2.885900000000000000e+04
2.886200000000000000e+04
2.887900000000000000e+04
2.889100000000000000e+04
2.891500000000000000e+04
2.891700000000000000e+04
2.898700000000000000e+04
2.898900000000000000e+04
2.901900000000000000e+04
2.903100000000000000e+04
2.903500000000000000e+04
2.903700000000000000e+04
2.903800000000000000e+04
2.904300000000000000e+04
2.904600000000000000e+04
2.908300000000000000e+04
2.909900000000000000e+04
2.912700000000000000e+04
2.913900000000000000e+04
2.914100000000000000e+04
2.914600000000000000e+04
2.916200000000000000e+04
2.924300000000000000e+04
2.930500000000000000e+04
2.933900000000000000e+04
2.941100000000000000e+04
2.941700000000000000e+04
2.942800000000000000e+04
2.960900000000000000e+04
2.961200000000000000e+04
2.975700000000000000e+04
2.978700000000000000e+04
2.983900000000000000e+04
2.988100000000000000e+04
2.988200000000000000e+04
3.004400000000000000e+04
3.006500000000000000e+04
3.012100000000000000e+04
3.014700000000000000e+04
3.015400000000000000e+04
3.019200000000000000e+04
3.025900000000000000e+04
3.034700000000000000e+04
3.036100000000000000e+04
3.039200000000000000e+04
3.041800000000000000e+04
3.049900000000000000e+04
3.061600000000000000e+04
3.078200000000000000e+04
3.082300000000000000e+04
3.088700000000000000e+04
3.099100000000000000e+04
3.105900000000000000e+04
3.108100000000000000e+04
3.108900000000000000e+04
3.115600000000000000e+04
3.128900000000000000e+04
3.130900000000000000e+04
3.133700000000000000e+04
3.139800000000000000e+04
3.140400000000000000e+04
3.154000000000000000e+04
3.157200000000000000e+04
3.178300000000000000e+04
3.179800000000000000e+04
3.182200000000000000e+04
3.252900000000000000e+04
3.302300000000000000e+04
3.315100000000000000e+04
3.321500000000000000e+04
3.324700000000000000e+04
3.326300000000000000e+04
3.327100000000000000e+04
3.327500000000000000e+04
3.327700000000000000e+04
3.327800000000000000e+04
3.340700000000000000e+04
3.347100000000000000e+04
3.350300000000000000e+04
3.351900000000000000e+04
3.352700000000000000e+04
3.353100000000000000e+04
3.353300000000000000e+04
3.353400000000000000e+04
3.359900000000000000e+04
3.363100000000000000e+04
3.364700000000000000e+04
3.365500000000000000e+04
3.365900000000000000e+04
3.366100000000000000e+04
3.366200000000000000e+04
3.369500000000000000e+04
3.371100000000000000e+04
3.371900000000000000e+04
3.372300000000000000e+04
3.372500000000000000e+04
3.372600000000000000e+04
3.374300000000000000e+04
3.375100000000000000e+04
3.375500000000000000e+04
3.375700000000000000e+04
3.376700000000000000e+04
3.377100000000000000e+04
3.377300000000000000e+04
3.377400000000000000e+04
3.377900000000000000e+04
3.378100000000000000e+04
3.378200000000000000e+04
3.378500000000000000e+04
3.378600000000000000e+04
3.391900000000000000e+04
3.398300000000000000e+04
3.401500000000000000e+04
3.403100000000000000e+04
3.403900000000000000e+04
3.404300000000000000e+04
3.404500000000000000e+04
3.404600000000000000e+04
3.411100000000000000e+04
3.414300000000000000e+04
3.415900000000000000e+04
3.416700000000000000e+04
3.417100000000000000e+04
3.417300000000000000e+04
3.420700000000000000e+04
3.422300000000000000e+04
3.423100000000000000e+04
3.423500000000000000e+04
3.423700000000000000e+04
3.423800000000000000e+04
3.425500000000000000e+04
3.426300000000000000e+04
3.426700000000000000e+04
3.426900000000000000e+04
3.427000000000000000e+04
3.427900000000000000e+04
3.428300000000000000e+04
3.428500000000000000e+04
3.428600000000000000e+04
3.429100000000000000e+04
3.429300000000000000e+04
3.429700000000000000e+04
3.430000000000000000e+04
3.436700000000000000e+04
3.439900000000000000e+04
3.442300000000000000e+04
3.442700000000000000e+04
3.446300000000000000e+04
3.449100000000000000e+04
3.451100000000000000e+04
3.451900000000000000e+04
3.452300000000000000e+04
3.452500000000000000e+04
3.453500000000000000e+04
3.453900000000000000e+04
3.455000000000000000e+04
3.459100000000000000e+04
3.461500000000000000e+04
3.461900000000000000e+04
3.463900000000000000e+04
3.465100000000000000e+04
3.466700000000000000e+04
3.467800000000000000e+04
3.473400000000000000e+04
3.475900000000000000e+04
3.477700000000000000e+04
3.478000000000000000e+04
3.478700000000000000e+04
3.480200000000000000e+04
3.494300000000000000e+04
3.500700000000000000e+04
3.503900000000000000e+04
3.505500000000000000e+04
3.506300000000000000e+04
3.506700000000000000e+04
3.506900000000000000e+04
3.507000000000000000e+04
3.513500000000000000e+04
3.516700000000000000e+04
3.518300000000000000e+04
3.519100000000000000e+04
3.519500000000000000e+04
3.519700000000000000e+04
3.519800000000000000e+04
3.523100000000000000e+04
3.524700000000000000e+04
3.525500000000000000e+04
3.525900000000000000e+04
3.526100000000000000e+04
3.526200000000000000e+04
3.527900000000000000e+04
3.528700000000000000e+04
3.529100000000000000e+04
3.529300000000000000e+04
3.529400000000000000e+04
3.530300000000000000e+04
3.530700000000000000e+04
3.530900000000000000e+04
3.531000000000000000e+04
3.531500000000000000e+04
3.531700000000000000e+04
3.532100000000000000e+04
3.532200000000000000e+04
3.532400000000000000e+04
3.542300000000000000e+04
3.544700000000000000e+04
3.545100000000000000e+04
3.545400000000000000e+04
3.550300000000000000e+04
3.551100000000000000e+04
3.553500000000000000e+04
3.554300000000000000e+04
3.554700000000000000e+04
3.555000000000000000e+04
3.556500000000000000e+04
3.561500000000000000e+04
3.563100000000000000e+04
3.563900000000000000e+04
3.564300000000000000e+04
3.564500000000000000e+04
3.564600000000000000e+04
3.566300000000000000e+04
3.567500000000000000e+04
3.569100000000000000e+04
3.569300000000000000e+04
3.569900000000000000e+04
3.570100000000000000e+04
3.570200000000000000e+04
3.573500000000000000e+04
3.575500000000000000e+04
3.576300000000000000e+04
3.578300000000000000e+04
3.578900000000000000e+04
3.579500000000000000e+04
3.579700000000000000e+04
3.580200000000000000e+04
3.580400000000000000e+04
3.581800000000000000e+04
3.595900000000000000e+04
3.596300000000000000e+04
3.596500000000000000e+04
3.596600000000000000e+04
3.599900000000000000e+04
3.606200000000000000e+04
3.607700000000000000e+04
3.608500000000000000e+04
3.612700000000000000e+04
3.615100000000000000e+04
3.615500000000000000e+04
3.615700000000000000e+04
3.617500000000000000e+04
3.618300000000000000e+04
3.618900000000000000e+04
3.620500000000000000e+04
3.621100000000000000e+04
3.621400000000000000e+04
3.622000000000000000e+04
3.623900000000000000e+04
3.625100000000000000e+04
3.625300000000000000e+04
3.627500000000000000e+04
3.629500000000000000e+04
3.630100000000000000e+04
3.631400000000000000e+04
3.632900000000000000e+04
3.633200000000000000e+04
3.634400000000000000e+04
3.638300000000000000e+04
3.641300000000000000e+04
3.643100000000000000e+04
3.643900000000000000e+04
3.646900000000000000e+04
3.647000000000000000e+04
3.650700000000000000e+04
3.663100000000000000e+04
3.664700000000000000e+04
3.665900000000000000e+04
3.666200000000000000e+04
3.669800000000000000e+04
3.670700000000000000e+04
3.675500000000000000e+04
3.675700000000000000e+04
3.677300000000000000e+04
3.677700000000000000e+04
3.678000000000000000e+04
3.699100000000000000e+04
3.705500000000000000e+04
3.708700000000000000e+04
3.710300000000000000e+04
3.711100000000000000e+04
3.711500000000000000e+04
3.711700000000000000e+04
3.711800000000000000e+04
3.718300000000000000e+04
3.721500000000000000e+04
3.723100000000000000e+04
3.723900000000000000e+04
3.724300000000000000e+04
3.724500000000000000e+04
3.724600000000000000e+04
3.727900000000000000e+04
3.729500000000000000e+04
3.730300000000000000e+04
3.730700000000000000e+04
3.730900000000000000e+04
3.731000000000000000e+04
3.732700000000000000e+04
3.733500000000000000e+04
3.733900000000000000e+04
3.734100000000000000e+04
3.735100000000000000e+04
3.735500000000000000e+04
3.735700000000000000e+04
3.736300000000000000e+04
3.736500000000000000e+04
3.736900000000000000e+04
3.737200000000000000e+04
3.747100000000000000e+04
3.748700000000000000e+04
3.750100000000000000e+04
3.750200000000000000e+04
3.753500000000000000e+04
3.755900000000000000e+04
3.759700000000000000e+04
3.760700000000000000e+04
3.761100000000000000e+04
3.762100000000000000e+04
3.766300000000000000e+04
3.768700000000000000e+04
3.769400000000000000e+04
3.772300000000000000e+04
3.772600000000000000e+04
3.774100000000000000e+04
3.775600000000000000e+04
3.777500000000000000e+04
3.778300000000000000e+04
3.778700000000000000e+04
3.778900000000000000e+04
3.780300000000000000e+04
3.781700000000000000e+04
3.783100000000000000e+04
3.783500000000000000e+04
3.784300000000000000e+04
3.784500000000000000e+04
3.784900000000000000e+04
3.785200000000000000e+04
3.785900000000000000e+04
3.786100000000000000e+04
3.801100000000000000e+04
3.809500000000000000e+04
3.810300000000000000e+04
3.810900000000000000e+04
3.813400000000000000e+04
3.822300000000000000e+04
3.823500000000000000e+04
3.825100000000000000e+04
3.826100000000000000e+04
3.828700000000000000e+04
3.829900000000000000e+04
3.831100000000000000e+04
3.832600000000000000e+04
3.833000000000000000e+04
3.835500000000000000e+04
3.835700000000000000e+04
3.836100000000000000e+04
3.837700000000000000e+04
3.839200000000000000e+04
3.851500000000000000e+04
3.860300000000000000e+04
3.863400000000000000e+04
3.864100000000000000e+04
3.868300000000000000e+04
3.868600000000000000e+04
3.869500000000000000e+04
3.872700000000000000e+04
3.883400000000000000e+04
3.886000000000000000e+04
3.903500000000000000e+04
3.903800000000000000e+04
3.909900000000000000e+04
3.910100000000000000e+04
3.913300000000000000e+04
3.914900000000000000e+04
3.915000000000000000e+04
3.915700000000000000e+04
3.916400000000000000e+04
3.921500000000000000e+04
3.922700000000000000e+04
3.922900000000000000e+04
3.928500000000000000e+04
3.933500000000000000e+04
3.933900000000000000e+04
3.934100000000000000e+04
3.935300000000000000e+04
3.935400000000000000e+04
3.939700000000000000e+04
3.941600000000000000e+04
3.947900000000000000e+04
3.951700000000000000e+04
3.953900000000000000e+04
3.960900000000000000e+04
3.963000000000000000e+04
3.963500000000000000e+04
3.971000000000000000e+04
3.982900000000000000e+04
4.003900000000000000e+04
4.007900000000000000e+04
4.009300000000000000e+04
4.017000000000000000e+04
4.021900000000000000e+04
4.022200000000000000e+04
4.024900000000000000e+04
4.027800000000000000e+04
4.029300000000000000e+04
4.036200000000000000e+04
4.039000000000000000e+04
4.064900000000000000e+04
4.072900000000000000e+04
4.074500000000000000e+04
4.075400000000000000e+04
4.080800000000000000e+04
4.081600000000000000e+04
4.108700000000000000e+04
4.115100000000000000e+04
4.118300000000000000e+04
4.119900000000000000e+04
4.120700000000000000e+04
4.121100000000000000e+04
4.121300000000000000e+04
4.127900000000000000e+04
4.131100000000000000e+04
4.132700000000000000e+04
4.133500000000000000e+04
4.133900000000000000e+04
4.134100000000000000e+04
4.134200000000000000e+04
4.137500000000000000e+04
4.139100000000000000e+04
4.139900000000000000e+04
4.140300000000000000e+04
4.140500000000000000e+04
4.140600000000000000e+04
4.142300000000000000e+04
4.143100000000000000e+04
4.143500000000000000e+04
4.143700000000000000e+04
4.143800000000000000e+04
4.144700000000000000e+04
4.145100000000000000e+04
4.145300000000000000e+04
4.145400000000000000e+04
4.145900000000000000e+04
4.146100000000000000e+04
4.146500000000000000e+04
4.146600000000000000e+04
4.146800000000000000e+04
4.156700000000000000e+04
4.158300000000000000e+04
4.169100000000000000e+04
4.169300000000000000e+04
4.169400000000000000e+04
4.171700000000000000e+04
4.172200000000000000e+04
4.175900000000000000e+04
4.178900000000000000e+04
4.182200000000000000e+04
4.184900000000000000e+04
4.185000000000000000e+04
4.185200000000000000e+04
4.189500000000000000e+04
4.189900000000000000e+04
4.190700000000000000e+04
4.190900000000000000e+04
4.192700000000000000e+04
4.193100000000000000e+04
4.193300000000000000e+04
4.195500000000000000e+04
4.197200000000000000e+04
4.207900000000000000e+04
4.217100000000000000e+04
4.217400000000000000e+04
4.220300000000000000e+04
4.220500000000000000e+04
4.221500000000000000e+04
4.221900000000000000e+04
4.223000000000000000e+04
4.223300000000000000e+04
4.227100000000000000e+04
4.229500000000000000e+04
4.233100000000000000e+04
4.233300000000000000e+04
4.234300000000000000e+04
4.236200000000000000e+04
4.236400000000000000e+04
4.239700000000000000e+04
4.241100000000000000e+04
4.241300000000000000e+04
4.242600000000000000e+04
4.242800000000000000e+04
4.244600000000000000e+04
4.245100000000000000e+04
4.245300000000000000e+04
4.245400000000000000e+04
4.246000000000000000e+04
4.247600000000000000e+04
4.255100000000000000e+04
4.268100000000000000e+04
4.274400000000000000e+04
4.282300000000000000e+04
4.283000000000000000e+04
4.289100000000000000e+04
4.290600000000000000e+04
4.292100000000000000e+04
4.307100000000000000e+04
4.310300000000000000e+04
4.313100000000000000e+04
4.313300000000000000e+04
4.319100000000000000e+04
4.322300000000000000e+04
4.324300000000000000e+04
4.325300000000000000e+04
4.329500000000000000e+04
4.331100000000000000e+04
4.332600000000000000e+04
4.334300000000000000e+04
4.336700000000000000e+04
4.337100000000000000e+04
4.338200000000000000e+04
4.340700000000000000e+04
4.343500000000000000e+04
4.343700000000000000e+04
4.344500000000000000e+04
4.344600000000000000e+04
4.345000000000000000e+04
4.347000000000000000e+04
4.347700000000000000e+04
4.348100000000000000e+04
4.350000000000000000e+04
4.361400000000000000e+04
4.362700000000000000e+04
4.364200000000000000e+04
4.369100000000000000e+04
4.374700000000000000e+04
4.375300000000000000e+04
4.375600000000000000e+04
4.379900000000000000e+04
4.391100000000000000e+04
4.392500000000000000e+04
4.393900000000000000e+04
4.398000000000000000e+04
4.400200000000000000e+04
4.401600000000000000e+04
4.413500000000000000e+04
4.414700000000000000e+04
4.421300000000000000e+04
4.425000000000000000e+04
4.427400000000000000e+04
4.431500000000000000e+04
4.433300000000000000e+04
4.434500000000000000e+04
4.437100000000000000e+04
4.438700000000000000e+04
4.439000000000000000e+04
4.445100000000000000e+04
4.446500000000000000e+04
4.448600000000000000e+04
4.464300000000000000e+04
4.493300000000000000e+04
4.517900000000000000e+04
4.518100000000000000e+04
4.518200000000000000e+04
4.523100000000000000e+04
4.524300000000000000e+04
4.527700000000000000e+04
4.529300000000000000e+04
4.534300000000000000e+04
4.536700000000000000e+04
4.541500000000000000e+04
4.542100000000000000e+04
4.542200000000000000e+04
4.542700000000000000e+04
4.542900000000000000e+04
4.547900000000000000e+04
4.548300000000000000e+04
4.549700000000000000e+04
4.553200000000000000e+04
4.555300000000000000e+04
4.555400000000000000e+04
4.562300000000000000e+04
4.562700000000000000e+04
4.565500000000000000e+04
4.572500000000000000e+04
4.573900000000000000e+04
4.575400000000000000e+04
4.575600000000000000e+04
4.579500000000000000e+04
4.586700000000000000e+04
4.593000000000000000e+04
4.598000000000000000e+04
4.599300000000000000e+04
4.599600000000000000e+04
4.601900000000000000e+04
4.623800000000000000e+04
4.624700000000000000e+04
4.626100000000000000e+04
4.629400000000000000e+04
4.630000000000000000e+04
4.631400000000000000e+04
4.635100000000000000e+04
4.635900000000000000e+04
4.638100000000000000e+04
4.639300000000000000e+04
4.647700000000000000e+04
4.649900000000000000e+04
4.672700000000000000e+04
4.690400000000000000e+04
4.704100000000000000e+04
4.719500000000000000e+04
4.726200000000000000e+04
4.728500000000000000e+04
4.730700000000000000e+04
4.745900000000000000e+04
4.748000000000000000e+04
4.750100000000000000e+04
4.789100000000000000e+04
4.791400000000000000e+04
4.802400000000000000e+04
4.818100000000000000e+04
4.820300000000000000e+04
4.824100000000000000e+04
4.826300000000000000e+04
4.829100000000000000e+04
4.833800000000000000e+04
4.842500000000000000e+04
4.845700000000000000e+04
4.851700000000000000e+04
4.865100000000000000e+04
4.865900000000000000e+04
4.927900000000000000e+04
4.934300000000000000e+04
4.937500000000000000e+04
4.939100000000000000e+04
4.939900000000000000e+04
4.940300000000000000e+04
4.940500000000000000e+04
4.940600000000000000e+04
4.947100000000000000e+04
4.950300000000000000e+04
4.951900000000000000e+04
4.952700000000000000e+04
4.953100000000000000e+04
4.953300000000000000e+04
4.953400000000000000e+04
4.956700000000000000e+04
4.958300000000000000e+04
4.959100000000000000e+04
4.959500000000000000e+04
4.959700000000000000e+04
4.959800000000000000e+04
4.961500000000000000e+04
4.962300000000000000e+04
4.962700000000000000e+04
4.962900000000000000e+04
4.963000000000000000e+04
4.963900000000000000e+04
4.964300000000000000e+04
4.964500000000000000e+04
4.964600000000000000e+04
4.965100000000000000e+04
4.965300000000000000e+04
4.965700000000000000e+04
4.965800000000000000e+04
4.966000000000000000e+04
4.975900000000000000e+04
4.977500000000000000e+04
4.978900000000000000e+04
4.984700000000000000e+04
4.988300000000000000e+04
4.989900000000000000e+04
4.996700000000000000e+04
4.997500000000000000e+04
4.999900000000000000e+04
5.001100000000000000e+04
5.001300000000000000e+04
5.001400000000000000e+04
5.002700000000000000e+04
5.002900000000000000e+04
5.004100000000000000e+04
5.006300000000000000e+04
5.007500000000000000e+04
5.007700000000000000e+04
5.009900000000000000e+04
5.010100000000000000e+04
5.012300000000000000e+04
5.012500000000000000e+04
5.015600000000000000e+04
5.033500000000000000e+04
5.041100000000000000e+04
5.041300000000000000e+04
5.041900000000000000e+04
5.042600000000000000e+04
5.042800000000000000e+04
5.048700000000000000e+04
5.049100000000000000e+04
5.051100000000000000e+04
5.051900000000000000e+04
5.052500000000000000e+04
5.053500000000000000e+04
5.053900000000000000e+04
5.054700000000000000e+04
5.054900000000000000e+04
5.055000000000000000e+04
5.055400000000000000e+04
5.058300000000000000e+04
5.061300000000000000e+04
5.064900000000000000e+04
5.067300000000000000e+04
5.067400000000000000e+04
5.068000000000000000e+04
5.074700000000000000e+04
5.074900000000000000e+04
5.076700000000000000e+04
5.077900000000000000e+04
5.083900000000000000e+04
5.086700000000000000e+04
5.089300000000000000e+04
5.098300000000000000e+04
5.103000000000000000e+04
5.103400000000000000e+04
5.107900000000000000e+04
5.108500000000000000e+04
5.114600000000000000e+04
5.117600000000000000e+04
5.131100000000000000e+04
5.135900000000000000e+04
5.138700000000000000e+04
5.138900000000000000e+04
5.141500000000000000e+04
5.141900000000000000e+04
5.143800000000000000e+04
5.144300000000000000e+04
5.144500000000000000e+04
5.150300000000000000e+04
5.151700000000000000e+04
5.151800000000000000e+04
5.154300000000000000e+04
5.156300000000000000e+04
5.157700000000000000e+04
5.157800000000000000e+04
5.159900000000000000e+04
5.161100000000000000e+04
5.161300000000000000e+04
5.163000000000000000e+04
5.163500000000000000e+04
5.164100000000000000e+04
5.164200000000000000e+04
5.166700000000000000e+04
5.167600000000000000e+04
5.168500000000000000e+04
5.169000000000000000e+04
5.169700000000000000e+04
5.179100000000000000e+04
5.183300000000000000e+04
5.186300000000000000e+04
5.189100000000000000e+04
5.198300000000000000e+04
5.199100000000000000e+04
5.199800000000000000e+04
5.210700000000000000e+04
5.211700000000000000e+04
5.227900000000000000e+04
5.231700000000000000e+04
5.233300000000000000e+04
5.239100000000000000e+04
5.255100000000000000e+04
5.256600000000000000e+04
5.259600000000000000e+04
5.261900000000000000e+04
5.266400000000000000e+04
5.267500000000000000e+04
5.267700000000000000e+04
5.269000000000000000e+04
5.270600000000000000e+04
5.281100000000000000e+04
5.281900000000000000e+04
5.282500000000000000e+04
5.300600000000000000e+04
5.334300000000000000e+04
5.335900000000000000e+04
5.343100000000000000e+04
5.345500000000000000e+04
5.346700000000000000e+04
5.346900000000000000e+04
5.347000000000000000e+04
5.347900000000000000e+04
5.348600000000000000e+04
5.349700000000000000e+04
5.350000000000000000e+04
5.355100000000000000e+04
5.359100000000000000e+04
5.361100000000000000e+04
5.361400000000000000e+04
5.361900000000000000e+04
5.362600000000000000e+04
5.362800000000000000e+04
5.364700000000000000e+04
5.365500000000000000e+04
5.367800000000000000e+04
5.368300000000000000e+04
5.368500000000000000e+04
5.370300000000000000e+04
5.371700000000000000e+04
5.374500000000000000e+04
5.374800000000000000e+04
5.375200000000000000e+04
5.388100000000000000e+04
5.396500000000000000e+04
5.397100000000000000e+04
5.400100000000000000e+04
5.403100000000000000e+04
5.409100000000000000e+04
5.409400000000000000e+04
5.415100000000000000e+04
5.416900000000000000e+04
5.422500000000000000e+04
5.437900000000000000e+04
5.450500000000000000e+04
5.455800000000000000e+04
5.460600000000000000e+04
5.463600000000000000e+04
5.466300000000000000e+04
5.473200000000000000e+04
5.486100000000000000e+04
5.488300000000000000e+04
5.506600000000000000e+04
5.511600000000000000e+04
5.518000000000000000e+04
5.532700000000000000e+04
5.541300000000000000e+04
5.545300000000000000e+04
5.547500000000000000e+04
5.550900000000000000e+04
5.554400000000000000e+04
5.566800000000000000e+04
5.572100000000000000e+04
5.572900000000000000e+04
5.633500000000000000e+04
5.646200000000000000e+04
5.704000000000000000e+04
5.740700000000000000e+04
5.743900000000000000e+04
5.746300000000000000e+04
5.746900000000000000e+04
5.763100000000000000e+04
5.765900000000000000e+04
5.769300000000000000e+04
5.770300000000000000e+04
5.770700000000000000e+04
5.771000000000000000e+04
5.774300000000000000e+04
5.775100000000000000e+04
5.775500000000000000e+04
5.777100000000000000e+04
5.777400000000000000e+04
5.777900000000000000e+04
5.778100000000000000e+04
5.781300000000000000e+04
5.781400000000000000e+04
5.782000000000000000e+04
5.782900000000000000e+04
5.784100000000000000e+04
5.794900000000000000e+04
5.803700000000000000e+04
5.806700000000000000e+04
5.807300000000000000e+04
5.808900000000000000e+04
5.809200000000000000e+04
5.809700000000000000e+04
5.815700000000000000e+04
5.818300000000000000e+04
5.819000000000000000e+04
5.819700000000000000e+04
5.820100000000000000e+04
5.822800000000000000e+04
5.825900000000000000e+04
5.851900000000000000e+04
5.853500000000000000e+04
5.853900000000000000e+04
5.859500000000000000e+04
5.861600000000000000e+04
5.868400000000000000e+04
5.872600000000000000e+04
5.877800000000000000e+04
5.893100000000000000e+04
5.899600000000000000e+04
5.915700000000000000e+04
5.919200000000000000e+04
5.947100000000000000e+04
5.950900000000000000e+04
5.957300000000000000e+04
5.957800000000000000e+04
5.962100000000000000e+04
5.973100000000000000e+04
5.978700000000000000e+04
6.005300000000000000e+04
6.006000000000000000e+04
6.007000000000000000e+04
6.011600000000000000e+04
6.023000000000000000e+04
6.023300000000000000e+04
6.024200000000000000e+04
6.074500000000000000e+04
6.112100000000000000e+04
6.152700000000000000e+04
6.155800000000000000e+04
6.156400000000000000e+04
6.159700000000000000e+04
6.159800000000000000e+04
6.162800000000000000e+04
6.172600000000000000e+04
6.176700000000000000e+04
6.178500000000000000e+04
6.179500000000000000e+04
6.183100000000000000e+04
6.183700000000000000e+04
6.189800000000000000e+04
6.197500000000000000e+04
6.204400000000000000e+04
6.208700000000000000e+04
6.209400000000000000e+04
6.223300000000000000e+04
6.250900000000000000e+04
6.256300000000000000e+04
6.269000000000000000e+04
6.276200000000000000e+04
6.283200000000000000e+04
6.299800000000000000e+04
6.351500000000000000e+04
6.352700000000000000e+04
6.354200000000000000e+04
6.356500000000000000e+04
6.365300000000000000e+04
6.368900000000000000e+04
6.375500000000000000e+04
6.376500000000000000e+04
6.384800000000000000e+04
6.388100000000000000e+04
6.406700000000000000e+04
6.419300000000000000e+04
6.579100000000000000e+04
6.591900000000000000e+04
6.598300000000000000e+04
6.601500000000000000e+04
6.603100000000000000e+04
6.603900000000000000e+04
6.604300000000000000e+04
6.604500000000000000e+04
6.604600000000000000e+04
6.617500000000000000e+04
6.623900000000000000e+04
6.627100000000000000e+04
6.628700000000000000e+04
6.629500000000000000e+04
6.629900000000000000e+04
6.630100000000000000e+04
6.630200000000000000e+04
6.636700000000000000e+04
6.639900000000000000e+04
6.641500000000000000e+04
6.642300000000000000e+04
6.642700000000000000e+04
6.642900000000000000e+04
6.643000000000000000e+04
6.646300000000000000e+04
6.647900000000000000e+04
6.648700000000000000e+04
6.649100000000000000e+04
6.649300000000000000e+04
6.649400000000000000e+04
6.651100000000000000e+04
6.651900000000000000e+04
6.652300000000000000e+04
6.652500000000000000e+04
6.652600000000000000e+04
6.653500000000000000e+04
6.653900000000000000e+04
6.654100000000000000e+04
6.654200000000000000e+04
6.654700000000000000e+04
6.654900000000000000e+04
6.655000000000000000e+04
6.655300000000000000e+04
6.655600000000000000e+04
6.668700000000000000e+04
6.675100000000000000e+04
6.678300000000000000e+04
6.679900000000000000e+04
6.680700000000000000e+04
6.681100000000000000e+04
6.681300000000000000e+04
6.681400000000000000e+04
6.687900000000000000e+04
6.691100000000000000e+04
6.692700000000000000e+04
6.693500000000000000e+04
6.693900000000000000e+04
6.694100000000000000e+04
6.694200000000000000e+04
6.697500000000000000e+04
6.699100000000000000e+04
6.699900000000000000e+04
6.700300000000000000e+04
6.700500000000000000e+04
6.700600000000000000e+04
6.702300000000000000e+04
6.703100000000000000e+04
6.703500000000000000e+04
6.703700000000000000e+04
6.703800000000000000e+04
6.704700000000000000e+04
6.705100000000000000e+04
6.705300000000000000e+04
6.705900000000000000e+04
6.706100000000000000e+04
6.706200000000000000e+04
6.706500000000000000e+04
6.706600000000000000e+04
6.706800000000000000e+04
6.716700000000000000e+04
6.718300000000000000e+04
6.719100000000000000e+04
6.723100000000000000e+04
6.724700000000000000e+04
6.725500000000000000e+04
6.725900000000000000e+04
6.726100000000000000e+04
6.728700000000000000e+04
6.729100000000000000e+04
6.732200000000000000e+04
6.737500000000000000e+04
6.739000000000000000e+04
6.741900000000000000e+04
6.744900000000000000e+04
6.745200000000000000e+04
6.748500000000000000e+04
6.750700000000000000e+04
6.752700000000000000e+04
6.753100000000000000e+04
6.753900000000000000e+04
6.754200000000000000e+04
6.757200000000000000e+04
6.771100000000000000e+04
6.777500000000000000e+04
6.780700000000000000e+04
6.782300000000000000e+04
6.783100000000000000e+04
6.783500000000000000e+04
6.783700000000000000e+04
6.790300000000000000e+04
6.793500000000000000e+04
6.795100000000000000e+04
6.795900000000000000e+04
6.796300000000000000e+04
6.796500000000000000e+04
6.796600000000000000e+04
6.799900000000000000e+04
6.801500000000000000e+04
6.802300000000000000e+04
6.802700000000000000e+04
6.802900000000000000e+04
6.803000000000000000e+04
6.804700000000000000e+04
6.805500000000000000e+04
6.805900000000000000e+04
6.806100000000000000e+04
6.806200000000000000e+04
6.807100000000000000e+04
6.807500000000000000e+04
6.807700000000000000e+04
6.807800000000000000e+04
6.808300000000000000e+04
6.808500000000000000e+04
6.808600000000000000e+04
6.808900000000000000e+04
6.809000000000000000e+04
6.820700000000000000e+04
6.821900000000000000e+04
6.822100000000000000e+04
6.822200000000000000e+04
6.827900000000000000e+04
6.828500000000000000e+04
6.831500000000000000e+04
6.831800000000000000e+04
6.833100000000000000e+04
6.833300000000000000e+04
6.833400000000000000e+04
6.834100000000000000e+04
6.834200000000000000e+04
6.838300000000000000e+04
6.839900000000000000e+04
6.841300000000000000e+04
6.843100000000000000e+04
6.844300000000000000e+04
6.844500000000000000e+04
6.845500000000000000e+04
6.845900000000000000e+04
6.846100000000000000e+04
6.846700000000000000e+04
6.847000000000000000e+04
6.850700000000000000e+04
6.852600000000000000e+04
6.853300000000000000e+04
6.853400000000000000e+04
6.853800000000000000e+04
6.855500000000000000e+04
6.857000000000000000e+04
6.859300000000000000e+04
6.867100000000000000e+04
6.871900000000000000e+04
6.873300000000000000e+04
6.881500000000000000e+04
6.882300000000000000e+04
6.882900000000000000e+04
6.885300000000000000e+04
6.885400000000000000e+04
6.891100000000000000e+04
6.892500000000000000e+04
6.892600000000000000e+04
6.894300000000000000e+04
6.897900000000000000e+04
6.898600000000000000e+04
6.900700000000000000e+04
6.901500000000000000e+04
6.901900000000000000e+04
6.903700000000000000e+04
6.904500000000000000e+04
6.904900000000000000e+04
6.906300000000000000e+04
6.906700000000000000e+04
6.906900000000000000e+04
6.907000000000000000e+04
6.909300000000000000e+04
6.909400000000000000e+04
6.910800000000000000e+04
6.922900000000000000e+04
6.936100000000000000e+04
6.942100000000000000e+04
6.944700000000000000e+04
6.948200000000000000e+04
6.952900000000000000e+04
6.957800000000000000e+04
6.960100000000000000e+04
6.975900000000000000e+04
6.982300000000000000e+04
6.985500000000000000e+04
6.987100000000000000e+04
6.987900000000000000e+04
6.988300000000000000e+04
6.988500000000000000e+04
6.988600000000000000e+04
6.995100000000000000e+04
6.998300000000000000e+04
6.999900000000000000e+04
7.000700000000000000e+04
7.001100000000000000e+04
7.001300000000000000e+04
7.001400000000000000e+04
7.004700000000000000e+04
7.006300000000000000e+04
7.007100000000000000e+04
7.007500000000000000e+04
7.007700000000000000e+04
7.009500000000000000e+04
7.010300000000000000e+04
7.010700000000000000e+04
7.010900000000000000e+04
7.011000000000000000e+04
7.011900000000000000e+04
7.012300000000000000e+04
7.012500000000000000e+04
7.012600000000000000e+04
7.013100000000000000e+04
7.013300000000000000e+04
7.013400000000000000e+04
7.013700000000000000e+04
7.023900000000000000e+04
7.026900000000000000e+04
7.030300000000000000e+04
7.032700000000000000e+04
7.033100000000000000e+04
7.033400000000000000e+04
7.035100000000000000e+04
7.035900000000000000e+04
7.036300000000000000e+04
7.037500000000000000e+04
7.038200000000000000e+04
7.038700000000000000e+04
7.039300000000000000e+04
7.039600000000000000e+04
7.046200000000000000e+04
7.048700000000000000e+04
7.051000000000000000e+04
7.052200000000000000e+04
7.052400000000000000e+04
7.055500000000000000e+04
7.056700000000000000e+04
7.058100000000000000e+04
7.061700000000000000e+04
7.062900000000000000e+04
7.063300000000000000e+04
7.064400000000000000e+04
7.076700000000000000e+04
7.077900000000000000e+04
7.078100000000000000e+04
7.083100000000000000e+04
7.083900000000000000e+04
7.084500000000000000e+04
7.087100000000000000e+04
7.087500000000000000e+04
7.088700000000000000e+04
7.094300000000000000e+04
7.097400000000000000e+04
7.101500000000000000e+04
7.102900000000000000e+04
7.105500000000000000e+04
7.107000000000000000e+04
7.108300000000000000e+04
7.108600000000000000e+04
7.109100000000000000e+04
7.112300000000000000e+04
7.113000000000000000e+04
7.114200000000000000e+04
7.114600000000000000e+04
7.115400000000000000e+04
7.134200000000000000e+04
7.138500000000000000e+04
7.139500000000000000e+04
7.148200000000000000e+04
7.149500000000000000e+04
7.151300000000000000e+04
7.163400000000000000e+04
7.183900000000000000e+04
7.186900000000000000e+04
7.187000000000000000e+04
7.188700000000000000e+04
7.189500000000000000e+04
7.199100000000000000e+04
7.199500000000000000e+04
7.201500000000000000e+04
7.202700000000000000e+04
7.205700000000000000e+04
7.209100000000000000e+04
7.209400000000000000e+04
7.210300000000000000e+04
7.210900000000000000e+04
7.211500000000000000e+04
7.212100000000000000e+04
7.213500000000000000e+04
7.216900000000000000e+04
7.230200000000000000e+04
7.230700000000000000e+04
7.234700000000000000e+04
7.242600000000000000e+04
7.244000000000000000e+04
7.247100000000000000e+04
7.247700000000000000e+04
7.249100000000000000e+04
7.254900000000000000e+04
7.267400000000000000e+04
7.273500000000000000e+04
7.276500000000000000e+04
7.276600000000000000e+04
7.279800000000000000e+04
7.282500000000000000e+04
7.284700000000000000e+04
7.285500000000000000e+04
7.287700000000000000e+04
7.290900000000000000e+04
7.292200000000000000e+04
7.293700000000000000e+04
7.303100000000000000e+04
7.307600000000000000e+04
7.309500000000000000e+04
7.310100000000000000e+04
7.312600000000000000e+04
7.312900000000000000e+04
7.313200000000000000e+04
7.315700000000000000e+04
7.335100000000000000e+04
7.338100000000000000e+04
7.355300000000000000e+04
7.357200000000000000e+04
7.385500000000000000e+04
7.391900000000000000e+04
7.395100000000000000e+04
7.396700000000000000e+04
7.397500000000000000e+04
7.397900000000000000e+04
7.398100000000000000e+04
7.398200000000000000e+04
7.404700000000000000e+04
7.407900000000000000e+04
7.409500000000000000e+04
7.410300000000000000e+04
7.410700000000000000e+04
7.410900000000000000e+04
7.414300000000000000e+04
7.415900000000000000e+04
7.416700000000000000e+04
7.417100000000000000e+04
7.417300000000000000e+04
7.417400000000000000e+04
7.419100000000000000e+04
7.419900000000000000e+04
7.420300000000000000e+04
7.420500000000000000e+04
7.420600000000000000e+04
7.421500000000000000e+04
7.421900000000000000e+04
7.422100000000000000e+04
7.422200000000000000e+04
7.422700000000000000e+04
7.422900000000000000e+04
7.423000000000000000e+04
7.423300000000000000e+04
7.435100000000000000e+04
7.436600000000000000e+04
7.441500000000000000e+04
7.443000000000000000e+04
7.444700000000000000e+04
7.445900000000000000e+04
7.446200000000000000e+04
7.447100000000000000e+04
7.449000000000000000e+04
7.452700000000000000e+04
7.455800000000000000e+04
7.458900000000000000e+04
7.461100000000000000e+04
7.461400000000000000e+04
7.461700000000000000e+04
7.466700000000000000e+04
7.466900000000000000e+04
7.468200000000000000e+04
7.469500000000000000e+04
7.471000000000000000e+04
7.481500000000000000e+04
7.486300000000000000e+04
7.493900000000000000e+04
7.496700000000000000e+04
7.497100000000000000e+04
7.497300000000000000e+04
7.498300000000000000e+04
7.498700000000000000e+04
7.503900000000000000e+04
7.505500000000000000e+04
7.506700000000000000e+04
7.509500000000000000e+04
7.509900000000000000e+04
7.511100000000000000e+04
7.511500000000000000e+04
7.512300000000000000e+04
7.512500000000000000e+04
7.512600000000000000e+04
7.512900000000000000e+04
7.516300000000000000e+04
7.518100000000000000e+04
7.519000000000000000e+04
7.519600000000000000e+04
7.522200000000000000e+04
7.522600000000000000e+04
7.524100000000000000e+04
7.524200000000000000e+04
7.524400000000000000e+04
7.525200000000000000e+04
7.531100000000000000e+04
7.535800000000000000e+04
7.540700000000000000e+04
7.541500000000000000e+04
7.546700000000000000e+04
7.549300000000000000e+04
7.559800000000000000e+04
7.561900000000000000e+04
7.567000000000000000e+04
7.568900000000000000e+04
7.573000000000000000e+04
7.574500000000000000e+04
7.574800000000000000e+04
7.583900000000000000e+04
7.587100000000000000e+04
7.588700000000000000e+04
7.593500000000000000e+04
7.599700000000000000e+04
7.601100000000000000e+04
7.601400000000000000e+04
7.607900000000000000e+04
7.608700000000000000e+04
7.609100000000000000e+04
7.609300000000000000e+04
7.613500000000000000e+04
7.614900000000000000e+04
7.618300000000000000e+04
7.619900000000000000e+04
7.620300000000000000e+04
7.621100000000000000e+04
7.623500000000000000e+04
7.624300000000000000e+04
7.624500000000000000e+04
7.625900000000000000e+04
7.626100000000000000e+04
7.626200000000000000e+04
7.627400000000000000e+04
7.638200000000000000e+04
7.640500000000000000e+04
7.643100000000000000e+04
7.643900000000000000e+04
7.644300000000000000e+04
7.644500000000000000e+04
7.648700000000000000e+04
7.650100000000000000e+04
7.650500000000000000e+04
7.658700000000000000e+04
7.658900000000000000e+04
7.662900000000000000e+04
7.664900000000000000e+04
7.665800000000000000e+04
7.670000000000000000e+04
7.672100000000000000e+04
7.698600000000000000e+04
7.716200000000000000e+04
7.741800000000000000e+04
7.757900000000000000e+04
7.767200000000000000e+04
7.770100000000000000e+04
7.770200000000000000e+04
7.770800000000000000e+04
7.791900000000000000e+04
7.795000000000000000e+04
7.798300000000000000e+04
7.801100000000000000e+04
7.804500000000000000e+04
7.805500000000000000e+04
7.805900000000000000e+04
7.806200000000000000e+04
7.806700000000000000e+04
7.807300000000000000e+04
7.813900000000000000e+04
7.815900000000000000e+04
7.816700000000000000e+04
7.817100000000000000e+04
7.818900000000000000e+04
7.819000000000000000e+04
7.819500000000000000e+04
7.827900000000000000e+04
7.829700000000000000e+04
7.830700000000000000e+04
7.830900000000000000e+04
7.831000000000000000e+04
7.832100000000000000e+04
7.832200000000000000e+04
7.844600000000000000e+04
7.855300000000000000e+04
7.860700000000000000e+04
7.869800000000000000e+04
7.874200000000000000e+04
7.882400000000000000e+04
7.891000000000000000e+04
7.893500000000000000e+04
7.896500000000000000e+04
7.901900000000000000e+04
7.918100000000000000e+04
7.919300000000000000e+04
7.927000000000000000e+04
7.929900000000000000e+04
7.930800000000000000e+04
7.933000000000000000e+04
7.940300000000000000e+04
7.943800000000000000e+04
7.968900000000000000e+04
7.975600000000000000e+04
7.981600000000000000e+04
8.010100000000000000e+04
8.010800000000000000e+04
8.018200000000000000e+04
8.018800000000000000e+04
8.019900000000000000e+04
8.026900000000000000e+04
8.046700000000000000e+04
8.061200000000000000e+04
8.064700000000000000e+04
8.065300000000000000e+04
8.078000000000000000e+04
8.078600000000000000e+04
8.117700000000000000e+04
8.128300000000000000e+04
8.137600000000000000e+04
8.204700000000000000e+04
8.211100000000000000e+04
8.214300000000000000e+04
8.215900000000000000e+04
8.216700000000000000e+04
8.217100000000000000e+04
8.217300000000000000e+04
8.217400000000000000e+04
8.223900000000000000e+04
8.227100000000000000e+04
8.228700000000000000e+04
8.229500000000000000e+04
8.229900000000000000e+04
8.230100000000000000e+04
8.230200000000000000e+04
8.233500000000000000e+04
8.235100000000000000e+04
8.235900000000000000e+04
8.236300000000000000e+04
8.236500000000000000e+04
8.236600000000000000e+04
8.238300000000000000e+04
8.239100000000000000e+04
8.239500000000000000e+04
8.239700000000000000e+04
8.239800000000000000e+04
8.240700000000000000e+04
8.241100000000000000e+04
8.241300000000000000e+04
8.241400000000000000e+04
8.241900000000000000e+04
8.242100000000000000e+04
8.242200000000000000e+04
8.242500000000000000e+04
8.242600000000000000e+04
8.242800000000000000e+04
8.249500000000000000e+04
8.252700000000000000e+04
8.259100000000000000e+04
8.260700000000000000e+04
8.261900000000000000e+04
8.262100000000000000e+04
8.265100000000000000e+04
8.266300000000000000e+04
8.266900000000000000e+04
8.267500000000000000e+04
8.267800000000000000e+04
8.274700000000000000e+04
8.274900000000000000e+04
8.276700000000000000e+04
8.277500000000000000e+04
8.277900000000000000e+04
8.278100000000000000e+04
8.280900000000000000e+04
8.283100000000000000e+04
8.284500000000000000e+04
8.284600000000000000e+04
8.285900000000000000e+04
8.286900000000000000e+04
8.287400000000000000e+04
8.287600000000000000e+04
8.289300000000000000e+04
8.292400000000000000e+04
8.300700000000000000e+04
8.305500000000000000e+04
8.306300000000000000e+04
8.307000000000000000e+04
8.313300000000000000e+04
8.313400000000000000e+04
8.315100000000000000e+04
8.315900000000000000e+04
8.316500000000000000e+04
8.318700000000000000e+04
8.323100000000000000e+04
8.327900000000000000e+04
8.328700000000000000e+04
8.329400000000000000e+04
8.330300000000000000e+04
8.330700000000000000e+04
8.331500000000000000e+04
8.332100000000000000e+04
8.332400000000000000e+04
8.335100000000000000e+04
8.335500000000000000e+04
8.336700000000000000e+04
8.337100000000000000e+04
8.337900000000000000e+04
8.338500000000000000e+04
8.338600000000000000e+04
8.341100000000000000e+04
8.342000000000000000e+04
8.342700000000000000e+04
8.344400000000000000e+04
8.353500000000000000e+04
8.356500000000000000e+04
8.364400000000000000e+04
8.375500000000000000e+04
8.378700000000000000e+04
8.386200000000000000e+04
8.407900000000000000e+04
8.408700000000000000e+04
8.409100000000000000e+04
8.412700000000000000e+04
8.414300000000000000e+04
8.415500000000000000e+04
8.417500000000000000e+04
8.420300000000000000e+04
8.420500000000000000e+04
8.420600000000000000e+04
8.427100000000000000e+04
8.427900000000000000e+04
8.428300000000000000e+04
8.430300000000000000e+04
8.432700000000000000e+04
8.433100000000000000e+04
8.433900000000000000e+04
8.434100000000000000e+04
8.434600000000000000e+04
8.434800000000000000e+04
8.436700000000000000e+04
8.438200000000000000e+04
8.439100000000000000e+04
8.439500000000000000e+04
8.440900000000000000e+04
8.442700000000000000e+04
8.444100000000000000e+04
8.446600000000000000e+04
8.453500000000000000e+04
8.453900000000000000e+04
8.455900000000000000e+04
8.457400000000000000e+04
8.462300000000000000e+04
8.468600000000000000e+04
8.471600000000000000e+04
8.482200000000000000e+04
8.482600000000000000e+04
8.487800000000000000e+04
8.505100000000000000e+04
8.509500000000000000e+04
8.511400000000000000e+04
8.517100000000000000e+04
8.517300000000000000e+04
8.527100000000000000e+04
8.529400000000000000e+04
8.532600000000000000e+04
8.539800000000000000e+04
8.541700000000000000e+04
8.545000000000000000e+04
8.554300000000000000e+04
8.561700000000000000e+04
8.561800000000000000e+04
8.563900000000000000e+04
8.566700000000000000e+04
8.567300000000000000e+04
8.613500000000000000e+04
8.613900000000000000e+04
8.614200000000000000e+04
8.619900000000000000e+04
8.620300000000000000e+04
8.620500000000000000e+04
8.623500000000000000e+04
8.623700000000000000e+04
8.623800000000000000e+04
8.624700000000000000e+04
8.625100000000000000e+04
8.625900000000000000e+04
8.626100000000000000e+04
8.632700000000000000e+04
8.633400000000000000e+04
8.636500000000000000e+04
8.638900000000000000e+04
8.641500000000000000e+04
8.642300000000000000e+04
8.642900000000000000e+04
8.644500000000000000e+04
8.647100000000000000e+04
8.647500000000000000e+04
8.647800000000000000e+04
8.648500000000000000e+04
8.649900000000000000e+04
8.650100000000000000e+04
8.650600000000000000e+04
8.664500000000000000e+04
8.667100000000000000e+04
8.670200000000000000e+04
8.671000000000000000e+04
8.682700000000000000e+04
8.684100000000000000e+04
8.685900000000000000e+04
8.701600000000000000e+04
8.707100000000000000e+04
8.718300000000000000e+04
8.724600000000000000e+04
8.740200000000000000e+04
8.743500000000000000e+04
8.744600000000000000e+04
8.750800000000000000e+04
8.752400000000000000e+04
8.752800000000000000e+04
8.769900000000000000e+04
8.773000000000000000e+04
8.777800000000000000e+04
8.814300000000000000e+04
8.816700000000000000e+04
8.821500000000000000e+04
8.824900000000000000e+04
8.827500000000000000e+04
8.827800000000000000e+04
8.831200000000000000e+04
8.836500000000000000e+04
8.842100000000000000e+04
8.842600000000000000e+04
8.843400000000000000e+04
8.854500000000000000e+04
8.862100000000000000e+04
8.871500000000000000e+04
8.878500000000000000e+04
8.886900000000000000e+04
8.887000000000000000e+04
8.897200000000000000e+04
8.899300000000000000e+04
8.914200000000000000e+04
8.922300000000000000e+04
8.922700000000000000e+04
8.928900000000000000e+04
8.932000000000000000e+04
8.941400000000000000e+04
9.004800000000000000e+04
9.023100000000000000e+04
9.029500000000000000e+04
9.031900000000000000e+04
9.032700000000000000e+04
9.034700000000000000e+04
9.035800000000000000e+04
9.039900000000000000e+04
9.042300000000000000e+04
9.042700000000000000e+04
9.044700000000000000e+04
9.047500000000000000e+04
9.048300000000000000e+04
9.048600000000000000e+04
9.051100000000000000e+04
9.052600000000000000e+04
9.053500000000000000e+04
9.053900000000000000e+04
9.054900000000000000e+04
9.055400000000000000e+04
9.057100000000000000e+04
9.057400000000000000e+04
9.057900000000000000e+04
9.060200000000000000e+04
9.061000000000000000e+04
9.068300000000000000e+04
9.074200000000000000e+04
9.076700000000000000e+04
9.080300000000000000e+04
9.084400000000000000e+04
9.090700000000000000e+04
9.095700000000000000e+04
9.096900000000000000e+04
9.100000000000000000e+04
9.102100000000000000e+04
9.108200000000000000e+04
9.119800000000000000e+04
9.125800000000000000e+04
9.134100000000000000e+04
9.136500000000000000e+04
9.148200000000000000e+04
9.149400000000000000e+04
9.167100000000000000e+04
9.174700000000000000e+04
9.175300000000000000e+04
9.176200000000000000e+04
9.182500000000000000e+04
9.226700000000000000e+04
9.228100000000000000e+04
9.231100000000000000e+04
9.234600000000000000e+04
9.237100000000000000e+04
9.247600000000000000e+04
9.250500000000000000e+04
9.252100000000000000e+04
9.255500000000000000e+04
9.258100000000000000e+04
9.259600000000000000e+04
9.261300000000000000e+04
9.268700000000000000e+04
9.271500000000000000e+04
9.273200000000000000e+04
9.277400000000000000e+04
9.284100000000000000e+04
9.285000000000000000e+04
9.287300000000000000e+04
9.300400000000000000e+04
9.300900000000000000e+04
9.322900000000000000e+04
9.325900000000000000e+04
9.333100000000000000e+04
9.335600000000000000e+04
9.346500000000000000e+04
9.353800000000000000e+04
9.385700000000000000e+04
9.432600000000000000e+04
9.438700000000000000e+04
9.452100000000000000e+04
9.456300000000000000e+04
9.457700000000000000e+04
9.465900000000000000e+04
9.482100000000000000e+04
9.492200000000000000e+04
9.506000000000000000e+04
9.511600000000000000e+04
9.515200000000000000e+04
9.549500000000000000e+04
9.550200000000000000e+04
9.577900000000000000e+04
9.593700000000000000e+04
9.629900000000000000e+04
9.636200000000000000e+04
9.640300000000000000e+04
9.648200000000000000e+04
9.653400000000000000e+04
9.658100000000000000e+04
9.659300000000000000e+04
9.661600000000000000e+04
9.667300000000000000e+04
9.741400000000000000e+04
9.747600000000000000e+04
9.792800000000000000e+04
9.843100000000000000e+04
9.849500000000000000e+04
9.852700000000000000e+04
9.854300000000000000e+04
9.855100000000000000e+04
9.855500000000000000e+04
9.855700000000000000e+04
9.862300000000000000e+04
9.865500000000000000e+04
9.867100000000000000e+04
9.867900000000000000e+04
9.868300000000000000e+04
9.868500000000000000e+04
9.868600000000000000e+04
9.871900000000000000e+04
9.873500000000000000e+04
9.874300000000000000e+04
9.874700000000000000e+04
9.874900000000000000e+04
9.875000000000000000e+04
9.876700000000000000e+04
9.877500000000000000e+04
9.877900000000000000e+04
9.878100000000000000e+04
9.878200000000000000e+04
9.879100000000000000e+04
9.879500000000000000e+04
9.879700000000000000e+04
9.879800000000000000e+04
9.880300000000000000e+04
9.880500000000000000e+04
9.880600000000000000e+04
9.880900000000000000e+04
9.881200000000000000e+04
9.887900000000000000e+04
9.891100000000000000e+04
9.892700000000000000e+04
9.893900000000000000e+04
9.894100000000000000e+04
9.894200000000000000e+04
9.897500000000000000e+04
9.899100000000000000e+04
9.899900000000000000e+04
9.900300000000000000e+04
9.900500000000000000e+04
9.903100000000000000e+04
9.903500000000000000e+04
9.906100000000000000e+04
9.906600000000000000e+04
9.910300000000000000e+04
9.912700000000000000e+04
9.913100000000000000e+04
9.913300000000000000e+04
9.913400000000000000e+04
9.915100000000000000e+04
9.916300000000000000e+04
9.916500000000000000e+04
9.917500000000000000e+04
9.918200000000000000e+04
9.918700000000000000e+04
9.919000000000000000e+04
9.919400000000000000e+04
9.921500000000000000e+04
9.922300000000000000e+04
9.922700000000000000e+04
9.923000000000000000e+04
9.923900000000000000e+04
9.924300000000000000e+04
9.925300000000000000e+04
9.925700000000000000e+04
9.927100000000000000e+04
9.928300000000000000e+04
9.928500000000000000e+04
9.928900000000000000e+04
9.929900000000000000e+04
9.930100000000000000e+04
9.930800000000000000e+04
9.931400000000000000e+04
9.939100000000000000e+04
9.942300000000000000e+04
9.943900000000000000e+04
9.944700000000000000e+04
9.945300000000000000e+04
9.945400000000000000e+04
9.948700000000000000e+04
9.951500000000000000e+04
9.953500000000000000e+04
9.954700000000000000e+04
9.954900000000000000e+04
9.955000000000000000e+04
9.955900000000000000e+04
9.956300000000000000e+04
9.956500000000000000e+04
9.956600000000000000e+04
9.957100000000000000e+04
9.961500000000000000e+04
9.963900000000000000e+04
9.964300000000000000e+04
9.964500000000000000e+04
9.964600000000000000e+04
9.966300000000000000e+04
9.967500000000000000e+04
9.967700000000000000e+04
9.968700000000000000e+04
9.969100000000000000e+04
9.969300000000000000e+04
9.970200000000000000e+04
9.972700000000000000e+04
9.974100000000000000e+04
9.975100000000000000e+04
9.975500000000000000e+04
9.975700000000000000e+04
9.978300000000000000e+04
9.978700000000000000e+04
9.979000000000000000e+04
9.980100000000000000e+04
9.981100000000000000e+04
9.990100000000000000e+04
9.990200000000000000e+04
9.994900000000000000e+04
9.995500000000000000e+04
1.000130000000000000e+05
1.000190000000000000e+05
1.000430000000000000e+05
1.000450000000000000e+05
1.000530000000000000e+05
1.000580000000000000e+05
1.001110000000000000e+05
1.001250000000000000e+05
1.001390000000000000e+05
1.001540000000000000e+05
1.001810000000000000e+05
1.002010000000000000e+05
1.002100000000000000e+05
1.002120000000000000e+05
1.002430000000000000e+05
1.003000000000000000e+05
1.003220000000000000e+05
1.003360000000000000e+05
1.004470000000000000e+05
1.004710000000000000e+05
1.004750000000000000e+05
1.004770000000000000e+05
1.005110000000000000e+05
1.005270000000000000e+05
1.005350000000000000e+05
1.005420000000000000e+05
1.005590000000000000e+05
1.005890000000000000e+05
1.005970000000000000e+05
1.005980000000000000e+05
1.006040000000000000e+05
1.006390000000000000e+05
1.006550000000000000e+05
1.006630000000000000e+05
1.006670000000000000e+05
1.006950000000000000e+05
1.006990000000000000e+05
1.007020000000000000e+05
1.007110000000000000e+05
1.007170000000000000e+05
1.007180000000000000e+05
1.007230000000000000e+05
1.007250000000000000e+05
1.007260000000000000e+05
1.007290000000000000e+05
1.007320000000000000e+05
1.007630000000000000e+05
1.007650000000000000e+05
1.007660000000000000e+05
1.007810000000000000e+05
1.007820000000000000e+05
1.007900000000000000e+05
1.008070000000000000e+05
1.008130000000000000e+05
1.008210000000000000e+05
1.008260000000000000e+05
1.008380000000000000e+05
1.008500000000000000e+05
1.008560000000000000e+05
1.009550000000000000e+05
1.009710000000000000e+05
1.009730000000000000e+05
1.009810000000000000e+05
1.009820000000000000e+05
1.010150000000000000e+05
1.010630000000000000e+05
1.010700000000000000e+05
1.010810000000000000e+05
1.011500000000000000e+05
1.011630000000000000e+05
1.011650000000000000e+05
1.012030000000000000e+05
1.012330000000000000e+05
1.012550000000000000e+05
1.012590000000000000e+05
1.012860000000000000e+05
1.013290000000000000e+05
1.013460000000000000e+05
1.013600000000000000e+05
1.014070000000000000e+05
1.014630000000000000e+05
1.014670000000000000e+05
1.014970000000000000e+05
1.015190000000000000e+05
1.015270000000000000e+05
1.015490000000000000e+05
1.015890000000000000e+05
1.016750000000000000e+05
1.016860000000000000e+05
1.017180000000000000e+05
1.017370000000000000e+05
1.017670000000000000e+05
1.017810000000000000e+05
1.019330000000000000e+05
1.019770000000000000e+05
1.019780000000000000e+05
1.019900000000000000e+05
1.019930000000000000e+05
1.019960000000000000e+05
1.020290000000000000e+05
1.020570000000000000e+05
1.025110000000000000e+05
1.025260000000000000e+05
1.026070000000000000e+05
1.026210000000000000e+05
1.026220000000000000e+05
1.026310000000000000e+05
1.026350000000000000e+05
1.026370000000000000e+05
1.026450000000000000e+05
1.027030000000000000e+05
1.027170000000000000e+05
1.027490000000000000e+05
1.027710000000000000e+05
1.027740000000000000e+05
1.028070000000000000e+05
1.028130000000000000e+05
1.028230000000000000e+05
1.028270000000000000e+05
1.028300000000000000e+05
1.028350000000000000e+05
1.028370000000000000e+05
1.028610000000000000e+05
1.028690000000000000e+05
1.028730000000000000e+05
1.028920000000000000e+05
1.028980000000000000e+05
1.029590000000000000e+05
1.029710000000000000e+05
1.030030000000000000e+05
1.030330000000000000e+05
1.030360000000000000e+05
1.030670000000000000e+05
1.030790000000000000e+05
1.031300000000000000e+05
1.032190000000000000e+05
1.032250000000000000e+05
1.032460000000000000e+05
1.032600000000000000e+05
1.032700000000000000e+05
1.033030000000000000e+05
1.033070000000000000e+05
1.033180000000000000e+05
1.033630000000000000e+05
1.033700000000000000e+05
1.033800000000000000e+05
1.034710000000000000e+05
1.034830000000000000e+05
1.035270000000000000e+05
1.035390000000000000e+05
1.035970000000000000e+05
1.037340000000000000e+05
1.037400000000000000e+05
1.037580000000000000e+05
1.037810000000000000e+05
1.037850000000000000e+05
1.038150000000000000e+05
1.038300000000000000e+05
1.038330000000000000e+05
1.038490000000000000e+05
1.038500000000000000e+05
1.038520000000000000e+05
1.039510000000000000e+05
1.040750000000000000e+05
1.040850000000000000e+05
1.042620000000000000e+05
1.042660000000000000e+05
1.042920000000000000e+05
1.045410000000000000e+05
1.045990000000000000e+05
1.046300000000000000e+05
1.046330000000000000e+05
1.047270000000000000e+05
1.047550000000000000e+05
1.047580000000000000e+05
1.047870000000000000e+05
1.048240000000000000e+05
1.048840000000000000e+05
1.048990000000000000e+05
1.050680000000000000e+05
1.050740000000000000e+05
1.051100000000000000e+05
1.051300000000000000e+05
1.052680000000000000e+05
1.052850000000000000e+05
1.053620000000000000e+05
1.053680000000000000e+05
1.053800000000000000e+05
1.055020000000000000e+05
1.057040000000000000e+05
1.057470000000000000e+05
1.058090000000000000e+05
1.060600000000000000e+05
1.061320000000000000e+05
1.061360000000000000e+05
1.065590000000000000e+05
1.066210000000000000e+05
1.066220000000000000e+05
1.066790000000000000e+05
1.066850000000000000e+05
1.066860000000000000e+05
1.067030000000000000e+05
1.067180000000000000e+05
1.067330000000000000e+05
1.067390000000000000e+05
1.067420000000000000e+05
1.067480000000000000e+05
1.067830000000000000e+05
1.067990000000000000e+05
1.068110000000000000e+05
1.068130000000000000e+05
1.068310000000000000e+05
1.068450000000000000e+05
1.068460000000000000e+05
1.068550000000000000e+05
1.068590000000000000e+05
1.068690000000000000e+05
1.068950000000000000e+05
1.069030000000000000e+05
1.069190000000000000e+05
1.069250000000000000e+05
1.069310000000000000e+05
1.069550000000000000e+05
1.069580000000000000e+05
1.069650000000000000e+05
1.069690000000000000e+05
1.069720000000000000e+05
1.069790000000000000e+05
1.069820000000000000e+05
1.069850000000000000e+05
1.069930000000000000e+05
1.069940000000000000e+05
1.070700000000000000e+05
1.070870000000000000e+05
1.071110000000000000e+05
1.071150000000000000e+05
1.072110000000000000e+05
1.072910000000000000e+05
1.073150000000000000e+05
1.073500000000000000e+05
1.074170000000000000e+05
1.074200000000000000e+05
1.074270000000000000e+05
1.074410000000000000e+05
1.075040000000000000e+05
1.075670000000000000e+05
1.076270000000000000e+05
1.076750000000000000e+05
1.076870000000000000e+05
1.076990000000000000e+05
1.077250000000000000e+05
1.077340000000000000e+05
1.077530000000000000e+05
1.078300000000000000e+05
1.078510000000000000e+05
1.078650000000000000e+05
1.078810000000000000e+05
1.079250000000000000e+05
1.080620000000000000e+05
1.081170000000000000e+05
1.081310000000000000e+05
1.081850000000000000e+05
1.082340000000000000e+05
1.082950000000000000e+05
1.084210000000000000e+05
1.084520000000000000e+05
1.086310000000000000e+05
1.086370000000000000e+05
1.086620000000000000e+05
1.087170000000000000e+05
1.087180000000000000e+05
1.087770000000000000e+05
1.088230000000000000e+05
1.088430000000000000e+05
1.089530000000000000e+05
1.089650000000000000e+05
1.089690000000000000e+05
1.089970000000000000e+05
1.090010000000000000e+05
1.090320000000000000e+05
1.092090000000000000e+05
1.092330000000000000e+05
1.092820000000000000e+05
1.093250000000000000e+05
1.093370000000000000e+05
1.093540000000000000e+05
1.093810000000000000e+05
1.094450000000000000e+05
1.097030000000000000e+05
1.097340000000000000e+05
1.097720000000000000e+05
1.097770000000000000e+05
1.097930000000000000e+05
1.098520000000000000e+05
1.098740000000000000e+05
1.101180000000000000e+05
1.103450000000000000e+05
1.106830000000000000e+05
1.107010000000000000e+05
1.108120000000000000e+05
1.108710000000000000e+05
1.108910000000000000e+05
1.109340000000000000e+05
1.109500000000000000e+05
1.110010000000000000e+05
1.110130000000000000e+05
1.110570000000000000e+05
1.110640000000000000e+05
1.110730000000000000e+05
1.112050000000000000e+05
1.116310000000000000e+05
1.116430000000000000e+05
1.118860000000000000e+05
1.120400000000000000e+05
1.123890000000000000e+05
1.124180000000000000e+05
1.126670000000000000e+05
1.127110000000000000e+05
1.130080000000000000e+05
1.136850000000000000e+05
1.147510000000000000e+05
1.147830000000000000e+05
1.147990000000000000e+05
1.148070000000000000e+05
1.148470000000000000e+05
1.148630000000000000e+05
1.148750000000000000e+05
1.148950000000000000e+05
1.149030000000000000e+05
1.149100000000000000e+05
1.149190000000000000e+05
1.149310000000000000e+05
1.149370000000000000e+05
1.149750000000000000e+05
1.150030000000000000e+05
1.150060000000000000e+05
1.150230000000000000e+05
1.150310000000000000e+05
1.150350000000000000e+05
1.150510000000000000e+05
1.150530000000000000e+05
1.150610000000000000e+05
1.150680000000000000e+05
1.150870000000000000e+05
1.151010000000000000e+05
1.151260000000000000e+05
1.151430000000000000e+05
1.151470000000000000e+05
1.151580000000000000e+05
1.151610000000000000e+05
1.151710000000000000e+05
1.151730000000000000e+05
1.151740000000000000e+05
1.151770000000000000e+05
1.151850000000000000e+05
1.151860000000000000e+05
1.152550000000000000e+05
1.152870000000000000e+05
1.152930000000000000e+05
1.153030000000000000e+05
1.153430000000000000e+05
1.153510000000000000e+05
1.154270000000000000e+05
1.155390000000000000e+05
1.155420000000000000e+05
1.157910000000000000e+05
1.158060000000000000e+05
1.158550000000000000e+05
1.158830000000000000e+05
1.159300000000000000e+05
1.159450000000000000e+05
1.159950000000000000e+05
1.160130000000000000e+05
1.160140000000000000e+05
1.160430000000000000e+05
1.160570000000000000e+05
1.160600000000000000e+05
1.160810000000000000e+05
1.161070000000000000e+05
1.161150000000000000e+05
1.161930000000000000e+05
1.162780000000000000e+05
1.162810000000000000e+05
1.163260000000000000e+05
1.163370000000000000e+05
1.163710000000000000e+05
1.163960000000000000e+05
1.164220000000000000e+05
1.164910000000000000e+05
1.165210000000000000e+05
1.167830000000000000e+05
1.167910000000000000e+05
1.167950000000000000e+05
1.168150000000000000e+05
1.168430000000000000e+05
1.168510000000000000e+05
1.168790000000000000e+05
1.169090000000000000e+05
1.169100000000000000e+05
1.169530000000000000e+05
1.170380000000000000e+05
1.170450000000000000e+05
1.170980000000000000e+05
1.171080000000000000e+05
1.171610000000000000e+05
1.172630000000000000e+05
1.172770000000000000e+05
1.172870000000000000e+05
1.173020000000000000e+05
1.173190000000000000e+05
1.175320000000000000e+05
1.175420000000000000e+05
1.176040000000000000e+05
1.177040000000000000e+05
1.178130000000000000e+05
1.179130000000000000e+05
1.179700000000000000e+05
1.180920000000000000e+05
1.181490000000000000e+05
1.181770000000000000e+05
1.183530000000000000e+05
1.189050000000000000e+05
1.189060000000000000e+05
1.189630000000000000e+05
1.189690000000000000e+05
1.190180000000000000e+05
1.190550000000000000e+05
1.190700000000000000e+05
1.191170000000000000e+05
1.191180000000000000e+05
1.191900000000000000e+05
1.193390000000000000e+05
1.193530000000000000e+05
1.194350000000000000e+05
1.195050000000000000e+05
1.195940000000000000e+05
1.196970000000000000e+05
1.197200000000000000e+05
1.201140000000000000e+05
1.201620000000000000e+05
1.201950000000000000e+05
1.203620000000000000e+05
1.203870000000000000e+05
1.203900000000000000e+05
1.204010000000000000e+05
1.204810000000000000e+05
1.209340000000000000e+05
1.209790000000000000e+05
1.210360000000000000e+05
1.211140000000000000e+05
1.211380000000000000e+05
1.211610000000000000e+05
1.215440000000000000e+05
1.221450000000000000e+05
1.224400000000000000e+05
1.229350000000000000e+05
1.229590000000000000e+05
1.229710000000000000e+05
1.229950000000000000e+05
1.230040000000000000e+05
1.230790000000000000e+05
1.230850000000000000e+05
1.230930000000000000e+05
1.230970000000000000e+05
1.231000000000000000e+05
1.231130000000000000e+05
1.231590000000000000e+05
1.231630000000000000e+05
1.232350000000000000e+05
1.232520000000000000e+05
1.232860000000000000e+05
1.233020000000000000e+05
1.233370000000000000e+05
1.233450000000000000e+05
1.234150000000000000e+05
1.235000000000000000e+05
1.235870000000000000e+05
1.237360000000000000e+05
1.238420000000000000e+05
1.238440000000000000e+05
1.239570000000000000e+05
1.242580000000000000e+05
1.247400000000000000e+05
1.249550000000000000e+05
1.249790000000000000e+05
1.251910000000000000e+05
1.253170000000000000e+05
1.253840000000000000e+05
1.256020000000000000e+05
1.257200000000000000e+05
1.272600000000000000e+05
1.273650000000000000e+05
1.273780000000000000e+05
1.273960000000000000e+05
1.276190000000000000e+05
1.276960000000000000e+05
1.284480000000000000e+05
1.287690000000000000e+05
1.291060000000000000e+05
1.304320000000000000e+05
