0 0 1.999965629967339
0 1 -4.381609421661535e-05
0 2 -6.366992830973599e-06
0 3 -9.396481775112102e-05
0 4 -2.918254059702753e-06
0 5 -4.481110827571481e-06
0 6 -3.311006735020644e-07
0 7 9.013057580149768e-06
0 8 -2.638817099222637e-05
0 9 9.003161690781112e-06
0 10 -1.226501332566492e-05
0 11 -8.716024848080485e-06
0 12 2.538803492778265e-05
0 13 2.227063768007726e-05
0 14 -4.449386716256422e-05
0 15 0.0002532076353212596
0 16 0.0001027468837560549
0 17 1.394778396535023e-05
0 18 -2.722957143359994e-05
0 19 0.0002006336010815643
0 20 -0.0001065986183525545
0 21 -9.598119828277829e-05
0 22 4.940129736009841e-06
1 0 -4.381609421661537e-05
1 1 1.989258394845394
1 2 -0.00127684132949488
1 3 -0.001553319399007893
1 4 -0.0002052304620125465
1 5 0.0002358380753069247
1 6 2.636240803088057e-05
1 7 -0.0009322634222040215
1 8 0.0002479715906338437
1 9 -0.002054392468601933
1 10 0.001526812086449483
1 11 0.001356916296745271
1 12 0.00116618629450198
1 13 -0.001111271272434957
1 14 -0.000790648087041229
1 15 -0.001742604264346932
1 16 -0.001398068468957585
1 17 0.00128603170297055
1 18 -1.502420369142411e-05
1 19 0.0001137268566141876
1 20 0.001538659951555474
1 21 -0.001115916581397841
1 22 -5.275530463564765e-05
2 0 -6.366992830973518e-06
2 1 -0.001276841329494882
2 2 1.987391556562225
2 3 0.0007351060059253501
2 4 -0.0009577751514803017
2 5 -0.0002702477706989342
2 6 -0.0002862910095598353
2 7 -0.0008407871911367716
2 8 8.859617935224398e-05
2 9 0.001368486429990818
2 10 -0.0007755089766465116
2 11 0.0024122597397291
2 12 -0.0007266369662618953
2 13 -0.002181808222202896
2 14 -2.734816773685779e-05
2 15 -0.0002601926334538933
2 16 5.920200924325845e-05
2 17 0.0006954388467055835
2 18 0.001036492385081194
2 19 0.0003810349948970413
2 20 -0.0009842975419080656
2 21 0.0002517775280765818
2 22 -0.0005625596972079252
3 0 -9.396481775112114e-05
3 1 -0.001553319399007866
3 2 0.0007351060059253573
3 3 1.983421230247149
3 4 0.0005334497796053426
3 5 1.983066187546206e-05
3 6 7.167811165042948e-05
3 7 -0.0003383116006497111
3 8 -0.0001270559433477614
3 9 0.0008405296364894159
3 10 -0.0002664053883120664
3 11 0.0007599131058399417
3 12 0.001200317617545483
3 13 -0.0001681139132833647
3 14 -0.0001192224917840183
3 15 0.0003526993072965489
3 16 -0.0009069408025854453
3 17 -0.000862415995261163
3 18 -0.0003241807214753622
3 19 -0.001629285905245938
3 20 -0.002329048319817858
3 21 0.0006475929471752334
3 22 1.084828389663492e-05
4 0 -2.918254059702615e-06
4 1 -0.000205230462012527
4 2 -0.000957775151480308
4 3 0.0005334497796053396
4 4 1.986519966871736
4 5 0.0009335331005806539
4 6 0.0008135694257569792
4 7 0.003290187553349253
4 8 0.002077481776315263
4 9 0.002861611752068966
4 10 -0.001284055154122531
4 11 -0.002690899454497506
4 12 -0.002625917415807388
4 13 0.002975101468292047
4 14 -0.0005403680915827561
4 15 0.001861834409694034
4 16 -0.001974529823456573
4 17 -0.001279119861308508
4 18 0.0001445446702360802
4 19 -0.0003439981926946048
4 20 -0.0002196008214518957
4 21 0.0005945895587815772
4 22 0.0003178331704968022
5 0 -4.481110827571173e-06
5 1 0.0002358380753069284
5 2 -0.0002702477706989429
5 3 1.983066187544531e-05
5 4 0.0009335331005806528
5 5 1.979922121058109
5 6 -5.800334338076582e-05
5 7 0.0005140207354627481
5 8 0.0008220024946257061
5 9 -9.880774151018262e-05
5 10 -0.001343029716856002
5 11 -0.001381245926505298
5 12 -0.0009367140911501353
5 13 -0.0001722037575494409
5 14 0.001224334498910923
5 15 0.0005893372336636587
5 16 -0.0007739179818302069
5 17 -0.001174695369700073
5 18 -3.652582655809973e-06
5 19 0.0003011767834950518
5 20 0.0003184705871601076
5 21 -0.0002867849763279542
5 22 -0.0004951077059703576
6 0 -3.311006735018931e-07
6 1 2.636240803088626e-05
6 2 -0.0002862910095598261
6 3 7.167811165044006e-05
6 4 0.0008135694257569529
6 5 -5.800334338076315e-05
6 6 1.978721834571282
6 7 0.00099195270911514
6 8 0.0005479217489144643
6 9 0.0009368730249090756
6 10 -9.274262696635041e-06
6 11 0.0001550725937290918
6 12 -0.0002552914667887986
6 13 -0.0003043411046680236
6 14 -0.002230232026996172
6 15 0.0009306529779137668
6 16 2.751259255514303e-05
6 17 0.0008084641746170221
6 18 0.0005527110851620262
6 19 -0.0006876976417073508
6 20 0.0007559082446299105
6 21 -0.0003649314817276351
6 22 0.0008570913289857198
7 0 9.013057580149565e-06
7 1 -0.0009322634222040257
7 2 -0.0008407871911367735
7 3 -0.0003383116006496558
7 4 0.003290187553349263
7 5 0.000514020735462729
7 6 0.0009919527091151754
7 7 1.980057944610531
7 8 0.003177772319030765
7 9 -0.0006204636639768262
7 10 -0.0003286477464258249
7 11 0.002133645142915234
7 12 0.002474602800329313
7 13 0.0008604968667735637
7 14 -0.0006143501800280327
7 15 0.002056352361640553
7 16 -0.003372170253067651
7 17 -0.002214938920440243
7 18 -0.001234025530605092
7 19 0.0008681792494353588
7 20 -0.001877749956329707
7 21 0.00208394886561933
7 22 0.0006576229289107535
8 0 -2.638817099222637e-05
8 1 0.0002479715906338421
8 2 8.85961793522457e-05
8 3 -0.0001270559433477301
8 4 0.002077481776315293
8 5 0.0008220024946256815
8 6 0.000547921748914424
8 7 0.003177772319030669
8 8 1.978007043193342
8 9 0.001261140982226526
8 10 -0.001724453731605086
8 11 -0.002541725642860785
8 12 -0.00180862623877027
8 13 -0.002656466722984602
8 14 -0.001247169899094814
8 15 0.004159006635264894
8 16 -0.0009445923942183912
8 17 -9.13295567020639e-05
8 18 7.374894888058305e-05
8 19 0.000312200934440216
8 20 0.001825048528730611
8 21 -0.003389454400520971
8 22 -0.0004559945690664434
9 0 9.003161690781571e-06
9 1 -0.002054392468601964
9 2 0.001368486429990843
9 3 0.0008405296364894249
9 4 0.002861611752068979
9 5 -9.880774151016012e-05
9 6 0.0009368730249090674
9 7 -0.0006204636639767439
9 8 0.001261140982226504
9 9 1.975720417011742
9 10 0.0006357376715051312
9 11 -0.002946309943988017
9 12 -0.0004258950127034919
9 13 -0.005382411021768394
9 14 -0.001477984864439673
9 15 0.0001674354476938405
9 16 0.004231710913555517
9 17 0.002294309742287305
9 18 0.002811599339454026
9 19 -0.0007575345295064149
9 20 0.001016697292069457
9 21 -0.00247301548951963
9 22 -0.001658105785575596
10 0 -1.22650133256655e-05
10 1 0.001526812086449521
10 2 -0.0007755089766465098
10 3 -0.0002664053883120428
10 4 -0.001284055154122543
10 5 -0.001343029716856061
10 6 -9.274262696656616e-06
10 7 -0.0003286477464258069
10 8 -0.001724453731605092
10 9 0.0006357376715050954
10 10 1.974445464262333
10 11 0.001482436584355467
10 12 -0.0001329820817396725
10 13 0.001215439133701477
10 14 -0.00111861512018323
10 15 2.221207122704722e-05
10 16 -0.0009517821091763782
10 17 0.0007476495469921932
10 18 -0.0001040370610554336
10 19 9.883322437415881e-05
10 20 3.790749980456807e-05
10 21 0.0008448400017326142
10 22 -0.0001332570662479265
11 0 -8.716024848080142e-06
11 1 0.001356916296745263
11 2 0.002412259739729154
11 3 0.0007599131058399505
11 4 -0.002690899454497499
11 5 -0.001381245926505295
11 6 0.0001550725937290985
11 7 0.002133645142915299
11 8 -0.002541725642860778
11 9 -0.002946309943988147
11 10 0.001482436584355429
11 11 1.965570558191768
11 12 0.0008279290428476994
11 13 -6.109887189282578e-05
11 14 0.001254255895857046
11 15 -0.002875050016562488
11 16 0.003907031200803117
11 17 0.001306865949705676
11 18 -0.0006092643572259892
11 19 -0.0002857781804387196
11 20 -0.0005806305686293562
11 21 -0.001161019965213034
11 22 -0.0007425825845481749
12 0 2.538803492778267e-05
12 1 0.001166186294501952
12 2 -0.0007266369662618985
12 3 0.001200317617545502
12 4 -0.002625917415807341
12 5 -0.0009367140911501291
12 6 -0.0002552914667888024
12 7 0.002474602800329281
12 8 -0.00180862623877029
12 9 -0.0004258950127035224
12 10 -0.0001329820817396709
12 11 0.0008279290428476902
12 12 0.02919859498657434
12 13 0.001640060400445527
12 14 -0.001786224102265041
12 15 0.005367273811614707
12 16 -0.004579773376698077
12 17 -0.002517173508152452
12 18 0.003160831148810406
12 19 -0.0002831848765706023
12 20 0.001812786146296858
12 21 0.0001009628467945849
12 22 0.0009429182538909929
13 0 2.227063768007707e-05
13 1 -0.001111271272434967
13 2 -0.002181808222202924
13 3 -0.000168113913283365
13 4 0.002975101468292104
13 5 -0.0001722037575494439
13 6 -0.0003043411046680312
13 7 0.000860496866773573
13 8 -0.002656466722984777
13 9 -0.005382411021768543
13 10 0.001215439133701492
13 11 -6.109887189282309e-05
13 12 0.001640060400445537
13 13 0.0224431183218231
13 14 0.0002794060086459539
13 15 -0.000355490386258784
13 16 0.0009454640427440236
13 17 -0.0003905603476924303
13 18 0.001764803997176055
13 19 0.0004762138497273698
13 20 0.0001426374799914005
13 21 0.001652837018573572
13 22 -0.0001705527558944523
14 0 -4.449386716256406e-05
14 1 -0.0007906480870412347
14 2 -2.734816773685773e-05
14 3 -0.0001192224917840199
14 4 -0.000540368091582754
14 5 0.001224334498910896
14 6 -0.002230232026996129
14 7 -0.0006143501800280442
14 8 -0.001247169899094827
14 9 -0.001477984864439665
14 10 -0.001118615120183212
14 11 0.001254255895857047
14 12 -0.001786224102265185
14 13 0.0002794060086459591
14 14 0.02280721049243895
14 15 -0.0006564521658682819
14 16 -0.0001784928778479787
14 17 -0.0003348419754037037
14 18 0.000125927077008134
14 19 0.0004212956768006909
14 20 0.001877079883090633
14 21 0.0006256654965375009
14 22 0.0009090273049053978
15 0 0.0002532076353212574
15 1 -0.001742604264346929
15 2 -0.0002601926334538999
15 3 0.0003526993072965335
15 4 0.001861834409694025
15 5 0.0005893372336636693
15 6 0.00093065297791378
15 7 0.002056352361640535
15 8 0.004159006635264704
15 9 0.0001674354476938417
15 10 2.221207122704722e-05
15 11 -0.00287505001656241
15 12 0.005367273811615001
15 13 -0.0003554903862588123
15 14 -0.0006564521658683085
15 15 0.02233704428251189
15 16 0.0009380200055976104
15 17 0.001889858080390422
15 18 -0.001283264800654204
15 19 0.00032094010883845
15 20 -0.002936197930289079
15 21 -0.001958612547374289
15 22 -0.0002373346361736265
16 0 0.0001027468837560547
16 1 -0.001398068468957587
16 2 5.920200924327556e-05
16 3 -0.0009069408025854479
16 4 -0.00197452982345661
16 5 -0.0007739179818302077
16 6 2.751259255514331e-05
16 7 -0.003372170253067701
16 8 -0.0009445923942183656
16 9 0.004231710913555618
16 10 -0.0009517821091763901
16 11 0.003907031200803171
16 12 -0.004579773376698008
16 13 0.0009454640427439904
16 14 -0.0001784928778479542
16 15 0.0009380200055975618
16 16 0.01809575594062904
16 17 -0.0009500275577854756
16 18 -0.001157168353622121
16 19 0.001493555157435482
16 20 0.00258800451449001
16 21 -0.0006116748937788402
16 22 -5.976086754819494e-05
17 0 1.394778396535e-05
17 1 0.001286031702970563
17 2 0.0006954388467055779
17 3 -0.0008624159952611547
17 4 -0.001279119861308485
17 5 -0.001174695369700079
17 6 0.0008084641746170549
17 7 -0.002214938920440141
17 8 -9.132955670207151e-05
17 9 0.002294309742287298
17 10 0.0007476495469922002
17 11 0.001306865949705687
17 12 -0.002517173508152499
17 13 -0.000390560347692458
17 14 -0.0003348419754037323
17 15 0.001889858080390434
17 16 -0.0009500275577854739
17 17 0.01827607153265589
17 18 -0.0001385540490841479
17 19 -0.0001572874054174328
17 20 0.001137634537088005
17 21 0.0006638104380042761
17 22 0.0006090367021536747
18 0 -2.722957143360027e-05
18 1 -1.50242036914225e-05
18 2 0.001036492385081198
18 3 -0.0003241807214753576
18 4 0.000144544670236081
18 5 -3.652582655809337e-06
18 6 0.0005527110851620099
18 7 -0.001234025530605133
18 8 7.374894888058717e-05
18 9 0.002811599339453979
18 10 -0.0001040370610554342
18 11 -0.0006092643572260003
18 12 0.003160831148810492
18 13 0.001764803997175992
18 14 0.0001259270770081342
18 15 -0.001283264800654142
18 16 -0.001157168353622125
18 17 -0.000138554049084163
18 18 0.0181979144382908
18 19 0.001261773509537581
18 20 0.001598457255759244
18 21 -0.001286131335230698
18 22 -0.0003794679696242538
19 0 0.0002006336010815636
19 1 0.0001137268566141858
19 2 0.0003810349948970398
19 3 -0.001629285905245951
19 4 -0.0003439981926946029
19 5 0.0003011767834950577
19 6 -0.0006876976417073625
19 7 0.000868179249435361
19 8 0.0003122009344402078
19 9 -0.0007575345295063943
19 10 9.883322437415582e-05
19 11 -0.0002857781804387207
19 12 -0.0002831848765705797
19 13 0.0004762138497273882
19 14 0.0004212956768006467
19 15 0.0003209401088384551
19 16 0.001493555157435463
19 17 -0.0001572874054174598
19 18 0.001261773509537602
19 19 0.01922837842315203
19 20 -0.0007483761494814643
19 21 0.0006228077801822788
19 22 0.0003165922875819666
20 0 -0.0001065986183525546
20 1 0.001538659951555422
20 2 -0.0009842975419080812
20 3 -0.002329048319817828
20 4 -0.0002196008214518828
20 5 0.000318470587160099
20 6 0.0007559082446298895
20 7 -0.001877749956329682
20 8 0.001825048528730623
20 9 0.001016697292069462
20 10 3.790749980456838e-05
20 11 -0.0005806305686293589
20 12 0.001812786146296887
20 13 0.0001426374799913969
20 14 0.001877079883090654
20 15 -0.002936197930289021
20 16 0.002588004514490022
20 17 0.001137634537087993
20 18 0.001598457255759295
20 19 -0.0007483761494814789
20 20 0.01579203809377903
20 21 0.002440908214483414
20 22 0.0001724500488281159
21 0 -9.598119828277814e-05
21 1 -0.001115916581397826
21 2 0.0002517775280765832
21 3 0.000647592947175243
21 4 0.000594589558781601
21 5 -0.0002867849763279581
21 6 -0.0003649314817276293
21 7 0.00208394886561935
21 8 -0.003389454400520946
21 9 -0.002473015489519763
21 10 0.000844840001732619
21 11 -0.001161019965213039
21 12 0.0001009628467944824
21 13 0.001652837018573515
21 14 0.0006256654965374894
21 15 -0.00195861254737434
21 16 -0.0006116748937788315
21 17 0.0006638104380042474
21 18 -0.001286131335230671
21 19 0.0006228077801823432
21 20 0.002440908214483395
21 21 0.01599857717191201
21 22 -0.0007649842846165761
22 0 4.940129736009914e-06
22 1 -5.2755304635647e-05
22 2 -0.0005625596972079203
22 3 1.084828389663522e-05
22 4 0.0003178331704967989
22 5 -0.0004951077059703482
22 6 0.0008570913289857438
22 7 0.0006576229289107623
22 8 -0.000455994569066435
22 9 -0.001658105785575597
22 10 -0.0001332570662479287
22 11 -0.0007425825845481544
22 12 0.0009429182538910428
22 13 -0.0001705527558944598
22 14 0.000909027304905393
22 15 -0.0002373346361736618
22 16 -5.976086754815943e-05
22 17 0.000609036702153675
22 18 -0.0003794679696242391
22 19 0.0003165922875819602
22 20 0.0001724500488281163
22 21 -0.0007649842846165659
22 22 0.01862313484981184
