0 0 1.999996870157938
0 1 -2.580646807516844e-06
0 2 -2.871971459716816e-05
0 3 3.215589684962152e-05
0 4 9.343617419545302e-11
0 5 8.474580212369058e-17
0 6 -5.510351478927566e-18
0 7 -6.683046830817887e-05
0 8 -3.718880688656114e-17
0 9 3.473848797140087e-12
0 10 3.68279019964741e-15
0 11 1.987818028253465e-05
0 12 -6.219798330954674e-05
0 13 2.371936946980821e-14
0 14 -2.406324733569273e-10
0 15 9.374204562844484e-05
1 0 -2.580646807516843e-06
1 1 1.999536679761262
1 2 -0.0002588173602856802
1 3 -0.001771482576220221
1 4 -3.358899043159464e-09
1 5 2.256858911096428e-15
1 6 -1.939588912063964e-15
1 7 -0.001169232550912577
1 8 -2.600932356636178e-16
1 9 2.712470347480463e-09
1 10 2.900549677590875e-16
1 11 -0.001439860823579609
1 12 -0.0009308952774778068
1 13 -1.330502288349962e-15
1 14 3.364576325863098e-09
1 15 0.001094058441595678
2 0 -2.871971459716816e-05
2 1 -0.0002588173602856802
2 2 1.991794028541998
2 3 -0.004094329696529196
2 4 -1.570305799060222e-08
2 5 1.089342568259281e-15
2 6 4.308260788333162e-15
2 7 0.008695575603477813
2 8 6.964963883373639e-16
2 9 -1.604344176118867e-09
2 10 6.58163705388652e-15
2 11 -0.004896393609398936
2 12 0.006259904618280448
2 13 -7.023732144857711e-15
2 14 3.294451990271805e-08
2 15 -0.008474014370533462
3 0 3.215589684962151e-05
3 1 -0.00177148257622022
3 2 -0.004094329696529194
3 3 1.982593326247484
3 4 -1.790820228001252e-08
3 5 -3.519603216107986e-15
3 6 2.448782643424256e-14
3 7 -0.003033035556252535
3 8 5.110280589902118e-16
3 9 6.730971547854486e-09
3 10 2.873703767158528e-15
3 11 -0.001275517862838791
3 12 -0.003764310390848775
3 13 4.68475689353594e-15
3 14 -1.804386037270658e-08
3 15 0.006651980983860559
4 0 9.343617419545312e-11
4 1 -3.358899043159487e-09
4 2 -1.570305799060216e-08
4 3 -1.790820228001245e-08
4 4 1.981991325216939
4 5 2.960771681225551e-14
4 6 -1.148746983069681e-15
4 7 -4.705109796163382e-09
4 8 -7.205321319433678e-16
4 9 0.006767108283099179
4 10 8.745063629643278e-15
4 11 7.170227386505061e-08
4 12 -4.06297263810353e-08
4 13 3.956927719031091e-13
4 14 0.01441591275505298
4 15 -1.197479267019582e-09
5 0 8.47458021236913e-17
5 1 2.256858911096447e-15
5 2 1.089342568259296e-15
5 3 -3.519603216107948e-15
5 4 2.960771681225546e-14
5 5 1.986913306300873
5 6 -2.121605953511074e-07
5 7 -3.238835494072168e-15
5 8 -0.0317812923855799
5 9 -3.165678411808877e-14
5 10 0.0057059764161898
5 11 8.790757147246302e-15
5 12 3.954242293061476e-15
5 13 -0.009061049467962892
5 14 3.600416654088951e-13
5 15 5.962928134858894e-15
6 0 -5.51035147892795e-18
6 1 -1.93958891206391e-15
6 2 4.308260788333134e-15
6 3 2.448782643424261e-14
6 4 -1.148746983069678e-15
6 5 -2.121605953511068e-07
6 6 1.996447917757696
6 7 1.428628867140682e-14
6 8 -5.879497186083749e-07
6 9 2.780738349706996e-15
6 10 1.020278330936369e-07
6 11 4.580035626008789e-14
6 12 -6.22254659326687e-15
6 13 -1.233024224525973e-07
6 14 -8.896102537674009e-15
6 15 4.281522550597738e-15
7 0 -6.683046830817864e-05
7 1 -0.001169232550912574
7 2 0.008695575603477793
7 3 -0.003033035556252541
7 4 -4.705109796163452e-09
7 5 -3.238835494072148e-15
7 6 1.428628867140748e-14
7 7 1.976186955894969
7 8 7.164506167323094e-15
7 9 2.422687834892541e-08
7 10 -1.505644288495315e-14
7 11 -0.0007555541380989418
7 12 -0.001232071669820203
7 13 3.834755035460403e-15
7 14 6.05988013401468e-09
7 15 0.01070589328865525
8 0 -3.718880688656074e-17
8 1 -2.600932356636145e-16
8 2 6.964963883373826e-16
8 3 5.110280589903485e-16
8 4 -7.205321319433804e-16
8 5 -0.03178129238557958
8 6 -5.879497186083777e-07
8 7 7.164506167323131e-15
8 8 1.88989934800827
8 9 1.577354148579849e-14
8 10 0.025363518128386
8 11 7.436686482976181e-15
8 12 3.144191621811434e-15
8 13 -0.0007913864810470273
8 14 -8.310869186712253e-15
8 15 7.206265125153009e-15
9 0 3.47384879713994e-12
9 1 2.71247034748047e-09
9 2 -1.604344176118883e-09
9 3 6.73097154785448e-09
9 4 0.006767108283099187
9 5 -3.165678411808867e-14
9 6 2.780738349707005e-15
9 7 2.422687834892558e-08
9 8 1.57735414857977e-14
9 9 1.984077606112253
9 10 -3.350223069766177e-14
9 11 2.457742963034488e-07
9 12 -1.142601130939002e-07
9 13 1.334547757110159e-12
9 14 0.03702728005535602
9 15 -5.090339642363202e-09
10 0 3.682790199647446e-15
10 1 2.900549677590896e-16
10 2 6.581637053886568e-15
10 3 2.873703767158547e-15
10 4 8.745063629643357e-15
10 5 0.005705976416189847
10 6 1.020278330936341e-07
10 7 -1.505644288495296e-14
10 8 0.02536351812838631
10 9 -3.350223069766187e-14
10 10 0.1211454896950369
10 11 1.878686594048917e-14
10 12 5.942311814904711e-15
10 13 -0.01740594312062009
10 14 5.793307895788737e-13
10 15 5.162982962741924e-15
11 0 1.987818028253484e-05
11 1 -0.001439860823579613
11 2 -0.004896393609398927
11 3 -0.001275517862838788
11 4 7.170227386505024e-08
11 5 8.790757147246273e-15
11 6 4.580035626008797e-14
11 7 -0.0007555541380989501
11 8 7.436686482976373e-15
11 9 2.45774296303455e-07
11 10 1.878686594048925e-14
11 11 0.02526034045028437
11 12 -0.007105410244105003
11 13 7.754624929070175e-16
11 14 2.964258990430892e-08
11 15 0.001122452119576572
12 0 -6.219798330954708e-05
12 1 -0.0009308952774778053
12 2 0.00625990461828043
12 3 -0.00376431039084877
12 4 -4.062972638103552e-08
12 5 3.954242293061522e-15
12 6 -6.222546593266914e-15
12 7 -0.001232071669820174
12 8 3.144191621811434e-15
12 9 -1.142601130939003e-07
12 10 5.942311814904635e-15
12 11 -0.007105410244105019
12 12 0.008901532602997756
12 13 -1.213489704263706e-14
12 14 -2.183016184027499e-08
12 15 -0.01110320443142305
13 0 2.371936946980807e-14
13 1 -1.330502288349943e-15
13 2 -7.023732144857625e-15
13 3 4.684756893535913e-15
13 4 3.956927719031154e-13
13 5 -0.009061049467962889
13 6 -1.23302422452598e-07
13 7 3.834755035460428e-15
13 8 -0.0007913864810470222
13 9 1.33454775711013e-12
13 10 -0.01740594312062008
13 11 7.754624929070305e-16
13 12 -1.213489704263701e-14
13 13 0.008584375819597838
13 14 6.146019665051616e-13
13 15 3.706671500566164e-15
14 0 -2.406324733569266e-10
14 1 3.364576325863057e-09
14 2 3.294451990271791e-08
14 3 -1.804386037270634e-08
14 4 0.0144159127550529
14 5 3.600416654088978e-13
14 6 -8.896102537673996e-15
14 7 6.059880134015052e-09
14 8 -8.310869186713223e-15
14 9 0.03702728005535577
14 10 5.793307895788795e-13
14 11 2.964258990430966e-08
14 12 -2.183016184027493e-08
14 13 6.146019665051626e-13
14 14 0.02651833558074628
14 15 -3.190514481804365e-08
15 0 9.374204562844525e-05
15 1 0.001094058441595683
15 2 -0.00847401437053347
15 3 0.006651980983860547
15 4 -1.197479267019613e-09
15 5 5.962928134858886e-15
15 6 4.28152255059784e-15
15 7 0.01070589328865527
15 8 7.206265125153078e-15
15 9 -5.090339642363233e-09
15 10 5.162982962741929e-15
15 11 0.001122452119576547
15 12 -0.01110320443142299
15 13 3.706671500566108e-15
15 14 -3.190514481804379e-08
15 15 0.02015256185034919
