 &FCI NORB=   8,NELEC= 8,MS2=0,
  ORBSYM=1,1,1,1,1,1,1,1
  ISYM=1,
 &END
 0.5076739491618134    1    1    1    1
 0.004043050885921053    2    1    1    1
 0.1099450660587405    2    1    2    1
 0.4848215741815572    2    2    1    1
 0.02000034235060015    2    2    2    1
 0.5162134365044599    2    2    2    2
 0.01306407452028194    3    1    1    1
 -0.008752642190460534    3    1    2    1
 -0.01041134776213948    3    1    2    2
 0.1059685382225224    3    1    3    1
 -0.007535798919720516    3    2    1    1
 -0.01275517741649129    3    2    2    1
 0.007452541900931406    3    2    2    2
 -0.04979571366718984    3    2    3    1
 0.05347375875775139    3    2    3    2
 0.484416425698993    3    3    1    1
 -0.05168514520987702    3    3    2    1
 0.4579080810817011    3    3    2    2
 0.01393955872659052    3    3    3    1
 0.002309457099764645    3    3    3    2
 0.5316291064510714    3    3    3    3
 -0.0005271145044647008    4    1    1    1
 0.003595211606308839    4    1    2    1
 0.03887090228556551    4    1    2    2
 0.003548477969819891    4    1    3    1
 0.007250643998738392    4    1    3    2
 0.01911589460212915    4    1    3    3
 0.1052064430487685    4    1    4    1
 0.005689821788743794    4    2    1    1
 0.03947991671456828    4    2    2    1
 0.02310025542501267    4    2    2    2
 0.007683483206575706    4    2    3    1
 -0.01182969416689449    4    2    3    2
 -0.01662991775407176    4    2    3    3
 0.0212304173624339    4    2    4    1
 0.04026877473897703    4    2    4    2
 0.0008420231879929122    4    3    1    1
 0.007969186175699569    4    3    2    1
 -0.01371305619800704    4    3    2    2
 0.01787174302004698    4    3    3    1
 -0.018016448289736    4    3    3    2
 -0.01068164753669586    4    3    3    3
 -0.02225598024963469    4    3    4    1
 0.001005647394389234    4    3    4    2
 0.02547622846199269    4    3    4    3
 0.4743953347312201    4    4    1    1
 0.02204140502873024    4    4    2    1
 0.4344118390540261    4    4    2    2
 -0.02118117518820281    4    4    3    1
 0.001424394706737258    4    4    3    2
 0.4208004678249724    4    4    3    3
 -0.05128542263717373    4    4    4    1
 -0.002225028363044874    4    4    4    2
 0.01198367834789185    4    4    4    3
 0.5171554890321304    4    4    4    4
 -0.0284733285639237    5    1    1    1
 -0.01097575938074487    5    1    2    1
 -0.02103080635576931    5    1    2    2
 -0.01913994801782112    5    1    3    1
 -0.01567727557897979    5    1    3    2
 -0.01550775623292587    5    1    3    3
 0.006837709652134783    5    1    4    1
 0.004288016789044311    5    1    4    2
 0.007360486652082654    5    1    4    3
 -0.01876508331128271    5    1    4    4
 0.05197044507391588    5    1    5    1
 -0.02910416763143502    5    2    1    1
 -0.002338888899672219    5    2    2    1
 -0.006472051035203148    5    2    2    2
 -0.04330950311149156    5    2    3    1
 0.02470936207235481    5    2    3    2
 -0.02104710323544806    5    2    3    3
 0.01407201370460029    5    2    4    1
 0.001613394100239853    5    2    4    2
 -0.01652789197088629    5    2    4    3
 -0.01358552157091831    5    2    4    4
 0.004931255656180147    5    2    5    1
 0.04670290382951377    5    2    5    2
 -0.06678152959713751    5    3    1    1
 -0.04558845557401627    5    3    2    1
 -0.04335311507311167    5    3    2    2
 0.006735250744888542    5    3    3    1
 0.002223648545181332    5    3    3    2
 -0.02291030477476155    5    3    3    3
 0.02173500600032219    5    3    4    1
 -0.01782314795393029    5    3    4    2
 -0.007704522102100942    5    3    4    3
 -0.07352015320638429    5    3    4    4
 0.02427582665333894    5    3    5    1
 0.01618005242110624    5    3    5    2
 0.09464054778887578    5    3    5    3
 0.01806502965023582    5    4    1    1
 0.01504431405502987    5    4    2    1
 0.01727000401086744    5    4    2    2
 0.0213168313555982    5    4    3    1
 -0.01727469201129143    5    4    3    2
 0.006327625011926609    5    4    3    3
 0.006216902868355753    5    4    4    1
 0.01147548482712977    5    4    4    2
 -0.005204536803565438    5    4    4    3
 0.002902135484387156    5    4    4    4
 -0.004867834404972838    5    4    5    1
 -0.01368051283424574    5    4    5    2
 -0.01414382555443113    5    4    5    3
 0.0269303471883169    5    4    5    4
 0.4765264387114944    5    5    1    1
 -0.0136798078924688    5    5    2    1
 0.4519912394368149    5    5    2    2
 0.02864451888471991    5    5    3    1
 0.00275780066896051    5    5    3    2
 0.4899543610534422    5    5    3    3
 0.001088977792208409    5    5    4    1
 -0.009090291529841577    5    5    4    2
 -0.008142969042065752    5    5    4    3
 0.4273171658565538    5    5    4    4
 -0.04415588704847788    5    5    5    1
 -0.03297212496579181    5    5    5    2
 -0.04311239356961136    5    5    5    3
 0.0160803925747407    5    5    5    4
 0.5021025850425407    5    5    5    5
 -0.003146294927512765    6    1    1    1
 0.00278625796542542    6    1    2    1
 -0.01577204160271894    6    1    2    2
 0.002717741221981395    6    1    3    1
 0.0008459643423275024    6    1    3    2
 -0.005492915962563951    6    1    3    3
 0.02299782521816313    6    1    4    1
 -0.0105533463831691    6    1    4    2
 0.002583831961699795    6    1    4    3
 0.01106984148010899    6    1    4    4
 0.0004604329943607124    6    1    5    1
 -0.002092300733556883    6    1    5    2
 -0.0002566490230045328    6    1    5    3
 -0.01107926309703507    6    1    5    4
 -0.00767025682516462    6    1    5    5
 0.05005335322671864    6    1    6    1
 0.01303649471024631    6    2    1    1
 -0.03632387760263357    6    2    2    1
 -0.01034119071205986    6    2    2    2
 0.001802219581259837    6    2    3    1
 0.004781135420637832    6    2    3    2
 0.02602024402219143    6    2    3    3
 -0.02737165764027685    6    2    4    1
 -0.01523447642344452    6    2    4    2
 0.003697981150432886    6    2    4    3
 0.01705875477358731    6    2    4    4
 -0.003765716693626953    6    2    5    1
 -0.01051378495782183    6    2    5    2
 0.001104808007289282    6    2    5    3
 -0.01109672876389724    6    2    5    4
 0.01932805367240862    6    2    5    5
 0.002237787835633786    6    2    6    1
 0.03879513056446667    6    2    6    2
 0.01210960482779706    6    3    1    1
 0.001616953713910622    6    3    2    1
 0.01669273389818635    6    3    2    2
 -0.009581168715188864    6    3    3    1
 0.00970539421296695    6    3    3    2
 0.01337259366373645    6    3    3    3
 0.008576749578995143    6    3    4    1
 0.002729176504459586    6    3    4    2
 0.005357463672868069    6    3    4    3
 0.003827227245691713    6    3    4    4
 -0.002709599581270112    6    3    5    1
 0.002661308544545811    6    3    5    2
 -0.007217529279736265    6    3    5    3
 -0.006043525807656493    6    3    5    4
 0.008960214853678443    6    3    5    5
 -0.002775136624628782    6    3    6    1
 -0.001704813705167178    6    3    6    2
 0.01648326045800843    6    3    6    3
 0.08593452028042914    6    4    1    1
 -0.0271759544284581    6    4    2    1
 0.07316288868091468    6    4    2    2
 0.01115852614994249    6    4    3    1
 0.0037235075534311    6    4    3    2
 0.0935793739582851    6    4    3    3
 0.0396964346587264    6    4    4    1
 0.001757112837233277    6    4    4    2
 -0.01256719940141161    6    4    4    3
 0.03726888037258961    6    4    4    4
 -0.01916774739423063    6    4    5    1
 -0.01672227835294722    6    4    5    2
 -0.02251138052633497    6    4    5    3
 0.01807750943852876    6    4    5    4
 0.08237727023831401    6    4    5    5
 -0.005099168265672365    6    4    6    1
 0.01173563284221251    6    4    6    2
 0.01404929287601926    6    4    6    3
 0.1137438357916127    6    4    6    4
 0.001228012133525061    6    5    1    1
 -0.008234912060484142    6    5    2    1
 -0.01277578261202636    6    5    2    2
 -0.007918637468976798    6    5    3    1
 0.004493794676582554    6    5    3    2
 -0.003056532783929619    6    5    3    3
 -0.02788079134790776    6    5    4    1
 -0.01472566997378781    6    5    4    2
 -0.003489493155411397    6    5    4    3
 0.02236953991373788    6    5    4    4
 -0.006663718702222488    6    5    5    1
 0.002358744656471253    6    5    5    2
 -0.003979104965108974    6    5    5    3
 -0.0008800739445269241    6    5    5    4
 0.003017685763716282    6    5    5    5
 0.002638548872877641    6    5    6    1
 0.01058127049322661    6    5    6    2
 -0.01087784430216339    6    5    6    3
 -0.01002176080547389    6    5    6    4
 0.02265432605106476    6    5    6    5
 0.4920046877196851    6    6    1    1
 0.01921084644664718    6    6    2    1
 0.4590673017955816    6    6    2    2
 -0.008338765093857134    6    6    3    1
 -0.003756380268767879    6    6    3    2
 0.4375125077692091    6    6    3    3
 -0.02785447101632384    6    6    4    1
 0.009751802071427156    6    6    4    2
 0.01226683241976702    6    6    4    3
 0.5145286336731277    6    6    4    4
 -0.01898744579220423    6    6    5    1
 -0.01954742104286274    6    6    5    2
 -0.08573489905847131    6    6    5    3
 0.007562659819028545    6    6    5    4
 0.4444551311701003    6    6    5    5
 0.01313109330191021    6    6    6    1
 0.0160726986787131    6    6    6    2
 0.009553943578726647    6    6    6    3
 0.05886146792228204    6    6    6    4
 0.01270703500704073    6    6    6    5
 0.5485289809070378    6    6    6    6
 -0.04964562611633667    7    1    1    1
 -0.0117455712142987    7    1    2    1
 -0.03163881482233855    7    1    2    2
 0.008328601351421973    7    1    3    1
 0.005672234956672653    7    1    3    2
 -0.05530655255961475    7    1    3    3
 0.002231432022777954    7    1    4    1
 0.007150673392267454    7    1    4    2
 -0.000366997295971248    7    1    4    3
 -0.02989709359643881    7    1    4    4
 0.004711944865168138    7    1    5    1
 0.02125431618510861    7    1    5    2
 0.02529500178080207    7    1    5    3
 -0.008306535337114807    7    1    5    4
 -0.05293539786674525    7    1    5    5
 -0.0004114618341151275    7    1    6    1
 -0.01040621060446341    7    1    6    2
 -0.00558762803672521    7    1    6    3
 -0.04272382878591031    7    1    6    4
 -0.000157721499126288    7    1    6    5
 -0.03107689980464321    7    1    6    6
 0.05419682420315172    7    1    7    1
 -0.04899036533374762    7    2    1    1
 0.02280392688883819    7    2    2    1
 -0.02955203119744423    7    2    2    2
 0.01303779920724386    7    2    3    1
 -0.0101666974835078    7    2    3    2
 -0.05449228194245521    7    2    3    3
 0.01872049183812994    7    2    4    1
 0.02801950680117317    7    2    4    2
 0.004231491222195675    7    2    4    3
 -0.03706334444024425    7    2    4    4
 0.02193382547488212    7    2    5    1
 0.01195439775551158    7    2    5    2
 0.01554135934999713    7    2    5    3
 0.006236269566875308    7    2    5    4
 -0.05438427370685588    7    2    5    5
 -0.00635998774447628    7    2    6    1
 -0.03143034860173279    7    2    6    2
 -0.003701615716178159    7    2    6    3
 -0.0414088994555088    7    2    6    4
 -0.01456421398465456    7    2    6    5
 -0.03345508654207592    7    2    6    6
 0.04261096087404337    7    2    7    1
 0.07190769956391452    7    2    7    2
 0.04053132215420539    7    3    1    1
 0.01577998482300487    7    3    2    1
 0.03515802637272652    7    3    2    2
 -0.03442695789325802    7    3    3    1
 0.001264471398088102    7    3    3    2
 0.03123100216354656    7    3    3    3
 -0.001961260248490823    7    3    4    1
 0.005247389385927843    7    3    4    2
 -0.001929229150023584    7    3    4    3
 0.03899310559189314    7    3    4    4
 0.007461291073682228    7    3    5    1
 0.002788905203615562    7    3    5    2
 -0.04055304714179339    7    3    5    3
 0.004316352685324104    7    3    5    4
 0.02026196988510399    7    3    5    5
 -0.003964976652944797    7    3    6    1
 2.001635006020013e-05    7    3    6    2
 0.007388291885347393    7    3    6    3
 0.02493964327532234    7    3    6    4
 -2.509331086934161e-05    7    3    6    5
 0.04424999304295251    7    3    6    6
 -0.02983488189950988    7    3    7    1
 -0.02025702905986369    7    3    7    2
 0.04333217634042041    7    3    7    3
 0.00676612145218657    7    4    1    1
 0.01854083100753285    7    4    2    1
 0.03342544877703138    7    4    2    2
 -0.000577863668298938    7    4    3    1
 0.003345747777283658    7    4    3    2
 0.003858547448592866    7    4    3    3
 0.0268307901850415    7    4    4    1
 0.01574870068752326    7    4    4    2
 -0.006116899408822391    7    4    4    3
 -0.02003190886472661    7    4    4    4
 -0.006174273695388889    7    4    5    1
 0.007714994307956025    7    4    5    2
 0.001399912329827827    7    4    5    3
 0.01343957789802122    7    4    5    4
 0.007565513045766633    7    4    5    5
 -0.02608671132860623    7    4    6    1
 -0.02712997629870805    7    4    6    2
 0.01169469025112077    7    4    6    3
 0.02138445153384666    7    4    6    4
 -0.01788711947829627    7    4    6    5
 -0.01589114670664401    7    4    6    6
 -0.0004109859873920953    7    4    7    1
 0.01634187086961976    7    4    7    2
 0.003631999427739459    7    4    7    3
 0.04609053145672263    7    4    7    4
 -0.008573466334429942    7    5    1    1
 0.0427875333406883    7    5    2    1
 -0.003006956577056799    7    5    2    2
 0.01641488677100437    7    5    3    1
 -0.006402909349316673    7    5    3    2
 -0.04919700393800103    7    5    3    3
 -0.01352872373066685    7    5    4    1
 0.0161995934879064    7    5    4    2
 0.009365889458318826    7    5    4    3
 0.009688580878323964    7    5    4    4
 -0.01677068983776477    7    5    5    1
 -0.008578090812964791    7    5    5    2
 -0.02213091382560115    7    5    5    3
 0.007537831820237892    7    5    5    4
 -0.01885415883997142    7    5    5    5
 0.0002516819363864238    7    5    6    1
 -0.01582307587936565    7    5    6    2
 -0.002957202394136887    7    5    6    3
 -0.02701299752459587    7    5    6    4
 0.001139352168810822    7    5    6    5
 0.01031399684512073    7    5    6    6
 0.01648395818723081    7    5    7    1
 0.01994969518592007    7    5    7    2
 -0.01233142643719697    7    5    7    3
 0.004711124143072471    7    5    7    4
 0.04364063297712788    7    5    7    5
 -0.001815398926459152    7    6    1    1
 -0.02411467023955511    7    6    2    1
 -0.04245671879635221    7    6    2    2
 -0.007085719030141473    7    6    3    1
 -0.0004769075150659353    7    6    3    2
 0.002460826770154628    7    6    3    3
 -0.06949985862517785    7    6    4    1
 -0.03785750917383596    7    6    4    2
 0.01928227133593146    7    6    4    3
 0.03678823025326131    7    6    4    4
 0.0002095921652604731    7    6    5    1
 -0.01387525673311172    7    6    5    2
 -0.003827902076678698    7    6    5    3
 -0.01903568681067629    7    6    5    4
 0.00313325212973848    7    6    5    5
 0.007688087260052237    7    6    6    1
 0.03091365448698398    7    6    6    2
 -0.004241484337973195    7    6    6    3
 -0.02794579603967787    7    6    6    4
 0.02533277023029704    7    6    6    5
 0.01924431231181029    7    6    6    6
 -0.01094736217600918    7    6    7    1
 -0.03285707494411018    7    6    7    2
 0.000764384921593638    7    6    7    3
 -0.03688549713095583    7    6    7    4
 -0.005293260692313152    7    6    7    5
 0.08021650224846578    7    6    7    6
 0.4784322233558918    7    7    1    1
 0.07731580217419108    7    7    2    1
 0.4891078175684044    7    7    2    2
 -0.04025503551670268    7    7    3    1
 -0.00741665183207543    7    7    3    2
 0.4286353120648562    7    7    3    3
 0.002093964680904048    7    7    4    1
 0.03221740921831944    7    7    4    2
 0.001164180233509351    7    7    4    3
 0.4703797512038049    7    7    4    4
 -0.005871715403406367    7    7    5    1
 -0.004349165304598912    7    7    5    2
 -0.08797562239367838    7    7    5    3
 0.01941686640606608    7    7    5    4
 0.4359531988064008    7    7    5    5
 -0.01241780077646159    7    7    6    1
 -0.02194595036364419    7    7    6    2
 0.01512259915572464    7    7    6    3
 0.04303000394857975    7    7    6    4
 -0.005255940199247818    7    7    6    5
 0.4935253452390201    7    7    6    6
 -0.05476184236724199    7    7    7    1
 -0.02494949191323455    7    7    7    2
 0.07060487032129763    7    7    7    3
 0.02603147226543015    7    7    7    4
 0.009538135934531474    7    7    7    5
 -0.02085255550903224    7    7    7    6
 0.5648318844088654    7    7    7    7
 0.06120968450245197    8    1    1    1
 -0.01559630510092524    8    1    2    1
 0.05209436915005414    8    1    2    2
 -0.003159039694940511    8    1    3    1
 0.002473650233325718    8    1    3    2
 0.03884465809481949    8    1    3    3
 0.003977584836292661    8    1    4    1
 0.006417799686520583    8    1    4    2
 -0.000510459889973255    8    1    4    3
 0.0540203526383928    8    1    4    4
 -0.007205252782717085    8    1    5    1
 -0.006267236756196035    8    1    5    2
 -0.04487365477506441    8    1    5    3
 0.007885776524941905    8    1    5    4
 0.0341516645574254    8    1    5    5
 4.040832956545016e-05    8    1    6    1
 0.008956030622740523    8    1    6    2
 0.007434916954547111    8    1    6    3
 0.04641942889167969    8    1    6    4
 0.0001154640535776741    8    1    6    5
 0.07391837291117062    8    1    6    6
 -0.005748871854277315    8    1    7    1
 -0.01588823480466291    8    1    7    2
 0.02461271776844675    8    1    7    3
 6.801536813231214e-05    8    1    7    4
 -0.001321862225683323    8    1    7    5
 -0.007265877321667536    8    1    7    6
 0.0446702615101545    8    1    7    7
 0.05751426888606987    8    1    8    1
 -0.0599305442433164    8    2    1    1
 0.001115076216669958    8    2    2    1
 -0.05102398643523515    8    2    2    2
 -0.001165018048159743    8    2    3    1
 0.007910406763757162    8    2    3    2
 -0.02445565122249161    8    2    3    3
 0.0182350555616153    8    2    4    1
 -0.005033176484398875    8    2    4    2
 -0.008494105565291248    8    2    4    3
 -0.05773651218547214    8    2    4    4
 0.00537294763939858    8    2    5    1
 0.01861329848031537    8    2    5    2
 0.05280733780352392    8    2    5    3
 -0.0107408493809793    8    2    5    4
 -0.0271892890286198    8    2    5    5
 0.006217324916103865    8    2    6    1
 -0.007664242468888276    8    2    6    2
 -0.004109234782762834    8    2    6    3
 -0.02667840239843771    8    2    6    4
 -0.003615615704978922    8    2    6    5
 -0.07422419266746177    8    2    6    6
 0.009320258722799686    8    2    7    1
 0.01918053939841541    8    2    7    2
 -0.0255485057972457    8    2    7    3
 0.003063354039679762    8    2    7    4
 -0.01120276299490615    8    2    7    5
 -0.006350750145818518    8    2    7    6
 -0.05546872754404589    8    2    7    7
 -0.05244615460013134    8    2    8    1
 0.06440718625436186    8    2    8    2
 -0.006764611550922625    8    3    1    1
 -0.0001285600962543418    8    3    2    1
 0.006945272998902029    8    3    2    2
 -0.03523722640018499    8    3    3    1
 0.03549101460502681    8    3    3    2
 -0.01073870200925241    8    3    3    3
 0.002794126317956959    8    3    4    1
 -0.008315197069728339    8    3    4    2
 -0.01640785475676131    8    3    4    3
 0.006256607140513194    8    3    4    4
 -0.02961283552166871    8    3    5    1
 0.03886517983297991    8    3    5    2
 -0.003475263066951021    8    3    5    3
 -0.01685563456861492    8    3    5    4
 -0.004510391888539494    8    3    5    5
 0.004238929614617843    8    3    6    1
 -0.001409855484562047    8    3    6    2
 0.006618509084043401    8    3    6    3
 -0.003979264846942855    8    3    6    4
 0.009560307144572408    8    3    6    5
 2.723782016607681e-05    8    3    6    6
 0.01429845851435615    8    3    7    1
 -0.01497027257698763    8    3    7    2
 0.002655376203391524    8    3    7    3
 0.004051435094506958    8    3    7    4
 0.002521406724737734    8    3    7    5
 -0.00167682660298839    8    3    7    6
 -0.0007828597443038997    8    3    7    7
 0.004163795248327815    8    3    8    1
 0.00651954116788612    8    3    8    2
 0.06469464123913722    8    3    8    3
 0.0134253427877965    8    4    1    1
 0.01811304659212056    8    4    2    1
 0.007901091802581204    8    4    2    2
 0.003223148557300939    8    4    3    1
 -0.008694368869578485    8    4    3    2
 -0.004772156127975129    8    4    3    3
 0.01287766324859151    8    4    4    1
 0.001527314068024906    8    4    4    2
 0.005799498891123811    8    4    4    3
 0.02141992062333451    8    4    4    4
 0.00375088925748621    8    4    5    1
 -0.00825317059904036    8    4    5    2
 -0.01970935149212351    8    4    5    3
 0.003169653399716236    8    4    5    4
 -0.002267509348585487    8    4    5    5
 0.02599353509310113    8    4    6    1
 -0.009482231588493201    8    4    6    2
 -0.001303403825695422    8    4    6    3
 -0.0005004106619328269    8    4    6    4
 -0.0001403633420623194    8    4    6    5
 0.02794109861114065    8    4    6    6
 -0.003451469514115267    8    4    7    1
 0.002462977898118457    8    4    7    2
 0.007312417319016243    8    4    7    3
 -0.007455210391196006    8    4    7    4
 0.0104481333492861    8    4    7    5
 -0.0005861115048542737    8    4    7    6
 0.0223759022377024    8    4    7    7
 0.01142809591352805    8    4    8    1
 -0.0137066110675558    8    4    8    2
 -0.006841057484440226    8    4    8    3
 0.02658065941122457    8    4    8    4
 0.002449730137174523    8    5    1    1
 -0.00471281912896898    8    5    2    1
 0.02972986736042753    8    5    2    2
 -0.07707491971076925    8    5    3    1
 0.05988528089141865    8    5    3    2
 0.007242221224512935    8    5    3    3
 0.01488432672373831    8    5    4    1
 -0.01105371314780856    8    5    4    2
 -0.02651012434376332    8    5    4    3
 0.01246225340875244    8    5    4    4
 -0.01290207158934342    8    5    5    1
 0.04302123069991117    8    5    5    2
 -0.002158089165018327    8    5    5    3
 -0.01945134049754351    8    5    5    4
 0.002456046140822113    8    5    5    5
 -0.00108497024177291    8    5    6    1
 -0.001520317074009215    8    5    6    2
 0.01298727102432817    8    5    6    3
 0.009279087240504672    8    5    6    4
 0.005925761634766722    8    5    6    5
 0.005655465359974246    8    5    6    6
 -0.0004498196888166316    8    5    7    1
 -0.02043263542310425    8    5    7    2
 0.01755279189379148    8    5    7    3
 0.01109555473675632    8    5    7    4
 -0.01243831171585317    8    5    7    5
 -0.007813977058867463    8    5    7    6
 0.02367390402798469    8    5    7    7
 0.008175048480945316    8    5    8    1
 0.004130359789741135    8    5    8    2
 0.05547442399101613    8    5    8    3
 -0.008580651501516523    8    5    8    4
 0.09302011332547727    8    5    8    5
 0.001614424317412827    8    6    1    1
 0.005162476824218335    8    6    2    1
 0.009079665881161915    8    6    2    2
 0.01023573493454667    8    6    3    1
 -0.001997886902498901    8    6    3    2
 0.01191286599475874    8    6    3    3
 0.0510551307619292    8    6    4    1
 -0.001086636534829044    8    6    4    2
 -0.007785971389425389    8    6    4    3
 -0.01957816428929231    8    6    4    4
 -0.0006213717205548451    8    6    5    1
 -0.0001952123999564882    8    6    5    2
 0.01252868471514026    8    6    5    3
 0.00484835446219145    8    6    5    4
 0.006587665451237542    8    6    5    5
 0.02630553019573796    8    6    6    1
 -0.01760302721189246    8    6    6    2
 0.002375866721482396    8    6    6    3
 0.023160479078835    8    6    6    4
 -0.0111520837293529    8    6    6    5
 -0.0132557338751354    8    6    6    6
 -0.007486040000989369    8    6    7    1
 0.002465637840627343    8    6    7    2
 -0.003085994397108616    8    6    7    3
 0.009774492377413752    8    6    7    4
 -0.0070779716295791    8    6    7    5
 -0.02591064311512269    8    6    7    6
 -0.003246060215176642    8    6    7    7
 -0.004236710600216228    8    6    8    1
 0.01574054028704749    8    6    8    2
 -0.001106543813139161    8    6    8    3
 0.01768772155016258    8    6    8    4
 0.0001891555009799708    8    6    8    5
 0.04329292993310088    8    6    8    6
 0.02100700581750267    8    7    1    1
 -0.003507589688486042    8    7    2    1
 0.01780391617776329    8    7    2    2
 0.03643599285631896    8    7    3    1
 -0.02527759653217756    8    7    3    2
 0.01720200417453334    8    7    3    3
 0.001522790419443819    8    7    4    1
 0.00501686280702477    8    7    4    2
 0.007749171029305265    8    7    4    3
 -0.000522926777965383    8    7    4    4
 -0.0002473157061235791    8    7    5    1
 -0.0220611946391754    8    7    5    2
 -2.577008884796229e-05    8    7    5    3
 0.01382157640841738    8    7    5    4
 0.01820609146793317    8    7    5    5
 -0.007475795262317848    8    7    6    1
 -0.0002085113967518209    8    7    6    2
 -0.00235797165384976    8    7    6    3
 0.01400276291058017    8    7    6    4
 -0.006208858509519456    8    7    6    5
 0.006198363548754605    8    7    6    6
 -0.004902624320128378    8    7    7    1
 -0.001894762773728507    8    7    7    2
 -0.004410621095087296    8    7    7    3
 0.006260541739847792    8    7    7    4
 0.003864479098516969    8    7    7    5
 -0.005933396884101091    8    7    7    6
 0.006685956288876834    8    7    7    7
 0.006568111169825103    8    7    8    1
 -0.01432134157841962    8    7    8    2
 -0.02203178961017381    8    7    8    3
 0.001388800343433533    8    7    8    4
 -0.0347916285070347    8    7    8    5
 0.00187557243584029    8    7    8    6
 0.02455820973631545    8    7    8    7
 0.4772355241630998    8    8    1    1
 -0.09057984407220196    8    8    2    1
 0.4670653252875724    8    8    2    2
 0.009473002113099212    8    8    3    1
 0.013444280690139    8    8    3    2
 0.5138802264674224    8    8    3    3
 0.02265345722257456    8    8    4    1
 -0.0261780729469834    8    8    4    2
 -0.01556605617123496    8    8    4    3
 0.4198688115378494    8    8    4    4
 -0.01398668838634975    8    8    5    1
 -0.01461336015884939    8    8    5    2
 0.001785667760815365    8    8    5    3
 0.0005388238649637779    8    8    5    4
 0.4823657822587137    8    8    5    5
 -0.005612077243084702    8    8    6    1
 0.03706941714131052    8    8    6    2
 0.01246758387483065    8    8    6    3
 0.1090508227877279    8    8    6    4
 0.001799411748188834    8    8    6    5
 0.4493604836154492    8    8    6    6
 -0.03393207244236134    8    8    7    1
 -0.0646773521753933    8    8    7    2
 0.01831864334920788    8    8    7    3
 0.000948483260894509    8    8    7    4
 -0.05358065018127527    8    8    7    5
 0.001557202642929811    8    8    7    6
 0.4021894987575093    8    8    7    7
 0.06375389500801507    8    8    8    1
 -0.0462292854829244    8    8    8    2
 0.0006327904007633345    8    8    8    3
 -0.007323397904992763    8    8    8    4
 0.0233267988350489    8    8    8    5
 0.008772696394097362    8    8    8    6
 0.02255503426382938    8    8    8    7
 0.574834814920047    8    8    8    8
 -4.179851468567776    1    1  0  0
 0.006678790821016537    2    1  0  0
 -3.661681537785593    2    2  0  0
 0.001170254987686099    3    1  0  0
 -0.005286185370801405    3    2  0  0
 -3.651129620356692    3    3  0  0
 -0.006809396899135471    4    1  0  0
 -0.01341627181473885    4    2  0  0
 0.01615881901175814    4    3  0  0
 -3.567174895342802    4    4  0  0
 0.1496938794715583    5    1  0  0
 0.1366690153237506    5    2  0  0
 0.3905847934019188    5    3  0  0
 -0.08548085581143035    5    4  0  0
 -2.861374141587783    5    5  0  0
 0.01732790089532002    6    1  0  0
 -0.08764102907035948    6    2  0  0
 -0.08370004413076471    6    3  0  0
 -0.529501592897439    6    4  0  0
 -0.01472384510728271    6    5  0  0
 -2.95749863181925    6    6  0  0
 0.2985382990806829    7    1  0  0
 0.3159116195420762    7    2  0  0
 -0.2685509072843964    7    3  0  0
 -0.03974659596827619    7    4  0  0
 0.09173056531923453    7    5  0  0
 0.006977054382136953    7    6  0  0
 -2.842076512790633    7    7  0  0
 -0.3723729297744021    8    1  0  0
 0.3566914394217354    8    2  0  0
 0.008415031720143053    8    3  0  0
 -0.07199193150176199    8    4  0  0
 -0.0926657082313718    8    5  0  0
 -0.007563319525294902    8    6  0  0
 -0.1023481654273333    8    7  0  0
 -2.841107290460008    8    8  0  0
 0  0  0  0  0
