 &FCI NORB=   8,NELEC= 8,MS2=0,
  ORBSYM=1,1,1,1,1,1,1,1
  ISYM=1,
 &END
 0.5843917780769137    1    1    1    1
 -0.04142098208831256    2    1    1    1
 0.1259871739750456    2    1    2    1
 0.5512956943453731    2    2    1    1
 -0.002791254237725157    2    2    2    1
 0.5736557533051601    2    2    2    2
 0.008676164906706264    3    1    1    1
 0.009475592678558241    3    1    2    1
 -0.004080070879873432    3    1    2    2
 0.1053592489665581    3    1    3    1
 0.008277221267168809    3    2    1    1
 -0.004654387030641713    3    2    2    1
 -0.0003586192218622623    3    2    2    2
 0.05441931663687314    3    2    3    1
 0.06201065755804674    3    2    3    2
 0.5337653115953221    3    3    1    1
 0.04723530752220272    3    3    2    1
 0.5255582730792874    3    3    2    2
 -0.0168838149294007    3    3    3    1
 -0.01443837080749469    3    3    3    2
 0.5983785425873782    3    3    3    3
 -0.001141849335883237    4    1    1    1
 -0.0009946625573820521    4    1    2    1
 0.0006163952482761205    4    1    2    2
 0.0004846356613424875    4    1    3    1
 -7.618301643537683e-06    4    1    3    2
 0.001652572855095799    4    1    3    3
 0.1064481979813808    4    1    4    1
 -0.001991630510379936    4    2    1    1
 -0.0004208181282969216    4    2    2    1
 -0.0007252085494327071    4    2    2    2
 -3.380357673639467e-05    4    2    3    1
 4.628434701458125e-06    4    2    3    2
 -0.002224418568769676    4    2    3    3
 0.007950285307581025    4    2    4    1
 0.02917082056071385    4    2    4    2
 0.0005327098400394067    4    3    1    1
 2.099625964681289e-06    4    3    2    1
 0.0001049540086914459    4    3    2    2
 0.0008924781901321942    4    3    3    1
 -0.0006431219998686963    4    3    3    2
 -5.629244220345277e-05    4    3    3    3
 -0.006600153508328257    4    3    4    1
 -0.0008620655711713923    4    3    4    2
 0.0246817771044012    4    3    4    3
 0.581066513328684    4    4    1    1
 -0.005853562568700335    4    4    2    1
 0.5408006335151656    4    4    2    2
 -0.006183905812461428    4    4    3    1
 -0.00165359703578998    4    4    3    2
 0.5332965385107957    4    4    3    3
 0.01403136493804198    4    4    4    1
 -5.252610769445828e-05    4    4    4    2
 -0.0008255800561613431    4    4    4    3
 0.6522333871774062    4    4    4    4
 0.02129502860236747    5    1    1    1
 -0.0005930609446530119    5    1    2    1
 0.01376840750793313    5    1    2    2
 0.001567227630391332    5    1    3    1
 0.0004381678006763396    5    1    3    2
 0.01630326703078892    5    1    3    3
 -0.02582239648216071    5    1    4    1
 -0.01345374139361248    5    1    4    2
 0.001762633028965095    5    1    4    3
 0.02056029360202647    5    1    4    4
 0.02086605977240271    5    1    5    1
 -0.002220374056495065    5    2    1    1
 -0.005667225030171517    5    2    2    1
 -0.00251662352572395    5    2    2    2
 0.0004274933427383954    5    2    3    1
 0.0001974062846665132    5    2    3    2
 -0.009363536958460414    5    2    3    3
 -0.02473728490343781    5    2    4    1
 -0.003056936172523913    5    2    4    2
 0.002037944434606867    5    2    4    3
 -0.004957761459968695    5    2    4    4
 -0.002569316480276278    5    2    5    1
 0.01794098188887076    5    2    5    2
 0.006522168128707497    5    3    1    1
 0.000211677632994078    5    3    2    1
 0.005147336692242062    5    3    2    2
 -7.886865826626195e-05    5    3    3    1
 -0.004430870137578981    5    3    3    2
 0.006555533621619645    5    3    3    3
 0.002179103442924729    5    3    4    1
 0.001003420702413909    5    3    4    2
 -0.009154457881729677    5    3    4    3
 0.007484215605879475    5    3    4    4
 -2.133389240889154e-05    5    3    5    1
 -0.0002030976770579509    5    3    5    2
 0.005466178284907702    5    3    5    3
 -0.08988076841812428    5    4    1    1
 -0.0406461352143706    5    4    2    1
 -0.07860824717864637    5    4    2    2
 0.0007504879442082732    5    4    3    1
 0.003975655873369928    5    4    3    2
 -0.1034794811937351    5    4    3    3
 0.004542249205927334    5    4    4    1
 0.001693087139325068    5    4    4    2
 0.0005583703905920839    5    4    4    3
 -0.1253332293575766    5    4    4    4
 -0.01406345665670383    5    4    5    1
 0.006973586898585569    5    4    5    2
 -0.003048273968589751    5    4    5    3
 0.07740919900122276    5    4    5    4
 0.3990394461083718    5    5    1    1
 -0.07697073328713067    5    5    2    1
 0.3911447870115874    5    5    2    2
 -0.003496862107665978    5    5    3    1
 0.005742507948417633    5    5    3    2
 0.3287642390244694    5    5    3    3
 -0.01425690827914596    5    5    4    1
 0.003999432985441081    5    5    4    2
 -0.0002901233503806694    5    5    4    3
 0.397580701151066    5    5    4    4
 0.0001207325925850653    5    5    5    1
 0.01879926390713886    5    5    5    2
 0.001904297688484332    5    5    5    3
 0.0322588660111643    5    5    5    4
 0.5033243653548218    5    5    5    5
 -0.05265335637220671    6    1    1    1
 -0.01151590961240987    6    1    2    1
 -0.04564312689134762    6    1    2    2
 -0.008715808309026098    6    1    3    1
 0.00954721266626482    6    1    3    2
 -0.03563516985852094    6    1    3    3
 0.001085722131076703    6    1    4    1
 -0.0005243122026826919    6    1    4    2
 -0.0008565999804955229    6    1    4    3
 -0.07442650923810433    6    1    4    4
 -0.006748556716054379    6    1    5    1
 -0.001617311257108098    6    1    5    2
 -0.004069398237676075    6    1    5    3
 0.02995651605300974    6    1    5    4
 -0.01852820077416599    6    1    5    5
 0.03728426256717266    6    1    6    1
 -0.05247523492804949    6    2    1    1
 0.0001372768444168961    6    2    2    1
 -0.06087217468369913    6    2    2    2
 0.02429423703589861    6    2    3    1
 0.01179188519382611    6    2    3    2
 -0.03124265807832428    6    2    3    3
 -0.002028638799619667    6    2    4    1
 -0.0006605334021255642    6    2    4    2
 -0.0002009507387700282    6    2    4    3
 -0.06915470841349496    6    2    4    4
 -0.005038496319045309    6    2    5    1
 -0.001791074568951906    6    2    5    2
 -0.003333824037762044    6    2    5    3
 0.01833564089947178    6    2    5    4
 -0.03779618064360119    6    2    5    5
 0.02562636001087704    6    2    6    1
 0.0504343042379542    6    2    6    2
 -0.01706640623905094    6    3    1    1
 0.02562117724035053    6    3    2    1
 -0.005284560547789015    6    3    2    2
 0.02588283226610123    6    3    3    1
 0.02624380215976146    6    3    3    2
 -0.001936583508720614    6    3    3    3
 -0.001456679381133441    6    3    4    1
 -0.0004644817204372903    6    3    4    2
 -0.001205909714321372    6    3    4    3
 -0.01796647138524511    6    3    4    4
 -0.003193312285764043    6    3    5    1
 -0.002578706636311494    6    3    5    2
 -0.006075387896992845    6    3    5    3
 -0.002482278819961345    6    3    5    4
 -0.02131608927479402    6    3    5    5
 0.01501598782004468    6    3    6    1
 0.02387070571547676    6    3    6    2
 0.0490378122048931    6    3    6    3
 0.003438943170375099    6    4    1    1
 -0.002843899158574871    6    4    2    1
 0.001049211781510153    6    4    2    2
 -0.001409312456872332    6    4    3    1
 -0.0005656057600210529    6    4    3    2
 -0.0006962200421997364    6    4    3    3
 -0.04042170176409527    6    4    4    1
 -0.01338009812781288    6    4    4    2
 -0.0009828189701422529    6    4    4    3
 -0.001970249745211479    6    4    4    4
 0.01537551322742424    6    4    5    1
 0.009014281972091821    6    4    5    2
 -0.0002796769701910187    6    4    5    3
 -0.001989262102933883    6    4    5    4
 0.009471539639515003    6    4    5    5
 -0.00167899936206362    6    4    6    1
 -0.0007782974513004269    6    4    6    2
 -0.001023389343668364    6    4    6    3
 0.02393722961008687    6    4    6    4
 -0.01584973394190665    6    5    1    1
 -0.01167485173754142    6    5    2    1
 -0.01496766507997783    6    5    2    2
 -0.006472064663676463    6    5    3    1
 -0.004198313268815587    6    5    3    2
 -0.02311337336572048    6    5    3    3
 0.02041617084552711    6    5    4    1
 0.005603225367465524    6    5    4    2
 -0.001418473517101515    6    5    4    3
 -0.01506433687211417    6    5    4    4
 -0.007941871587421673    6    5    5    1
 -0.004253607113616787    6    5    5    2
 -0.0006013674693401746    6    5    5    3
 0.01532055011828051    6    5    5    4
 0.01112867641028589    6    5    5    5
 0.001679151114395615    6    5    6    1
 -0.002040583470814163    6    5    6    2
 -0.006435410607118787    6    5    6    3
 -0.007881763681739746    6    5    6    4
 0.01502153433669615    6    5    6    5
 0.4103963439124916    6    6    1    1
 0.02577871840763407    6    6    2    1
 0.4204914857792146    6    6    2    2
 0.03430666852980576    6    6    3    1
 0.03112543326706587    6    6    3    2
 0.4209276123835951    6    6    3    3
 -0.00273891744674378    6    6    4    1
 -0.001303397363333728    6    6    4    2
 -0.0004200007818493941    6    6    4    3
 0.4056039961965682    6    6    4    4
 0.006822810425493355    6    6    5    1
 -0.002734409702976737    6    6    5    2
 -0.0008869152616033801    6    6    5    3
 -0.04582568534777281    6    6    5    4
 0.3265848263294029    6    6    5    5
 -0.01284087055576605    6    6    6    1
 -0.0104826239092941    6    6    6    2
 0.03021432452431873    6    6    6    3
 0.0003341453945820572    6    6    6    4
 -0.0147267828364646    6    6    6    5
 0.3977414750640378    6    6    6    6
 -0.01614925268927966    7    1    1    1
 -0.01146584600579547    7    1    2    1
 -0.02330220519975809    7    1    2    2
 0.03433320159268052    7    1    3    1
 -0.004246467784497014    7    1    3    2
 -0.02054152293222378    7    1    3    3
 0.0008463428074775095    7    1    4    1
 -0.0006518039066110709    7    1    4    2
 0.00222276070612272    7    1    4    3
 -0.03605437140302481    7    1    4    4
 -0.0009374301006680554    7    1    5    1
 0.0005761869034259837    7    1    5    2
 0.003365596421311753    7    1    5    3
 0.01644600432996756    7    1    5    4
 -0.005501283770083109    7    1    5    5
 0.000435951709541858    7    1    6    1
 0.01973334534572576    7    1    6    2
 -0.01308509466432917    7    1    6    3
 -0.0007387846035173942    7    1    6    4
 0.001116964879388624    7    1    6    5
 -0.01320352384126473    7    1    6    6
 0.04287152122198033    7    1    7    1
 -0.03777884838375567    7    2    1    1
 -0.006081275736089909    7    2    2    1
 -0.03804712581770072    7    2    2    2
 -0.0311728524958181    7    2    3    1
 -0.01870870795052635    7    2    3    2
 -0.01191563558153749    7    2    3    3
 -0.002087921656888907    7    2    4    1
 -0.0004102124684320207    7    2    4    2
 0.001063324450064661    7    2    4    3
 -0.04480250596448578    7    2    4    4
 -0.002451719310023233    7    2    5    1
 -0.00033282048522348    7    2    5    2
 0.001350641691147996    7    2    5    3
 0.01373622851493524    7    2    5    4
 -0.02109892467751103    7    2    5    5
 0.01973678875221507    7    2    6    1
 0.0108167371052222    7    2    6    2
 -0.02254186895513445    7    2    6    3
 0.000172516575624881    7    2    6    4
 0.002135772521564179    7    2    6    5
 -0.03233333682904647    7    2    6    6
 0.01220527989076627    7    2    7    1
 0.04672736283333719    7    2    7    2
 0.1068215464656471    7    3    1    1
 -0.03355911328274713    7    3    2    1
 0.06980459264816177    7    3    2    2
 0.01337050995113011    7    3    3    1
 0.0226741746430694    7    3    3    2
 0.05719817189078295    7    3    3    3
 0.004840068780475549    7    3    4    1
 0.0008797273667421411    7    3    4    2
 -0.001594423129492239    7    3    4    3
 0.1160291480029065    7    3    4    4
 0.009602126031176128    7    3    5    1
 0.001084884780722382    7    3    5    2
 0.0005088214288959893    7    3    5    3
 -0.02830945066031366    7    3    5    4
 0.059030144751014    7    3    5    5
 -0.03283639684534163    7    3    6    1
 -0.03431835232066714    7    3    6    2
 0.002479730694574328    7    3    6    3
 0.001099842479679941    7    3    6    4
 -0.0005052613284934414    7    3    6    5
 0.03526946186670975    7    3    6    6
 -0.03032749690065058    7    3    7    1
 -0.04948061177367592    7    3    7    2
 0.1154358954745689    7    3    7    3
 0.0003131500836075854    7    4    1    1
 -0.002508835363313158    7    4    2    1
 -0.001740783779438954    7    4    2    2
 0.004563187108687155    7    4    3    1
 0.002781250928251211    7    4    3    2
 -0.004256687705353366    7    4    3    3
 -0.02462566979316399    7    4    4    1
 -0.00901558452587849    7    4    4    2
 0.01680868394964387    7    4    4    3
 -0.004945945216161996    7    4    4    4
 0.009517311713105894    7    4    5    1
 0.006216414751640055    7    4    5    2
 -0.006435589388749123    7    4    5    3
 0.001221740773183728    7    4    5    4
 0.003986474604956092    7    4    5    5
 -0.0004758591341271243    7    4    6    1
 0.0009820397720837614    7    4    6    2
 0.00100916253880351    7    4    6    3
 0.01049070691180444    7    4    6    4
 -0.006499973513935657    7    4    6    5
 0.0007059427848774389    7    4    6    6
 0.001817868414110161    7    4    7    1
 -0.001279190025356834    7    4    7    2
 0.0008819226503859073    7    4    7    3
 0.0217040455535411    7    4    7    4
 0.003701634966374175    7    5    1    1
 -0.001900731677957053    7    5    2    1
 0.001998357100064501    7    5    2    2
 0.008701274300539156    7    5    3    1
 0.005295950582272955    7    5    3    2
 -0.0004403263018917134    7    5    3    3
 0.01306836592666999    7    5    4    1
 0.003751984611366551    7    5    4    2
 -0.006342359618304013    7    5    4    3
 0.004216765746434601    7    5    4    4
 -0.003215021741812782    7    5    5    1
 -0.003812117989709265    7    5    5    2
 0.002922506031265478    7    5    5    3
 0.001123288597330056    7    5    5    4
 0.003163529329508048    7    5    5    5
 -0.0007046478301584564    7    5    6    1
 0.0003096712910996048    7    5    6    2
 0.00267699995836164    7    5    6    3
 -0.006279941056358884    7    5    6    4
 0.001003369574211093    7    5    6    5
 0.003938764239697377    7    5    6    6
 0.001391129415514007    7    5    7    1
 -0.005402266260307953    7    5    7    2
 0.006677998443441981    7    5    7    3
 -0.00814837107779807    7    5    7    4
 0.006008909867886634    7    5    7    5
 0.009263408039013031    7    6    1    1
 0.03019104402653969    7    6    2    1
 0.02748900635945042    7    6    2    2
 -0.04399875452021996    7    6    3    1
 -0.03945385921879965    7    6    3    2
 0.04217770048114228    7    6    3    3
 -0.0007795519331224957    7    6    4    1
 -0.0002098418391501553    7    6    4    2
 0.0006197602983030206    7    6    4    3
 0.02640588571108816    7    6    4    4
 0.001138477001749227    7    6    5    1
 -0.001990105685870544    7    6    5    2
 0.003123801142848572    7    6    5    3
 -0.0215933225772604    7    6    5    4
 -0.01515552537279838    7    6    5    5
 -0.009102338774169048    7    6    6    1
 -0.01704537000099164    7    6    6    2
 -0.01808925783417976    7    6    6    3
 6.995187229795415e-05    7    6    6    4
 -0.001594821395146661    7    6    6    5
 -0.006385985156036738    7    6    6    6
 -0.006168739954517268    7    6    7    1
 0.0184778245059022    7    6    7    2
 -0.02737467563790267    7    6    7    3
 -0.003111143106470573    7    6    7    4
 -0.005917399757964757    7    6    7    5
 0.04617729309348102    7    6    7    6
 0.4818358183642426    7    7    1    1
 0.03820571959501515    7    7    2    1
 0.4912706821731185    7    7    2    2
 -0.07770829448452479    7    7    3    1
 -0.07238774269358357    7    7    3    2
 0.5568833517303371    7    7    3    3
 0.001858858949685472    7    7    4    1
 -0.002416770478004775    7    7    4    2
 0.0009796536783566118    7    7    4    3
 0.4917217995694426    7    7    4    4
 0.0135496150477699    7    7    5    1
 -0.009162608082283471    7    7    5    2
 0.01064174694365097    7    7    5    3
 -0.0923332544015027    7    7    5    4
 0.3103517941379761    7    7    5    5
 -0.03400119176966706    7    7    6    1
 -0.03889300371392102    7    7    6    2
 -0.04174850025206744    7    7    6    3
 -0.0005651186660117791    7    7    6    4
 -0.01596185306934578    7    7    6    5
 0.3664629483826867    7    7    6    6
 -0.01004539218979507    7    7    7    1
 0.03159340753589029    7    7    7    2
 -0.003154343550837992    7    7    7    3
 -0.007736000382684489    7    7    7    4
 -0.008889693644921237    7    7    7    5
 0.09240803001140881    7    7    7    6
 0.6323501275429568    7    7    7    7
 -0.04374231682735186    8    1    1    1
 0.01439782663074416    8    1    2    1
 -0.008631463298458562    8    1    2    2
 0.007743108424750587    8    1    3    1
 -0.0002044636598715535    8    1    3    2
 -0.04732418721630631    8    1    3    3
 -0.001319518183223791    8    1    4    1
 0.002473012318114858    8    1    4    2
 0.0008332162553548914    8    1    4    3
 -0.04827195282990421    8    1    4    4
 -0.008203180235341129    8    1    5    1
 0.006689647134094421    8    1    5    2
 6.90657962283827e-05    8    1    5    3
 0.02935605584046765    8    1    5    4
 0.0232648201245262    8    1    5    5
 0.001866404540844736    8    1    6    1
 -0.01309585602148364    8    1    6    2
 -0.002326138975467153    8    1    6    3
 -0.000749014898393782    8    1    6    4
 0.00583227523461623    8    1    6    5
 -0.005770856140679643    8    1    6    6
 0.006631393450121978    8    1    7    1
 -0.003388926152662263    8    1    7    2
 -0.02492660065562955    8    1    7    3
 0.0007900522400404833    8    1    7    4
 0.0003523670773055147    8    1    7    5
 0.001840383762503077    8    1    7    6
 -0.0400355310828569    8    1    7    7
 0.05711500867487917    8    1    8    1
 0.06912702512610171    8    2    1    1
 0.05104525311239264    8    2    2    1
 0.07305421623069749    8    2    2    2
 -0.001528586284919283    8    2    3    1
 -0.007920831755000473    8    2    3    2
 0.08385895810186614    8    2    3    3
 0.004282819278928819    8    2    4    1
 -0.001024548115445772    8    2    4    2
 1.239445158659142e-05    8    2    4    3
 0.0948052664347145    8    2    4    4
 0.01106416741330382    8    2    5    1
 -0.008399713118448716    8    2    5    2
 0.00352165308519085    8    2    5    3
 -0.0636511441025672    8    2    5    4
 -0.03923289837948706    8    2    5    5
 -0.03834022470178655    8    2    6    1
 -0.02773416090993192    8    2    6    2
 -0.004695360553433653    8    2    6    3
 -0.001315403295396144    8    2    6    4
 -0.009756068284404578    8    2    6    5
 0.02941561207798607    8    2    6    6
 -0.01606871197363498    8    2    7    1
 -0.01782445395677503    8    2    7    2
 0.02869409423204168    8    2    7    3
 -0.002653626314712474    8    2    7    4
 -0.0005615751100440567    8    2    7    5
 0.02565423644520017    8    2    7    6
 0.08220393840138429    8    2    7    7
 -0.03146058873846427    8    2    8    1
 0.09743382729414773    8    2    8    2
 0.03618858015851507    8    3    1    1
 -0.005424095778290769    8    3    2    1
 0.02820034848682313    8    3    2    2
 -0.03539010139544486    8    3    3    1
 -0.009567462782050543    8    3    3    2
 0.04011125526931366    8    3    3    3
 0.001721699262412579    8    3    4    1
 -3.156763339856272e-05    8    3    4    2
 -0.0003757995518855489    8    3    4    3
 0.04514719784356893    8    3    4    4
 0.00347809588202275    8    3    5    1
 -0.0003757580456297107    8    3    5    2
 0.001202963606188271    8    3    5    3
 -0.01625002380895004    8    3    5    4
 0.01134601421952669    8    3    5    5
 -0.009454180652473665    8    3    6    1
 -0.01926884302936589    8    3    6    2
 -0.02005344861650564    8    3    6    3
 0.0006099784552416151    8    3    6    4
 0.0009710560029195588    8    3    6    5
 -0.001923174571361285    8    3    6    6
 -0.01824385890778413    8    3    7    1
 0.008802174679438573    8    3    7    2
 0.01906301180299641    8    3    7    3
 -0.002066459927639738    8    3    7    4
 -0.002963546009479475    8    3    7    5
 0.01517498265265719    8    3    7    6
 0.05187313562648847    8    3    7    7
 -0.01424738618888792    8    3    8    1
 0.0201700378902242    8    3    8    2
 0.03137419017536845    8    3    8    3
 -0.004223600300276509    8    4    1    1
 0.003798419224457052    8    4    2    1
 -0.003033186452774448    8    4    2    2
 0.001877528940160494    8    4    3    1
 0.0005972014577197896    8    4    3    2
 -0.00275444604777859    8    4    3    3
 -0.01918853137600719    8    4    4    1
 0.009696379703117047    8    4    4    2
 0.006238520042980764    8    4    4    3
 -0.006888968403624685    8    4    4    4
 0.008553381651322384    8    4    5    1
 -0.006486552842945558    8    4    5    2
 -0.002894374870564288    8    4    5    3
 -0.001578978313640469    8    4    5    4
 -0.0006032416898848051    8    4    5    5
 -0.0004674369063205856    8    4    6    1
 0.0008742013810731044    8    4    6    2
 0.001388778824131884    8    4    6    3
 0.003073313485011895    8    4    6    4
 0.0004760394613796518    8    4    6    5
 0.0003414639039880275    8    4    6    6
 0.000530501604264462    8    4    7    1
 -0.0005685554006999088    8    4    7    2
 -0.002491527591190071    8    4    7    3
 0.005588006733420553    8    4    7    4
 -0.002212228179745628    8    4    7    5
 0.0001819657260047617    8    4    7    6
 -0.003647425584068702    8    4    7    7
 0.002388695980008624    8    4    8    1
 -0.0006186734169156049    8    4    8    2
 -0.001589139849970121    8    4    8    3
 0.02205959107390694    8    4    8    4
 -0.02275645229157995    8    5    1    1
 0.00938202308756062    8    5    2    1
 -0.01862451209562896    8    5    2    2
 0.002671979005678631    8    5    3    1
 0.002002669443921266    8    5    3    2
 -0.01391148192525878    8    5    3    3
 0.02179300648444105    8    5    4    1
 -0.01358044114140299    8    5    4    2
 -0.004278816093608816    8    5    4    3
 -0.01943385630075747    8    5    4    4
 0.006229501284544643    8    5    5    1
 -0.01387100217366952    8    5    5    2
 -0.0002795907515483478    8    5    5    3
 0.00544892174041062    8    5    5    4
 -0.01589017672987902    8    5    5    5
 0.004678027992861993    8    5    6    1
 0.003406618771420644    8    5    6    2
 0.003688443893728726    8    5    6    3
 -0.0003989459935281483    8    5    6    4
 0.006654605609853828    8    5    6    5
 -0.004392345935459193    8    5    6    6
 0.00125024142917321    8    5    7    1
 0.0005891699315310778    8    5    7    2
 -0.007759512465161498    8    5    7    3
 -0.003121888993845437    8    5    7    4
 0.0019212657246467    8    5    7    5
 -0.00137676177613963    8    5    7    6
 -0.01463285835609323    8    5    7    7
 0.004847255159643773    8    5    8    1
 -0.003978525959939421    8    5    8    2
 -0.003657711175812389    8    5    8    3
 -0.001526695365094709    8    5    8    4
 0.02971119616228483    8    5    8    5
 -0.03987196141169608    8    6    1    1
 -0.05935550366140811    8    6    2    1
 -0.0561546690360705    8    6    2    2
 -0.02379767312749988    8    6    3    1
 -0.01341736253182802    8    6    3    2
 -0.07445079289162042    8    6    3    3
 -0.001584651610353295    8    6    4    1
 0.0005293864983057294    8    6    4    2
 0.0006734878348599311    8    6    4    3
 -0.04895055262268201    8    6    4    4
 -0.002094216204780868    8    6    5    1
 0.005160772970848705    8    6    5    2
 0.0009271159798660539    8    6    5    3
 0.04113025107720771    8    6    5    4
 0.03492267888086543    8    6    5    5
 0.01369035741989182    8    6    6    1
 -0.005049179966682745    8    6    6    2
 -0.0282114380915378    8    6    6    3
 0.002388846863502133    8    6    6    4
 0.01279021056462294    8    6    6    5
 -0.05229979721590212    8    6    6    6
 0.008295239689472806    8    6    7    1
 0.02044396407506321    8    6    7    2
 -0.00337126568576891    8    6    7    3
 0.001515715977743681    8    6    7    4
 -0.001059804801926961    8    6    7    5
 -0.008900329164309436    8    6    7    6
 -0.04744779710719336    8    6    7    7
 0.01026946864720884    8    6    8    1
 -0.05113750001473916    8    6    8    2
 0.001244383857718114    8    6    8    3
 -0.0006685218206752315    8    6    8    4
 0.0001067072066854662    8    6    8    5
 0.06615488506216832    8    6    8    6
 0.0187680424878129    8    7    1    1
 -0.0129521812014458    8    7    2    1
 0.006900668489883802    8    7    2    2
 -0.01579453660726291    8    7    3    1
 0.006373823289789181    8    7    3    2
 0.02170128413327003    8    7    3    3
 0.0008108389721189397    8    7    4    1
 -0.0009949950416508315    8    7    4    2
 -0.001193144536828177    8    7    4    3
 0.01911678126080513    8    7    4    4
 0.001283864466202688    8    7    5    1
 -0.001201744685855464    8    7    5    2
 -0.002014453947175548    8    7    5    3
 -0.004975788107351191    8    7    5    4
 0.006636304083924714    8    7    5    5
 0.006188926319557987    8    7    6    1
 0.004843168394358852    8    7    6    2
 0.003705518484217219    8    7    6    3
 0.0006864636935662611    8    7    6    4
 -0.0006302568597212533    8    7    6    5
 0.00438395915245715    8    7    6    6
 -0.0144321053137328    8    7    7    1
 0.005328731453113021    8    7    7    2
 0.01554730605263422    8    7    7    3
 -0.0008748097886340604    8    7    7    4
 -0.001034308494967177    8    7    7    5
 -0.003775010171201301    8    7    7    6
 0.01421002006908081    8    7    7    7
 -0.01795789251759636    8    7    8    1
 -0.002396276601978527    8    7    8    2
 0.01523650167155269    8    7    8    3
 -0.00104743584018344    8    7    8    4
 -0.00100165317707214    8    7    8    5
 -0.001214446947880903    8    7    8    6
 0.02071579958771982    8    7    8    7
 0.5459582048202987    8    8    1    1
 -0.07235574888767558    8    8    2    1
 0.5384713111365994    8    8    2    2
 -0.01925168164884613    8    8    3    1
 0.01173039131322198    8    8    3    2
 0.476933040869057    8    8    3    3
 0.003763979820566779    8    8    4    1
 -0.0005477385047385532    8    8    4    2
 -0.0008022985200221309    8    8    4    3
 0.531531113701339    8    8    4    4
 0.01441217285487854    8    8    5    1
 0.001200558682228915    8    8    5    2
 0.003713643183659217    8    8    5    3
 -0.04592352923982489    8    8    5    4
 0.4567632419257791    8    8    5    5
 -0.03419573939389712    8    8    6    1
 -0.07075750025557108    8    8    6    2
 -0.02105943638468119    8    8    6    3
 0.002546647021496173    8    8    6    4
 -0.004344000105515057    8    8    6    5
 0.4036767439103572    8    8    6    6
 -0.03264963052896071    8    8    7    1
 -0.03291854339911545    8    8    7    2
 0.1049384922506892    8    8    7    3
 -0.0006637447496613078    8    8    7    4
 0.004158836900132484    8    8    7    5
 0.002900776880621668    8    8    7    6
 0.4440955125340268    8    8    7    7
 -0.01515908400822145    8    8    8    1
 0.03096777687000176    8    8    8    2
 0.04012606972837145    8    8    8    3
 -0.005024387698013115    8    8    8    4
 -0.01906109887062656    8    8    8    5
 -0.004249429016632713    8    8    8    6
 0.02118021900536621    8    8    8    7
 0.5971977510135523    8    8    8    8
 -5.040080233450222    1    1  0  0
 0.02381834836348691    2    1  0  0
 -4.431586928889677    2    2  0  0
 0.01748106286839377    3    1  0  0
 0.01016326867398692    3    2  0  0
 -4.394753218375114    3    3  0  0
 -0.01695579174706686    4    1  0  0
 0.007572048258175112    4    2  0  0
 9.580889694752962e-05    4    3  0  0
 -4.345178184750456    4    4  0  0
 -0.1237628227977996    5    1  0  0
 0.03226913579027985    5    2  0  0
 -0.04253997450060278    5    3  0  0
 0.6312364547145138    5    4  0  0
 -2.723460139821836    5    5  0  0
 0.3496613994363504    6    1  0  0
 0.3679651866240855    6    2  0  0
 0.08466470152347094    6    3  0  0
 -0.006394331288999971    6    4  0  0
 0.1213859372345055    6    5  0  0
 -2.685111409629992    6    6  0  0
 0.1586090294655135    7    1  0  0
 0.2292338631369159    7    2  0  0
 -0.6100755947735607    7    3  0  0
 0.0151563045284597    7    4  0  0
 -0.01849255140577502    7    5  0  0
 -0.1864488747602451    7    6  0  0
 -3.271995562472318    7    7  0  0
 0.2486641676140876    8    1  0  0
 -0.5541100475043569    8    2  0  0
 -0.2531227224346996    8    3  0  0
 0.02419156953812553    8    4  0  0
 0.1324736971652085    8    5  0  0
 0.3960080604235574    8    6  0  0
 -0.1195155947137799    8    7  0  0
 -3.269323305418051    8    8  0  0
 0  0  0  0  0
