0000000001111111111
0000000010111111111
0000000011011111111
0000000011101111111
0000000011110111111
0000000011111011111
0000000011111101111
0000000011111110111
0000000011111111011
0000000011111111101
0000000011111111110
0000000100111111111
0000000101011111111
0000000101101111111
0000000101110111111
0000000101111011111
0000000101111101111
0000000101111110111
0000000101111111011
0000000101111111101
0000000101111111110
0000000110011111111
0000000110101111111
0000000110111011111
0000000110111101111
0000000110111110111
0000000110111111101
0000000111110101111
0000000111110111101
0000001000111111111
0000001001011111111
0000001001101111111
0000001001110111111
0000001001111011111
0000001001111101111
0000001001111110111
0000001001111111011
0000001001111111101
0000001001111111110
0000001010011111111
0000001010101111111
0000001010111011111
0000001010111110111
0000001010111111011
0000001010111111101
0000001011100111111
0000001011110011111
0000001011110110111
0000001011110111011
0000001101001111111
0000001101011011111
0000001101011101111
0000001101011110111
0000001101011111011
0000001101011111101
0000001101011111110
0000001101101011111
0000001101101101111
0000001101101110111
0000001101101111011
0000001101101111101
0000001101111001111
0000001101111010111
0000001101111011011
0000001101111011110
0000001101111100111
0000001101111101011
0000001101111101101
0000001101111111001
0000010000111111111
0000010001011111111
0000010001101111111
0000010001110111111
0000010001111011111
0000010001111101111
0000010001111110111
0000010001111111011
0000010001111111101
0000010001111111110
0000010010101111111
0000010010111011111
0000010010111101111
0000010010111110111
0000010010111111011
0000010010111111101
0000010011110111011
0000010011110111101
0000010101001111111
0000010101011011111
0000010101011101111
0000010101011110111
0000010101011111011
0000010101011111101
0000010101101011111
0000010101101101111
0000010101111010111
0000010101111011101
0000010101111100111
0000010101111101011
0000010101111101101
0000010101111111001
0000011000110111111
0000011001011101111
0000011001011110111
0000011001011111011
0000011001011111101
0000011001101011111
0000011001101101111
0000011001101111011
0000011001101111101
0000011001111010111
0000011001111011011
0000011001111011101
0000011001111101011
0000011001111101101
0000011001111110011
0000011001111110110
0000100000111111111
0000100001011111111
0000100001101111111
0000100001110111111
0000100001111011111
0000100001111101111
0000100001111110111
0000100001111111011
0000100001111111101
0000100001111111110
0000100010110111111
0000100011001111111
0000100011011111011
0000100011101011111
0000100011101101111
0000100011101111101
0000100011111011101
0000100011111101101
0000100011111110011
0000100011111110110
0000100011111111001
0000100011111111010
0000100100101111111
0000100100111101111
0000100100111111011
0000100100111111101
0000100101010111111
0000100101110011111
0000100101110101111
0000100101110111011
0000100101110111101
0000101000011111111
0000101000101111111
0000101000111011111
0000101000111101111
0000101000111110111
0000101000111111110
0000101001010111111
0000101001100111111
0000101001110011111
0000101001110101111
0000101001110111011
0000101001110111101
0000110000101111111
0000110000111111101
0000110001100111111
0000110001110011111
0000110001110101111
0000110001110110111
0000110001110111011
0000110001110111101
0001000000111111111
0001000001011111111
0001000001101111111
0001000001110111111
0001000001111011111
0001000001111101111
0001000001111110111
0001000001111111011
0001000001111111101
0001000001111111110
0001000010011111111
0001000010101111111
0001000010111011111
0001000010111101111
0001000010111110111
0001000010111111011
0001000010111111101
0001000011100111111
0001000011110011111
0001000011110101111
0001000011110110111
0001000011110111011
0001000011110111101
0001000100110111111
0001000101001111111
0001000101011011111
0001000101011101111
0001000101011110111
0001000101011111011
0001000101101011111
0001000101101101111
0001000101101110111
0001000101101111101
0001000101111001111
0001000101111010111
0001000101111011011
0001000101111011101
0001000101111100111
0001000101111101011
0001000101111101101
0001000101111110011
0001000101111111001
0001001000110111111
0001001001001111111
0001001001011011111
0001001001011101111
0001001001011110111
0001001001011111011
0001001001011111101
0001001001101011111
0001001001101101111
0001001001101110111
0001001001101111011
0001001001101111101
0001001001111001111
0001001001111011011
0001001001111100111
0001001001111101011
0001001001111110011
0001001001111110101
0001001001111110110
0001001001111111010
0001010001001111111
0001010001011011111
0001010001011101111
0001010001011111101
0001010001101011111
0001010001101111011
0001010001101111101
0001010001111001111
0001010001111010111
0001010001111011011
0001010001111011101
0001010001111100111
0001010001111101101
0001010001111110011
0001010001111111001
0001100000011111111
0001100000101111111
0001100000111011111
0001100000111101111
0001100000111110111
0001100000111111011
0001100001100111111
0001100001110011111
0001100001110101111
0001100001110110111
0001100001110111011
0001100001110111101
0010000000111111111
0010000001011111111
0010000001101111111
0010000001110111111
0010000001111011111
0010000001111101111
0010000001111110111
0010000001111111011
0010000001111111101
0010000001111111110
0010000010111101111
0010000010111110111
0010000010111111011
0010000010111111101
0010000011100111111
0010000011110011111
0010000011110101111
0010000011110110111
0010000011110111011
0010000011110111101
0010000100110111111
0010000101001111111
0010000101011011111
0010000101011110111
0010000101011111011
0010000101011111101
0010000101101011111
0010000101101101111
0010000101101110111
0010000101101111011
0010000101111001111
0010000101111010111
0010000101111011011
0010000101111011101
0010000101111100111
0010000101111101011
0010000101111101101
0010000101111110011
0010000101111110101
0010000101111111001
0010001000110111111
0010001001001111111
0010001001011011111
0010001001011110111
0010001001011111011
0010001001011111101
0010001001101011111
0010001001101101111
0010001001101111011
0010001001101111101
0010001001111010111
0010001001111011101
0010001001111100111
0010001001111101011
0010001001111101101
0010001001111110011
0010001001111110101
0010001001111111001
0010010000110111111
0010010001011011111
0010010001011101111
0010010001101011111
0010010001101101111
0010010001101110111
0010010001101111011
0010010001111001111
0010010001111010111
0010010001111011011
0010010001111011101
0010010001111100111
0010010001111101011
0010010001111101101
0010010001111110101
0010010001111111001
0010100000101111111
0010100000111011111
0010100000111101111
0010100000111110111
0010100000111111011
0010100000111111101
0010100001010111111
0010100001100111111
0010100001110011111
0010100001110101111
0010100001110110111
0010100001110111011
0010100001110111101
0011000001011011111
0011000001011110111
0011000001011111011
0011000001011111101
0011000001101011111
0011000001101101111
0011000001101110111
0011000001101111011
0011000001101111101
0011000001111010111
0011000001111011011
0011000001111011101
0011000001111100111
0011000001111101011
0011000001111110011
0011000001111110101
0011000001111111001
0100000000111111111
0100000001011111111
0100000001101111111
0100000001110111111
0100000001111011111
0100000001111101111
0100000001111110111
0100000001111111011
0100000001111111101
0100000001111111110
0100000010011111111
0100000010101111111
0100000010111011111
0100000010111101111
0100000010111110111
0100000010111111101
0100000011110011111
0100000011110101111
0100000011110110111
0100000101001111111
0100000101011011111
0100000101011101111
0100000101011110111
0100000101011111011
0100000101011111101
0100000101101101111
0100000101101110111
0100000101101111011
0100000101101111110
0100000101111001111
0100000101111011011
0100000101111011101
0100000101111100111
0100000101111101011
0100000101111101101
0100000101111101110
0100000101111110011
0100000101111110101
0100000101111110110
0100000101111111001
0100000101111111010
0100000101111111100
0100001001001111111
0100001001011011111
0100001001011101111
0100001001011110111
0100001001011111011
0100001001011111101
0100001001101101111
0100001001101110111
0100001001101111011
0100001001111001111
0100001001111010111
0100001001111100111
0100001001111101011
0100001001111101101
0100001001111110101
0100001001111110110
0100001001111111001
0100010001001111111
0100010001011011111
0100010001011101111
0100010001011110111
0100010001011111101
0100010001111001111
0100010001111010111
0100010001111011011
0100010001111011101
0100010001111100111
0100010001111101011
0100010001111101101
0100010001111110011
0100010001111110101
0100100000011111111
0100100000111011111
0100100000111101111
0100100000111110111
0100100001010111111
0100100001100111111
0100100001110101111
0100100001110110111
0100100001110111011
0100100001110111101
0100100001110111110
0101000001001111111
0101000001011011111
0101000001011101111
0101000001011110111
0101000001011111011
0101000001011111110
0101000001101101111
0101000001101111011
0101000001111001111
0101000001111011011
0101000001111100111
0101000001111101101
0101000001111110101
0101000001111110110
0110000001001111111
0110000001011011111
0110000001011101111
0110000001011111011
0110000001011111101
0110000001101011111
0110000001101110111
0110000001111010111
0110000001111011101
0110000001111100111
0110000001111101101
0110000001111110101
1000000000111111111
1000000001011111111
1000000001101111111
1000000001110111111
1000000001111011111
1000000001111101111
1000000001111110111
1000000001111111011
1000000001111111101
1000000001111111110
1000000010011111111
1000000010101111111
1000000010111011111
1000000010111101111
1000000010111110111
1000000010111111011
1000000010111111101
1000000010111111110
1000000011100111111
1000000011110011111
1000000011110101111
1000000011110110111
1000000011110111011
1000000011110111101
1000000101001111111
1000000101011011111
1000000101011101111
1000000101011110111
1000000101011111011
1000000101011111101
1000000101101011111
1000000101101110111
1000000101101111101
1000000101111001111
1000000101111011011
1000000101111011101
1000000101111011110
1000000101111100111
1000000101111101011
1000000101111101101
1000000101111101110
1000000101111111001
1000000101111111010
1000001001001111111
1000001001011011111
1000001001011101111
1000001001011110111
1000001001011111011
1000001001011111101
1000001001101011111
1000001001101101111
1000001001101110111
1000001001101111011
1000001001101111101
1000001001101111110
1000001001111011011
1000001001111011110
1000001001111100111
1000001001111110101
1000001001111110110
1000001001111111001
1000001001111111010
1000010000110111111
1000010001011011111
1000010001011101111
1000010001101111011
1000010001101111101
1000010001111001111
1000010001111010111
1000010001111011101
1000010001111100111
1000010001111101011
1000010001111101101
1000010001111110011
1000010001111110101
1000010001111111001
1000100000101111111
1000100000111011111
1000100000111101111
1000100000111110111
1000100000111111011
1000100000111111101
1000100001100111111
1000100001110011111
1000100001110101111
1000100001110110111
1000100001110111011
1000100001110111101
1001000000110111111
1001000001001111111
1001000001011011111
1001000001011110111
1001000001101011111
1001000001101101111
1001000001101110111
1001000001101111011
1001000001101111101
1001000001101111110
1001000001111001111
1001000001111010111
1001000001111011101
1001000001111100111
1001000001111101011
1001000001111101101
1001000001111110011
1001000001111110101
1001000001111110110
1001000001111111001
1010000000110111111
1010000001011101111
1010000001011110111
1010000001011111011
1010000001101110111
1010000001101111110
1010000001111011011
1010000001111011101
1010000001111100111
1010000001111101011
1010000001111101101
1010000001111110110
1010000001111111001
1100000001001111111
1100000001011011111
1100000001011101111
1100000001011110111
1100000001011111011
1100000001101011111
1100000001101101111
1100000001101110111
1100000001101111101
1100000001111001111
1100000001111010111
1100000001111011011
1100000001111011101
1100000001111100111
1100000001111101011
1100000001111101101
1100000001111110011
1100000001111110101
