0 0 1.999964343851505
0 1 -1.636630186757241e-05
0 2 -1.386555621684774e-05
0 3 -4.093187415009163e-05
0 4 -7.75745730987098e-05
0 5 -1.212552992520154e-05
0 6 -1.660480606522764e-06
0 7 -7.819581278286842e-07
0 8 1.272469863838226e-05
0 9 -3.058144044876214e-06
0 10 4.058819332064213e-07
0 11 1.266905155501816e-05
0 12 1.313208458460392e-05
0 13 2.268361311954839e-05
0 14 3.627646068216299e-05
0 15 -4.324761479666528e-06
0 16 2.526625689901686e-05
0 17 1.674125887322331e-05
0 18 -2.271331381558588e-05
0 19 -0.0001650072604819734
0 20 -0.0001544171656531111
0 21 -0.0001547065373665109
0 22 -0.0001056723230473501
0 23 -0.0001573321573938219
0 24 -0.0001973013799727075
0 25 0.0001199898667880863
0 26 -0.0002006706053638377
0 27 2.057775732350367e-05
0 28 -8.222398869755991e-05
0 29 1.896736375133344e-05
1 0 -1.636630186757235e-05
1 1 1.994689506290595
1 2 3.397094741535044e-05
1 3 -0.0006952093218290117
1 4 -0.002304890838000598
1 5 0.002238389828591051
1 6 -0.0006704132113281127
1 7 -0.001519564088382035
1 8 -0.002009978248345661
1 9 -0.0005846017398308687
1 10 -0.001325709007435354
1 11 -0.001460380693506811
1 12 6.706884727431838e-05
1 13 0.001982477041144325
1 14 -0.000273175603864039
1 15 0.0001452011236088018
1 16 -0.0005547354983690308
1 17 0.001042184634240578
1 18 -0.001031375045260725
1 19 -0.002025439962710021
1 20 0.0001901190671915497
1 21 0.001161063043627284
1 22 -0.0003557682226931266
1 23 1.166112670938873e-05
1 24 5.748777944923443e-05
1 25 0.0001799018098495919
1 26 0.00038702103098393
1 27 -0.0004548735229947648
1 28 0.001624288470612096
1 29 2.931266245641742e-05
2 0 -1.386555621684808e-05
2 1 3.3970947415353e-05
2 2 1.990995197138685
2 3 -0.000186086648992128
2 4 -0.001069518038166814
2 5 -0.0009825935333080914
2 6 0.0008025093124767095
2 7 0.001618313680490683
2 8 -0.001775595681550323
2 9 0.0006644959078400999
2 10 3.332255512313368e-05
2 11 -0.0007775671374649531
2 12 0.0004582297943317657
2 13 -0.0002663939117569478
2 14 -0.0009329233648154181
2 15 -0.0002882331919683536
2 16 0.0003125633222477145
2 17 -9.817193767156526e-05
2 18 -0.0008957131109749386
2 19 -9.795255417217663e-05
2 20 -0.002736450710040991
2 21 0.0001994872154394949
2 22 -8.210506771385388e-05
2 23 -0.0002352961623741294
2 24 -0.0001452125546898298
2 25 -0.0008209187955149116
2 26 0.0001928966406558037
2 27 0.001040005648602236
2 28 7.743932108273927e-05
2 29 -0.002161199839020658
3 0 -4.093187415009204e-05
3 1 -0.0006952093218290105
3 2 -0.0001860866489921331
3 3 1.990046175919511
3 4 -0.001485587165837583
3 5 0.000294630990939951
3 6 0.0002670409692842663
3 7 -4.702134786421989e-05
3 8 0.0008290172539435568
3 9 -0.001352984682946717
3 10 0.002029107591798108
3 11 -0.000762670832188698
3 12 0.0001883213618182408
3 13 0.0003978678030703379
3 14 7.945112900905731e-05
3 15 7.658210332326106e-05
3 16 0.0006498524669416897
3 17 -0.0005175533938216095
3 18 0.0001131043117433004
3 19 -0.001587124968119814
3 20 0.001654861488452154
3 21 0.0009094105749998336
3 22 -0.000760076355299405
3 23 0.002061854930016102
3 24 -0.0003392615606343546
3 25 -0.0001812226135450637
3 26 0.001352423001464259
3 27 -0.000903283835267835
3 28 -0.0009546900580038929
3 29 0.000445424360682819
4 0 -7.757457309871032e-05
4 1 -0.002304890838000596
4 2 -0.001069518038166818
4 3 -0.001485587165837603
4 4 1.986146940360196
4 5 0.0002872105116533898
4 6 -0.001075388806818563
4 7 -0.000264306526139631
4 8 -0.0003651161840832847
4 9 0.0002995888569478212
4 10 -0.001495606128131026
4 11 0.0001828346987647901
4 12 0.0006221273221480274
4 13 0.002734027601899792
4 14 0.001894956827006919
4 15 -0.001367091999715
4 16 0.001275486300096628
4 17 0.0009145978935866488
4 18 0.001450963338252068
4 19 -0.001222601798899707
4 20 0.001510543499875828
4 21 0.001673758301982263
4 22 0.001633132637534403
4 23 -0.0006338107309811064
4 24 0.001230192033637349
4 25 0.0008311947214372066
4 26 0.002275032679679844
4 27 0.0006836902878876244
4 28 -0.0007372918899963298
4 29 0.003089353536248112
5 0 -1.212552992520211e-05
5 1 0.002238389828591063
5 2 -0.0009825935333080682
5 3 0.0002946309909399846
5 4 0.0002872105116534133
5 5 1.984632598221677
5 6 0.00107264649523608
5 7 0.0006348658370011907
5 8 0.002506366009473101
5 9 0.001664530719740707
5 10 0.0001054959216305148
5 11 0.002511632515476558
5 12 -0.0007520255609110743
5 13 -0.004770298988427747
5 14 0.001708576247762656
5 15 0.0004905457490713516
5 16 0.0005309745534776935
5 17 0.0008903917555917356
5 18 0.00136471693088064
5 19 0.002177896218831757
5 20 -0.0006268539132444251
5 21 -0.0008829362683320447
5 22 -0.001693512114286572
5 23 -0.0004506643190716897
5 24 -0.0001738049337108109
5 25 0.002241801201519147
5 26 0.002224978352207488
5 27 0.002817330350280112
5 28 0.003279536998328475
5 29 0.001285979912294825
6 0 -1.660480606522827e-06
6 1 -0.0006704132113281281
6 2 0.0008025093124768089
6 3 0.0002670409692842651
6 4 -0.001075388806818561
6 5 0.00107264649523615
6 6 1.984704900883627
6 7 -0.0005015950755515265
6 8 -0.00166110790554466
6 9 0.00121684469003656
6 10 8.160802646946225e-05
6 11 0.0008298939107178522
6 12 -0.002532656227089708
6 13 0.002084284186181679
6 14 -0.001626490486603954
6 15 0.00161769277502289
6 16 0.002464570751749831
6 17 -0.0002843900012907621
6 18 -0.001574241139118629
6 19 -0.001648009104569159
6 20 -0.000106622594020661
6 21 0.001113760324510606
6 22 0.000261772145321287
6 23 -0.0002322749706690338
6 24 -0.0001766784823916518
6 25 -0.001890051535327432
6 26 -0.004750991408776163
6 27 0.00345390935112262
6 28 0.004836358125111124
6 29 0.001840973612285628
7 0 -7.819581278289477e-07
7 1 -0.001519564088382035
7 2 0.0016183136804907
7 3 -4.702134786424039e-05
7 4 -0.0002643065261395952
7 5 0.0006348658370012097
7 6 -0.0005015950755514995
7 7 1.979567098554914
7 8 -0.001090946983879274
7 9 0.0002002718305219582
7 10 -0.0001281672765158771
7 11 0.001000547842757014
7 12 -0.00215958744368747
7 13 0.002638456838978947
7 14 -0.00269257317426642
7 15 0.0007166430878797503
7 16 -0.00591102022521595
7 17 -6.840735468767337e-05
7 18 0.00397672841974972
7 19 -0.002964448948428323
7 20 -0.0006942214236909237
7 21 -0.002116942779553376
7 22 -0.000871410665990183
7 23 0.00259922475482309
7 24 -0.0009472412522156891
7 25 -0.00181444531743027
7 26 -0.00209073963543401
7 27 0.0006857290139078299
7 28 0.0001660959562541509
7 29 -0.002957412944012389
8 0 1.272469863838375e-05
8 1 -0.002009978248345631
8 2 -0.001775595681550378
8 3 0.000829017253943596
8 4 -0.0003651161840832487
8 5 0.0025063660094731
8 6 -0.001661107905544703
8 7 -0.001090946983879315
8 8 1.981083530704256
8 9 0.000182599032788462
8 10 -0.0002629326503977532
8 11 -7.704616301344917e-05
8 12 -0.002307225533013426
8 13 0.003600363044186404
8 14 -0.005721884762810251
8 15 0.003030461394633687
8 16 0.001959648638319714
8 17 0.0009284940873769514
8 18 -0.002121277286409025
8 19 0.00422351041322617
8 20 0.00109993261216676
8 21 -0.003455036403088726
8 22 0.002258523725479014
8 23 0.0003673211142000923
8 24 -0.002056483215496573
8 25 0.003055923490295764
8 26 0.002941888573498008
8 27 0.001862285834877763
8 28 0.001640198578839594
8 29 0.001024951385892539
9 0 -3.058144044875854e-06
9 1 -0.0005846017398308419
9 2 0.0006644959078400917
9 3 -0.001352984682946647
9 4 0.0002995888569477748
9 5 0.001664530719740699
9 6 0.001216844690036519
9 7 0.0002002718305220106
9 8 0.0001825990327884409
9 9 1.981427148209089
9 10 -0.001399756331651996
9 11 -0.001762031857169526
9 12 0.004001947384440291
9 13 0.001100730498527706
9 14 0.001867747867001421
9 15 -0.003442260631140418
9 16 -0.005091420620375504
9 17 -0.0004843050756623998
9 18 0.001837435534898093
9 19 -0.002570532457242188
9 20 -0.001808864277134518
9 21 0.004415662204346525
9 22 -0.004787984080584136
9 23 0.002206422484013996
9 24 0.001170228881798668
9 25 -0.002289303578814067
9 26 -0.00182227228781061
9 27 0.0003466701440582878
9 28 0.0007314606130269083
9 29 -0.001871854028042805
10 0 4.058819332068863e-07
10 1 -0.001325709007435348
10 2 3.332255512310901e-05
10 3 0.002029107591798028
10 4 -0.001495606128130995
10 5 0.0001054959216305156
10 6 8.160802646942918e-05
10 7 -0.0001281672765158679
10 8 -0.0002629326503977375
10 9 -0.001399756331651972
10 10 1.978298287813715
10 11 0.0005294013517404002
10 12 -0.001892799554273486
10 13 0.002539925462160218
10 14 -0.002584186057635078
10 15 0.001149447756211252
10 16 -0.002755317770866864
10 17 -0.002093279762136992
10 18 0.003970125595991959
10 19 0.00406319023357618
10 20 -0.004453358062412846
10 21 0.0009663354646875209
10 22 0.002719655880806422
10 23 -0.00263956385007055
10 24 -0.001872386745540535
10 25 -0.001485990170637075
10 26 -0.001937558405188166
10 27 -4.150555656654172e-05
10 28 0.0003081992762891112
10 29 -0.001018306096203591
11 0 1.26690515550174e-05
11 1 -0.001460380693506823
11 2 -0.0007775671374649622
11 3 -0.000762670832188701
11 4 0.0001828346987648166
11 5 0.002511632515476603
11 6 0.0008298939107178383
11 7 0.001000547842756993
11 8 -7.704616301347419e-05
11 9 -0.001762031857169602
11 10 0.000529401351740429
11 11 1.976476755431984
11 12 0.007416324654714011
11 13 0.001878735804749701
11 14 -0.001781243331118244
11 15 -0.0002813714848499773
11 16 0.0005586716124007581
11 17 -0.002335748439092697
11 18 -0.006802609842825923
11 19 0.004817272007560951
11 20 0.0005774815353199161
11 21 0.002168028866907775
11 22 -0.0005686501809965766
11 23 0.001220412389257007
11 24 0.001411622591583609
11 25 0.001053152575572421
11 26 0.0004709624372750901
11 27 -0.0001432300404144813
11 28 0.0008024476900420324
11 29 -0.0009067792073467187
12 0 1.313208458460328e-05
12 1 6.706884727428562e-05
12 2 0.0004582297943317251
12 3 0.0001883213618182734
12 4 0.0006221273221479996
12 5 -0.0007520255609111115
12 6 -0.002532656227089846
12 7 -0.002159587443687184
12 8 -0.002307225533013666
12 9 0.004001947384440158
12 10 -0.001892799554273567
12 11 0.007416324654713147
12 12 1.954503556854026
12 13 0.008461965329552032
12 14 0.006096774165069239
12 15 -0.01108233093807885
12 16 -0.003241472866425631
12 17 0.006471992498003652
12 18 -0.006961889672839743
12 19 0.002788752552830352
12 20 0.0019665296371674
12 21 0.003367987754358038
12 22 -0.002048273832219047
12 23 0.003404074090234804
12 24 0.001747995133310923
12 25 0.0006233180220700191
12 26 0.001508208704796858
12 27 -0.0004704166130192317
12 28 2.370942265437539e-05
12 29 0.001822077812456084
13 0 2.268361311954875e-05
13 1 0.001982477041144322
13 2 -0.0002663939117569741
13 3 0.0003978678030703265
13 4 0.002734027601899893
13 5 -0.004770298988427776
13 6 0.002084284186181738
13 7 0.002638456838978969
13 8 0.003600363044186311
13 9 0.001100730498527735
13 10 0.002539925462160198
13 11 0.001878735804749626
13 12 0.00846196532955157
13 13 1.988597889348714
13 14 0.0001545488869268419
13 15 0.001272347441614428
13 16 0.0008727007036798068
13 17 -0.0003971853236590186
13 18 0.007658279754562684
13 19 0.01110740917929261
13 20 0.007923286956057776
13 21 0.0008216359597877199
13 22 -0.003639220837897678
13 23 0.003226916916834426
13 24 0.002419730356061623
13 25 0.003648283866247486
13 26 0.001094564800302709
13 27 0.005728546728601951
13 28 0.005385391388970071
13 29 0.001464971099268454
14 0 3.627646068216324e-05
14 1 -0.0002731756038640408
14 2 -0.0009329233648153551
14 3 7.945112900906214e-05
14 4 0.001894956827006951
14 5 0.001708576247762713
14 6 -0.001626490486603988
14 7 -0.002692573174266513
14 8 -0.005721884762810219
14 9 0.001867747867001363
14 10 -0.002584186057635105
14 11 -0.001781243331118275
14 12 0.006096774165068726
14 13 0.0001545488869268317
14 14 1.985822897070328
14 15 -0.00209437712215505
14 16 0.001951956987724897
14 17 0.01354521672723145
14 18 0.02865430377577617
14 19 -0.002577073009898887
14 20 0.01837036991311984
14 21 -0.001411373331689549
14 22 -0.0041452291906541
14 23 0.001929755185034941
14 24 0.005162263903787215
14 25 0.01005210133647054
14 26 0.01158443759281684
14 27 0.0001858715320734555
14 28 -0.0002314502328119923
14 29 -0.0004139455167515275
15 0 -4.324761479665932e-06
15 1 0.0001452011236088138
15 2 -0.0002882331919683793
15 3 7.658210332326583e-05
15 4 -0.001367091999715039
15 5 0.0004905457490713243
15 6 0.001617692775022916
15 7 0.000716643087879761
15 8 0.003030461394633724
15 9 -0.003442260631140269
15 10 0.001149447756211232
15 11 -0.0002813714848500864
15 12 -0.01108233093807862
15 13 0.001272347441614342
15 14 -0.002094377122154729
15 15 1.9824567642473
15 16 0.001524890927136154
15 17 0.004177578965315535
15 18 0.04520331436939602
15 19 0.001245988586803354
15 20 0.004869730625446563
15 21 -0.009064413652632046
15 22 0.00120371155958615
15 23 -0.008871621350846907
15 24 0.001179432768507408
15 25 0.007557171099963607
15 26 0.003201287793850917
15 27 0.003070078699425055
15 28 0.001473559624865522
15 29 0.0007440645719795855
16 0 2.526625689901782e-05
16 1 -0.0005547354983690294
16 2 0.0003125633222476889
16 3 0.0006498524669416917
16 4 0.001275486300096626
16 5 0.0005309745534777376
16 6 0.002464570751749746
16 7 -0.00591102022521578
16 8 0.001959648638319729
16 9 -0.005091420620375551
16 10 -0.002755317770866813
16 11 0.0005586716124008133
16 12 -0.003241472866425215
16 13 0.0008727007036797468
16 14 0.001951956987725116
16 15 0.001524890927136104
16 16 1.983051972986617
16 17 0.002313987995489229
16 18 -0.03459139245767737
16 19 0.009357171178402644
16 20 0.01584664844006922
16 21 -0.009486411757303945
16 22 0.003342053911837695
16 23 -0.000416573395971035
16 24 0.004998216999580755
16 25 0.01084588409305893
16 26 0.02016235963836287
16 27 0.005669421430895237
16 28 0.0009886105207106569
16 29 0.0004466073580979012
17 0 1.674125887322301e-05
17 1 0.001042184634240488
17 2 -9.817193767156903e-05
17 3 -0.0005175533938216028
17 4 0.0009145978935865956
17 5 0.0008903917555917953
17 6 -0.0002843900012908045
17 7 -6.840735468767521e-05
17 8 0.0009284940873768591
17 9 -0.0004843050756624
17 10 -0.002093279762136913
17 11 -0.002335748439092502
17 12 0.00647199249800182
17 13 -0.0003971853236590502
17 14 0.01354521672723118
17 15 0.004177578965315338
17 16 0.00231398799548942
17 17 0.05520174980910905
17 18 -0.004567344401591598
17 19 0.001609587942784733
17 20 -0.0003726917472887367
17 21 -0.001408315177266554
17 22 0.002601875264561534
17 23 -0.000104814142458863
17 24 -0.0008027115516302998
17 25 -0.0005700622745374606
17 26 0.001093374257685509
17 27 0.001146759795986956
17 28 -0.0005879375066098699
17 29 -0.001140616198370638
18 0 -2.271331381558527e-05
18 1 -0.001031375045260734
18 2 -0.0008957131109749125
18 3 0.0001131043117433039
18 4 0.00145096333825214
18 5 0.001364716930880592
18 6 -0.00157424113911866
18 7 0.003976728419749754
18 8 -0.002121277286408774
18 9 0.001837435534898177
18 10 0.003970125595992053
18 11 -0.006802609842825933
18 12 -0.006961889672839771
18 13 0.007658279754563034
18 14 0.02865430377577763
18 15 0.04520331436939583
18 16 -0.03459139245767247
18 17 -0.004567344401591662
18 18 0.01728398272403789
18 19 0.0005911840291541873
18 20 -4.510556860019405e-05
18 21 -0.0006061666769123101
18 22 -0.0005879421517849035
18 23 -0.0003696645119935662
18 24 0.0004620345173907788
18 25 4.054830788367205e-05
18 26 1.769438641416001e-05
18 27 0.0003718862444547774
18 28 0.0001619302060262575
18 29 -0.001183876084356453
19 0 -0.0001650072604819763
19 1 -0.002025439962710236
19 2 -9.795255417217275e-05
19 3 -0.001587124968119881
19 4 -0.001222601798899757
19 5 0.002177896218831849
19 6 -0.00164800910456917
19 7 -0.002964448948428316
19 8 0.004223510413226252
19 9 -0.002570532457242428
19 10 0.004063190233576064
19 11 0.00481727200756097
19 12 0.002788752552830461
19 13 0.01110740917929295
19 14 -0.00257707300989888
19 15 0.001245988586803272
19 16 0.009357171178402904
19 17 0.001609587942784512
19 18 0.0005911840291541211
19 19 0.02913027505227878
19 20 0.001431376686541681
19 21 -0.00011468938550333
19 22 0.001341484389674894
19 23 -0.0005420391639801668
19 24 0.001169829399895786
19 25 0.0002214280011846676
19 26 0.0007991087276794719
19 27 -0.00427013726884743
19 28 0.003631875777989697
19 29 -0.0009503879072395281
20 0 -0.0001544171656531118
20 1 0.0001901190671915708
20 2 -0.002736450710041073
20 3 0.001654861488452125
20 4 0.001510543499875845
20 5 -0.0006268539132444252
20 6 -0.0001066225940206869
20 7 -0.0006942214236909634
20 8 0.001099932612166713
20 9 -0.001808864277134532
20 10 -0.004453358062412462
20 11 0.0005774815353199168
20 12 0.001966529637167336
20 13 0.007923286956057412
20 14 0.01837036991311973
20 15 0.004869730625446538
20 16 0.01584664844006977
20 17 -0.0003726917472887485
20 18 -4.510556860018649e-05
20 19 0.001431376686541617
20 20 0.0263925574144448
20 21 -0.002825250746722575
20 22 -0.001384119606651464
20 23 -3.436368709661109e-06
20 24 0.003523038237356195
20 25 0.003381275351981091
20 26 0.00427402127976729
20 27 0.0005327576851696229
20 28 0.001734446771684315
20 29 -0.0002453677597758911
21 0 -0.0001547065373665231
21 1 0.001161063043627306
21 2 0.0001994872154394861
21 3 0.0009094105749998392
21 4 0.001673758301982284
21 5 -0.000882936268331989
21 6 0.001113760324510498
21 7 -0.002116942779553532
21 8 -0.003455036403088489
21 9 0.004415662204346495
21 10 0.0009663354646875218
21 11 0.002168028866907795
21 12 0.003367987754357853
21 13 0.0008216359597877001
21 14 -0.001411373331689594
21 15 -0.009064413652631977
21 16 -0.009486411757303369
21 17 -0.001408315177266432
21 18 -0.0006061666769123257
21 19 -0.0001146893855033435
21 20 -0.002825250746722689
21 21 0.01933017792121387
21 22 -0.00247795586273771
21 23 -0.0003901573684750989
21 24 0.002821610043539118
21 25 -0.0005031419447494099
21 26 0.001708643139252437
21 27 0.0003531239389701988
21 28 -0.0003384993743055295
21 29 -0.001146669786409715
22 0 -0.0001056723230473496
22 1 -0.0003557682226931337
22 2 -8.21050677138426e-05
22 3 -0.0007600763552994389
22 4 0.001633132637534353
22 5 -0.00169351211428652
22 6 0.0002617721453212899
22 7 -0.0008714106659902432
22 8 0.002258523725478951
22 9 -0.004787984080584215
22 10 0.002719655880806603
22 11 -0.0005686501809965979
22 12 -0.002048273832219046
22 13 -0.003639220837897578
22 14 -0.004145229190654213
22 15 0.001203711559586204
22 16 0.00334205391183764
22 17 0.002601875264561659
22 18 -0.000587942151784954
22 19 0.001341484389674896
22 20 -0.001384119606651422
22 21 -0.00247795586273785
22 22 0.02122634973396914
22 23 -0.0007156367262390748
22 24 -0.000940055514616856
22 25 0.0007452602280083828
22 26 0.002576597968801109
22 27 0.0009224913117017268
22 28 0.002218320944109576
22 29 -0.0005087129448698359
23 0 -0.0001573321573938241
23 1 1.166112670938723e-05
23 2 -0.0002352961623741343
23 3 0.002061854930016181
23 4 -0.0006338107309811364
23 5 -0.0004506643190716457
23 6 -0.000232274970669036
23 7 0.002599224754823258
23 8 0.0003673211142001153
23 9 0.002206422484014056
23 10 -0.00263956385007048
23 11 0.001220412389256998
23 12 0.003404074090234725
23 13 0.00322691691683435
23 14 0.001929755185034933
23 15 -0.0088716213508466
23 16 -0.0004165733959710287
23 17 -0.0001048141424587875
23 18 -0.0003696645119936229
23 19 -0.0005420391639801585
23 20 -3.436368709732639e-06
23 21 -0.0003901573684751125
23 22 -0.0007156367262391358
23 23 0.01912214330103568
23 24 0.002047893675649792
23 25 -0.002249577695811081
23 26 -0.0008667857100865921
23 27 -0.001833570805540295
23 28 0.001792068863911089
23 29 -5.66429112024184e-05
24 0 -0.0001973013799727129
24 1 5.74877794492351e-05
24 2 -0.0001452125546898289
24 3 -0.0003392615606343549
24 4 0.001230192033637373
24 5 -0.0001738049337107958
24 6 -0.0001766784823916576
24 7 -0.0009472412522156928
24 8 -0.002056483215496515
24 9 0.001170228881798798
24 10 -0.001872386745540498
24 11 0.001411622591583642
24 12 0.001747995133310913
24 13 0.00241973035606149
24 14 0.005162263903787341
24 15 0.001179432768507428
24 16 0.004998216999580887
24 17 -0.0008027115516303218
24 18 0.0004620345173907594
24 19 0.001169829399895801
24 20 0.003523038237356023
24 21 0.00282161004353931
24 22 -0.0009400555146168311
24 23 0.002047893675649812
24 24 0.01702379901638406
24 25 0.0009236249345148542
24 26 0.0009205337287653098
24 27 -0.0006254438376628131
24 28 -0.0009040662018777887
24 29 0.0006916228479064594
25 0 0.0001199898667880853
25 1 0.0001799018098495834
25 2 -0.0008209187955149143
25 3 -0.0001812226135450637
25 4 0.000831194721437279
25 5 0.002241801201519263
25 6 -0.001890051535327518
25 7 -0.001814445317430311
25 8 0.003055923490295768
25 9 -0.002289303578814088
25 10 -0.001485990170637176
25 11 0.001053152575572419
25 12 0.000623318022070021
25 13 0.003648283866247527
25 14 0.01005210133647071
25 15 0.007557171099963838
25 16 0.01084588409305952
25 17 -0.0005700622745375354
25 18 4.054830788372876e-05
25 19 0.0002214280011846521
25 20 0.003381275351981087
25 21 -0.0005031419447493858
25 22 0.0007452602280082978
25 23 -0.002249577695810992
25 24 0.0009236249345148896
25 25 0.01876997299687667
25 26 -7.251357301035701e-05
25 27 0.0005803387424389002
25 28 -8.074313165090929e-05
25 29 0.0006514410344561779
26 0 -0.0002006706053638387
26 1 0.0003870210309838724
26 2 0.0001928966406558165
26 3 0.00135242300146427
26 4 0.002275032679679772
26 5 0.002224978352207756
26 6 -0.00475099140877616
26 7 -0.002090739635434008
26 8 0.002941888573498118
26 9 -0.001822272287810674
26 10 -0.001937558405188125
26 11 0.0004709624372750972
26 12 0.001508208704796898
26 13 0.001094564800302769
26 14 0.01158443759281728
26 15 0.00320128779385074
26 16 0.02016235963836238
26 17 0.001093374257685541
26 18 1.769438641415483e-05
26 19 0.0007991087276794936
26 20 0.004274021279767479
26 21 0.001708643139252446
26 22 0.002576597968801029
26 23 -0.000866785710086614
26 24 0.000920533728765288
26 25 -7.251357301034513e-05
26 26 0.01556920806450786
26 27 0.000651450437484857
26 28 -3.77965516825192e-05
26 29 0.001477250727767696
27 0 2.057775732350411e-05
27 1 -0.0004548735229948212
27 2 0.001040005648602193
27 3 -0.0009032838352678146
27 4 0.0006836902878877389
27 5 0.002817330350280156
27 6 0.003453909351122677
27 7 0.0006857290139078297
27 8 0.00186228583487788
27 9 0.0003466701440583028
27 10 -4.150555656658877e-05
27 11 -0.0001432300404144782
27 12 -0.0004704166130192257
27 13 0.005728546728601842
27 14 0.0001858715320733921
27 15 0.003070078699424769
27 16 0.005669421430895264
27 17 0.001146759795986987
27 18 0.0003718862444547716
27 19 -0.00427013726884736
27 20 0.0005327576851696567
27 21 0.0003531239389702
27 22 0.0009224913117017494
27 23 -0.001833570805540282
27 24 -0.0006254438376628142
27 25 0.0005803387424388862
27 26 0.0006514504374848379
27 27 0.01244490786011105
27 28 0.0020168674250518
27 29 0.000132912864956809
28 0 -8.222398869755897e-05
28 1 0.001624288470612146
28 2 7.743932108274001e-05
28 3 -0.0009546900580038758
28 4 -0.0007372918899962615
28 5 0.003279536998328622
28 6 0.004836358125111261
28 7 0.0001660959562541668
28 8 0.001640198578839732
28 9 0.0007314606130269052
28 10 0.0003081992762891133
28 11 0.0008024476900420495
28 12 2.370942265437543e-05
28 13 0.005385391388970019
28 14 -0.0002314502328120096
28 15 0.001473559624865498
28 16 0.0009886105207106528
28 17 -0.0005879375066098916
28 18 0.0001619302060262496
28 19 0.003631875777989843
28 20 0.001734446771684259
28 21 -0.0003384993743055576
28 22 0.002218320944109495
28 23 0.001792068863911103
28 24 -0.0009040662018778155
28 25 -8.074313165090912e-05
28 26 -3.779655168254055e-05
28 27 0.002016867425051835
28 28 0.0116845041788297
28 29 0.000434445437754507
29 0 1.896736375133378e-05
29 1 2.931266245641846e-05
29 2 -0.002161199839020648
29 3 0.0004454243606827868
29 4 0.003089353536248172
29 5 0.001285979912294833
29 6 0.001840973612285644
29 7 -0.002957412944012308
29 8 0.001024951385892453
29 9 -0.00187185402804281
29 10 -0.001018306096203572
29 11 -0.0009067792073467023
29 12 0.001822077812456126
29 13 0.001464971099268527
29 14 -0.0004139455167515078
29 15 0.000744064571979567
29 16 0.0004466073580978637
29 17 -0.001140616198370695
29 18 -0.001183876084356434
29 19 -0.0009503879072395169
29 20 -0.0002453677597759067
29 21 -0.001146669786409748
29 22 -0.000508712944869857
29 23 -5.664291120245361e-05
29 24 0.000691622847906451
29 25 0.0006514410344561946
29 26 0.001477250727767724
29 27 0.000132912864956801
29 28 0.0004344454377544771
29 29 0.01435480752485809
