0 0 1.999968336865401
0 1 -1.837558128458289e-05
0 2 -3.061763575284304e-05
0 3 -4.182350594718126e-05
0 4 -8.428430393338129e-05
0 5 -4.87782811390732e-06
0 6 5.656228449613196e-06
0 7 -4.297070932033001e-06
0 8 1.190428639483148e-05
0 9 -5.569345793572618e-06
0 10 3.874068911712058e-05
0 11 7.886566880057209e-06
0 12 -2.175080465170462e-06
0 13 1.230830061779008e-05
0 14 -2.399158618555105e-05
0 15 -2.73340232775704e-05
0 16 9.490907688378913e-06
0 17 7.301754821677842e-06
0 18 -0.0001122960231625044
0 19 -6.039984224575059e-05
0 20 -0.0001713699637393395
0 21 1.26496510162237e-05
0 22 0.0002203031922856409
0 23 -6.810282000722038e-05
0 24 5.385966001637109e-05
0 25 0.0001405875514212747
0 26 7.089724688933691e-05
0 27 6.315323113780202e-05
0 28 -0.0001428196536505317
0 29 -1.124803409918996e-05
1 0 -1.837558128458291e-05
1 1 1.993583715085213
1 2 -0.0003589790762122605
1 3 -0.0007321488848484935
1 4 -0.001102356541538545
1 5 -0.002253175124904998
1 6 -0.002536714339809236
1 7 0.0005844566621586848
1 8 7.902560976746574e-05
1 9 -0.000375099940623591
1 10 -0.00107474029654789
1 11 -0.000175229875047707
1 12 -0.0001365683643465663
1 13 0.0002365984981096795
1 14 0.0005559781367049656
1 15 -0.000249993145259249
1 16 -0.001150380606810676
1 17 -0.0006280170430370967
1 18 0.0005452122719787001
1 19 -0.001126799425702785
1 20 -0.001043653860256351
1 21 -0.001032309055158143
1 22 0.0003635257316683802
1 23 -0.0008605670477397964
1 24 -9.700849467716577e-05
1 25 -0.0003616545809865342
1 26 -0.0002828301834796616
1 27 -0.0006798253296072675
1 28 0.0006157282351244564
1 29 0.00090210456274606
2 0 -3.06176357528432e-05
2 1 -0.0003589790762122612
2 2 1.990717209462035
2 3 -0.0003713161087107613
2 4 -0.001343377929156314
2 5 -0.0009129521522637477
2 6 0.002314100432084536
2 7 0.0004033063369458025
2 8 -0.0005287394543684138
2 9 0.0007971502697721638
2 10 5.631076103632536e-05
2 11 -0.0009271653428426597
2 12 0.001741705982855574
2 13 -0.0001516949635114846
2 14 0.0009583789015862279
2 15 -0.0008071226980018159
2 16 0.002565309166333344
2 17 0.0004918780911769222
2 18 -0.0008347741142126885
2 19 -0.002182615580163382
2 20 0.0005361518011899149
2 21 0.0003670976019618061
2 22 0.0002901880269312066
2 23 0.001002586104552066
2 24 -5.555083828256777e-05
2 25 0.0001529421726137562
2 26 0.0005214752446983226
2 27 0.0004039313278242871
2 28 0.0006662641808584937
2 29 -0.002026370534331794
3 0 -4.182350594718112e-05
3 1 -0.000732148884848482
3 2 -0.0003713161087107625
3 3 1.988891353245029
3 4 -0.0002052867489500021
3 5 0.0004730366691079335
3 6 -0.0002921916191281114
3 7 -0.0002224273474971497
3 8 0.0001369944068379461
3 9 -0.001086385344178507
3 10 0.001784350831962057
3 11 -0.001136223936195999
3 12 -0.0005146206997567737
3 13 0.0001787398463024333
3 14 -0.001814769072076292
3 15 0.0001561409898156758
3 16 -3.531493915557909e-05
3 17 -0.00081850069709534
3 18 0.001647851337624007
3 19 -0.0007390396715115603
3 20 0.0003017782884924171
3 21 -0.001336240961174876
3 22 -0.0002271479853303253
3 23 -0.0005728194739066831
3 24 -0.002087170916710398
3 25 -0.0009441103728661464
3 26 -9.913211179600796e-06
3 27 0.0006394873225577719
3 28 -0.000364227733351233
3 29 0.0005841599454167627
4 0 -8.428430393338159e-05
4 1 -0.001102356541538532
4 2 -0.001343377929156315
4 3 -0.0002052867489499932
4 4 1.985274969188165
4 5 -1.977318089068178e-05
4 6 -0.0002617201437945877
4 7 -0.0002865881220905421
4 8 0.0004018019319947352
4 9 -0.0003400283531891248
4 10 0.0002305735452688793
4 11 0.0007559711102553704
4 12 -0.001057785947524742
4 13 0.001821023156124393
4 14 -0.0009205409191288096
4 15 -0.002030140941927594
4 16 -0.00158688543476874
4 17 6.499712791078539e-05
4 18 -0.0002120919982675379
4 19 -0.001937111971699297
4 20 -0.0007150767562102627
4 21 -0.0005455874349983227
4 22 -0.001338712678210626
4 23 -0.002652984162891587
4 24 -0.0006186042984329106
4 25 -0.0005116210929094886
4 26 -0.0006156385265987214
4 27 -0.0005799285584347026
4 28 -0.001243524407201044
4 29 0.001702436309883631
5 0 -4.87782811390716e-06
5 1 -0.002253175124904974
5 2 -0.0009129521522637356
5 3 0.0004730366691079361
5 4 -1.97731808906766e-05
5 5 1.987817639663881
5 6 -0.0007454143492155878
5 7 -0.0005850259653693581
5 8 -0.001673715102971598
5 9 -0.001105569555510547
5 10 -0.001194353229277319
5 11 -0.002384002620632889
5 12 0.003659295441881661
5 13 -0.00382912974299345
5 14 -0.0009260460003817496
5 15 -0.0008278404218570305
5 16 -0.0001560026430687273
5 17 0.001062261281332873
5 18 -0.001920629132220204
5 19 -0.001371245434919149
5 20 -6.211762422154247e-05
5 21 0.0002654375285818426
5 22 -0.0003593803750951933
5 23 -0.0004681052906455179
5 24 -0.002055708352816245
5 25 -0.001131436487646457
5 26 -0.000409282006588558
5 27 0.004355518934420094
5 28 0.001941383117839527
5 29 0.000841252273665971
6 0 5.65622844961289e-06
6 1 -0.00253671433980916
6 2 0.002314100432084514
6 3 -0.0002921916191281094
6 4 -0.0002617201437945794
6 5 -0.0007454143492155662
6 6 1.982160200600557
6 7 0.00205411386814817
6 8 0.0003438819002451507
6 9 -9.81743751119427e-05
6 10 -0.0006436591194156015
6 11 7.812830330065795e-05
6 12 0.001823035741561872
6 13 -0.001370189713302906
6 14 -1.975583833395403e-05
6 15 0.003720616700990959
6 16 -0.0008634672317893864
6 17 -0.005947745468011524
6 18 0.0007714145658034937
6 19 0.00285517824826795
6 20 0.0003215206942481637
6 21 0.002924742773701697
6 22 -0.001731897046180368
6 23 0.001245670325357063
6 24 -0.00121650748525779
6 25 0.002821205406240654
6 26 0.004243004484094563
6 27 -0.0007110126037263905
6 28 0.0002908291563290761
6 29 -0.001970271419405712
7 0 -4.297070932032866e-06
7 1 0.0005844566621586928
7 2 0.0004033063369458341
7 3 -0.0002224273474971414
7 4 -0.0002865881220905493
7 5 -0.0005850259653693496
7 6 0.002054113868148211
7 7 1.983228974808489
7 8 0.0003858618638863448
7 9 -0.0003822505768225458
7 10 0.001044967765288057
7 11 -0.0003476485766223446
7 12 -0.002327811848396856
7 13 0.0009006940386305086
7 14 -0.00150572957852233
7 15 -0.0037261269037719
7 16 -0.001588869881421513
7 17 0.0006220032757902548
7 18 -0.0001135282005630851
7 19 0.0006904089472013182
7 20 0.00131616459373422
7 21 0.001323182230803432
7 22 -0.002767040523662218
7 23 -0.002414673229522692
7 24 -0.001071084684080246
7 25 -0.0003447375407084361
7 26 0.003635951604777109
7 27 0.003217744423311002
7 28 -0.0004821598732295335
7 29 0.002362566596092663
8 0 1.190428639483123e-05
8 1 7.902560976746282e-05
8 2 -0.0005287394543684765
8 3 0.0001369944068379518
8 4 0.0004018019319947664
8 5 -0.00167371510297155
8 6 0.0003438819002451606
8 7 0.0003858618638863176
8 8 1.980375183540636
8 9 0.0008595878015146226
8 10 -0.001147984037853569
8 11 0.000771147299507222
8 12 6.912300210855465e-05
8 13 0.00129838086701096
8 14 1.825144706051575e-05
8 15 -0.004128507497274161
8 16 -0.002302373948456292
8 17 0.003957752791601813
8 18 -0.0003630019723500095
8 19 -0.0008357722332817989
8 20 0.0005512028778069769
8 21 -0.002119811993522212
8 22 0.0001073071026650533
8 23 -0.001125279307409203
8 24 0.000149146329843596
8 25 -0.0008422939792494938
8 26 -0.0008141199464028266
8 27 -0.001659506549206832
8 28 -0.00117372629037191
8 29 0.002055858925518357
9 0 -5.569345793572132e-06
9 1 -0.0003750999406236201
9 2 0.0007971502697721629
9 3 -0.001086385344178552
9 4 -0.0003400283531890271
9 5 -0.001105569555510614
9 6 -9.817437511193308e-05
9 7 -0.000382250576822576
9 8 0.0008595878015146088
9 9 1.977523900135432
9 10 0.001338326747312375
9 11 -0.001881427868968829
9 12 -0.004338862310637369
9 13 -0.003182370233237502
9 14 -0.001434460524306124
9 15 0.003660412896944426
9 16 0.002751633971888351
9 17 -0.007775799650544651
9 18 0.0003057714938607701
9 19 0.0003929423138111552
9 20 0.003454970026342828
9 21 0.0002855879890055474
9 22 0.0001715107295686127
9 23 -0.0006687127325634283
9 24 0.001421952409004354
9 25 0.001918019595175672
9 26 0.0007132864198990531
9 27 -0.001538160166694637
9 28 -0.0002039156937386267
9 29 -0.0007953499501525718
10 0 3.874068911712076e-05
10 1 -0.001074740296547908
10 2 5.631076103631729e-05
10 3 0.001784350831962065
10 4 0.0002305735452689006
10 5 -0.001194353229277342
10 6 -0.0006436591194155598
10 7 0.001044967765288048
10 8 -0.001147984037853577
10 9 0.001338326747312364
10 10 1.976452423590811
10 11 0.0007462521544441412
10 12 0.003300401735187451
10 13 -0.001353947238791414
10 14 0.002067277825567536
10 15 -0.003334921439563196
10 16 -0.001873404628018898
10 17 0.01018478355000029
10 18 -0.001648498024839831
10 19 0.001898010784873864
10 20 0.004103400404774381
10 21 0.0008258638892859498
10 22 -0.001519701039480641
10 23 0.003118744730397635
10 24 0.0008985101592771573
10 25 -0.0006759070599383231
10 26 0.000111511857449793
10 27 -0.0008131282878914145
10 28 0.001878756279487047
10 29 0.001637164371393404
11 0 7.886566880057498e-06
11 1 -0.000175229875047712
11 2 -0.0009271653428426555
11 3 -0.00113622393619597
11 4 0.0007559711102553717
11 5 -0.002384002620632882
11 6 7.812830330066519e-05
11 7 -0.0003476485766223166
11 8 0.0007711472995072387
11 9 -0.001881427868968781
11 10 0.0007462521544441595
11 11 1.978183349290893
11 12 -0.005021265321209006
11 13 0.001296651329136488
11 14 -0.002761254761333271
11 15 -0.002792976474354203
11 16 0.001384037120180986
11 17 -0.003347030738543389
11 18 0.002979534388988741
11 19 -0.0004096209324265507
11 20 -0.003343131544231949
11 21 -0.0007246731600964638
11 22 -0.002068028547458264
11 23 -0.002690713548024965
11 24 -0.0004582362379382098
11 25 -0.001253849298705162
11 26 -0.003133231664173153
11 27 0.001693176250534104
11 28 0.000992265124767619
11 29 0.00158981174376199
12 0 -2.175080465170866e-06
12 1 -0.0001365683643465605
12 2 0.001741705982855651
12 3 -0.0005146206997568065
12 4 -0.001057785947524751
12 5 0.003659295441881675
12 6 0.001823035741561744
12 7 -0.002327811848396863
12 8 6.912300210865218e-05
12 9 -0.004338862310637719
12 10 0.003300401735187584
12 11 -0.005021265321208826
12 12 1.957643998219558
12 13 -0.02631012129255778
12 14 -0.003194819580401107
12 15 -0.001982677173597574
12 16 0.007033911019934934
12 17 0.002664731672145096
12 18 0.001295950957437642
12 19 0.003562497156952176
12 20 0.0007603902749875694
12 21 -8.441669543152132e-05
12 22 0.0005317859817370602
12 23 0.003551678940444256
12 24 0.002860303230326502
12 25 0.000976434344428264
12 26 -0.0008814814849797683
12 27 -0.004155337178986244
12 28 -0.003364101911854
12 29 0.002610328068010303
13 0 1.230830061778995e-05
13 1 0.000236598498109678
13 2 -0.0001516949635114317
13 3 0.0001787398463024049
13 4 0.001821023156124435
13 5 -0.003829129742993486
13 6 -0.001370189713302935
13 7 0.0009006940386305355
13 8 0.001298380867011009
13 9 -0.003182370233237603
13 10 -0.001353947238791462
13 11 0.001296651329136461
13 12 -0.02631012129255689
13 13 1.97296295628027
13 14 0.000285682656586887
13 15 0.001316150043219995
13 16 0.006592255629956985
13 17 -0.003444620530037739
13 18 -0.0006111713312843012
13 19 -0.004583433373803973
13 20 -0.003321883852467436
13 21 -0.001335171033650974
13 22 -0.0007537499657807794
13 23 -0.002507783263705624
13 24 -0.003611428242799925
13 25 -0.002854449407609957
13 26 3.451754197767934e-05
13 27 0.005229651228417677
13 28 0.004051515136246636
13 29 0.001214333655450303
14 0 -2.399158618555006e-05
14 1 0.0005559781367049623
14 2 0.0009583789015862324
14 3 -0.001814769072076278
14 4 -0.0009205409191288347
14 5 -0.0009260460003817704
14 6 -1.975583833395705e-05
14 7 -0.001505729578522289
14 8 1.825144706054052e-05
14 9 -0.001434460524306127
14 10 0.002067277825567559
14 11 -0.002761254761333292
14 12 -0.003194819580401001
14 13 0.00028568265658688
14 14 1.980890394351732
14 15 0.005135442944286394
14 16 -0.000418213618252627
14 17 0.05911403042985904
14 18 -0.006428105667948875
14 19 -0.01397768858467637
14 20 0.009537131765524499
14 21 0.00550195118519001
14 22 0.001523187596687288
14 23 0.0101541829074759
14 24 0.002659158925828343
14 25 0.001878802766107718
14 26 0.01476624624684024
14 27 -0.00464199687012723
14 28 -0.003307432830457112
14 29 0.0001839277554046269
15 0 -2.733402327757016e-05
15 1 -0.0002499931452592491
15 2 -0.0008071226980018173
15 3 0.0001561409898156864
15 4 -0.002030140941927651
15 5 -0.000827840421857055
15 6 0.003720616700990868
15 7 -0.003726126903771791
15 8 -0.004128507497274021
15 9 0.003660412896944446
15 10 -0.003334921439563193
15 11 -0.00279297647435422
15 12 -0.001982677173597544
15 13 0.001316150043220031
15 14 0.005135442944285958
15 15 1.98343642608274
15 16 0.004662810553881769
15 17 -0.03832636305625095
15 18 -0.01164826831868034
15 19 -0.002536444509861861
15 20 0.00367196179026773
15 21 0.005651998266511921
15 22 0.0009682275915399842
15 23 0.002466438276200206
15 24 5.091771220346553e-05
15 25 0.01074101382820617
15 26 0.0189238424815336
15 27 -0.006883019569218821
15 28 -0.006795334996200413
15 29 -0.001778040014224917
16 0 9.49090768837897e-06
16 1 -0.00115038060681068
16 2 0.002565309166333201
16 3 -3.531493915558126e-05
16 4 -0.001586885434768798
16 5 -0.0001560026430687222
16 6 -0.0008634672317893494
16 7 -0.001588869881421594
16 8 -0.002302373948456205
16 9 0.002751633971888334
16 10 -0.001873404628018864
16 11 0.001384037120181053
16 12 0.007033911019934441
16 13 0.006592255629956409
16 14 -0.0004182136182526123
16 15 0.00466281055388131
16 16 0.06386778721778474
16 17 -0.001202981561093265
16 18 0.005657983504759968
16 19 -0.002857783294216483
16 20 -0.002156981236857504
16 21 -0.000960669579072109
16 22 0.0003902773558730603
16 23 0.0006412672416752212
16 24 0.001566079858236341
16 25 -0.001042872906653527
16 26 0.001784539983123992
16 27 -0.0005061364475950018
16 28 -0.000226828846993901
16 29 -0.0003145538099623145
17 0 7.301754821677762e-06
17 1 -0.0006280170430370815
17 2 0.0004918780911769488
17 3 -0.0008185006970953482
17 4 6.499712791078614e-05
17 5 0.00106226128133292
17 6 -0.005947745468011306
17 7 0.0006220032757902465
17 8 0.003957752791601956
17 9 -0.007775799650544243
17 10 0.01018478355000019
17 11 -0.003347030738543366
17 12 0.002664731672145161
17 13 -0.003444620530037748
17 14 0.05911403042985861
17 15 -0.03832636305625266
17 16 -0.001202981561093184
17 17 0.01697940990156002
17 18 0.0003230710894245729
17 19 -0.0002699875973950167
17 20 0.0007191943498246137
17 21 0.0002649950451082767
17 22 0.0001891502102979772
17 23 0.0001401318607657179
17 24 0.0001018289300765984
17 25 -0.0006222170219071168
17 26 -0.0004860562735122677
17 27 0.0001376667796528617
17 28 -0.0009255662921621294
17 29 0.0007216269207045397
18 0 -0.0001122960231625034
18 1 0.000545212271978713
18 2 -0.0008347741142126412
18 3 0.001647851337624023
18 4 -0.0002120919982675298
18 5 -0.0019206291322202
18 6 0.0007714145658035442
18 7 -0.0001135282005630877
18 8 -0.0003630019723500203
18 9 0.0003057714938607709
18 10 -0.001648498024839863
18 11 0.002979534388988894
18 12 0.001295950957437577
18 13 -0.0006111713312843137
18 14 -0.00642810566794917
18 15 -0.01164826831868067
18 16 0.005657983504759674
18 17 0.0003230710894245648
18 18 0.01639895913601888
18 19 0.004987800851074009
18 20 -0.002375170066485681
18 21 -0.008795410187893513
18 22 -0.002454204903862728
18 23 0.004702228233219414
18 24 -0.0004254958200083047
18 25 -0.003357352255485534
18 26 -0.0007378368174540439
18 27 0.002423695985549937
18 28 0.001804666821530124
18 29 0.0007070549802845411
19 0 -6.039984224575062e-05
19 1 -0.001126799425702746
19 2 -0.002182615580163156
19 3 -0.0007390396715115569
19 4 -0.001937111971699258
19 5 -0.00137124543491919
19 6 0.00285517824826798
19 7 0.0006904089472013387
19 8 -0.0008357722332817682
19 9 0.0003929423138111516
19 10 0.001898010784873842
19 11 -0.000409620932426569
19 12 0.003562497156952225
19 13 -0.004583433373803842
19 14 -0.01397768858467633
19 15 -0.002536444509861869
19 16 -0.002857783294216597
19 17 -0.0002699875973950271
19 18 0.004987800851073877
19 19 0.02203316441531757
19 20 -0.0004390197272872466
19 21 0.003753388070998847
19 22 0.001302558563837136
19 23 -0.004395601682756196
19 24 0.001094758743924734
19 25 0.000689411401107801
19 26 -0.002729655272478667
19 27 0.0007299070579594557
19 28 0.003818320223819385
19 29 0.0004028084359890531
20 0 -0.000171369963739341
20 1 -0.001043653860256349
20 2 0.0005361518011899067
20 3 0.0003017782884924287
20 4 -0.0007150767562103006
20 5 -6.211762422154735e-05
20 6 0.0003215206942481727
20 7 0.00131616459373427
20 8 0.0005512028778069599
20 9 0.00345497002634298
20 10 0.004103400404774239
20 11 -0.003343131544231858
20 12 0.0007603902749875404
20 13 -0.003321883852467373
20 14 0.009537131765524735
20 15 0.00367196179026773
20 16 -0.002156981236857275
20 17 0.0007191943498245857
20 18 -0.002375170066485654
20 19 -0.0004390197272872609
20 20 0.0196865269494863
20 21 -1.965706337393562e-05
20 22 -0.0008351791009032259
20 23 0.00266044321590526
20 24 0.0007324487506816721
20 25 -0.0007656298188888133
20 26 0.001968270774168419
20 27 -0.001457846092816263
20 28 0.003155773439622854
20 29 0.0003823747845046453
21 0 1.264965101622425e-05
21 1 -0.001032309055158107
21 2 0.0003670976019618026
21 3 -0.001336240961174834
21 4 -0.0005455874349983203
21 5 0.0002654375285818309
21 6 0.002924742773701768
21 7 0.001323182230803379
21 8 -0.002119811993522203
21 9 0.0002855879890055427
21 10 0.0008258638892859358
21 11 -0.0007246731600964852
21 12 -8.441669543152491e-05
21 13 -0.001335171033650915
21 14 0.005501951185189879
21 15 0.005651998266511589
21 16 -0.0009606695790721138
21 17 0.0002649950451082776
21 18 -0.008795410187893545
21 19 0.003753388070998878
21 20 -1.965706337390644e-05
21 21 0.01593033821377992
21 22 0.0001410399708075444
21 23 0.002056687194848896
21 24 -0.002254355401705103
21 25 0.0008604945291861166
21 26 0.002443393506884058
21 27 -0.001365674393247199
21 28 0.0006216487197358012
21 29 0.0005496680197490687
22 0 0.0002203031922856314
22 1 0.0003635257316683798
22 2 0.0002901880269312175
22 3 -0.0002271479853303147
22 4 -0.00133871267821066
22 5 -0.000359380375095238
22 6 -0.001731897046180424
22 7 -0.002767040523662117
22 8 0.0001073071026650481
22 9 0.0001715107295686168
22 10 -0.001519701039480648
22 11 -0.002068028547458222
22 12 0.000531785981737057
22 13 -0.0007537499657807893
22 14 0.001523187596687166
22 15 0.0009682275915399842
22 16 0.0003902773558730503
22 17 0.0001891502102979761
22 18 -0.002454204903862658
22 19 0.001302558563837144
22 20 -0.0008351791009032164
22 21 0.0001410399708075477
22 22 0.01889735963092458
22 23 0.0001613881216203259
22 24 0.0003012366321218339
22 25 0.0008564636194439449
22 26 0.001530957935821786
22 27 -0.0001176621189554514
22 28 -0.002202399392330929
22 29 -0.0004547931481783484
23 0 -6.810282000722137e-05
23 1 -0.0008605670477397672
23 2 0.00100258610455207
23 3 -0.000572819473906673
23 4 -0.002652984162891554
23 5 -0.0004681052906455264
23 6 0.001245670325357108
23 7 -0.002414673229522679
23 8 -0.001125279307409203
23 9 -0.0006687127325634174
23 10 0.003118744730397663
23 11 -0.002690713548025009
23 12 0.003551678940444291
23 13 -0.002507783263705746
23 14 0.01015418290747548
23 15 0.002466438276200082
23 16 0.0006412672416752064
23 17 0.0001401318607657379
23 18 0.004702228233219356
23 19 -0.004395601682756112
23 20 0.002660443215905249
23 21 0.002056687194848969
23 22 0.0001613881216203207
23 23 0.01855814099076519
23 24 0.001145504653302141
23 25 0.0008780372028181973
23 26 0.003568345867418943
23 27 -0.001860167970442576
23 28 0.0006927063445993579
23 29 0.0004059131980743824
24 0 5.38596600163697e-05
24 1 -9.700849467717637e-05
24 2 -5.555083828256729e-05
24 3 -0.002087170916710423
24 4 -0.0006186042984328989
24 5 -0.00205570835281629
24 6 -0.001216507485257755
24 7 -0.001071084684080199
24 8 0.0001491463298435822
24 9 0.001421952409004313
24 10 0.000898510159277119
24 11 -0.0004582362379381963
24 12 0.002860303230326438
24 13 -0.003611428242799954
24 14 0.002659158925828314
24 15 5.091771220345336e-05
24 16 0.001566079858236292
24 17 0.0001018289300765967
24 18 -0.0004254958200083012
24 19 0.001094758743924722
24 20 0.0007324487506817495
24 21 -0.002254355401705098
24 22 0.0003012366321218827
24 23 0.001145504653302181
24 24 0.01650200182342053
24 25 -1.250450767125807e-05
24 26 0.0001831975312684062
24 27 0.001542676596271899
24 28 -0.0003478019657308439
24 29 -8.178572032877947e-05
25 0 0.000140587551421278
25 1 -0.00036165458098653
25 2 0.000152942172613758
25 3 -0.0009441103728661572
25 4 -0.0005116210929094903
25 5 -0.001131436487646455
25 6 0.002821205406240646
25 7 -0.0003447375407084347
25 8 -0.0008422939792494836
25 9 0.001918019595175592
25 10 -0.0006759070599383444
25 11 -0.001253849298705061
25 12 0.000976434344428247
25 13 -0.002854449407610066
25 14 0.001878802766107569
25 15 0.01074101382820635
25 16 -0.001042872906653424
25 17 -0.0006222170219071152
25 18 -0.003357352255485714
25 19 0.0006894114011078102
25 20 -0.0007656298188888279
25 21 0.0008604945291861004
25 22 0.0008564636194440025
25 23 0.0008780372028182132
25 24 -1.250450767124668e-05
25 25 0.01768121150344266
25 26 0.0006659990169960022
25 27 -0.0002174616568440675
25 28 0.0001799813308200561
25 29 -0.0007450260619286497
26 0 7.089724688933799e-05
26 1 -0.000282830183479643
26 2 0.0005214752446983201
26 3 -9.913211179604929e-06
26 4 -0.000615638526598709
26 5 -0.0004092820065885626
26 6 0.004243004484094986
26 7 0.003635951604777068
26 8 -0.000814119946402824
26 9 0.0007132864198990769
26 10 0.0001115118574498011
26 11 -0.003133231664173104
26 12 -0.0008814814849797824
26 13 3.45175419776409e-05
26 14 0.01476624624684049
26 15 0.01892384248153272
26 16 0.001784539983124033
26 17 -0.0004860562735123177
26 18 -0.0007378368174540183
26 19 -0.002729655272478689
26 20 0.001968270774168312
26 21 0.002443393506884178
26 22 0.001530957935821813
26 23 0.003568345867418996
26 24 0.0001831975312684133
26 25 0.0006659990169959578
26 26 0.01432412620851739
26 27 0.001878890772035146
26 28 -0.00116799054455709
26 29 -0.002319614274119888
27 0 6.315323113780319e-05
27 1 -0.0006798253296072161
27 2 0.0004039313278242978
27 3 0.0006394873225577791
27 4 -0.0005799285584347038
27 5 0.004355518934420075
27 6 -0.0007110126037263701
27 7 0.003217744423310997
27 8 -0.001659506549206838
27 9 -0.001538160166694628
27 10 -0.0008131282878914058
27 11 0.001693176250534087
27 12 -0.004155337178986434
27 13 0.005229651228417344
27 14 -0.00464199687012733
27 15 -0.006883019569219002
27 16 -0.000506136447594972
27 17 0.0001376667796528585
27 18 0.002423695985549858
27 19 0.0007299070579594167
27 20 -0.001457846092816326
27 21 -0.001365674393247225
27 22 -0.0001176621189554958
27 23 -0.001860167970442599
27 24 0.001542676596271907
27 25 -0.0002174616568440694
27 26 0.001878890772035065
27 27 0.01450398041593299
27 28 0.001157451791606493
27 29 0.001134516213443908
28 0 -0.0001428196536505342
28 1 0.0006157282351244033
28 2 0.0006662641808585002
28 3 -0.0003642277333512489
28 4 -0.001243524407201034
28 5 0.001941383117839644
28 6 0.000290829156329123
28 7 -0.0004821598732295208
28 8 -0.001173726290371862
28 9 -0.0002039156937386225
28 10 0.001878756279486985
28 11 0.0009922651247676023
28 12 -0.003364101911853917
28 13 0.004051515136246697
28 14 -0.003307432830457047
28 15 -0.006795334996200328
28 16 -0.000226828846993865
28 17 -0.0009255662921621383
28 18 0.001804666821530096
28 19 0.003818320223819375
28 20 0.00315577343962268
28 21 0.0006216487197358066
28 22 -0.002202399392330882
28 23 0.0006927063445993854
28 24 -0.0003478019657308689
28 25 0.0001799813308200833
28 26 -0.001167990544557125
28 27 0.001157451791606541
28 28 0.01077177098513401
28 29 -0.001020310821150604
29 0 -1.124803409918981e-05
29 1 0.0009021045627460648
29 2 -0.0020263705343318
29 3 0.0005841599454167615
29 4 0.001702436309883657
29 5 0.0008412522736659926
29 6 -0.001970271419405599
29 7 0.002362566596092675
29 8 0.002055858925518426
29 9 -0.0007953499501525863
29 10 0.001637164371393405
29 11 0.001589811743762045
29 12 0.002610328068010234
29 13 0.001214333655450293
29 14 0.0001839277554046284
29 15 -0.001778040014224937
29 16 -0.0003145538099622733
29 17 0.000721626920704536
29 18 0.0007070549802846056
29 19 0.0004028084359890608
29 20 0.0003823747845046568
29 21 0.0005496680197490424
29 22 -0.0004547931481783042
29 23 0.0004059131980743688
29 24 -8.178572032878608e-05
29 25 -0.0007450260619286191
29 26 -0.002319614274119957
29 27 0.001134516213443931
29 28 -0.001020310821150624
29 29 0.01475419199850696
