 &FCI NORB=   8,NELEC= 8,MS2=0,
  ORBSYM=1,1,1,1,1,1,1,1
  ISYM=1,
 &END
 0.4968957300739263    1    1    1    1
 -0.01366368796580603    2    1    1    1
 0.1003822256643347    2    1    2    1
 0.4686202759554141    2    2    1    1
 0.02355450836176332    2    2    2    1
 0.4836421248783499    2    2    2    2
 -0.00168467155631449    3    1    1    1
 -0.0002578739925016695    3    1    2    1
 0.008005152239262502    3    1    2    2
 0.1135553832139017    3    1    3    1
 0.004463520943856884    3    2    1    1
 0.009237292741432392    3    2    2    1
 0.001939989742151838    3    2    2    2
 -0.04888274756484783    3    2    3    1
 0.044605632441736    3    2    3    2
 0.4802900229669887    3    3    1    1
 -0.04996953793812666    3    3    2    1
 0.4347459179995542    3    3    2    2
 -0.01089040412700758    3    3    3    1
 0.004873257175879869    3    3    3    2
 0.5165719385344766    3    3    3    3
 0.00618919705475479    4    1    1    1
 -0.003763583532767182    4    1    2    1
 0.01864847837508466    4    1    2    2
 -0.000330585173429538    4    1    3    1
 -0.001726331536803133    4    1    3    2
 0.01687208040555289    4    1    3    3
 0.09274499657748969    4    1    4    1
 0.007565746187423303    4    2    1    1
 0.01333639583288513    4    2    2    1
 0.02872924897184531    4    2    2    2
 -0.002171853229033573    4    2    3    1
 0.00162303787285106    4    2    3    2
 0.007161439445137172    4    2    3    3
 0.06478921328703699    4    2    4    1
 0.0767569806037609    4    2    4    2
 0.002066828406557653    4    3    1    1
 -0.001936981586063363    4    3    2    1
 0.003377486830136051    4    3    2    2
 0.01085398620289979    4    3    3    1
 -0.005034264134444665    4    3    3    2
 0.002742534343604841    4    3    3    3
 0.004840492854825234    4    3    4    1
 0.005153376139207981    4    3    4    2
 0.01158813923130055    4    3    4    3
 0.4469200037207972    4    4    1    1
 0.06558858342250069    4    4    2    1
 0.4487793802101673    4    4    2    2
 0.003806234570822694    4    4    3    1
 0.0101159825353254    4    4    3    2
 0.3834289180555297    4    4    3    3
 -0.03363468794719546    4    4    4    1
 -0.01799702608040349    4    4    4    2
 -0.00277873586123745    4    4    4    3
 0.5276345963128832    4    4    4    4
 0.009062192502282171    5    1    1    1
 0.006451928392385298    5    1    2    1
 0.01352878899292612    5    1    2    2
 -0.007214682735087203    5    1    3    1
 -0.008619570704247194    5    1    3    2
 0.01287341857802405    5    1    3    3
 -0.01740472011582217    5    1    4    1
 0.01257708446511026    5    1    4    2
 0.002386444982737541    5    1    4    3
 -0.01094475820652668    5    1    4    4
 0.05070733510949732    5    1    5    1
 0.03057746807848901    5    2    1    1
 0.01263062201664766    5    2    2    1
 0.03797906592324451    5    2    2    2
 -0.02288363444501565    5    2    3    1
 0.01073559514180039    5    2    3    2
 0.02782819756673446    5    2    3    3
 0.03082468054477442    5    2    4    1
 0.0270969389042931    5    2    4    2
 -0.0003865892001552148    5    2    4    3
 0.002109496584400049    5    2    4    4
 0.01093740119137674    5    2    5    1
 0.04372314542014227    5    2    5    2
 -0.03125686501208685    5    3    1    1
 -0.0215255166386937    5    3    2    1
 -0.02684455748775447    5    3    2    2
 0.01132659694494507    5    3    3    1
 -0.003754271176803475    5    3    3    2
 -0.01712199364331003    5    3    3    3
 0.005355365736206713    5    3    4    1
 -0.001668427152917924    5    3    4    2
 -0.007307350538230847    5    3    4    3
 -0.04066441152579753    5    3    4    4
 -0.007755378035002718    5    3    5    1
 -0.01071903838982777    5    3    5    2
 0.03185860857942444    5    3    5    3
 -0.0628301988096398    5    4    1    1
 0.03308528593653717    5    4    2    1
 -0.03698018035679197    5    4    2    2
 0.005287016539515856    5    4    3    1
 -0.0005760837636015462    5    4    3    2
 -0.07123026553976099    5    4    3    3
 -0.04100001352833232    5    4    4    1
 -0.03614593286622531    5    4    4    2
 -0.008226961400306397    5    4    4    3
 0.01453909352632238    5    4    4    4
 -0.02025317259935847    5    4    5    1
 -0.0366862698721636    5    4    5    2
 0.009931984835704285    5    4    5    3
 0.09414996458256593    5    4    5    4
 0.4765447824546841    5    5    1    1
 0.02289142374313622    5    5    2    1
 0.4515117920694425    5    5    2    2
 -0.004958910181363043    5    5    3    1
 0.001577104296599663    5    5    3    2
 0.4344794980228979    5    5    3    3
 -0.0481343217558594    5    5    4    1
 -0.04000028845980195    5    5    4    2
 0.003324861479251775    5    5    4    3
 0.4982297926518233    5    5    4    4
 0.005746126583492818    5    5    5    1
 0.008478726421018906    5    5    5    2
 -0.04813553247711586    5    5    5    3
 -0.01809814134795473    5    5    5    4
 0.5425303179021143    5    5    5    5
 0.03076492820055748    6    1    1    1
 -0.01869479042158608    6    1    2    1
 0.02457122141900019    6    1    2    2
 0.001248172565117209    6    1    3    1
 0.001241120016799805    6    1    3    2
 0.003835819302261196    6    1    3    3
 -0.003716248599521622    6    1    4    1
 0.007742158608671638    6    1    4    2
 0.0004808456763800453    6    1    4    3
 0.03099645120542115    6    1    4    4
 -0.003076497285358316    6    1    5    1
 -0.001081572615787561    6    1    5    2
 -0.01013457551372541    6    1    5    3
 -0.01392785120210525    6    1    5    4
 0.02788969603386523    6    1    5    5
 0.04858697020331377    6    1    6    1
 -0.0668567292092595    6    2    1    1
 0.00852887509516923    6    2    2    1
 -0.05330567098849315    6    2    2    2
 0.003339933715150916    6    2    3    1
 -0.004660271882834527    6    2    3    2
 -0.04175449423107466    6    2    3    3
 0.02089980607284504    6    2    4    1
 0.01535885837894101    6    2    4    2
 0.0009102681170523135    6    2    4    3
 -0.04220641061020215    6    2    4    4
 -0.00917713461895593    6    2    5    1
 -0.01238346738161212    6    2    5    2
 0.02160064044180952    6    2    5    3
 0.0280555697268086    6    2    5    4
 -0.07256657087329874    6    2    5    5
 -0.02765766060133996    6    2    6    1
 0.0703330796297375    6    2    6    2
 0.0008291224980541136    6    3    1    1
 0.00362206653872303    6    3    2    1
 -0.003972397525447597    6    3    2    2
 -0.04922456170309936    6    3    3    1
 0.02710644699945311    6    3    3    2
 0.005654787978914768    6    3    3    3
 -0.0002193921637201166    6    3    4    1
 0.001434611226658952    6    3    4    2
 -0.008989892356123019    6    3    4    3
 0.001262668246500583    6    3    4    4
 -0.006716004905126968    6    3    5    1
 0.01647972549961421    6    3    5    2
 -0.00351624171042475    6    3    5    3
 9.28568058443393e-05    6    3    5    4
 -0.001100560046630517    6    3    5    5
 -0.001351529220900138    6    3    6    1
 -0.0009214310157154811    6    3    6    2
 0.04980492861865848    6    3    6    3
 -0.01033913503356456    6    4    1    1
 0.01937137108213327    6    4    2    1
 0.007706821604216133    6    4    2    2
 -0.0005069348394069066    6    4    3    1
 0.001529493195123709    6    4    3    2
 -0.01610779225888169    6    4    3    3
 0.03184187978953583    6    4    4    1
 0.02457428456982768    6    4    4    2
 0.001223381033248608    6    4    4    3
 -0.0007930906822458271    6    4    4    4
 -0.007212517843809493    6    4    5    1
 0.01592795018915543    6    4    5    2
 0.0003972661640122653    6    4    5    3
 -0.0006140844736259286    6    4    5    4
 -0.02055479857363746    6    4    5    5
 -0.0009416131911062198    6    4    6    1
 0.01959344550534606    6    4    6    2
 0.001596675566229391    6    4    6    3
 0.02735718404759278    6    4    6    4
 -0.02415136709571002    6    5    1    1
 -0.003989368538657047    6    5    2    1
 -0.02738150654382198    6    5    2    2
 -0.01818022415978256    6    5    3    1
 0.0157659867756326    6    5    3    2
 -0.01930698730704298    6    5    3    3
 -0.008160963243451785    6    5    4    1
 0.008681461796021354    6    5    4    2
 -0.001437003450290626    6    5    4    3
 -0.01854205662401338    6    5    4    4
 0.004651458581203491    6    5    5    1
 -0.006995839608054122    6    5    5    2
 0.002926350102527078    6    5    5    3
 0.002850410245963692    6    5    5    4
 -0.0291595458612282    6    5    5    5
 0.005926147953234085    6    5    6    1
 0.01048672975875357    6    5    6    2
 0.01204565430981793    6    5    6    3
 -0.004970243535915468    6    5    6    4
 0.02527159734634663    6    5    6    5
 0.4588951167417343    6    6    1    1
 -0.03638042627231428    6    6    2    1
 0.4436448832143607    6    6    2    2
 0.00304007511392224    6    6    3    1
 -0.000371542182982046    6    6    3    2
 0.4540439703275963    6    6    3    3
 0.01589336752585227    6    6    4    1
 0.02383229975260966    6    6    4    2
 0.00466121341470908    6    6    4    3
 0.3915291318547681    6    6    4    4
 0.01598175896925905    6    6    5    1
 0.03009957325635864    6    6    5    2
 -0.01608034195263029    6    6    5    3
 -0.06515262455897843    6    6    5    4
 0.4252461231215163    6    6    5    5
 0.03519484781272571    6    6    6    1
 -0.05642516950803633    6    6    6    2
 -0.004945727840018852    6    6    6    3
 -0.008706695612309384    6    6    6    4
 -0.01619834103135142    6    6    6    5
 0.4691523212582528    6    6    6    6
 0.03089471064035891    7    1    1    1
 0.002130420348476749    7    1    2    1
 0.02323348625710828    7    1    2    2
 0.01496665340193492    7    1    3    1
 0.01632133283950111    7    1    3    2
 0.03173470665422577    7    1    3    3
 -0.003120188843795849    7    1    4    1
 0.006220267291076046    7    1    4    2
 8.227707060030804e-05    7    1    4    3
 0.009652058382149293    7    1    4    4
 0.001121599232329665    7    1    5    1
 0.01492018858389574    7    1    5    2
 -0.003983738160386275    7    1    5    3
 -0.02644729449029013    7    1    5    4
 0.01279618123894603    7    1    5    5
 0.003616610145205207    7    1    6    1
 -0.02208650191381407    7    1    6    2
 0.01423054725298435    7    1    6    3
 -0.005689429669293931    7    1    6    4
 0.005545247281206239    7    1    6    5
 0.02673814433478197    7    1    6    6
 0.05103801826194446    7    1    7    1
 0.01562329787182304    7    2    1    1
 -0.005754109244173731    7    2    2    1
 0.0162710452943511    7    2    2    2
 0.03999262165513844    7    2    3    1
 -0.01627790752590983    7    2    3    2
 0.02117198043655451    7    2    3    3
 0.009062869988995035    7    2    4    1
 0.003020068705915986    7    2    4    2
 0.006871448112783576    7    2    4    3
 -0.01252633653067381    7    2    4    4
 0.01141555807433504    7    2    5    1
 0.0005831575793760108    7    2    5    2
 0.005698042119388251    7    2    5    3
 -0.0227399369511584    7    2    5    4
 0.002091493220766337    7    2    5    5
 -0.01046685943235489    7    2    6    1
 -0.008829296501063505    7    2    6    2
 -0.0327585406946368    7    2    6    3
 -0.002646106154977738    7    2    6    4
 -0.01461614492273438    7    2    6    5
 0.01773240313463165    7    2    6    6
 0.007541201709237009    7    2    7    1
 0.0413866196798427    7    2    7    2
 0.06981400666482138    7    3    1    1
 0.03756180312363996    7    3    2    1
 0.06231090200368811    7    3    2    2
 0.01412856305227981    7    3    3    1
 0.007248701703532022    7    3    3    2
 0.04047887828228854    7    3    3    3
 -0.002865821423380798    7    3    4    1
 0.00907196309243548    7    3    4    2
 -0.001491677451473416    7    3    4    3
 0.07630865391898098    7    3    4    4
 0.005501398635896161    7    3    5    1
 0.01916057827611382    7    3    5    2
 -0.03438103730667647    7    3    5    3
 -0.02328035007229358    7    3    5    4
 0.0745000157988063    7    3    5    5
 0.02367147835300679    7    3    6    1
 -0.04784249490192658    7    3    6    2
 -0.0002455055987751171    7    3    6    3
 0.0003293863881717101    7    3    6    4
 -0.007539554633673934    7    3    6    5
 0.03969786355911697    7    3    6    6
 0.03504563156986923    7    3    7    1
 0.007642127053029832    7    3    7    2
 0.08924354185674604    7    3    7    3
 -0.01852881952802207    7    4    1    1
 0.01003574499557308    7    4    2    1
 -0.01690907275728691    7    4    2    2
 -0.001395119485933516    7    4    3    1
 0.004733514912834014    7    4    3    2
 -0.02256628160189154    7    4    3    3
 -0.02628717169739423    7    4    4    1
 -0.03190848830410187    7    4    4    2
 0.003582581363264625    7    4    4    3
 0.01740934454636937    7    4    4    4
 -0.01873833203358251    7    4    5    1
 -0.02191970596235585    7    4    5    2
 -0.005258339019725907    7    4    5    3
 0.04007956715268873    7    4    5    4
 0.01702117978199454    7    4    5    5
 -0.006998393927444029    7    4    6    1
 0.001683431688757423    7    4    6    2
 0.001411666303320768    7    4    6    3
 -0.008370192228690433    7    4    6    4
 -0.001042345363629027    7    4    6    5
 -0.02803669567185417    7    4    6    6
 -0.01017208947459394    7    4    7    1
 -0.01041781449581121    7    4    7    2
 -0.00862902718348532    7    4    7    3
 0.03547626258950664    7    4    7    4
 -0.005081847748329454    7    5    1    1
 0.03156167807331697    7    5    2    1
 -0.0007169317087445965    7    5    2    2
 0.0001819676081089075    7    5    3    1
 0.009527057024563889    7    5    3    2
 -0.03609560338051048    7    5    3    3
 -0.04714882030301007    7    5    4    1
 -0.03536394799590067    7    5    4    2
 -0.009252774291715145    7    5    4    3
 0.05566619134503295    7    5    4    4
 -0.009070299126424054    7    5    5    1
 -0.01712235260394634    7    5    5    2
 -0.003864605839588924    7    5    5    3
 0.04226430801925108    7    5    5    4
 0.03941863719065426    7    5    5    5
 0.008193901068838109    7    5    6    1
 -0.01295070431641786    7    5    6    2
 0.002716539394407937    7    5    6    3
 -0.008436989898045628    7    5    6    4
 0.002706595927903246    7    5    6    5
 -0.02089310631195094    7    5    6    6
 -0.000159859140592376    7    5    7    1
 -0.01338235176785182    7    5    7    2
 0.0158332835396715    7    5    7    3
 0.0198042131890242    7    5    7    4
 0.05554388738482532    7    5    7    5
 -0.002569905391860644    7    6    1    1
 -0.02901017377034005    7    6    2    1
 -0.01212515778206713    7    6    2    2
 0.04713245726882029    7    6    3    1
 -0.04071796444226464    7    6    3    2
 0.002886102464012128    7    6    3    3
 -0.009247296623696988    7    6    4    1
 -0.009796149737888608    7    6    4    2
 0.004819761770624464    7    6    4    3
 -0.01812637776370243    7    6    4    4
 0.008726614652250456    7    6    5    1
 -0.02084629211592737    7    6    5    2
 0.007512848028265269    7    6    5    3
 -0.003583236837832798    7    6    5    4
 -0.002059337001353746    7    6    5    5
 0.005269174285464702    7    6    6    1
 -0.0002447315571423596    7    6    6    2
 -0.03268781110381737    7    6    6    3
 -0.0129551189106896    7    6    6    4
 -0.01089272846324699    7    6    6    5
 0.008093156763688507    7    6    6    6
 -0.01452862980104935    7    6    7    1
 0.01855483955131614    7    6    7    2
 -0.01247244607280805    7    6    7    3
 -0.004436335379994244    7    6    7    4
 -0.008674313661651341    7    6    7    5
 0.05410402100681029    7    6    7    6
 0.485782012601766    7    7    1    1
 0.000118174935502871    7    7    2    1
 0.4596814805327903    7    7    2    2
 0.05246257879627489    7    7    3    1
 -0.007809432551263209    7    7    3    2
 0.4834754484620698    7    7    3    3
 -0.01463601178098405    7    7    4    1
 -0.008674584206245324    7    7    4    2
 0.0004291247612177774    7    7    4    3
 0.4462793192544938    7    7    4    4
 0.009854778315648292    7    7    5    1
 0.01312579198569598    7    7    5    2
 -0.02076017447097788    7    7    5    3
 -0.04433046084229507    7    7    5    4
 0.4800051020932798    7    7    5    5
 0.009305994508342814    7    7    6    1
 -0.05826717417102685    7    7    6    2
 -0.01975580992232016    7    7    6    3
 -0.01853919449425424    7    7    6    4
 -0.03041843075767995    7    7    6    5
 0.4539076991546436    7    7    6    6
 0.0535628552164117    7    7    7    1
 0.04148336218262549    7    7    7    2
 0.08590497257256609    7    7    7    3
 -0.01466446222978805    7    7    7    4
 0.003787762582224778    7    7    7    5
 0.01323148526973915    7    7    7    6
 0.5537629459098274    7    7    7    7
 0.06132865629680823    8    1    1    1
 0.007928159060670641    8    1    2    1
 0.04739293066507529    8    1    2    2
 -0.004361462284645477    8    1    3    1
 -0.00362601248220315    8    1    3    2
 0.04618538889823204    8    1    3    3
 0.01563385794314225    8    1    4    1
 -0.0008758858719051864    8    1    4    2
 0.000633055832807238    8    1    4    3
 0.04305814081149837    8    1    4    4
 -0.001686525475231446    8    1    5    1
 0.01774443370038036    8    1    5    2
 -0.02243107951851136    8    1    5    3
 -0.03336547763938326    8    1    5    4
 0.06468620372499856    8    1    5    5
 0.006785080679087165    8    1    6    1
 -0.04135737171916744    8    1    6    2
 -0.00587024907583185    8    1    6    3
 -0.003399936227390188    8    1    6    4
 -0.0207325631955419    8    1    6    5
 0.03859286892290524    8    1    6    6
 0.003026128847069613    8    1    7    1
 0.01396326125062092    8    1    7    2
 0.04223129906688591    8    1    7    3
 -0.004676851843388494    8    1    7    4
 -0.00356490951154418    8    1    7    5
 0.0003526204588226042    8    1    7    6
 0.05233832664308494    8    1    7    7
 0.0552988514272563    8    1    8    1
 0.02957800816805686    8    2    1    1
 -0.01183024303142007    8    2    2    1
 0.01042183228885312    8    2    2    2
 -0.01284216223905708    8    2    3    1
 0.002998843230773229    8    2    3    2
 0.04570031122923416    8    2    3    3
 -0.01819427439336708    8    2    4    1
 -0.022538713496499    8    2    4    2
 -0.0020453954988121    8    2    4    3
 -0.002664187764436643    8    2    4    4
 0.01118547460350794    8    2    5    1
 0.002541477232074895    8    2    5    2
 -0.002389140427730212    8    2    5    3
 -0.0173167710828447    8    2    5    4
 0.0322977777707836    8    2    5    5
 -0.02243400493817257    8    2    6    1
 -0.02710353353695908    8    2    6    2
 0.008425996683902265    8    2    6    3
 -0.02583686910467429    8    2    6    4
 -0.006559613070382831    8    2    6    5
 0.01999218329531346    8    2    6    6
 0.01391549212412761    8    2    7    1
 0.01044250675539165    8    2    7    2
 0.001242137420393417    8    2    7    3
 0.003921034420743446    8    2    7    4
 -0.00391260372567313    8    2    7    5
 0.002001104159962218    8    2    7    6
 0.03960883043913779    8    2    7    7
 0.02141595237104243    8    2    8    1
 0.05515857689057318    8    2    8    2
 -0.01887926607302606    8    3    1    1
 -0.01217664763472427    8    3    2    1
 -0.01984985797090045    8    3    2    2
 -0.00796220540777927    8    3    3    1
 0.01967479024657736    8    3    3    2
 -0.005954522517500745    8    3    3    3
 -0.000142869004999934    8    3    4    1
 -0.003187959272888149    8    3    4    2
 0.001566470462719461    8    3    4    3
 -0.02383342306045384    8    3    4    4
 -0.01552676442417046    8    3    5    1
 -0.0008249854919674955    8    3    5    2
 0.01081666749171164    8    3    5    3
 0.003182901769614629    8    3    5    4
 -0.02720662803458545    8    3    5    5
 -0.008034628142831301    8    3    6    1
 0.01190076129493889    8    3    6    2
 0.02118553960705464    8    3    6    3
 -0.0009616624182202067    8    3    6    4
 0.0120514670749741    8    3    6    5
 -0.01205337880239846    8    3    6    6
 0.02031192772665048    8    3    7    1
 -0.009777219359876976    8    3    7    2
 -0.01960562148643506    8    3    7    3
 0.007616885164444984    8    3    7    4
 -0.003423364024667609    8    3    7    5
 -0.01967545383807335    8    3    7    6
 -0.01577903668899541    8    3    7    7
 -0.02248190147125098    8    3    8    1
 0.004798232177207344    8    3    8    2
 0.03611796770353515    8    3    8    3
 0.04627412943097387    8    4    1    1
 -0.02007754137362005    8    4    2    1
 0.01667818261167517    8    4    2    2
 -0.0002907081889586045    8    4    3    1
 -0.001019323419037706    8    4    3    2
 0.04363110999867785    8    4    3    3
 -0.00778337045783407    8    4    4    1
 -0.02737309665614029    8    4    4    2
 -0.003440718257932312    8    4    4    3
 0.02976224693436969    8    4    4    4
 -0.01638385762215038    8    4    5    1
 -0.007244197003828955    8    4    5    2
 -0.006238438497665005    8    4    5    3
 -0.01755669811122226    8    4    5    4
 0.05537448588324821    8    4    5    5
 0.003312869646349642    8    4    6    1
 -0.03629443384645352    8    4    6    2
 -0.0009080479377893706    8    4    6    3
 -0.02237891175243796    8    4    6    4
 -0.01236586988484681    8    4    6    5
 0.02602159961993985    8    4    6    6
 0.006045168802776236    8    4    7    1
 0.007695136299081181    8    4    7    2
 0.01792085405249993    8    4    7    3
 0.008060709597935074    8    4    7    4
 0.006328513627189675    8    4    7    5
 0.009293639551868255    8    4    7    6
 0.04741230669692364    8    4    7    7
 0.03870910272601485    8    4    8    1
 0.03520526814896489    8    4    8    2
 -0.004961361071516672    8    4    8    3
 0.05554637131174974    8    4    8    4
 -0.01864791158453856    8    5    1    1
 0.01230639144415035    8    5    2    1
 -0.01753061173517651    8    5    2    2
 -0.02912452758539639    8    5    3    1
 0.008961835037815554    8    5    3    2
 -0.009697756632324325    8    5    3    3
 -0.03739607655366303    8    5    4    1
 -0.02432302378018784    8    5    4    2
 -0.004110890295233395    8    5    4    3
 -0.008724322968197556    8    5    4    4
 0.01968740290945108    8    5    5    1
 -0.002253997434879261    8    5    5    2
 -0.004635324487308919    8    5    5    3
 0.02383873752157731    8    5    5    4
 0.004433212976867276    8    5    5    5
 -0.01817904253036955    8    5    6    1
 -0.00323019785505174    8    5    6    2
 0.01464210425596116    8    5    6    3
 -0.01290976315575062    8    5    6    4
 0.005493007369847004    8    5    6    5
 -0.02121518309051359    8    5    6    6
 -0.004061070576475757    8    5    7    1
 -0.01081991953198564    8    5    7    2
 -0.008716565209874181    8    5    7    3
 0.01285918526661137    8    5    7    4
 0.01362227082549788    8    5    7    5
 -0.009497904376501401    8    5    7    6
 -0.01598478521525232    8    5    7    7
 -0.009254464520937155    8    5    8    1
 0.02213555937930771    8    5    8    2
 0.001213875197641613    8    5    8    3
 -0.005728539682140846    8    5    8    4
 0.04150051055850208    8    5    8    5
 -0.01224267914204983    8    6    1    1
 -0.06345770563777998    8    6    2    1
 -0.04649198713686615    8    6    2    2
 -0.0135337379492292    8    6    3    1
 0.005555139419280596    8    6    3    2
 0.02307709529014246    8    6    3    3
 -0.01112208351151874    8    6    4    1
 -0.03580551152711589    8    6    4    2
 -0.001604893913867777    8    6    4    3
 -0.05598812645823496    8    6    4    4
 -0.01727419988004306    8    6    5    1
 -0.01445936916923639    8    6    5    2
 0.01880453788777311    8    6    5    3
 -0.009718811212032158    8    6    5    4
 -0.02105221512039243    8    6    5    5
 -0.00851250165423844    8    6    6    1
 -0.0005714616533417321    8    6    6    2
 0.006240856588573417    8    6    6    3
 -0.02096262869362434    8    6    6    4
 0.001899012744433612    8    6    6    5
 -0.003998338414827178    8    6    6    6
 -0.0006385866852008697    8    6    7    1
 0.001604147699059566    8    6    7    2
 -0.03859494834217549    8    6    7    3
 0.008828686523064894    8    6    7    4
 -0.01233265966958779    8    6    7    5
 0.01047579316395866    8    6    7    6
 -0.01262163605944474    8    6    7    7
 -0.005234715955057156    8    6    8    1
 0.02697531727629264    8    6    8    2
 0.02060998431386051    8    6    8    3
 0.02893966578720385    8    6    8    4
 0.005249856201369157    8    6    8    5
 0.07342419597064682    8    6    8    6
 -0.01617137117121501    8    7    1    1
 0.02454961486679161    8    7    2    1
 0.005739116481012107    8    7    2    2
 0.05440301763660745    8    7    3    1
 -0.02012895845644687    8    7    3    2
 -0.03217535536691371    8    7    3    3
 0.00433927017361484    8    7    4    1
 0.00926878488589041    8    7    4    2
 0.009616324658021452    8    7    4    3
 0.0101247896970898    8    7    4    4
 -0.002214551460164184    8    7    5    1
 -0.009406203235958335    8    7    5    2
 -0.000330823637189282    8    7    5    3
 0.01424704976523788    8    7    5    4
 -0.008746669615178473    8    7    5    5
 0.0002949843901440487    8    7    6    1
 0.01034528362796915    8    7    6    2
 -0.03069673197165941    8    7    6    3
 0.01094450202037403    8    7    6    4
 -0.008098978328397323    8    7    6    5
 -0.01155544714979921    8    7    6    6
 0.00164490203495125    8    7    7    1
 0.01965242992888936    8    7    7    2
 0.008876005655734711    8    7    7    3
 0.004133432505124319    8    7    7    4
 0.004753970102400563    8    7    7    5
 0.01560278270709668    8    7    7    6
 0.007781711332193064    8    7    7    7
 -0.007399650702400835    8    7    8    1
 -0.02227000953699974    8    7    8    2
 -0.005181144423172974    8    7    8    3
 -0.01771339263093621    8    7    8    4
 -0.01619947681359534    8    7    8    5
 -0.02951442993519804    8    7    8    6
 0.04559894358966014    8    7    8    7
 0.4600374801709238    8    8    1    1
 0.0380552380817827    8    8    2    1
 0.4691236413249815    8    8    2    2
 -0.03821538033498245    8    8    3    1
 0.02173216477367633    8    8    3    2
 0.4372105367135827    8    8    3    3
 0.07427585525306492    8    8    4    1
 0.07173051950418007    8    8    4    2
 -0.0003716733609002003    8    8    4    3
 0.43697913153229    8    8    4    4
 0.001844946295849691    8    8    5    1
 0.06497364746110078    8    8    5    2
 -0.03449985206983088    8    8    5    3
 -0.0651689420149416    8    8    5    4
 0.427612107947795    8    8    5    5
 0.02018940619999181    8    8    6    1
 -0.02617293037135714    8    8    6    2
 0.02224385580588726    8    8    6    3
 0.0333409365014475    8    8    6    4
 -0.01817495855692274    8    8    6    5
 0.4395902888732119    8    8    6    6
 0.01707029362478885    8    8    7    1
 -0.004574605221774123    8    8    7    2
 0.06765452276337106    8    8    7    3
 -0.03577464388620077    8    8    7    4
 -0.0246988784775892    8    8    7    5
 -0.04143646265244037    8    8    7    6
 0.4317576473848025    8    8    7    7
 0.05977637502058821    8    8    8    1
 -0.005177218211224346    8    8    8    2
 -0.02085638688905295    8    8    8    3
 0.01014323443211529    8    8    8    4
 -0.03432513275426687    8    8    8    5
 -0.06068531605848577    8    8    8    6
 -0.01467821500096473    8    8    8    7
 0.5557331546906736    8    8    8    8
 -4.019325530576476    1    1  0  0
 -0.02522244564251621    2    1  0  0
 -3.477656548958526    2    2  0  0
 0.00303008765940924    3    1  0  0
 -0.03107675172968993    3    2  0  0
 -3.445843877504489    3    3  0  0
 -0.01940524463304913    4    1  0  0
 -0.04898444182377496    4    2  0  0
 -0.009559976256333381    4    3  0  0
 -3.375667994959954    4    4  0  0
 -0.05701990091241405    5    1  0  0
 -0.1924577063511082    5    2  0  0
 0.2099476090552951    5    3  0  0
 0.3299270744562855    5    4  0  0
 -2.843451647018284    5    5  0  0
 -0.158425714779512    6    1  0  0
 0.3879268397517381    6    2  0  0
 -0.00408234371436812    6    3  0  0
 0.04092597340082263    6    4  0  0
 0.1591735442901558    6    5  0  0
 -2.598741008789121    6    6  0  0
 -0.1780479707387835    7    1  0  0
 -0.0873382657004096    7    2  0  0
 -0.4550746613738242    7    3  0  0
 0.09700723414783846    7    4  0  0
 -0.02014033035717916    7    5  0  0
 0.04604229276391226    7    6  0  0
 -2.807014473423544    7    7  0  0
 -0.3621773703625446    8    1  0  0
 -0.1554201937608518    8    2  0  0
 0.1262762714705477    8    3  0  0
 -0.24826741559496    8    4  0  0
 0.1033161269778066    8    5  0  0
 0.161779569890761    8    6  0  0
 0.06688936443401489    8    7  0  0
 -2.630410115201254    8    8  0  0
 0  0  0  0  0
