00000000011111111111
00000000101111111111
00000000110111111111
00000000111011111111
00000000111101111111
00000000111110111111
00000000111111011111
00000000111111101111
00000000111111110111
00000000111111111011
00000000111111111101
00000000111111111110
00000001001111111111
00000001010111111111
00000001011011111111
00000001011101111111
00000001011110111111
00000001011111011111
00000001011111101111
00000001011111110111
00000001011111111011
00000001011111111101
00000001011111111110
00000001100111111111
00000001101011111111
00000001101101111111
00000001101110111111
00000001101111011111
00000001101111101111
00000001101111110111
00000001101111111011
00000001101111111101
00000001101111111110
00000001110011111111
00000001110101111111
00000001110110111111
00000001110111011111
00000001110111101111
00000001110111110111
00000001110111111011
00000001110111111101
00000001110111111110
00000001111001111111
00000001111010111111
00000001111011011111
00000001111011101111
00000001111011110111
00000001111011111011
00000001111011111101
00000001111011111110
00000001111100111111
00000001111101011111
00000001111101101111
00000001111101110111
00000001111101111011
00000001111101111101
00000001111101111110
00000001111110011111
00000001111110101111
00000001111110110111
00000001111110111011
00000001111110111101
00000001111110111110
00000001111111001111
00000001111111010111
00000001111111011011
00000001111111011101
00000001111111011110
00000001111111100111
00000001111111101011
00000001111111101101
00000001111111101110
00000001111111110011
00000001111111110101
00000001111111110110
00000001111111111001
00000001111111111010
00000001111111111100
00000010001111111111
00000010010111111111
00000010011011111111
00000010011101111111
00000010011110111111
00000010011111011111
00000010011111101111
00000010011111110111
00000010011111111011
00000010011111111101
00000010011111111110
00000010100111111111
00000010101011111111
00000010101101111111
00000010101110111111
00000010101111011111
00000010101111101111
00000010101111110111
00000010101111111011
00000010101111111101
00000010101111111110
00000010110011111111
00000010110101111111
00000010110110111111
00000010110111011111
00000010110111101111
00000010110111110111
00000010110111111011
00000010110111111101
00000010110111111110
00000010111001111111
00000010111010111111
00000010111011011111
00000010111011101111
00000010111011110111
00000010111011111011
00000010111011111101
00000010111011111110
00000010111100111111
00000010111101011111
00000010111101101111
00000010111101110111
00000010111101111011
00000010111101111101
00000010111101111110
00000010111110011111
00000010111110101111
00000010111110110111
00000010111110111011
00000010111110111101
00000010111110111110
00000010111111001111
00000010111111010111
00000010111111011011
00000010111111011101
00000010111111011110
00000010111111100111
00000010111111101011
00000010111111101101
00000010111111101110
00000010111111110011
00000010111111110101
00000010111111110110
00000010111111111001
00000010111111111010
00000010111111111100
00000011000111111111
00000011001011111111
00000011001101111111
00000011001110111111
00000011001111011111
00000011001111101111
00000011001111110111
00000011001111111011
00000011001111111101
00000011001111111110
00000011010011111111
00000011010101111111
00000011010110111111
00000011010111011111
00000011010111101111
00000011010111110111
00000011010111111011
00000011010111111101
00000011010111111110
00000011011001111111
00000011011010111111
00000011011011011111
00000011011011101111
00000011011011110111
00000011011011111011
00000011011011111101
00000011011011111110
00000011011100111111
00000011011101011111
00000011011101101111
00000011011101110111
00000011011101111011
00000011011101111101
00000011011101111110
00000011011110011111
00000011011110101111
00000011011110110111
00000011011110111011
00000011011110111101
00000011011110111110
00000011011111001111
00000011011111010111
00000011011111011011
00000011011111011101
00000011011111011110
00000011011111100111
00000011011111101011
00000011011111101101
00000011011111101110
00000011011111110011
00000011011111110101
00000011011111110110
00000011011111111001
00000011011111111010
00000011011111111100
00000011100011111111
00000011100101111111
00000011100110111111
00000011100111011111
00000011100111101111
00000011100111110111
00000011100111111011
00000011100111111101
00000011100111111110
00000011101001111111
00000011101010111111
00000011101011011111
00000011101011101111
00000011101011110111
00000011101011111011
00000011101011111101
00000011101011111110
00000011101100111111
00000011101101011111
00000011101101101111
00000011101101110111
00000011101101111011
00000011101101111101
00000011101101111110
00000011101110011111
00000011101110101111
00000011101110110111
00000011101110111011
00000011101110111101
00000011101110111110
00000011101111001111
00000011101111010111
00000011101111011011
00000011101111011101
00000011101111011110
00000011101111100111
00000011101111101011
00000011101111101101
00000011101111101110
00000011101111110011
00000011101111110101
00000011101111110110
00000011101111111001
00000011101111111010
00000011110001111111
00000011110100111111
00000011110101011111
00000011110101101111
00000011110101110111
00000011110101111011
00000011110101111101
00000011110101111110
00000011111000111111
00000011111001011111
00000011111001101111
00000011111001110111
00000011111001111011
00000011111001111101
00000011111001111110
00000011111100011111
00000011111100101111
00000011111100111011
00000011111101001111
00000011111101010111
00000011111101011011
00000011111101011101
00000011111101011110
00000011111101100111
00000011111101101011
00000011111101101101
00000011111101101110
00000011111101110011
00000011111101111001
00000011111101111010
00000100001111111111
00000100010111111111
00000100011011111111
00000100011101111111
00000100011110111111
00000100011111011111
00000100011111101111
00000100011111110111
00000100011111111011
00000100011111111101
00000100011111111110
00000100100111111111
00000100101011111111
00000100101101111111
00000100101110111111
00000100101111011111
00000100101111101111
00000100101111110111
00000100101111111011
00000100101111111101
00000100101111111110
00000100110011111111
00000100110101111111
00000100110110111111
00000100110111011111
00000100110111101111
00000100110111110111
00000100110111111011
00000100110111111101
00000100110111111110
00000100111001111111
00000100111010111111
00000100111011011111
00000100111011101111
00000100111011110111
00000100111011111011
00000100111011111101
00000100111011111110
00000100111100111111
00000100111101011111
00000100111101101111
00000100111101110111
00000100111101111011
00000100111101111101
00000100111101111110
00000100111110011111
00000100111110101111
00000100111110110111
00000100111110111011
00000100111110111101
00000100111110111110
00000100111111001111
00000100111111010111
00000100111111011011
00000100111111011101
00000100111111011110
00000100111111100111
00000100111111101011
00000100111111101101
00000100111111101110
00000100111111110011
00000100111111110101
00000100111111110110
00000100111111111001
00000100111111111010
00000100111111111100
00000101000111111111
00000101001011111111
00000101001101111111
00000101001110111111
00000101001111011111
00000101001111101111
00000101001111110111
00000101001111111011
00000101001111111101
00000101001111111110
00000101010011111111
00000101010101111111
00000101010110111111
00000101010111011111
00000101010111101111
00000101010111110111
00000101010111111011
00000101010111111101
00000101010111111110
00000101011001111111
00000101011010111111
00000101011011011111
00000101011011101111
00000101011011110111
00000101011011111011
00000101011011111101
00000101011011111110
00000101011100111111
00000101011101011111
00000101011101101111
00000101011101110111
00000101011101111011
00000101011101111101
00000101011101111110
00000101011110011111
00000101011110101111
00000101011110110111
00000101011110111011
00000101011110111101
00000101011110111110
00000101011111001111
00000101011111010111
00000101011111011011
00000101011111011101
00000101011111011110
00000101011111100111
00000101011111101011
00000101011111101101
00000101011111101110
00000101011111110011
00000101011111110101
00000101011111110110
00000101011111111001
00000101011111111100
00000101100011111111
00000101100101111111
00000101100110111111
00000101100111011111
00000101100111101111
00000101100111110111
00000101100111111011
00000101100111111101
00000101100111111110
00000101101001111111
00000101101010111111
00000101101011011111
00000101101011101111
00000101101011110111
00000101101011111011
00000101101011111101
00000101101011111110
00000101101100111111
00000101101101011111
00000101101101101111
00000101101110101111
00000101101111001111
00000101101111100111
00000101101111101011
00000101101111101101
00000101101111101110
00000101110001111111
00000101110100111111
00000101110101011111
00000101110101101111
00000101110101110111
00000101110101111011
00000101110101111101
00000101110101111110
00000101111000111111
00000101111001011111
00000101111001101111
00000101111001110111
00000101111001111011
00000101111001111101
00000101111001111110
00000101111100011111
00000101111100101111
00000101111100110111
00000101111100111011
00000101111100111101
00000101111100111110
00000101111101001111
00000101111101010111
00000101111101011011
00000101111101011101
00000101111101011110
00000101111101100111
00000101111101101011
00000101111101101101
00000101111101101110
00000110000111111111
00000110001011111111
00000110001101111111
00000110001110111111
00000110001111011111
00000110001111101111
00000110001111110111
00000110001111111011
00000110001111111101
00000110001111111110
00000110010011111111
00000110010101111111
00000110010110111111
00000110010111011111
00000110010111101111
00000110010111110111
00000110010111111011
00000110010111111101
00000110010111111110
00000110011001111111
00000110011010111111
00000110011011011111
00000110011011101111
00000110011011110111
00000110011011111011
00000110011011111101
00000110011011111110
00000110011100111111
00000110011101011111
00000110011101101111
00000110011101110111
00000110011101111011
00000110011101111101
00000110011101111110
00000110011110011111
00000110011110101111
00000110011110110111
00000110011110111011
00000110011110111101
00000110011110111110
00000110011111001111
00000110011111010111
00000110011111011011
00000110011111011101
00000110011111011110
00000110011111100111
00000110011111101011
00000110011111101101
00000110011111101110
00000110011111110011
00000110011111110101
00000110011111110110
00000110011111111001
00000110011111111010
00000110011111111100
00000110100011111111
00000110100101111111
00000110100110111111
00000110100111011111
00000110100111101111
00000110100111110111
00000110100111111011
00000110100111111101
00000110100111111110
00000110101001111111
00000110101010111111
00000110101011011111
00000110101011101111
00000110101011110111
00000110101011111011
00000110101011111101
00000110101011111110
00000110101100111111
00000110101101011111
00000110101101101111
00000110101101110111
00000110101101111011
00000110101101111101
00000110101101111110
00000110101110011111
00000110101110101111
00000110101110110111
00000110101110111011
00000110101110111101
00000110101110111110
00000110101111001111
00000110101111010111
00000110101111011011
00000110101111011101
00000110101111011110
00000110101111100111
00000110101111101011
00000110101111110011
00000110101111110101
00000110101111110110
00000110101111111001
00000110101111111010
00000110110001111111
00000110110010111111
00000110110011011111
00000110110011101111
00000110110011110111
00000110110011111011
00000110110011111101
00000110110011111110
00000110110100111111
00000110110101011111
00000110110101101111
00000110110101110111
00000110110101111011
00000110110101111101
00000110110101111110
00000110111000111111
00000110111001011111
00000110111001101111
00000110111001110111
00000110111001111011
00000110111001111101
00000110111001111110
00000110111100011111
00000110111100101111
00000110111100110111
00000110111100111011
00000110111100111101
00000110111100111110
00000110111101001111
00000110111101010111
00000110111101011011
00000110111101011101
00000110111101011110
00000110111101101011
00000110111101110011
00000110111101111001
00000110111101111010
00000111000011111111
00000111010001111111
00000111010010111111
00000111010011011111
00000111010011101111
00000111010011110111
00000111010011111011
00000111010011111101
00000111010011111110
00001000001111111111
00001000010111111111
00001000011011111111
00001000011101111111
00001000011110111111
00001000011111011111
00001000011111101111
00001000011111110111
00001000011111111011
00001000011111111101
00001000011111111110
00001000100111111111
00001000101011111111
00001000101101111111
00001000101110111111
00001000101111011111
00001000101111101111
00001000101111110111
00001000101111111011
00001000101111111101
00001000101111111110
00001000110011111111
00001000110101111111
00001000110110111111
00001000110111011111
00001000110111101111
00001000110111110111
00001000110111111011
00001000110111111101
00001000110111111110
00001000111001111111
00001000111010111111
00001000111011011111
00001000111011101111
00001000111011110111
00001000111011111011
00001000111011111101
00001000111011111110
00001000111100111111
00001000111101011111
00001000111101101111
00001000111101110111
00001000111101111011
00001000111101111101
00001000111101111110
00001000111110011111
00001000111110101111
00001000111110110111
00001000111110111011
00001000111110111101
00001000111110111110
00001000111111001111
00001000111111010111
00001000111111011011
00001000111111011101
00001000111111011110
00001000111111100111
00001000111111101011
00001000111111101101
00001000111111101110
00001000111111110011
00001000111111110101
00001000111111110110
00001000111111111001
00001000111111111010
00001000111111111100
00001001000111111111
00001001001011111111
00001001001101111111
00001001001110111111
00001001001111011111
00001001001111101111
00001001001111110111
00001001001111111011
00001001001111111101
00001001001111111110
00001001010011111111
00001001010101111111
00001001010110111111
00001001010111011111
00001001010111101111
00001001010111110111
00001001010111111011
00001001010111111101
00001001010111111110
00001001011001111111
00001001011010111111
00001001011011011111
00001001011011101111
00001001011011110111
00001001011011111011
00001001011011111101
00001001011011111110
00001001011100111111
00001001011101011111
00001001011101101111
00001001011101110111
00001001011101111011
00001001011101111101
00001001011101111110
00001001011110011111
00001001011110101111
00001001011110110111
00001001011110111011
00001001011110111101
00001001011110111110
00001001011111001111
00001001011111010111
00001001011111011011
00001001011111011101
00001001011111011110
00001001011111100111
00001001011111101011
00001001011111101101
00001001011111101110
00001001011111110011
00001001011111110101
00001001011111110110
00001001011111111001
00001001011111111010
00001001011111111100
00001001100011111111
00001001100101111111
00001001100110111111
00001001100111011111
00001001100111101111
00001001100111110111
00001001100111111011
00001001100111111101
00001001100111111110
00001001101001111111
00001001101010111111
00001001101011011111
00001001101011101111
00001001101011110111
00001001101011111011
00001001101011111101
00001001101011111110
00001001101101011111
00001001101101101111
00001001101110011111
00001001101110101111
00001001101111001111
00001001101111010111
00001001101111011011
00001001101111011101
00001001101111011110
00001001101111100111
00001001101111101011
00001001101111101101
00001001101111101110
00001001110001111111
00001001110100111111
00001001110101011111
00001001110101101111
00001001110101110111
00001001110101111011
00001001110101111101
00001001110101111110
00001001111000111111
00001001111001011111
00001001111001101111
00001001111001110111
00001001111001111011
00001001111001111101
00001001111001111110
00001001111100011111
00001001111100101111
00001001111101001111
00001001111101010111
00001001111101011011
00001001111101011101
00001001111101011110
00001001111101100111
00001001111101101011
00001001111101101101
00001001111101101110
00001010000111111111
00001010001011111111
00001010001101111111
00001010001110111111
00001010001111011111
00001010001111101111
00001010001111110111
00001010001111111011
00001010001111111101
00001010001111111110
00001010010011111111
00001010010101111111
00001010010110111111
00001010010111011111
00001010010111101111
00001010010111110111
00001010010111111011
00001010010111111101
00001010010111111110
00001010011001111111
00001010011010111111
00001010011011011111
00001010011011101111
00001010011011110111
00001010011011111011
00001010011011111101
00001010011011111110
00001010011100111111
00001010011101011111
00001010011101101111
00001010011101110111
00001010011101111011
00001010011101111101
00001010011101111110
00001010011110011111
00001010011110101111
00001010011110110111
00001010011110111011
00001010011110111101
00001010011110111110
00001010011111001111
00001010011111010111
00001010011111011011
00001010011111011101
00001010011111011110
00001010011111100111
00001010011111101011
00001010011111101101
00001010011111101110
00001010011111110011
00001010011111110101
00001010011111110110
00001010011111111001
00001010011111111010
00001010100011111111
00001010100101111111
00001010100110111111
00001010100111011111
00001010100111101111
00001010100111110111
00001010100111111011
00001010100111111101
00001010100111111110
00001010101001111111
00001010101010111111
00001010101011011111
00001010101011101111
00001010101011110111
00001010101011111011
00001010101011111101
00001010101011111110
00001010101100111111
00001010101101011111
00001010101101101111
00001010101101110111
00001010101101111011
00001010101101111101
00001010101101111110
00001010101110011111
00001010101110101111
00001010101110110111
00001010101110111011
00001010101110111101
00001010101110111110
00001010101111001111
00001010101111010111
00001010101111011011
00001010101111011101
00001010101111011110
00001010101111100111
00001010101111101011
00001010101111110011
00001010101111110101
00001010101111110110
00001010101111111001
00001010101111111010
00001010110001111111
00001010110100111111
00001010110101011111
00001010110101101111
00001010110101110111
00001010110101111011
00001010110101111101
00001010110101111110
00001010111000111111
00001010111001011111
00001010111001101111
00001010111001110111
00001010111001111011
00001010111001111101
00001010111001111110
00001010111100011111
00001010111100111011
00001010111101001111
00001010111101010111
00001010111101011011
00001010111101011101
00001010111101011110
00001010111101101011
00001010111101110011
00001010111101111001
00001010111101111010
00001100000111111111
00001100001011111111
00001100001101111111
00001100001110111111
00001100001111011111
00001100001111101111
00001100001111110111
00001100001111111011
00001100001111111101
00001100001111111110
00001100010011111111
00001100010101111111
00001100010110111111
00001100010111011111
00001100010111101111
00001100010111110111
00001100010111111011
00001100010111111101
00001100010111111110
00001100011001111111
00001100011010111111
00001100011011011111
00001100011011101111
00001100011011110111
00001100011011111011
00001100011011111101
00001100011011111110
00001100011100111111
00001100011101011111
00001100011101101111
00001100011101110111
00001100011101111011
00001100011101111101
00001100011101111110
00001100011110011111
00001100011110101111
00001100011110110111
00001100011110111011
00001100011110111101
00001100011110111110
00001100011111001111
00001100011111010111
00001100011111011011
00001100011111011101
00001100011111011110
00001100011111100111
00001100011111101011
00001100011111101101
00001100011111101110
00001100011111110011
00001100011111110101
00001100011111110110
00001100011111111001
00001100011111111010
00001100011111111100
00001100100011111111
00001100100101111111
00001100100110111111
00001100100111011111
00001100100111101111
00001100100111110111
00001100100111111011
00001100100111111101
00001100100111111110
00001100101001111111
00001100101010111111
00001100101011011111
00001100101011101111
00001100101011110111
00001100101011111011
00001100101011111101
00001100101011111110
00001100101100111111
00001100101101011111
00001100101110011111
00001100101111001111
00001100101111010111
00001100101111011011
00001100101111011101
00001100101111011110
00001100110001111111
00001100110010111111
00001100110011011111
00001100110011101111
00001100110011110111
00001100110011111011
00001100110011111101
00001100110011111110
00001100110100111111
00001100110101011111
00001100110101101111
00001100110101110111
00001100110101111011
00001100110101111101
00001100110101111110
00001100111000111111
00001100111001011111
00001100111100011111
00001100111100101111
00001100111100110111
00001100111100111011
00001100111100111101
00001100111100111110
00001100111101001111
00001100111101010111
00001100111101011011
00001100111101011101
00001100111101011110
00001101000011111111
00001101010001111111
00001101010010111111
00001101010011011111
00001101010011101111
00001101010011110111
00001101010011111011
00001101010011111101
00001101010011111110
00001110000011111111
00001110010001111111
00001110010010111111
00001110010011011111
00001110010011101111
00001110010011110111
00001110010011111011
00001110010011111101
00001110010011111110
00010000001111111111
00010000010111111111
00010000011011111111
00010000011101111111
00010000011110111111
00010000011111011111
00010000011111101111
00010000011111110111
00010000011111111011
00010000011111111101
00010000011111111110
00010000100111111111
00010000101011111111
00010000101101111111
00010000101110111111
00010000101111011111
00010000101111101111
00010000101111110111
00010000101111111011
00010000101111111101
00010000101111111110
00010000110011111111
00010000110101111111
00010000110110111111
00010000110111011111
00010000110111101111
00010000110111110111
00010000110111111011
00010000110111111101
00010000110111111110
00010000111001111111
00010000111010111111
00010000111011011111
00010000111011101111
00010000111011110111
00010000111011111011
00010000111011111101
00010000111011111110
00010000111100111111
00010000111101011111
00010000111101101111
00010000111101110111
00010000111101111011
00010000111101111101
00010000111101111110
00010000111110011111
00010000111110101111
00010000111110110111
00010000111110111011
00010000111110111101
00010000111110111110
00010000111111001111
00010000111111010111
00010000111111011011
00010000111111011101
00010000111111011110
00010000111111100111
00010000111111101011
00010000111111101101
00010000111111101110
00010000111111110011
00010000111111110101
00010000111111110110
00010000111111111001
00010000111111111010
00010000111111111100
00010001000111111111
00010001001011111111
00010001001101111111
00010001001110111111
00010001001111011111
00010001001111101111
00010001001111110111
00010001001111111011
00010001001111111101
00010001001111111110
00010001010011111111
00010001010101111111
00010001010110111111
00010001010111011111
00010001010111101111
00010001010111110111
00010001010111111011
00010001010111111101
00010001010111111110
00010001011001111111
00010001011010111111
00010001011011011111
00010001011011101111
00010001011011110111
00010001011011111011
00010001011011111101
00010001011011111110
00010001011100111111
00010001011101011111
00010001011101101111
00010001011101110111
00010001011101111011
00010001011101111101
00010001011101111110
00010001011110011111
00010001011110101111
00010001011110110111
00010001011110111011
00010001011110111101
00010001011110111110
00010001011111001111
00010001011111010111
00010001011111011011
00010001011111011101
00010001011111011110
00010001011111100111
00010001011111101011
00010001011111101101
00010001011111101110
00010001011111110011
00010001011111110101
00010001011111110110
00010001011111111001
00010001011111111100
00010001100011111111
00010001100101111111
00010001100110111111
00010001100111011111
00010001100111101111
00010001100111110111
00010001100111111011
00010001100111111101
00010001100111111110
00010001101001111111
00010001101010111111
00010001101011011111
00010001101011101111
00010001101011110111
00010001101011111011
00010001101011111101
00010001101011111110
00010001101100111111
00010001101101011111
00010001101101101111
00010001101101110111
00010001101101111011
00010001101101111101
00010001101101111110
00010001101110101111
00010001101111001111
00010001101111100111
00010001101111101011
00010001101111101101
00010001101111101110
00010001110001111111
00010001110100111111
00010001110101011111
00010001110101101111
00010001110101110111
00010001110101111011
00010001110101111101
00010001110101111110
00010001111000111111
00010001111001011111
00010001111001101111
00010001111001110111
00010001111001111011
00010001111001111101
00010001111001111110
00010001111100011111
00010001111100101111
00010001111101001111
00010001111101010111
00010001111101011011
00010001111101011101
00010001111101011110
00010001111101100111
00010001111101101011
00010001111101101101
00010001111101101110
00010010000111111111
00010010001011111111
00010010001101111111
00010010001110111111
00010010001111011111
00010010001111101111
00010010001111110111
00010010001111111011
00010010001111111101
00010010001111111110
00010010010011111111
00010010010101111111
00010010010110111111
00010010010111011111
00010010010111101111
00010010010111110111
00010010010111111011
00010010010111111101
00010010010111111110
00010010011001111111
00010010011010111111
00010010011011011111
00010010011011101111
00010010011011110111
00010010011011111011
00010010011011111101
00010010011011111110
00010010011100111111
00010010011101011111
00010010011101101111
00010010011101110111
00010010011101111011
00010010011101111101
00010010011101111110
00010010011110011111
00010010011110101111
00010010011110110111
00010010011110111011
00010010011110111101
00010010011110111110
00010010011111001111
00010010011111010111
00010010011111011011
00010010011111011101
00010010011111011110
00010010011111100111
00010010011111101011
00010010011111101101
00010010011111101110
00010010011111110011
00010010011111110101
00010010011111110110
00010010011111111001
00010010011111111010
00010010100011111111
00010010100101111111
00010010100110111111
00010010100111011111
00010010100111110111
00010010100111111011
00010010101001111111
00010010101010111111
00010010101011011111
00010010101011101111
00010010101011110111
00010010101011111011
00010010101011111101
00010010101011111110
00010010101100111111
00010010101101011111
00010010101101101111
00010010101101110111
00010010101101111011
00010010101101111101
00010010101101111110
00010010101110011111
00010010101110101111
00010010101110110111
00010010101110111011
00010010101110111101
00010010101110111110
00010010101111001111
00010010101111010111
00010010101111011011
00010010101111011101
00010010101111011110
00010010101111100111
00010010101111101011
00010010101111110011
00010010101111110101
00010010101111110110
00010010101111111001
00010010101111111010
00010010110001111111
00010010110101011111
00010010110101111011
00010010111000111111
00010010111001011111
00010010111001101111
00010010111001110111
00010010111001111011
00010010111001111101
00010010111001111110
00010010111100011111
00010010111100111011
00010010111101001111
00010010111101010111
00010010111101011011
00010010111101011101
00010010111101011110
00010010111101101011
00010010111101110011
00010010111101111001
00010010111101111010
00010100000111111111
00010100001011111111
00010100001101111111
00010100001110111111
00010100001111011111
00010100001111101111
00010100001111110111
00010100001111111011
00010100001111111101
00010100001111111110
00010100010011111111
00010100010101111111
00010100010110111111
00010100010111011111
00010100010111101111
00010100010111110111
00010100010111111011
00010100010111111101
00010100010111111110
00010100011001111111
00010100011010111111
00010100011011011111
00010100011011101111
00010100011011110111
00010100011011111011
00010100011011111101
00010100011011111110
00010100011100111111
00010100011101011111
00010100011101101111
00010100011101110111
00010100011101111011
00010100011101111101
00010100011101111110
00010100011110011111
00010100011110101111
00010100011110110111
00010100011110111011
00010100011110111101
00010100011110111110
00010100011111001111
00010100011111010111
00010100011111011011
00010100011111011101
00010100011111011110
00010100011111100111
00010100011111101011
00010100011111101101
00010100011111101110
00010100011111110011
00010100011111110101
00010100011111110110
00010100011111111001
00010100011111111100
00010100100011111111
00010100100101111111
00010100100110111111
00010100100111011111
00010100100111101111
00010100100111110111
00010100100111111011
00010100100111111101
00010100100111111110
00010100101001111111
00010100101010111111
00010100101011011111
00010100101011101111
00010100101011110111
00010100101011111011
00010100101011111101
00010100101011111110
00010100101100111111
00010100101101011111
00010100101101101111
00010100101101110111
00010100101101111011
00010100101101111101
00010100101101111110
00010100110001111111
00010100110100111111
00010100110101011111
00010100110101101111
00010100110101110111
00010100110101111011
00010100110101111101
00010100110101111110
00010100111000111111
00010100111001011111
00010100111100011111
00010100111100101111
00010100111100110111
00010100111100111011
00010100111100111101
00010100111100111110
00010100111101001111
00010100111101010111
00010100111101011011
00010100111101011101
00010100111101011110
00010110000011111111
00010110010001111111
00010110010010111111
00010110010011011111
00010110010011101111
00010110010011110111
00010110010011111011
00010110010011111101
00010110010011111110
00011000000111111111
00011000001011111111
00011000001101111111
00011000001110111111
00011000001111011111
00011000001111101111
00011000001111110111
00011000001111111011
00011000001111111101
00011000001111111110
00011000010011111111
00011000010101111111
00011000010110111111
00011000010111011111
00011000010111101111
00011000010111110111
00011000010111111011
00011000010111111101
00011000010111111110
00011000011001111111
00011000011010111111
00011000011011011111
00011000011011101111
00011000011011110111
00011000011011111011
00011000011011111101
00011000011011111110
00011000011100111111
00011000011101011111
00011000011101101111
00011000011101110111
00011000011101111011
00011000011101111101
00011000011101111110
00011000011110011111
00011000011110101111
00011000011110110111
00011000011110111011
00011000011110111101
00011000011110111110
00011000011111001111
00011000011111010111
00011000011111011011
00011000011111011101
00011000011111011110
00011000011111100111
00011000011111101011
00011000011111101101
00011000011111101110
00011000011111110011
00011000011111110101
00011000011111110110
00011000011111111001
00011000011111111010
00011000100011111111
00011000100101111111
00011000100110111111
00011000100111011111
00011000100111101111
00011000100111110111
00011000100111111011
00011000100111111101
00011000100111111110
00011000101001111111
00011000101010111111
00011000101011011111
00011000101011101111
00011000101011110111
00011000101011111011
00011000101011111101
00011000101011111110
00011000101100111111
00011000101101011111
00011000101101101111
00011000101101110111
00011000101101111011
00011000101101111101
00011000101101111110
00011000101110011111
00011000101111001111
00011000101111010111
00011000101111011011
00011000101111011101
00011000101111011110
00011000110001111111
00011000110100111111
00011000110101011111
00011000110101101111
00011000110101110111
00011000110101111011
00011000110101111101
00011000110101111110
00011000111001011111
00011000111100011111
00011000111101001111
00011000111101010111
00011000111101011011
00011000111101011101
00011000111101011110
00011100000011111111
00011100010001111111
00011100010010111111
00011100010011011111
00011100010011101111
00011100010011110111
00011100010011111011
00011100010011111101
00011100010011111110
00100000001111111111
00100000010111111111
00100000011011111111
00100000011101111111
00100000011110111111
00100000011111011111
00100000011111101111
00100000011111110111
00100000011111111011
00100000011111111101
00100000011111111110
00100000100111111111
00100000101011111111
00100000101101111111
00100000101110111111
00100000101111011111
00100000101111101111
00100000101111110111
00100000101111111011
00100000101111111101
00100000101111111110
00100000110011111111
00100000110101111111
00100000110110111111
00100000110111011111
00100000110111101111
00100000110111110111
00100000110111111011
00100000110111111101
00100000110111111110
00100000111001111111
00100000111010111111
00100000111011011111
00100000111011101111
00100000111011110111
00100000111011111011
00100000111011111101
00100000111011111110
00100000111100111111
00100000111101011111
00100000111101101111
00100000111101110111
00100000111101111011
00100000111101111101
00100000111101111110
00100000111110011111
00100000111110101111
00100000111110110111
00100000111110111011
00100000111110111101
00100000111110111110
00100000111111001111
00100000111111010111
00100000111111011011
00100000111111011101
00100000111111011110
00100000111111100111
00100000111111101011
00100000111111101101
00100000111111101110
00100000111111110011
00100000111111110101
00100000111111110110
00100000111111111001
00100000111111111010
00100000111111111100
00100001000111111111
00100001001011111111
00100001001101111111
00100001001110111111
00100001001111011111
00100001001111101111
00100001001111110111
00100001001111111011
00100001001111111101
00100001001111111110
00100001010011111111
00100001010101111111
00100001010110111111
00100001010111011111
00100001010111101111
00100001010111110111
00100001010111111011
00100001010111111101
00100001010111111110
00100001011001111111
00100001011010111111
00100001011011011111
00100001011011101111
00100001011011110111
00100001011011111011
00100001011011111101
00100001011011111110
00100001011100111111
00100001011101011111
00100001011101101111
00100001011101110111
00100001011101111011
00100001011101111101
00100001011101111110
00100001011110011111
00100001011110101111
00100001011110110111
00100001011110111011
00100001011110111101
00100001011110111110
00100001011111001111
00100001011111010111
00100001011111011011
00100001011111011101
00100001011111011110
00100001011111100111
00100001011111101011
00100001011111101101
00100001011111101110
00100001011111110011
00100001011111110101
00100001011111110110
00100001011111111001
00100001011111111010
00100001011111111100
00100001100011111111
00100001100101111111
00100001100110111111
00100001100111011111
00100001100111101111
00100001100111110111
00100001100111111011
00100001100111111101
00100001100111111110
00100001101001111111
00100001101010111111
00100001101011011111
00100001101011101111
00100001101011110111
00100001101011111011
00100001101011111101
00100001101011111110
00100001101100111111
00100001101101011111
00100001101101101111
00100001101101110111
00100001101101111011
00100001101101111101
00100001101101111110
00100001101110011111
00100001101110101111
00100001101110110111
00100001101110111011
00100001101110111101
00100001101110111110
00100001101111001111
00100001101111010111
00100001101111011011
00100001101111011101
00100001101111011110
00100001101111100111
00100001101111101011
00100001101111101101
00100001101111101110
00100001101111110011
00100001101111111001
00100001101111111010
00100001110001111111
00100001110100111111
00100001110101011111
00100001110101101111
00100001110101110111
00100001110101111011
00100001110101111101
00100001110101111110
00100001111000111111
00100001111001011111
00100001111001101111
00100001111001110111
00100001111001111011
00100001111001111101
00100001111001111110
00100001111100011111
00100001111100101111
00100001111101001111
00100001111101010111
00100001111101011011
00100001111101011101
00100001111101011110
00100001111101100111
00100001111101101011
00100001111101101101
00100001111101101110
00100010000111111111
00100010001011111111
00100010001101111111
00100010001110111111
00100010001111011111
00100010001111101111
00100010001111110111
00100010001111111011
00100010001111111101
00100010001111111110
00100010010011111111
00100010010101111111
00100010010110111111
00100010010111011111
00100010010111101111
00100010010111110111
00100010010111111011
00100010010111111101
00100010010111111110
00100010011001111111
00100010011010111111
00100010011011011111
00100010011011101111
00100010011011110111
00100010011011111011
00100010011011111101
00100010011011111110
00100010011100111111
00100010011101011111
00100010011101101111
00100010011101110111
00100010011101111011
00100010011101111101
00100010011101111110
00100010011110011111
00100010011110101111
00100010011110110111
00100010011110111011
00100010011110111101
00100010011110111110
00100010011111001111
00100010011111010111
00100010011111011011
00100010011111011101
00100010011111011110
00100010011111100111
00100010011111101011
00100010011111101101
00100010011111101110
00100010011111110011
00100010011111110101
00100010011111110110
00100010011111111001
00100010011111111010
00100010011111111100
00100010100011111111
00100010100101111111
00100010100110111111
00100010100111011111
00100010100111101111
00100010100111110111
00100010100111111011
00100010100111111101
00100010100111111110
00100010101001111111
00100010101010111111
00100010101011011111
00100010101011101111
00100010101011110111
00100010101011111011
00100010101011111101
00100010101011111110
00100010101100111111
00100010101101011111
00100010101101101111
00100010101101110111
00100010101101111011
00100010101101111101
00100010101101111110
00100010101110011111
00100010101110101111
00100010101110110111
00100010101110111011
00100010101110111101
00100010101110111110
00100010101111001111
00100010101111010111
00100010101111011011
00100010101111011101
00100010101111011110
00100010101111100111
00100010101111101011
00100010101111101101
00100010101111101110
00100010101111110011
00100010101111110101
00100010101111110110
00100010101111111001
00100010101111111010
00100010110001111111
00100010110100111111
00100010110101011111
00100010110101101111
00100010110101110111
00100010110101111011
00100010110101111101
00100010110101111110
00100010111000111111
00100010111001011111
00100010111001101111
00100010111001110111
00100010111001111011
00100010111001111101
00100010111001111110
00100010111100011111
00100010111100101111
00100010111100111011
00100010111101001111
00100010111101010111
00100010111101011011
00100010111101011101
00100010111101011110
00100010111101100111
00100010111101101011
00100010111101101101
00100010111101101110
00100010111101110011
00100010111101111001
00100010111101111010
00100100000111111111
00100100001011111111
00100100001101111111
00100100001110111111
00100100001111011111
00100100001111101111
00100100001111110111
00100100001111111011
00100100001111111101
00100100001111111110
00100100010011111111
00100100010101111111
00100100010110111111
00100100010111011111
00100100010111101111
00100100010111110111
00100100010111111011
00100100010111111101
00100100010111111110
00100100011001111111
00100100011010111111
00100100011011011111
00100100011011101111
00100100011011110111
00100100011011111011
00100100011011111101
00100100011011111110
00100100011100111111
00100100011101011111
00100100011101101111
00100100011101110111
00100100011101111011
00100100011101111101
00100100011101111110
00100100011110011111
00100100011110101111
00100100011110110111
00100100011110111011
00100100011110111101
00100100011110111110
00100100011111001111
00100100011111010111
00100100011111011011
00100100011111011101
00100100011111011110
00100100011111100111
00100100011111101011
00100100011111101101
00100100011111101110
00100100011111110011
00100100011111110101
00100100011111110110
00100100011111111001
00100100011111111010
00100100011111111100
00100100100011111111
00100100100101111111
00100100100110111111
00100100100111011111
00100100100111101111
00100100100111110111
00100100100111111011
00100100100111111101
00100100100111111110
00100100101001111111
00100100101010111111
00100100101011011111
00100100101011101111
00100100101011110111
00100100101011111011
00100100101011111101
00100100101011111110
00100100101100111111
00100100101101011111
00100100101101101111
00100100101101110111
00100100101101111011
00100100101101111101
00100100101101111110
00100100101110011111
00100100101110101111
00100100101110110111
00100100101110111011
00100100101110111101
00100100101110111110
00100100101111001111
00100100101111010111
00100100101111011011
00100100101111011101
00100100101111011110
00100100101111100111
00100100101111101011
00100100101111101101
00100100101111101110
00100100101111110011
00100100101111111001
00100100101111111010
00100100110001111111
00100100110100111111
00100100110101011111
00100100110101101111
00100100110101110111
00100100110101111011
00100100110101111101
00100100110101111110
00100100111000111111
00100100111001011111
00100100111001101111
00100100111001110111
00100100111001111011
00100100111001111101
00100100111001111110
00100100111100011111
00100100111100101111
00100100111100110111
00100100111100111011
00100100111100111101
00100100111100111110
00100100111101001111
00100100111101010111
00100100111101011011
00100100111101011101
00100100111101011110
00100100111101100111
00100100111101101011
00100100111101101101
00100100111101101110
00100110000011111111
00100110010001111111
00100110010010111111
00100110010011011111
00100110010011101111
00100110010011110111
00100110010011111011
00100110010011111101
00100110010011111110
00101000000111111111
00101000001011111111
00101000001101111111
00101000001110111111
00101000001111011111
00101000001111101111
00101000001111110111
00101000001111111011
00101000001111111101
00101000001111111110
00101000010011111111
00101000010101111111
00101000010110111111
00101000010111011111
00101000010111101111
00101000010111110111
00101000010111111011
00101000010111111101
00101000010111111110
00101000011001111111
00101000011010111111
00101000011011011111
00101000011011101111
00101000011011110111
00101000011011111011
00101000011011111101
00101000011011111110
00101000011100111111
00101000011101011111
00101000011101101111
00101000011101110111
00101000011101111011
00101000011101111101
00101000011101111110
00101000011110011111
00101000011110101111
00101000011110110111
00101000011110111011
00101000011110111101
00101000011110111110
00101000011111001111
00101000011111010111
00101000011111011011
00101000011111011101
00101000011111011110
00101000011111100111
00101000011111101011
00101000011111101101
00101000011111101110
00101000011111110011
00101000011111110101
00101000011111110110
00101000011111111001
00101000011111111010
00101000011111111100
00101000100011111111
00101000100101111111
00101000100110111111
00101000100111011111
00101000100111101111
00101000100111110111
00101000100111111011
00101000100111111101
00101000100111111110
00101000101001111111
00101000101010111111
00101000101011011111
00101000101011101111
00101000101011110111
00101000101011111011
00101000101011111101
00101000101011111110
00101000101100111111
00101000101101011111
00101000101101101111
00101000101101110111
00101000101101111011
00101000101101111101
00101000101101111110
00101000101110011111
00101000101110101111
00101000101110110111
00101000101110111011
00101000101110111101
00101000101110111110
00101000101111001111
00101000101111010111
00101000101111011011
00101000101111011101
00101000101111011110
00101000101111100111
00101000101111101011
00101000101111101101
00101000101111101110
00101000101111110011
00101000101111111001
00101000101111111010
00101000110001111111
00101000110100111111
00101000110101011111
00101000110101101111
00101000110101110111
00101000110101111011
00101000110101111101
00101000110101111110
00101000111000111111
00101000111001011111
00101000111001101111
00101000111001110111
00101000111001111011
00101000111001111101
00101000111001111110
00101000111100011111
00101000111100101111
00101000111101001111
00101000111101010111
00101000111101011011
00101000111101011101
00101000111101011110
00101000111101100111
00101000111101101011
00101000111101101101
00101000111101101110
00101100000011111111
00101100010001111111
00101100010010111111
00101100010011011111
00101100010011101111
00101100010011110111
00101100010011111011
00101100010011111101
00101100010011111110
00110000000111111111
00110000001011111111
00110000001101111111
00110000001110111111
00110000001111011111
00110000001111101111
00110000001111110111
00110000001111111011
00110000001111111101
00110000001111111110
00110000010011111111
00110000010101111111
00110000010110111111
00110000010111011111
00110000010111101111
00110000010111110111
00110000010111111011
00110000010111111101
00110000010111111110
00110000011001111111
00110000011010111111
00110000011011011111
00110000011011101111
00110000011011110111
00110000011011111011
00110000011011111101
00110000011011111110
00110000011100111111
00110000011101011111
00110000011101101111
00110000011101110111
00110000011101111011
00110000011101111101
00110000011101111110
00110000011110011111
00110000011110101111
00110000011110110111
00110000011110111011
00110000011110111101
00110000011110111110
00110000011111001111
00110000011111010111
00110000011111011011
00110000011111011101
00110000011111011110
00110000011111100111
00110000011111101011
00110000011111101101
00110000011111101110
00110000011111110011
00110000011111110101
00110000011111111001
00110000011111111010
00110000011111111100
00110000100011111111
00110000100101111111
00110000100110111111
00110000100111011111
00110000100111101111
00110000100111110111
00110000100111111011
00110000100111111101
00110000100111111110
00110000101001111111
00110000101010111111
00110000101011011111
00110000101011101111
00110000101011110111
00110000101011111011
00110000101011111101
00110000101011111110
00110000101100111111
00110000101101011111
00110000101101101111
00110000101101110111
00110000101101111011
00110000101101111101
00110000101101111110
00110000101110011111
00110000101110101111
00110000101110110111
00110000101110111011
00110000101110111101
00110000101110111110
00110000101111001111
00110000101111010111
00110000101111011011
00110000101111011101
00110000101111011110
00110000101111100111
00110000101111101011
00110000101111101101
00110000101111101110
00110000101111110011
00110000101111111001
00110000101111111010
00110000110001111111
00110000110100111111
00110000110101011111
00110000110101101111
00110000110101110111
00110000110101111011
00110000110101111101
00110000110101111110
00110000111000111111
00110000111001011111
00110000111001101111
00110000111001110111
00110000111001111011
00110000111001111101
00110000111001111110
00110000111100011111
00110000111100101111
00110000111101001111
00110000111101010111
00110000111101011011
00110000111101011101
00110000111101011110
00110000111101100111
00110000111101101011
00110000111101101101
00110000111101101110
01000000001111111111
01000000010111111111
01000000011011111111
01000000011101111111
01000000011110111111
01000000011111011111
01000000011111101111
01000000011111110111
01000000011111111011
01000000011111111101
01000000011111111110
01000000100111111111
01000000101011111111
01000000101101111111
01000000101110111111
01000000101111011111
01000000101111101111
01000000101111110111
01000000101111111011
01000000101111111101
01000000101111111110
01000000110011111111
01000000110101111111
01000000110110111111
01000000110111011111
01000000110111101111
01000000110111110111
01000000110111111011
01000000110111111101
01000000110111111110
01000000111001111111
01000000111010111111
01000000111011011111
01000000111011101111
01000000111011110111
01000000111011111011
01000000111011111101
01000000111011111110
01000000111100111111
01000000111101011111
01000000111101101111
01000000111101110111
01000000111101111011
01000000111101111101
01000000111101111110
01000000111110011111
01000000111110101111
01000000111110110111
01000000111110111011
01000000111110111101
01000000111110111110
01000000111111001111
01000000111111010111
01000000111111011011
01000000111111011101
01000000111111011110
01000000111111100111
01000000111111101011
01000000111111101101
01000000111111101110
01000000111111110011
01000000111111110101
01000000111111110110
01000000111111111001
01000000111111111010
01000000111111111100
01000001000111111111
01000001001011111111
01000001001101111111
01000001001110111111
01000001001111011111
01000001001111101111
01000001001111110111
01000001001111111011
01000001001111111101
01000001001111111110
01000001010011111111
01000001010101111111
01000001010110111111
01000001010111011111
01000001010111101111
01000001010111110111
01000001010111111011
01000001010111111101
01000001010111111110
01000001011001111111
01000001011010111111
01000001011011011111
01000001011011101111
01000001011011110111
01000001011011111011
01000001011011111101
01000001011011111110
01000001011100111111
01000001011101011111
01000001011101101111
01000001011101110111
01000001011101111011
01000001011101111101
01000001011101111110
01000001011110011111
01000001011110101111
01000001011110110111
01000001011110111011
01000001011110111101
01000001011110111110
01000001011111001111
01000001011111010111
01000001011111011011
01000001011111011101
01000001011111011110
01000001011111100111
01000001011111101011
01000001011111101101
01000001011111101110
01000001011111110011
01000001011111110101
01000001011111110110
01000001011111111001
01000001011111111010
01000001011111111100
01000001100011111111
01000001100101111111
01000001100110111111
01000001100111011111
01000001100111101111
01000001100111110111
01000001100111111011
01000001100111111101
01000001100111111110
01000001101001111111
01000001101010111111
01000001101011011111
01000001101011101111
01000001101011110111
01000001101011111011
01000001101011111101
01000001101011111110
01000001101100111111
01000001101101011111
01000001101101101111
01000001101101110111
01000001101101111011
01000001101101111101
01000001101101111110
01000001101110011111
01000001101110101111
01000001101111001111
01000001101111010111
01000001101111011011
01000001101111011101
01000001101111011110
01000001101111100111
01000001101111101011
01000001101111101101
01000001101111101110
01000001110001111111
01000001110011011111
01000001110100111111
01000001110101011111
01000001110101101111
01000001110101110111
01000001110101111011
01000001110101111101
01000001110101111110
01000001111000111111
01000001111001011111
01000001111001101111
01000001111001110111
01000001111001111011
01000001111001111101
01000001111001111110
01000001111010011111
01000001111011001111
01000001111011010111
01000001111011011011
01000001111011011101
01000001111011011110
01000001111100011111
01000001111100101111
01000001111101001111
01000001111101010111
01000001111101011011
01000001111101011101
01000001111101011110
01000001111101100111
01000001111101101011
01000001111101101101
01000001111101101110
01000010000111111111
01000010001011111111
01000010001101111111
01000010001110111111
01000010001111011111
01000010001111101111
01000010001111110111
01000010001111111011
01000010001111111101
01000010001111111110
01000010010011111111
01000010010101111111
01000010010110111111
01000010010111011111
01000010010111101111
01000010010111110111
01000010010111111011
01000010010111111101
01000010010111111110
01000010011001111111
01000010011010111111
01000010011011011111
01000010011011101111
01000010011011110111
01000010011011111011
01000010011011111101
01000010011011111110
01000010011100111111
01000010011101011111
01000010011101101111
01000010011101110111
01000010011101111011
01000010011101111101
01000010011101111110
01000010011110011111
01000010011110101111
01000010011110110111
01000010011110111011
01000010011110111101
01000010011110111110
01000010011111001111
01000010011111010111
01000010011111011011
01000010011111011101
01000010011111011110
01000010011111100111
01000010011111101011
01000010011111101101
01000010011111101110
01000010011111110011
01000010011111110101
01000010011111110110
01000010011111111001
01000010011111111010
01000010011111111100
01000010100011111111
01000010100101111111
01000010100110111111
01000010100111011111
01000010100111101111
01000010100111110111
01000010100111111011
01000010100111111101
01000010100111111110
01000010101001111111
01000010101010111111
01000010101011011111
01000010101011101111
01000010101011110111
01000010101011111011
01000010101011111101
01000010101011111110
01000010101100111111
01000010101101011111
01000010101101101111
01000010101101110111
01000010101101111011
01000010101101111101
01000010101101111110
01000010101110011111
01000010101110101111
01000010101110110111
01000010101110111011
01000010101110111101
01000010101110111110
01000010101111001111
01000010101111010111
01000010101111011011
01000010101111011101
01000010101111011110
01000010101111100111
01000010101111101011
01000010101111101101
01000010101111101110
01000010101111110011
01000010101111110101
01000010101111110110
01000010101111111001
01000010101111111010
01000010110001111111
01000010110010111111
01000010110011011111
01000010110011101111
01000010110011110111
01000010110011111011
01000010110011111101
01000010110011111110
01000010110100111111
01000010110101011111
01000010110101101111
01000010110101110111
01000010110101111011
01000010110101111101
01000010110101111110
01000010111000111111
01000010111001011111
01000010111001101111
01000010111001110111
01000010111001111011
01000010111001111101
01000010111001111110
01000010111010011111
01000010111011001111
01000010111011010111
01000010111011011011
01000010111011011101
01000010111011011110
01000010111100011111
01000010111100101111
01000010111100111011
01000010111101001111
01000010111101010111
01000010111101011011
01000010111101011101
01000010111101011110
01000010111101100111
01000010111101101011
01000010111101101101
01000010111101101110
01000010111101110011
01000010111101111001
01000010111101111010
01000011000011111111
01000011010001111111
01000011010010111111
01000011010011011111
01000011010011101111
01000011010011110111
01000011010011111011
01000011010011111101
01000011010011111110
01000100000111111111
01000100001011111111
01000100001101111111
01000100001110111111
01000100001111011111
01000100001111101111
01000100001111110111
01000100001111111011
01000100001111111101
01000100001111111110
01000100010011111111
01000100010101111111
01000100010110111111
01000100010111011111
01000100010111101111
01000100010111110111
01000100010111111011
01000100010111111101
01000100010111111110
01000100011001111111
01000100011010111111
01000100011011011111
01000100011011101111
01000100011011110111
01000100011011111011
01000100011011111101
01000100011011111110
01000100011100111111
01000100011101011111
01000100011101101111
01000100011101110111
01000100011101111011
01000100011101111101
01000100011101111110
01000100011110011111
01000100011110101111
01000100011110110111
01000100011110111011
01000100011110111101
01000100011110111110
01000100011111001111
01000100011111010111
01000100011111011011
01000100011111011101
01000100011111011110
01000100011111100111
01000100011111101011
01000100011111101101
01000100011111101110
01000100011111110011
01000100011111110101
01000100011111110110
01000100011111111001
01000100011111111010
01000100011111111100
01000100100011111111
01000100100101111111
01000100100110111111
01000100100111011111
01000100100111101111
01000100100111110111
01000100100111111011
01000100100111111101
01000100100111111110
01000100101001111111
01000100101010111111
01000100101011011111
01000100101011101111
01000100101011110111
01000100101011111011
01000100101011111101
01000100101011111110
01000100101100111111
01000100101101011111
01000100101101101111
01000100101101110111
01000100101101111011
01000100101101111101
01000100101101111110
01000100101110011111
01000100101110101111
01000100101111001111
01000100101111010111
01000100101111011011
01000100101111011101
01000100101111011110
01000100101111100111
01000100101111101011
01000100101111101101
01000100101111101110
01000100110001111111
01000100110011011111
01000100110100111111
01000100110101011111
01000100110101101111
01000100110101110111
01000100110101111011
01000100110101111101
01000100110101111110
01000100111000111111
01000100111001011111
01000100111001101111
01000100111010011111
01000100111011001111
01000100111011010111
01000100111011011011
01000100111011011101
01000100111011011110
01000100111100011111
01000100111100101111
01000100111100110111
01000100111100111011
01000100111100111101
01000100111100111110
01000100111101001111
01000100111101010111
01000100111101011011
01000100111101011101
01000100111101011110
01000100111101100111
01000100111101101011
01000100111101101101
01000100111101101110
01000110000011111111
01000110010001111111
01000110010010111111
01000110010011011111
01000110010011101111
01000110010011110111
01000110010011111011
01000110010011111101
01000110010011111110
01001000000111111111
01001000001011111111
01001000001101111111
01001000001110111111
01001000001111011111
01001000001111101111
01001000001111110111
01001000001111111011
01001000001111111101
01001000001111111110
01001000010011111111
01001000010101111111
01001000010110111111
01001000010111011111
01001000010111101111
01001000010111110111
01001000010111111011
01001000010111111101
01001000010111111110
01001000011001111111
01001000011010111111
01001000011011011111
01001000011011101111
01001000011011110111
01001000011011111011
01001000011011111101
01001000011011111110
01001000011100111111
01001000011101011111
01001000011101101111
01001000011101110111
01001000011101111011
01001000011101111101
01001000011101111110
01001000011110011111
01001000011110101111
01001000011110110111
01001000011110111011
01001000011110111101
01001000011110111110
01001000011111001111
01001000011111010111
01001000011111011011
01001000011111011101
01001000011111011110
01001000011111100111
01001000011111101011
01001000011111101101
01001000011111101110
01001000011111110011
01001000011111110101
01001000011111110110
01001000011111111001
01001000011111111010
01001000011111111100
01001000100011111111
01001000100101111111
01001000100110111111
01001000100111011111
01001000100111101111
01001000100111110111
01001000100111111011
01001000100111111101
01001000100111111110
01001000101001111111
01001000101010111111
01001000101011011111
01001000101011101111
01001000101011110111
01001000101011111011
01001000101011111101
01001000101011111110
01001000101100111111
01001000101101011111
01001000101101101111
01001000101101110111
01001000101101111011
01001000101101111101
01001000101101111110
01001000101110011111
01001000101110101111
01001000101111001111
01001000101111010111
01001000101111011011
01001000101111011101
01001000101111011110
01001000101111100111
01001000101111101011
01001000101111101101
01001000101111101110
01001000110001111111
01001000110010111111
01001000110011011111
01001000110011101111
01001000110011110111
01001000110011111011
01001000110011111101
01001000110011111110
01001000110100111111
01001000110101011111
01001000110101101111
01001000110101110111
01001000110101111011
01001000110101111101
01001000110101111110
01001000111001011111
01001000111001101111
01001000111010011111
01001000111011001111
01001000111011010111
01001000111011011011
01001000111011011101
01001000111011011110
01001000111100011111
01001000111100101111
01001000111101001111
01001000111101010111
01001000111101011011
01001000111101011101
01001000111101011110
01001000111101100111
01001000111101101011
01001000111101101101
01001000111101101110
01001001000011111111
01001001010001111111
01001001010010111111
01001001010011011111
01001001010011101111
01001001010011110111
01001001010011111011
01001001010011111101
01001001010011111110
01001010000011111111
01001010010001111111
01001010010010111111
01001010010011011111
01001010010011101111
01001010010011110111
01001010010011111011
01001010010011111101
01001010010011111110
01001100000011111111
01001100010001111111
01001100010010111111
01001100010011011111
01001100010011101111
01001100010011110111
01001100010011111011
01001100010011111101
01001100010011111110
01010000000111111111
01010000001011111111
01010000001101111111
01010000001110111111
01010000001111011111
01010000001111101111
01010000001111110111
01010000001111111011
01010000001111111101
01010000001111111110
01010000010011111111
01010000010101111111
01010000010110111111
01010000010111011111
01010000010111101111
01010000010111110111
01010000010111111011
01010000010111111101
01010000010111111110
01010000011001111111
01010000011010111111
01010000011011011111
01010000011011101111
01010000011011110111
01010000011011111011
01010000011011111101
01010000011011111110
01010000011100111111
01010000011101011111
01010000011101101111
01010000011101110111
01010000011101111011
01010000011101111101
01010000011101111110
01010000011110011111
01010000011110101111
01010000011110110111
01010000011110111011
01010000011110111101
01010000011110111110
01010000011111001111
01010000011111010111
01010000011111011011
01010000011111011101
01010000011111011110
01010000011111100111
01010000011111101011
01010000011111101101
01010000011111101110
01010000011111110011
01010000011111110101
01010000011111110110
01010000011111111001
01010000011111111010
01010000011111111100
01010000100011111111
01010000100101111111
01010000100110111111
01010000100111011111
01010000100111101111
01010000100111110111
01010000100111111011
01010000100111111101
01010000100111111110
01010000101001111111
01010000101010111111
01010000101011011111
01010000101011101111
01010000101011110111
01010000101011111011
01010000101011111101
01010000101011111110
01010000101100111111
01010000101101011111
01010000101101101111
01010000101101110111
01010000101101111011
01010000101101111101
01010000101101111110
01010000101110011111
01010000101110101111
01010000101111001111
01010000101111010111
01010000101111011011
01010000101111011101
01010000101111011110
01010000101111100111
01010000101111101011
01010000101111101101
01010000101111101110
01010000110001111111
01010000110011011111
01010000110100111111
01010000110101011111
01010000110101101111
01010000110101110111
01010000110101111011
01010000110101111101
01010000110101111110
01010000111001011111
01010000111001101111
01010000111010011111
01010000111011001111
01010000111011010111
01010000111011011011
01010000111011011101
01010000111011011110
01010000111100011111
01010000111100101111
01010000111101001111
01010000111101010111
01010000111101011011
01010000111101011101
01010000111101011110
01010000111101100111
01010000111101101011
01010000111101101101
01010000111101101110
01010010000011111111
01010010010001111111
01010010010010111111
01010010010011011111
01010010010011101111
01010010010011110111
01010010010011111011
01010010010011111101
01010010010011111110
01011000000011111111
01011000010001111111
01011000010010111111
01011000010011011111
01011000010011101111
01011000010011110111
01011000010011111011
01011000010011111101
01011000010011111110
01100000000111111111
01100000001011111111
01100000001101111111
01100000001110111111
01100000001111011111
01100000001111101111
01100000001111110111
01100000001111111011
01100000001111111101
01100000001111111110
01100000010011111111
01100000010101111111
01100000010110111111
01100000010111011111
01100000010111101111
01100000010111110111
01100000010111111011
01100000010111111101
01100000010111111110
01100000011001111111
01100000011010111111
01100000011011011111
01100000011011101111
01100000011011110111
01100000011011111011
01100000011011111101
01100000011011111110
01100000011100111111
01100000011101011111
01100000011101101111
01100000011101110111
01100000011101111011
01100000011101111101
01100000011101111110
01100000011110011111
01100000011110101111
01100000011110110111
01100000011110111011
01100000011110111101
01100000011110111110
01100000011111001111
01100000011111010111
01100000011111011011
01100000011111011101
01100000011111011110
01100000011111100111
01100000011111101011
01100000011111101101
01100000011111101110
01100000011111110011
01100000011111110101
01100000011111110110
01100000011111111001
01100000011111111010
01100000011111111100
01100000100011111111
01100000100101111111
01100000100110111111
01100000100111011111
01100000100111101111
01100000100111110111
01100000100111111011
01100000100111111101
01100000100111111110
01100000101001111111
01100000101010111111
01100000101011011111
01100000101011101111
01100000101011110111
01100000101011111011
01100000101011111101
01100000101011111110
01100000101100111111
01100000101101011111
01100000101101101111
01100000101101110111
01100000101101111011
01100000101101111101
01100000101101111110
01100000101110011111
01100000101110101111
01100000101110110111
01100000101110111011
01100000101110111101
01100000101110111110
01100000101111001111
01100000101111010111
01100000101111011011
01100000101111011101
01100000101111011110
01100000101111100111
01100000101111101011
01100000101111101101
01100000101111101110
01100000101111110011
01100000101111111001
01100000101111111010
01100000110001111111
01100000110011011111
01100000110100111111
01100000110101011111
01100000110101101111
01100000110101110111
01100000110101111011
01100000110101111101
01100000110101111110
01100000111000111111
01100000111001011111
01100000111001101111
01100000111001110111
01100000111001111011
01100000111001111101
01100000111001111110
01100000111010011111
01100000111011001111
01100000111011010111
01100000111011011011
01100000111011011101
01100000111011011110
01100000111100011111
01100000111100101111
01100000111101001111
01100000111101010111
01100000111101011011
01100000111101011101
01100000111101011110
01100000111101100111
01100000111101101011
01100000111101101101
01100000111101101110
01100010000011111111
01100010010001111111
01100010010010111111
01100010010011011111
01100010010011101111
01100010010011110111
01100010010011111011
01100010010011111101
01100010010011111110
01101000000011111111
01101000010001111111
01101000010010111111
01101000010011011111
01101000010011101111
01101000010011110111
01101000010011111011
01101000010011111101
01101000010011111110
10000000001111111111
10000000010111111111
10000000011011111111
10000000011101111111
10000000011110111111
10000000011111011111
10000000011111101111
10000000011111110111
10000000011111111011
10000000011111111101
10000000011111111110
10000000100111111111
10000000101011111111
10000000101101111111
10000000101110111111
10000000101111011111
10000000101111101111
10000000101111110111
10000000101111111011
10000000101111111101
10000000101111111110
10000000110011111111
10000000110101111111
10000000110110111111
10000000110111011111
10000000110111101111
10000000110111110111
10000000110111111011
10000000110111111101
10000000110111111110
10000000111001111111
10000000111010111111
10000000111011011111
10000000111011101111
10000000111011110111
10000000111011111011
10000000111011111101
10000000111011111110
10000000111100111111
10000000111101011111
10000000111101101111
10000000111101110111
10000000111101111011
10000000111101111101
10000000111101111110
10000000111110011111
10000000111110101111
10000000111110110111
10000000111110111011
10000000111110111101
10000000111110111110
10000000111111001111
10000000111111010111
10000000111111011011
10000000111111011101
10000000111111011110
10000000111111100111
10000000111111101011
10000000111111101101
10000000111111101110
10000000111111110011
10000000111111110101
10000000111111110110
10000000111111111001
10000000111111111010
10000000111111111100
10000001000111111111
10000001001011111111
10000001001101111111
10000001001110111111
10000001001111011111
10000001001111101111
10000001001111110111
10000001001111111011
10000001001111111101
10000001001111111110
10000001010011111111
10000001010101111111
10000001010110111111
10000001010111011111
10000001010111101111
10000001010111110111
10000001010111111011
10000001010111111101
10000001010111111110
10000001011001111111
10000001011010111111
10000001011011011111
10000001011011101111
10000001011011110111
10000001011011111011
10000001011011111101
10000001011011111110
10000001011100111111
10000001011101011111
10000001011101101111
10000001011101110111
10000001011101111011
10000001011101111101
10000001011101111110
10000001011110011111
10000001011110101111
10000001011110110111
10000001011110111011
10000001011110111101
10000001011110111110
10000001011111001111
10000001011111010111
10000001011111011011
10000001011111011101
10000001011111011110
10000001011111100111
10000001011111101011
10000001011111101101
10000001011111101110
10000001011111110011
10000001011111110101
10000001011111110110
10000001011111111001
10000001011111111010
10000001011111111100
10000001100011111111
10000001100101111111
10000001100110111111
10000001100111011111
10000001100111101111
10000001100111110111
10000001100111111011
10000001100111111101
10000001100111111110
10000001101001111111
10000001101010111111
10000001101011011111
10000001101011101111
10000001101011110111
10000001101011111011
10000001101011111101
10000001101011111110
10000001101100111111
10000001101101011111
10000001101101101111
10000001101101110111
10000001101101111011
10000001101101111101
10000001101101111110
10000001101110011111
10000001101110101111
10000001101110110111
10000001101110111011
10000001101110111101
10000001101110111110
10000001101111001111
10000001101111010111
10000001101111011011
10000001101111011101
10000001101111011110
10000001101111100111
10000001101111101011
10000001101111101101
10000001101111101110
10000001101111110011
10000001101111111001
10000001101111111010
10000001110001111111
10000001110010111111
10000001110011011111
10000001110100111111
10000001110101011111
10000001110101101111
10000001110101110111
10000001110101111011
10000001110101111101
10000001110101111110
10000001111000111111
10000001111001011111
10000001111001101111
10000001111001110111
10000001111001111011
10000001111001111101
10000001111001111110
10000001111010011111
10000001111010101111
10000001111010110111
10000001111010111011
10000001111010111101
10000001111010111110
10000001111011001111
10000001111011010111
10000001111011011011
10000001111011011101
10000001111011011110
10000001111100011111
10000001111100101111
10000001111100111011
10000001111101001111
10000001111101010111
10000001111101011011
10000001111101011101
10000001111101011110
10000001111101100111
10000001111101101011
10000001111101101101
10000001111101101110
10000001111101110011
10000001111101111001
10000001111101111010
10000010000111111111
10000010001011111111
10000010001101111111
10000010001110111111
10000010001111011111
10000010001111101111
10000010001111110111
10000010001111111011
10000010001111111101
10000010001111111110
10000010010011111111
10000010010101111111
10000010010110111111
10000010010111011111
10000010010111101111
10000010010111110111
10000010010111111011
10000010010111111101
10000010010111111110
10000010011001111111
10000010011010111111
10000010011011011111
10000010011011101111
10000010011011110111
10000010011011111011
10000010011011111101
10000010011011111110
10000010011100111111
10000010011101011111
10000010011101101111
10000010011101110111
10000010011101111011
10000010011101111101
10000010011101111110
10000010011110011111
10000010011110101111
10000010011110110111
10000010011110111011
10000010011110111101
10000010011110111110
10000010011111001111
10000010011111010111
10000010011111011011
10000010011111011101
10000010011111011110
10000010011111100111
10000010011111101011
10000010011111101101
10000010011111101110
10000010011111110011
10000010011111110101
10000010011111110110
10000010011111111001
10000010011111111010
10000010011111111100
10000010100011111111
10000010100101111111
10000010100110111111
10000010100111011111
10000010100111101111
10000010100111110111
10000010100111111011
10000010100111111101
10000010100111111110
10000010101001111111
10000010101010111111
10000010101011011111
10000010101011101111
10000010101011110111
10000010101011111011
10000010101011111101
10000010101011111110
10000010101100111111
10000010101101011111
10000010101101101111
10000010101101110111
10000010101101111011
10000010101101111101
10000010101101111110
10000010101110011111
10000010101110101111
10000010101110110111
10000010101110111011
10000010101110111101
10000010101110111110
10000010101111001111
10000010101111010111
10000010101111011011
10000010101111011101
10000010101111011110
10000010101111100111
10000010101111101011
10000010101111110011
10000010101111110101
10000010101111110110
10000010101111111001
10000010101111111010
10000010110001111111
10000010110010111111
10000010110011011111
10000010110101011111
10000010110101111011
10000010111000111111
10000010111001011111
10000010111001101111
10000010111001110111
10000010111001111011
10000010111001111101
10000010111001111110
10000010111010011111
10000010111010101111
10000010111010110111
10000010111010111011
10000010111010111101
10000010111010111110
10000010111011001111
10000010111011010111
10000010111011011011
10000010111011011101
10000010111011011110
10000010111100011111
10000010111100111011
10000010111101001111
10000010111101010111
10000010111101011011
10000010111101011101
10000010111101011110
10000010111101101011
10000010111101110011
10000010111101111001
10000010111101111010
10000100000111111111
10000100001011111111
10000100001101111111
10000100001110111111
10000100001111011111
10000100001111101111
10000100001111110111
10000100001111111011
10000100001111111101
10000100001111111110
10000100010011111111
10000100010101111111
10000100010110111111
10000100010111011111
10000100010111101111
10000100010111110111
10000100010111111011
10000100010111111101
10000100010111111110
10000100011001111111
10000100011010111111
10000100011011011111
10000100011011101111
10000100011011110111
10000100011011111011
10000100011011111101
10000100011011111110
10000100011100111111
10000100011101011111
10000100011101101111
10000100011101110111
10000100011101111011
10000100011101111101
10000100011101111110
10000100011110011111
10000100011110101111
10000100011110110111
10000100011110111011
10000100011110111101
10000100011110111110
10000100011111001111
10000100011111010111
10000100011111011011
10000100011111011101
10000100011111011110
10000100011111100111
10000100011111101011
10000100011111101101
10000100011111101110
10000100011111110011
10000100011111110101
10000100011111110110
10000100011111111001
10000100011111111010
10000100011111111100
10000100100011111111
10000100100101111111
10000100100110111111
10000100100111011111
10000100100111101111
10000100100111110111
10000100100111111011
10000100100111111101
10000100100111111110
10000100101001111111
10000100101010111111
10000100101011011111
10000100101011101111
10000100101011110111
10000100101011111011
10000100101011111101
10000100101011111110
10000100101100111111
10000100101101011111
10000100101101101111
10000100101101110111
10000100101101111011
10000100101101111101
10000100101101111110
10000100101110011111
10000100101110101111
10000100101110110111
10000100101110111011
10000100101110111101
10000100101110111110
10000100101111001111
10000100101111010111
10000100101111011011
10000100101111011101
10000100101111011110
10000100101111101011
10000100101111110011
10000100101111111001
10000100101111111010
10000100110001111111
10000100110010111111
10000100110011011111
10000100110011101111
10000100110011110111
10000100110011111011
10000100110011111101
10000100110011111110
10000100110100111111
10000100110101011111
10000100110101101111
10000100110101110111
10000100110101111011
10000100110101111101
10000100110101111110
10000100111000111111
10000100111001011111
10000100111001101111
10000100111001110111
10000100111001111011
10000100111001111101
10000100111001111110
10000100111010011111
10000100111010101111
10000100111010110111
10000100111010111011
10000100111010111101
10000100111010111110
10000100111011001111
10000100111011010111
10000100111011011011
10000100111011011101
10000100111011011110
10000100111100011111
10000100111100101111
10000100111100110111
10000100111100111011
10000100111100111101
10000100111100111110
10000100111101001111
10000100111101010111
10000100111101011011
10000100111101011101
10000100111101011110
10000100111101101011
10000100111101110011
10000100111101111001
10000100111101111010
10000101000011111111
10000101010001111111
10000101010010111111
10000101010011011111
10000101010011101111
10000101010011110111
10000101010011111011
10000101010011111101
10000101010011111110
10000110000011111111
10000110010001111111
10000110010010111111
10000110010011011111
10000110010011101111
10000110010011110111
10000110010011111011
10000110010011111101
10000110010011111110
10001000000111111111
10001000001011111111
10001000001101111111
10001000001110111111
10001000001111011111
10001000001111101111
10001000001111110111
10001000001111111011
10001000001111111101
10001000001111111110
10001000010011111111
10001000010101111111
10001000010110111111
10001000010111011111
10001000010111101111
10001000010111110111
10001000010111111011
10001000010111111101
10001000010111111110
10001000011001111111
10001000011010111111
10001000011011011111
10001000011011101111
10001000011011110111
10001000011011111011
10001000011011111101
10001000011011111110
10001000011100111111
10001000011101011111
10001000011101101111
10001000011101110111
10001000011101111011
10001000011101111101
10001000011101111110
10001000011110011111
10001000011110101111
10001000011110110111
10001000011110111011
10001000011110111101
10001000011110111110
10001000011111001111
10001000011111010111
10001000011111011011
10001000011111011101
10001000011111011110
10001000011111100111
10001000011111101011
10001000011111101101
10001000011111101110
10001000011111110011
10001000011111110101
10001000011111110110
10001000011111111001
10001000011111111010
10001000011111111100
10001000100011111111
10001000100101111111
10001000100110111111
10001000100111011111
10001000100111101111
10001000100111110111
10001000100111111011
10001000100111111101
10001000100111111110
10001000101001111111
10001000101010111111
10001000101011011111
10001000101011101111
10001000101011110111
10001000101011111011
10001000101011111101
10001000101011111110
10001000101100111111
10001000101101011111
10001000101101101111
10001000101101110111
10001000101101111011
10001000101101111101
10001000101101111110
10001000101110011111
10001000101110101111
10001000101110110111
10001000101110111011
10001000101110111101
10001000101110111110
10001000101111001111
10001000101111010111
10001000101111011011
10001000101111011101
10001000101111011110
10001000101111101011
10001000101111110011
10001000101111111001
10001000101111111010
10001000110001111111
10001000110010111111
10001000110011011111
10001000110100111111
10001000110101011111
10001000110101101111
10001000110101110111
10001000110101111011
10001000110101111101
10001000110101111110
10001000111000111111
10001000111001011111
10001000111001101111
10001000111001110111
10001000111001111011
10001000111001111101
10001000111001111110
10001000111010011111
10001000111010101111
10001000111010110111
10001000111010111011
10001000111010111101
10001000111010111110
10001000111011001111
10001000111011010111
10001000111011011011
10001000111011011101
10001000111011011110
10001000111100011111
10001000111100111011
10001000111101001111
10001000111101010111
10001000111101011011
10001000111101011101
10001000111101011110
10001000111101101011
10001000111101110011
10001000111101111001
10001000111101111010
10001001001011011111
10001001010011011111
10001001011001011111
10001001011010011111
10001001011011001111
10001001011011010111
10001001011011011011
10001001011011011101
10001001011011011110
10001010001011011111
10001010010011011111
10001010011001011111
10001010011010011111
10001010011011001111
10001010011011010111
10001010011011011011
10001010011011011101
10001010011011011110
10001100000011111111
10001100001011011111
10001100010001111111
10001100010010111111
10001100010011011111
10001100010011101111
10001100010011110111
10001100010011111011
10001100010011111101
10001100010011111110
10001100011001011111
10001100011010011111
10001100011011001111
10001100011011010111
10001100011011011011
10001100011011011101
10001100011011011110
10010000000111111111
10010000001011111111
10010000001101111111
10010000001110111111
10010000001111011111
10010000001111101111
10010000001111110111
10010000001111111011
10010000001111111101
10010000001111111110
10010000010011111111
10010000010101111111
10010000010110111111
10010000010111011111
10010000010111101111
10010000010111110111
10010000010111111011
10010000010111111101
10010000010111111110
10010000011001111111
10010000011010111111
10010000011011011111
10010000011011101111
10010000011011110111
10010000011011111011
10010000011011111101
10010000011011111110
10010000011100111111
10010000011101011111
10010000011101101111
10010000011101110111
10010000011101111011
10010000011101111101
10010000011101111110
10010000011110011111
10010000011110101111
10010000011110110111
10010000011110111011
10010000011110111101
10010000011110111110
10010000011111001111
10010000011111010111
10010000011111011011
10010000011111011101
10010000011111011110
10010000011111100111
10010000011111101011
10010000011111101101
10010000011111101110
10010000011111110011
10010000011111110101
10010000011111110110
10010000011111111001
10010000011111111010
10010000011111111100
10010000100011111111
10010000100101111111
10010000100110111111
10010000100111011111
10010000100111101111
10010000100111110111
10010000100111111011
10010000100111111101
10010000100111111110
10010000101001111111
10010000101010111111
10010000101011011111
10010000101011101111
10010000101011110111
10010000101011111011
10010000101011111101
10010000101011111110
10010000101100111111
10010000101101011111
10010000101101101111
10010000101101110111
10010000101101111011
10010000101101111101
10010000101101111110
10010000101110011111
10010000101110101111
10010000101110110111
10010000101110111011
10010000101110111101
10010000101110111110
10010000101111001111
10010000101111010111
10010000101111011011
10010000101111011101
10010000101111011110
10010000101111101011
10010000101111110011
10010000101111111001
10010000101111111010
10010000110001111111
10010000110010111111
10010000110011011111
10010000110101011111
10010000110101111011
10010000111000111111
10010000111001011111
10010000111001101111
10010000111001110111
10010000111001111011
10010000111001111101
10010000111001111110
10010000111010011111
10010000111010101111
10010000111010110111
10010000111010111011
10010000111010111101
10010000111010111110
10010000111011001111
10010000111011010111
10010000111011011011
10010000111011011101
10010000111011011110
10010000111100011111
10010000111100111011
10010000111101001111
10010000111101010111
10010000111101011011
10010000111101011101
10010000111101011110
10010000111101101011
10010000111101110011
10010000111101111001
10010000111101111010
10010100000011111111
10010100010001111111
10010100010010111111
10010100010011011111
10010100010011101111
10010100010011110111
10010100010011111011
10010100010011111101
10010100010011111110
10011000001011011111
10011000010011011111
10011000011001011111
10011000011010011111
10011000011011001111
10011000011011010111
10011000011011011011
10011000011011011101
10011000011011011110
10100000000111111111
10100000001011111111
10100000001101111111
10100000001110111111
10100000001111011111
10100000001111101111
10100000001111110111
10100000001111111011
10100000001111111101
10100000001111111110
10100000010011111111
10100000010101111111
10100000010110111111
10100000010111011111
10100000010111101111
10100000010111110111
10100000010111111011
10100000010111111101
10100000010111111110
10100000011001111111
10100000011010111111
10100000011011011111
10100000011011101111
10100000011011110111
10100000011011111011
10100000011011111101
10100000011011111110
10100000011100111111
10100000011101011111
10100000011101101111
10100000011101110111
10100000011101111011
10100000011101111101
10100000011101111110
10100000011110011111
10100000011110101111
10100000011110110111
10100000011110111011
10100000011110111101
10100000011110111110
10100000011111001111
10100000011111010111
10100000011111011011
10100000011111011101
10100000011111011110
10100000011111100111
10100000011111101011
10100000011111101101
10100000011111101110
10100000011111110011
10100000011111110101
10100000011111110110
10100000011111111001
10100000011111111010
10100000011111111100
10100000100011111111
10100000100101111111
10100000100110111111
10100000100111011111
10100000100111101111
10100000100111110111
10100000100111111011
10100000100111111101
10100000100111111110
10100000101001111111
10100000101010111111
10100000101011011111
10100000101011101111
10100000101011110111
10100000101011111011
10100000101011111101
10100000101011111110
10100000101100111111
10100000101101011111
10100000101101101111
10100000101101110111
10100000101101111011
10100000101101111101
10100000101101111110
10100000101110011111
10100000101110101111
10100000101110110111
10100000101110111011
10100000101110111101
10100000101110111110
10100000101111001111
10100000101111010111
10100000101111011011
10100000101111011101
10100000101111011110
10100000101111100111
10100000101111101011
10100000101111101101
10100000101111101110
10100000101111110011
10100000101111111001
10100000101111111010
10100000110001111111
10100000110010111111
10100000110011011111
10100000110011101111
10100000110011110111
10100000110011111011
10100000110011111101
10100000110011111110
10100000110100111111
10100000110101011111
10100000110101101111
10100000110101110111
10100000110101111011
10100000110101111101
10100000110101111110
10100000111000111111
10100000111001011111
10100000111001101111
10100000111001110111
10100000111001111011
10100000111001111101
10100000111001111110
10100000111010011111
10100000111010101111
10100000111010110111
10100000111010111011
10100000111010111101
10100000111010111110
10100000111011001111
10100000111011010111
10100000111011011011
10100000111011011101
10100000111011011110
10100000111011100111
10100000111011101011
10100000111011101101
10100000111011101110
10100000111100011111
10100000111100101111
10100000111100111011
10100000111101001111
10100000111101010111
10100000111101011011
10100000111101011101
10100000111101011110
10100000111101100111
10100000111101101011
10100000111101101101
10100000111101101110
10100000111101110011
10100000111101111001
10100000111101111010
10100001000011111111
10100001001011101111
10100001010001111111
10100001010010111111
10100001010011011111
10100001010011101111
10100001010011110111
10100001010011111011
10100001010011111101
10100001010011111110
10100001011001101111
10100001011010101111
10100001011011001111
10100001011011100111
10100001011011101011
10100001011011101101
10100001011011101110
10100010000011111111
10100010001011101111
10100010010001111111
10100010010010111111
10100010010011011111
10100010010011101111
10100010010011110111
10100010010011111011
10100010010011111101
10100010010011111110
10100010011001101111
10100010011010101111
10100010011011001111
10100010011011100111
10100010011011101011
10100010011011101101
10100010011011101110
10100100000011111111
10100100001011101111
10100100010001111111
10100100010010111111
10100100010011011111
10100100010011101111
10100100010011110111
10100100010011111011
10100100010011111101
10100100010011111110
10100100011001101111
10100100011010101111
10100100011011001111
10100100011011100111
10100100011011101011
10100100011011101101
10100100011011101110
10101000000011111111
10101000001011011111
10101000001011101111
10101000010001111111
10101000010010111111
10101000010011011111
10101000010011101111
10101000010011110111
10101000010011111011
10101000010011111101
10101000010011111110
10101000011001011111
10101000011001101111
10101000011010011111
10101000011010101111
10101000011011001111
10101000011011010111
10101000011011011011
10101000011011011101
10101000011011011110
10101000011011100111
10101000011011101011
10101000011011101101
10101000011011101110
10110000000011111111
10110000001011101111
10110000010001111111
10110000010010111111
10110000010011011111
10110000010011101111
10110000010011110111
10110000010011111011
10110000010011111101
10110000010011111110
10110000011001101111
10110000011010101111
10110000011011001111
10110000011011100111
10110000011011101011
10110000011011101101
10110000011011101110
11000000000111111111
11000000001011111111
11000000001101111111
11000000001110111111
11000000001111011111
11000000001111101111
11000000001111110111
11000000001111111011
11000000001111111101
11000000001111111110
11000000010011111111
11000000010101111111
11000000010110111111
11000000010111011111
11000000010111101111
11000000010111110111
11000000010111111011
11000000010111111101
11000000010111111110
11000000011001111111
11000000011010111111
11000000011011011111
11000000011011101111
11000000011011110111
11000000011011111011
11000000011011111101
11000000011011111110
11000000011100111111
11000000011101011111
11000000011101101111
11000000011101110111
11000000011101111011
11000000011101111101
11000000011101111110
11000000011110011111
11000000011110101111
11000000011110110111
11000000011110111011
11000000011110111101
11000000011110111110
11000000011111001111
11000000011111010111
11000000011111011011
11000000011111011101
11000000011111011110
11000000011111100111
11000000011111101011
11000000011111101101
11000000011111101110
11000000011111110011
11000000011111110101
11000000011111110110
11000000011111111001
11000000011111111010
11000000011111111100
11000000100011111111
11000000100101111111
11000000100110111111
11000000100111011111
11000000100111101111
11000000100111110111
11000000100111111011
11000000100111111101
11000000100111111110
11000000101001111111
11000000101010111111
11000000101011011111
11000000101011101111
11000000101011110111
11000000101011111011
11000000101011111101
11000000101011111110
11000000101100111111
11000000101101011111
11000000101101101111
11000000101101110111
11000000101101111011
11000000101101111101
11000000101101111110
11000000101110011111
11000000101110101111
11000000101110110111
11000000101110111011
11000000101110111101
11000000101110111110
11000000101111001111
11000000101111010111
11000000101111011011
11000000101111011101
11000000101111011110
11000000101111100111
11000000101111101011
11000000101111101101
11000000101111101110
11000000101111110011
11000000101111111001
11000000101111111010
11000000110001111111
11000000110010111111
11000000110011011111
11000000110011101111
11000000110011110111
11000000110011111011
11000000110011111101
11000000110011111110
11000000110100111111
11000000110101011111
11000000110101101111
11000000110101110111
11000000110101111011
11000000110101111101
11000000110101111110
11000000110110111011
11000000110111001111
11000000110111011011
11000000110111101011
11000000110111110011
11000000110111111001
11000000110111111010
11000000111000111111
11000000111001011111
11000000111001101111
11000000111001110111
11000000111001111011
11000000111001111101
11000000111001111110
11000000111010011111
11000000111010101111
11000000111010110111
11000000111010111011
11000000111010111101
11000000111010111110
11000000111011001111
11000000111011010111
11000000111011011011
11000000111011011101
11000000111011011110
11000000111100011111
11000000111100101111
11000000111100111011
11000000111101001111
11000000111101010111
11000000111101011011
11000000111101011101
11000000111101011110
11000000111101100111
11000000111101101011
11000000111101101101
11000000111101101110
11000000111101110011
11000000111101111001
11000000111101111010
11000000111110001111
11000000111111000111
11000000111111001011
11000000111111001101
11000000111111001110
11000001000011111111
11000001000111111011
11000001001011011111
11000001001111001111
11000001010001111111
11000001010010111111
11000001010011011111
11000001010011101111
11000001010011110111
11000001010011111011
11000001010011111101
11000001010011111110
11000001010101111011
11000001010110111011
11000001010111001111
11000001010111011011
11000001010111101011
11000001010111110011
11000001010111111001
11000001010111111010
11000001011001011111
11000001011010011111
11000001011011001111
11000001011011010111
11000001011011011011
11000001011011011101
11000001011011011110
11000001011101001111
11000001011110001111
11000001011111000111
11000001011111001011
11000001011111001101
11000001011111001110
11000010000011111111
11000010000111111011
11000010001011011111
11000010001111001111
11000010010001111111
11000010010010111111
11000010010011011111
11000010010011101111
11000010010011110111
11000010010011111011
11000010010011111101
11000010010011111110
11000010010101111011
11000010010110111011
11000010010111001111
11000010010111011011
11000010010111101011
11000010010111110011
11000010010111111001
11000010010111111010
11000010011001011111
11000010011010011111
11000010011011001111
11000010011011010111
11000010011011011011
11000010011011011101
11000010011011011110
11000010011101001111
11000010011110001111
11000010011111000111
11000010011111001011
11000010011111001101
11000010011111001110
11000100000011111111
11000100000111111011
11000100001011011111
11000100001111001111
11000100010001111111
11000100010010111111
11000100010011011111
11000100010011101111
11000100010011110111
11000100010011111011
11000100010011111101
11000100010011111110
11000100010101111011
11000100010110111011
11000100010111001111
11000100010111011011
11000100010111101011
11000100010111110011
11000100010111111001
11000100010111111010
11000100011001011111
11000100011010011111
11000100011011001111
11000100011011010111
11000100011011011011
11000100011011011101
11000100011011011110
11000100011101001111
11000100011110001111
11000100011111000111
11000100011111001011
11000100011111001101
11000100011111001110
11001000000011111111
11001000000111111011
11001000001011011111
11001000001111001111
11001000010001111111
11001000010010111111
11001000010011011111
11001000010011101111
11001000010011110111
11001000010011111011
11001000010011111101
11001000010011111110
11001000010101111011
11001000010110111011
11001000010111001111
11001000010111011011
11001000010111101011
11001000010111110011
11001000010111111001
11001000010111111010
11001000011001011111
11001000011010011111
11001000011011001111
11001000011011010111
11001000011011011011
11001000011011011101
11001000011011011110
11001000011101001111
11001000011110001111
11001000011111000111
11001000011111001011
11001000011111001101
11001000011111001110
11010000000011111111
11010000000111111011
11010000001011011111
11010000001111001111
11010000010001111111
11010000010010111111
11010000010011011111
11010000010011101111
11010000010011110111
11010000010011111011
11010000010011111101
11010000010011111110
11010000010101111011
11010000010110111011
11010000010111001111
11010000010111011011
11010000010111101011
11010000010111110011
11010000010111111001
11010000010111111010
11010000011001011111
11010000011010011111
11010000011011001111
11010000011011010111
11010000011011011011
11010000011011011101
11010000011011011110
11010000011101001111
11010000011110001111
11010000011111000111
11010000011111001011
11010000011111001101
11010000011111001110
11100000000011111111
11100000000111111011
11100000001011011111
11100000001011101111
11100000001111001111
11100000010001111111
11100000010010111111
11100000010011011111
11100000010011101111
11100000010011110111
11100000010011111011
11100000010011111101
11100000010011111110
11100000010101111011
11100000010110111011
11100000010111001111
11100000010111011011
11100000010111101011
11100000010111110011
11100000010111111001
11100000010111111010
11100000011001011111
11100000011001101111
11100000011010011111
11100000011010101111
11100000011011001111
11100000011011010111
11100000011011011011
11100000011011011101
11100000011011011110
11100000011011100111
11100000011011101011
11100000011011101101
11100000011011101110
11100000011101001111
11100000011110001111
11100000011111000111
11100000011111001011
11100000011111001101
11100000011111001110
