0 0 1.999968967439343
0 1 -5.037842944483159e-05
0 2 1.210460721774488e-05
0 3 -1.535219061505775e-05
0 4 -7.358522188543599e-05
0 5 -1.287001078553835e-05
0 6 -2.689729703508337e-07
0 7 -1.889048309757701e-05
0 8 7.224361835916733e-06
0 9 1.42333331059509e-05
0 10 -4.380513239498907e-07
0 11 1.624295701443409e-05
0 12 -4.288756421996056e-06
0 13 -4.519744735606326e-06
0 14 -6.035711262449405e-06
0 15 -6.38495005082506e-05
0 16 5.396404929639656e-05
0 17 6.796153624649955e-05
0 18 -7.977279852241143e-06
0 19 0.000101718739299559
0 20 3.318116813484059e-05
0 21 0.0001737511771660527
0 22 0.0001236383735710314
0 23 6.817481170728952e-05
0 24 9.357979385127071e-05
0 25 -6.212318384894365e-05
0 26 -7.043936475452053e-05
0 27 -1.249917402174958e-05
0 28 -6.653395244441576e-05
0 29 -7.870728272540913e-05
1 0 -5.037842944483158e-05
1 1 1.989749847718895
1 2 -0.000191237800721083
1 3 -0.0002680044252978249
1 4 -0.001091581222325775
1 5 -0.000734970555417011
1 6 0.0007275459806901587
1 7 2.27562510744382e-05
1 8 0.0002864500087593555
1 9 0.0002343678537382642
1 10 4.655819074713036e-05
1 11 -0.000351909822275405
1 12 -0.0002138542021126926
1 13 -0.001024304650460328
1 14 -0.0008002488534941611
1 15 -0.0003196488332086938
1 16 -0.0009542431654784773
1 17 0.0001045940431263876
1 18 -0.0005551415062448194
1 19 -0.0005439090864295484
1 20 -0.00128113327828069
1 21 -0.000175193722066443
1 22 0.0001119481416713961
1 23 0.0003748621172012496
1 24 -8.503246390492684e-05
1 25 -0.0004877329027806565
1 26 0.0003800830823241838
1 27 7.218378142352881e-06
1 28 0.000367370801264737
1 29 0.0002454687842160556
2 0 1.210460721774494e-05
2 1 -0.0001912378007210746
2 2 1.989056873078471
2 3 0.0002259202816465827
2 4 0.000141551419288591
2 5 0.0003217944127242203
2 6 -0.0001790265065516875
2 7 0.0007245374911366414
2 8 0.0004510335297208616
2 9 -0.0006582501001392339
2 10 -6.951138658774732e-05
2 11 -0.0006250895305978385
2 12 0.001671062630219349
2 13 -0.0001356618485097255
2 14 -0.000472717220812268
2 15 -0.0007614191600755253
2 16 -0.001595603618739215
2 17 0.000226530911593885
2 18 -0.00032058079398751
2 19 0.0009812535017720342
2 20 -0.000982451081920725
2 21 0.0009856534977833293
2 22 0.0003041180282034567
2 23 0.0003806852674604434
2 24 -0.0008602535215582644
2 25 -0.0001256555719309095
2 26 -2.951912540652556e-05
2 27 -0.0005155093427314931
2 28 0.0004933925191700645
2 29 0.0003304337031048414
3 0 -1.535219061505793e-05
3 1 -0.0002680044252978205
3 2 0.0002259202816465773
3 3 1.989429833351422
3 4 -5.69301830810195e-05
3 5 -0.0002352842837445331
3 6 -0.0006023886543933903
3 7 -0.000470429568925313
3 8 0.0003588920608536902
3 9 -2.618178671920314e-05
3 10 4.451675263614522e-05
3 11 0.0003983123222219334
3 12 0.0002937223921284122
3 13 -0.001693094130160111
3 14 0.0006603666512493154
3 15 0.0005610856244563911
3 16 3.520769889408808e-05
3 17 0.0004526799803714097
3 18 -0.0006007481082727213
3 19 -0.0003753140053041442
3 20 0.0005079304249843081
3 21 -0.0006412985781390147
3 22 -2.266822651603919e-05
3 23 3.735648921247221e-05
3 24 -0.000213243274540679
3 25 -0.0005234914035841403
3 26 -0.0003727801022985406
3 27 -4.417061261175388e-05
3 28 -0.000624701823667241
3 29 0.0002205458957862652
4 0 -7.358522188543604e-05
4 1 -0.001091581222325769
4 2 0.00014155141928859
4 3 -5.693018308101932e-05
4 4 1.986375622748497
4 5 -0.0005283537691607972
4 6 -0.0005832983509894133
4 7 -0.001306824553062692
4 8 0.0009996907679341552
4 9 0.001409236867048831
4 10 -0.0004581263463861327
4 11 0.001848662424050784
4 12 0.0006596421001757726
4 13 -0.001162627709678253
4 14 -0.001924642800106516
4 15 0.001038635753169827
4 16 0.001512173361179104
4 17 0.0007778293937329016
4 18 -0.001021890151835414
4 19 -0.0002467752770288754
4 20 -0.001056208644753657
4 21 -0.0002014520305036758
4 22 0.0006489506184082147
4 23 0.0001397361716914538
4 24 0.001478182539062344
4 25 -0.0003457275650856113
4 26 -0.0007495167010507574
4 27 0.0001023437488082921
4 28 -0.0004111753078762425
4 29 0.0003179933639036566
5 0 -1.287001078553811e-05
5 1 -0.0007349705554170044
5 2 0.0003217944127242288
5 3 -0.0002352842837445321
5 4 -0.0005283537691607991
5 5 1.98185438284101
5 6 9.25090947498058e-05
5 7 -0.0003873304696529991
5 8 7.996393291285003e-05
5 9 -6.35477264238166e-05
5 10 0.0004026482532621624
5 11 0.0004851767615188888
5 12 -0.0004056471149344021
5 13 -0.002124169268283731
5 14 -0.0002978075718282791
5 15 0.001916725037185807
5 16 0.004693915835121756
5 17 0.001861417700197323
5 18 1.221571942018349e-05
5 19 -0.002987117192086665
5 20 0.001504488127445652
5 21 -0.001072782028231127
5 22 -0.0001999879177553404
5 23 0.0001502089892867937
5 24 0.001439871352127446
5 25 0.0002138287090595977
5 26 -0.001038307378252362
5 27 0.000168849448549674
5 28 -0.0008865920567119245
5 29 -0.0004613425444928343
6 0 -2.689729703506971e-07
6 1 0.0007275459806901396
6 2 -0.0001790265065517031
6 3 -0.0006023886543933983
6 4 -0.0005832983509894076
6 5 9.250909474979208e-05
6 6 1.982451428889568
6 7 0.0008165018586219233
6 8 -0.0009187716251775266
6 9 -0.001167017761791185
6 10 0.0007686508181332637
6 11 -0.002086220226153317
6 12 -0.001014812113260653
6 13 0.0004876259332935924
6 14 0.004189288761772367
6 15 0.0007268859039410257
6 16 0.004053150323044922
6 17 -0.0008329585472528016
6 18 0.000757144917785703
6 19 -0.0005229105945168107
6 20 0.003193941073069691
6 21 0.0003781407797194163
6 22 -0.00055897929019626
6 23 0.0001930434895255641
6 24 -0.0003964543595495158
6 25 -0.0002574666118158685
6 26 -0.0002226245603073268
6 27 -0.000176413076022393
6 28 -0.0005475814788528479
6 29 7.752370946225146e-05
7 0 -1.889048309757671e-05
7 1 2.27562510744489e-05
7 2 0.0007245374911366493
7 3 -0.0004704295689253151
7 4 -0.001306824553062685
7 5 -0.0003873304696530059
7 6 0.0008165018586219373
7 7 1.98208435215685
7 8 -0.001276036182255294
7 9 -0.002130287683271725
7 10 0.001201769896362925
7 11 -0.002328906499493761
7 12 -0.002553337804870753
7 13 -0.0002273171969336004
7 14 0.003450043646698111
7 15 -0.001954852601231748
7 16 -0.001655712965385612
7 17 3.369380190539857e-05
7 18 0.002148411251271273
7 19 0.001951223230456536
7 20 -0.0003116256825853355
7 21 0.0003409926768317504
7 22 -2.842473493494157e-05
7 23 0.0001038267501861396
7 24 -0.001034880908552692
7 25 -0.001248247035323134
7 26 -1.54791033117084e-05
7 27 -1.913952578323188e-05
7 28 0.0003198719003687884
7 29 8.703273229211805e-05
8 0 7.224361835916881e-06
8 1 0.0002864500087593532
8 2 0.0004510335297208637
8 3 0.0003588920608536797
8 4 0.0009996907679341528
8 5 7.996393291284729e-05
8 6 -0.0009187716251775125
8 7 -0.001276036182255297
8 8 1.982359997256127
8 9 0.00201103258454356
8 10 -0.000925916686774949
8 11 0.001722562967204433
8 12 -0.000465723911221647
8 13 0.001113146136407161
8 14 -0.001823533991685003
8 15 0.0005631483084337268
8 16 -0.00120929957133101
8 17 -0.0001927282327593204
8 18 0.002574855870583356
8 19 0.0006979612458248883
8 20 -0.0001262226056087295
8 21 -0.0003059701879958986
8 22 -0.0002014497750752279
8 23 -0.0007920865995717377
8 24 -0.001154362148145346
8 25 0.0001744555415889271
8 26 -0.000191192678910164
8 27 -0.0004301618549806302
8 28 0.0005044441468411045
8 29 -0.0002490031831779072
9 0 1.423333310595101e-05
9 1 0.0002343678537382794
9 2 -0.0006582501001392237
9 3 -2.6181786719215e-05
9 4 0.001409236867048819
9 5 -6.354772642378771e-05
9 6 -0.001167017761791148
9 7 -0.00213028768327173
9 8 0.002011032584543561
9 9 1.985008252173609
9 10 -0.001914124308238965
9 11 0.003197266732879558
9 12 0.0007950109069845145
9 13 0.0002766655320748324
9 14 -0.002974289990847345
9 15 0.001190644819642119
9 16 -0.0008301842508790081
9 17 -0.001482260736749738
9 18 0.0008208281140044876
9 19 0.0005519819121496206
9 20 -7.092170064412217e-05
9 21 -0.0003819120637448941
9 22 -0.0001519814288974555
9 23 -0.0002822464565266756
9 24 -0.0003364656989505565
9 25 0.0004105766438754929
9 26 -3.124013881395107e-06
9 27 -0.0008076451154748587
9 28 0.000340914958742208
9 29 0.0004131966158182303
10 0 -4.380513239501753e-07
10 1 4.65581907470999e-05
10 2 -6.951138658774865e-05
10 3 4.451675263615398e-05
10 4 -0.0004581263463861172
10 5 0.0004026482532621659
10 6 0.0007686508181332789
10 7 0.001201769896362869
10 8 -0.000925916686774948
10 9 -0.001914124308238958
10 10 1.981598883615835
10 11 -0.001811866089391766
10 12 0.0002038950151720296
10 13 0.0005725435338527336
10 14 0.001273778908203793
10 15 -0.0008757496334153092
10 16 0.002178291822184482
10 17 -0.0001450272616123608
10 18 -0.0006796185909904116
10 19 -0.0001905490053772457
10 20 0.001518784304683293
10 21 7.764156146451417e-05
10 22 0.000176027006457779
10 23 0.0009317629705563894
10 24 0.0002814361399717458
10 25 -6.388079437761296e-05
10 26 -0.0007187034717784373
10 27 0.0005647542737144838
10 28 0.0001254629808165419
10 29 0.0002056412584352513
11 0 1.624295701443407e-05
11 1 -0.0003519098222754253
11 2 -0.0006250895305978439
11 3 0.000398312322221952
11 4 0.001848662424050775
11 5 0.0004851767615188707
11 6 -0.002086220226153391
11 7 -0.002328906499493739
11 8 0.001722562967204419
11 9 0.003197266732879509
11 10 -0.00181186608939172
11 11 1.984957215843614
11 12 0.001951268462668619
11 13 -0.001245537858107584
11 14 -0.004182638981049018
11 15 0.001841091599457631
11 16 0.0003667903554050881
11 17 -0.001364863388071028
11 18 -0.0004997091275402518
11 19 -5.227203979166164e-05
11 20 -0.001043704666798258
11 21 -0.0007135929643564637
11 22 -0.0008064953249613045
11 23 0.0001801678899074177
11 24 -0.000163760788989411
11 25 0.0006688366818311271
11 26 0.0001827137097120951
11 27 -0.0008932505322800275
11 28 -0.0005133256717263321
11 29 -0.0002007746207562341
12 0 -4.288756421996202e-06
12 1 -0.0002138542021126228
12 2 0.001671062630219335
12 3 0.0002937223921284041
12 4 0.0006596421001757821
12 5 -0.0004056471149343838
12 6 -0.001014812113260622
12 7 -0.002553337804870784
12 8 -0.000465723911221615
12 9 0.0007950109069845156
12 10 0.0002038950151720501
12 11 0.001951268462668634
12 12 1.97458434064781
12 13 0.0006243519524486503
12 14 0.0003207076507628495
12 15 -0.003594826560106281
12 16 -0.0007736983945792427
12 17 -0.003037781621407521
12 18 0.004162209457847579
12 19 -0.0008608197305965775
12 20 -0.0001749109662939381
12 21 -0.001320605065689422
12 22 -0.0002543442899796931
12 23 -0.0005235063973102148
12 24 -0.0002722727083862503
12 25 -0.0001623554759371122
12 26 0.0004068290185497473
12 27 -0.0001108525784726651
12 28 0.0005379017759329301
12 29 -0.0002870769486018304
13 0 -4.519744735606399e-06
13 1 -0.001024304650460332
13 2 -0.0001356618485097192
13 3 -0.001693094130160131
13 4 -0.001162627709678248
13 5 -0.00212416926828374
13 6 0.0004876259332935902
13 7 -0.0002273171969335952
13 8 0.001113146136407156
13 9 0.0002766655320748549
13 10 0.0005725435338527467
13 11 -0.001245537858107594
13 12 0.0006243519524486594
13 13 1.973740948647876
13 14 0.002371810938779998
13 15 0.00189043196837745
13 16 0.0007583186559845501
13 17 0.0009914566119585185
13 18 -0.002168099579590371
13 19 -0.0005694684112371904
13 20 0.000977267622062363
13 21 -0.0006298166955756486
13 22 -0.0002344883896840134
13 23 -0.0003471374317895558
13 24 -0.0007301544037187356
13 25 -0.0005741482291953961
13 26 0.0002992941079965362
13 27 0.0007527159657188878
13 28 -0.0003794011237717611
13 29 0.0001411760013639883
14 0 -6.03571126244939e-06
14 1 -0.0008002488534941514
14 2 -0.0004727172208122753
14 3 0.0006603666512492883
14 4 -0.001924642800106577
14 5 -0.0002978075718282804
14 6 0.004189288761772445
14 7 0.003450043646698025
14 8 -0.00182353399168504
14 9 -0.002974289990847328
14 10 0.001273778908203863
14 11 -0.004182638981048961
14 12 0.0003207076507629275
14 13 0.002371810938780036
14 14 1.976768647854338
14 15 -0.000111768863028487
14 16 0.001502320835142274
14 17 0.000725990096054401
14 18 -0.001064360685401791
14 19 -0.000722864195098799
14 20 -0.0001607068605400634
14 21 -8.582741071817031e-06
14 22 0.0007306439236070956
14 23 0.00072625610392384
14 24 0.001271129255091681
14 25 0.0005717577192888101
14 26 0.0006030460274656548
14 27 0.000164974671984176
14 28 0.0009836314422794761
14 29 0.0004705450776281222
15 0 -6.384950050825023e-05
15 1 -0.0003196488332086946
15 2 -0.0007614191600755144
15 3 0.0005610856244563865
15 4 0.001038635753169803
15 5 0.00191672503718583
15 6 0.0007268859039410176
15 7 -0.001954852601231735
15 8 0.0005631483084337142
15 9 0.001190644819642126
15 10 -0.0008757496334152908
15 11 0.001841091599457666
15 12 -0.003594826560106305
15 13 0.001890431968377509
15 14 -0.0001117688630284882
15 15 0.009305042363910788
15 16 -0.0003857801918973954
15 17 -0.004648152074587917
15 18 0.005848681026714287
15 19 -0.0005532129993474383
15 20 0.003505823751720257
15 21 -0.001219279392726246
15 22 -0.00231288480878099
15 23 0.001576976520835441
15 24 -0.003821772065262884
15 25 0.0008340152381133095
15 26 0.0001849641594259654
15 27 -0.001771839660429945
15 28 0.001531425077486135
15 29 -0.0008688580341190427
16 0 5.396404929639704e-05
16 1 -0.0009542431654784706
16 2 -0.001595603618739195
16 3 3.520769889408785e-05
16 4 0.001512173361179061
16 5 0.00469391583512184
16 6 0.004053150323044835
16 7 -0.001655712965385616
16 8 -0.001209299571331008
16 9 -0.0008301842508790197
16 10 0.002178291822184518
16 11 0.0003667903554050835
16 12 -0.0007736983945792415
16 13 0.0007583186559845106
16 14 0.001502320835142254
16 15 -0.0003857801918974142
16 16 0.02340844742106892
16 17 0.0001000635367832646
16 18 0.0003582492026487734
16 19 0.001130939184654444
16 20 -0.00381693737918755
16 21 0.001854017075978979
16 22 0.0009845168586796369
16 23 -4.764639617513957e-05
16 24 0.0007994000492021763
16 25 -0.0008374146819904884
16 26 0.0003997798482390679
16 27 -0.001005700998816601
16 28 0.000775832971445034
16 29 0.0005550985850059299
17 0 6.796153624649923e-05
17 1 0.0001045940431263854
17 2 0.0002265309115938827
17 3 0.0004526799803714178
17 4 0.0007778293937329149
17 5 0.001861417700197294
17 6 -0.0008329585472528051
17 7 3.369380190539866e-05
17 8 -0.0001927282327593225
17 9 -0.001482260736749712
17 10 -0.0001450272616123627
17 11 -0.001364863388071035
17 12 -0.003037781621407534
17 13 0.0009914566119585363
17 14 0.0007259900960544132
17 15 -0.004648152074587796
17 16 0.0001000635367832767
17 17 0.01796425929705096
17 18 0.001701889024647629
17 19 0.0009041521444850687
17 20 -0.001308419760101986
17 21 -0.001542238381724529
17 22 0.0008290123709472534
17 23 0.00032364092270321
17 24 0.001813274037938769
17 25 0.0005003105077332773
17 26 -0.003379050853433966
17 27 -0.001518485628137658
17 28 -0.002385121209294489
17 29 0.001086127451788976
18 0 -7.977279852241026e-06
18 1 -0.0005551415062448144
18 2 -0.000320580793987517
18 3 -0.0006007481082727422
18 4 -0.001021890151835405
18 5 1.221571942018649e-05
18 6 0.0007571449177856792
18 7 0.002148411251271231
18 8 0.002574855870583309
18 9 0.0008208281140044821
18 10 -0.0006796185909904057
18 11 -0.0004997091275402461
18 12 0.004162209457847515
18 13 -0.002168099579590417
18 14 -0.001064360685401785
18 15 0.005848681026714379
18 16 0.0003582492026487507
18 17 0.001701889024647572
18 18 0.01930216087245311
18 19 0.002260053517587667
18 20 0.0002260563373682747
18 21 0.00148064771001476
18 22 -0.0002314785082691613
18 23 -0.0009700798061195255
18 24 -0.001006733176729242
18 25 -0.0007711472755382575
18 26 0.0007466466895455019
18 27 -6.478709227108661e-05
18 28 0.001973575717866305
18 29 -0.0006279990087733375
19 0 0.0001017187392995578
19 1 -0.0005439090864295553
19 2 0.0009812535017720775
19 3 -0.0003753140053041396
19 4 -0.0002467752770288725
19 5 -0.002987117192086737
19 6 -0.0005229105945168038
19 7 0.001951223230456582
19 8 0.0006979612458248915
19 9 0.0005519819121496084
19 10 -0.0001905490053772443
19 11 -5.227203979165846e-05
19 12 -0.0008608197305965488
19 13 -0.00056946841123718
19 14 -0.0007228641950987925
19 15 -0.0005532129993474487
19 16 0.001130939184654417
19 17 0.0009041521444850958
19 18 0.002260053517587692
19 19 0.01758545982363885
19 20 -0.000776002122447872
19 21 -0.0003996019944173479
19 22 0.0004926297370357099
19 23 0.001306323996581217
19 24 0.0008201106358411148
19 25 4.486663796347758e-05
19 26 -0.002525408097016993
19 27 -0.001242609399965789
19 28 -0.001165445147807048
19 29 0.0001953019715220617
20 0 3.318116813484111e-05
20 1 -0.00128113327828072
20 2 -0.0009824510819207342
20 3 0.0005079304249843137
20 4 -0.001056208644753649
20 5 0.001504488127445648
20 6 0.003193941073069658
20 7 -0.0003116256825853479
20 8 -0.0001262226056087314
20 9 -7.092170064412301e-05
20 10 0.001518784304683263
20 11 -0.001043704666798252
20 12 -0.0001749109662939411
20 13 0.0009772676220623471
20 14 -0.0001607068605400642
20 15 0.003505823751720244
20 16 -0.003816937379187503
20 17 -0.001308419760101963
20 18 0.0002260563373682879
20 19 -0.0007760021224478566
20 20 0.01488320771692974
20 21 -0.001545152594938197
20 22 0.0006727144752158244
20 23 -0.0007661934163369687
20 24 0.002559958899472951
20 25 0.001272454861133235
20 26 -0.003163478158320717
20 27 -0.000916516770195417
20 28 -0.003083557966622311
20 29 -0.0002404020370097847
21 0 0.0001737511771660552
21 1 -0.0001751937220664425
21 2 0.000985653497783321
21 3 -0.0006412985781390272
21 4 -0.0002014520305036769
21 5 -0.001072782028231139
21 6 0.0003781407797194136
21 7 0.0003409926768317572
21 8 -0.0003059701879959015
21 9 -0.0003819120637448806
21 10 7.764156146451394e-05
21 11 -0.0007135929643564559
21 12 -0.001320605065689426
21 13 -0.0006298166955756566
21 14 -8.582741071818338e-06
21 15 -0.00121927939272626
21 16 0.001854017075978985
21 17 -0.001542238381724527
21 18 0.001480647710014741
21 19 -0.0003996019944173665
21 20 -0.001545152594938156
21 21 0.01823028383071699
21 22 0.000485464343695442
21 23 0.0002236000884390465
21 24 0.001142760708661025
21 25 -0.0003549854300605065
21 26 -0.001399663888865023
21 27 -0.001385213909904369
21 28 -0.001111145555227939
21 29 -0.0001453249697628751
22 0 0.0001236383735710306
22 1 0.0001119481416713986
22 2 0.0003041180282034663
22 3 -2.266822651603893e-05
22 4 0.0006489506184082009
22 5 -0.000199987917755342
22 6 -0.0005589792901962579
22 7 -2.842473493494099e-05
22 8 -0.0002014497750752245
22 9 -0.0001519814288974555
22 10 0.0001760270064577802
22 11 -0.0008064953249613137
22 12 -0.0002543442899796886
22 13 -0.0002344883896840147
22 14 0.0007306439236070688
22 15 -0.002312884808780991
22 16 0.0009845168586796395
22 17 0.0008290123709472346
22 18 -0.0002314785082691829
22 19 0.0004926297370357138
22 20 0.000672714475215798
22 21 0.0004854643436954459
22 22 0.016702963688633
22 23 0.0005378271980739016
22 24 -0.000223041032669848
22 25 -0.0007028757386521797
22 26 -1.313201462076079e-05
22 27 0.000253379084577359
22 28 0.0009292513575121302
22 29 -0.0007050756746674732
23 0 6.817481170728785e-05
23 1 0.0003748621172012551
23 2 0.0003806852674604474
23 3 3.735648921247069e-05
23 4 0.0001397361716914613
23 5 0.0001502089892867943
23 6 0.0001930434895255665
23 7 0.0001038267501861383
23 8 -0.0007920865995717393
23 9 -0.0002822464565266727
23 10 0.0009317629705564373
23 11 0.0001801678899074074
23 12 -0.000523506397310221
23 13 -0.0003471374317895374
23 14 0.0007262561039238394
23 15 0.001576976520835459
23 16 -4.764639617514467e-05
23 17 0.0003236409227032068
23 18 -0.0009700798061194984
23 19 0.001306323996581188
23 20 -0.0007661934163369691
23 21 0.0002236000884390676
23 22 0.0005378271980739347
23 23 0.01515786831525351
23 24 0.0009257473032977767
23 25 -0.0003510907079292273
23 26 0.0002154064232229333
23 27 0.0001828289184872433
23 28 -0.0002458512680009029
23 29 -0.0001161874427591626
24 0 9.357979385127033e-05
24 1 -8.503246390492955e-05
24 2 -0.0008602535215582413
24 3 -0.0002132432745406768
24 4 0.001478182539062337
24 5 0.001439871352127441
24 6 -0.0003964543595495173
24 7 -0.001034880908552697
24 8 -0.00115436214814534
24 9 -0.0003364656989505572
24 10 0.0002814361399717356
24 11 -0.0001637607889894178
24 12 -0.0002722727083862454
24 13 -0.0007301544037187282
24 14 0.001271129255091749
24 15 -0.003821772065262919
24 16 0.0007994000492021792
24 17 0.001813274037938812
24 18 -0.001006733176729195
24 19 0.0008201106358412036
24 20 0.002559958899472956
24 21 0.001142760708661019
24 22 -0.000223041032669854
24 23 0.0009257473032978045
24 24 0.01596001093826624
24 25 -0.001240892333533046
24 26 0.001940051116280982
24 27 0.0008253355779223274
24 28 0.001490233500929888
24 29 0.0003755913005559806
25 0 -6.212318384894368e-05
25 1 -0.000487732902780659
25 2 -0.0001256555719309303
25 3 -0.0005234914035841336
25 4 -0.0003457275650856087
25 5 0.0002138287090596001
25 6 -0.0002574666118158745
25 7 -0.00124824703532312
25 8 0.0001744555415889231
25 9 0.00041057664387549
25 10 -6.388079437761278e-05
25 11 0.0006688366818311266
25 12 -0.0001623554759371183
25 13 -0.0005741482291953984
25 14 0.0005717577192888294
25 15 0.0008340152381133044
25 16 -0.000837414681990475
25 17 0.000500310507733287
25 18 -0.0007711472755382477
25 19 4.486663796348142e-05
25 20 0.001272454861133302
25 21 -0.0003549854300605206
25 22 -0.0007028757386521854
25 23 -0.0003510907079292235
25 24 -0.001240892333533032
25 25 0.01478724847230451
25 26 0.001212918280069984
25 27 0.0001540193524444766
25 28 0.001247630325493401
25 29 -0.0009442018189392792
26 0 -7.043936475452123e-05
26 1 0.0003800830823241847
26 2 -2.951912540652618e-05
26 3 -0.0003727801022985365
26 4 -0.0007495167010507576
26 5 -0.00103830737825236
26 6 -0.0002226245603073256
26 7 -1.547910331170936e-05
26 8 -0.00019119267891016
26 9 -3.124013881395165e-06
26 10 -0.0007187034717784356
26 11 0.0001827137097120918
26 12 0.0004068290185497498
26 13 0.0002992941079965336
26 14 0.0006030460274656525
26 15 0.0001849641594259591
26 16 0.0003997798482390785
26 17 -0.003379050853433912
26 18 0.0007466466895454985
26 19 -0.002525408097016946
26 20 -0.003163478158320728
26 21 -0.001399663888865024
26 22 -1.313201462074024e-05
26 23 0.00021540642322295
26 24 0.001940051116281013
26 25 0.00121291828006997
26 26 0.01482241756043608
26 27 -0.001021863032246098
26 28 -0.001585709878382556
26 29 -0.0004762457454320279
27 0 -1.249917402174963e-05
27 1 7.218378142353477e-06
27 2 -0.0005155093427314806
27 3 -4.417061261175252e-05
27 4 0.0001023437488082906
27 5 0.0001688494485496754
27 6 -0.0001764130760223922
27 7 -1.913952578323518e-05
27 8 -0.0004301618549806358
27 9 -0.0008076451154748591
27 10 0.0005647542737144864
27 11 -0.0008932505322800264
27 12 -0.0001108525784726653
27 13 0.000752715965718877
27 14 0.0001649746719841761
27 15 -0.001771839660429968
27 16 -0.001005700998816632
27 17 -0.001518485628137657
27 18 -6.478709227111101e-05
27 19 -0.001242609399965773
27 20 -0.0009165167701953951
27 21 -0.001385213909904378
27 22 0.0002533790845773421
27 23 0.0001828289184872371
27 24 0.000825335577922333
27 25 0.0001540193524444768
27 26 -0.001021863032246091
27 27 0.01577775119849401
27 28 -0.002446527833438405
27 29 0.00052306753061217
28 0 -6.6533952444415e-05
28 1 0.0003673708012647318
28 2 0.0004933925191700748
28 3 -0.0006247018236672369
28 4 -0.0004111753078762413
28 5 -0.0008865920567119192
28 6 -0.0005475814788528495
28 7 0.000319871900368779
28 8 0.0005044441468410983
28 9 0.0003409149587422037
28 10 0.0001254629808165418
28 11 -0.0005133256717263198
28 12 0.0005379017759329219
28 13 -0.000379401123771746
28 14 0.0009836314422794672
28 15 0.001531425077486106
28 16 0.0007758329714450095
28 17 -0.00238512120929447
28 18 0.001973575717866318
28 19 -0.001165445147806992
28 20 -0.003083557966622339
28 21 -0.001111145555227919
28 22 0.0009292513575121709
28 23 -0.0002458512680009092
28 24 0.001490233500929878
28 25 0.0012476303254934
28 26 -0.001585709878382537
28 27 -0.00244652783343843
28 28 0.01147365157483275
28 29 0.001494711147350638
29 0 -7.870728272540952e-05
29 1 0.0002454687842160454
29 2 0.0003304337031048374
29 3 0.000220545895786262
29 4 0.000317993363903659
29 5 -0.0004613425444928308
29 6 7.752370946225062e-05
29 7 8.703273229211786e-05
29 8 -0.0002490031831779097
29 9 0.0004131966158182241
29 10 0.000205641258435253
29 11 -0.0002007746207562346
29 12 -0.0002870769486018349
29 13 0.0001411760013639841
29 14 0.00047054507762813
29 15 -0.0008688580341190187
29 16 0.0005550985850059182
29 17 0.001086127451788956
29 18 -0.0006279990087733363
29 19 0.0001953019715220571
29 20 -0.0002404020370097586
29 21 -0.0001453249697628592
29 22 -0.0007050756746675043
29 23 -0.0001161874427591605
29 24 0.0003755913005559908
29 25 -0.0009442018189392807
29 26 -0.0004762457454320263
29 27 0.000523067530612139
29 28 0.001494711147350602
29 29 0.01464963263176686
