0 0 1.99998607992201
0 1 2.474901227418979e-06
0 2 -1.492122992670272e-05
0 3 -1.23964722140443e-05
0 4 4.64037391191904e-05
0 5 -7.939510597459888e-06
0 6 -2.366413884684996e-06
0 7 -1.385512464130899e-05
0 8 -9.023493588464799e-07
0 9 -5.923149142275185e-06
0 10 4.045089231864944e-05
0 11 6.098702498550156e-06
0 12 -1.654962132535293e-05
0 13 2.281935343965345e-05
0 14 1.28346105593211e-05
0 15 3.543186117442584e-06
1 0 2.474901227418915e-06
1 1 1.991903122049347
1 2 -0.0002368330411727498
1 3 0.001208259566647564
1 4 -0.000487505635918185
1 5 -0.001069966601484925
1 6 0.0009808120334051913
1 7 0.00123708639571099
1 8 0.0006659184287154319
1 9 0.00276293860039966
1 10 -0.001958256505085515
1 11 -9.318805164323022e-05
1 12 0.0001951295661295799
1 13 -0.002473341850087651
1 14 0.002538379783660854
1 15 -0.0009448466470788931
2 0 -1.492122992670264e-05
2 1 -0.0002368330411727505
2 2 1.988541545587443
2 3 -0.001569603620374717
2 4 0.0009846431479833666
2 5 0.001064422832132493
2 6 -0.0003735557783073684
2 7 0.0005615308461019116
2 8 -0.0007394059971060488
2 9 -0.002324603905296473
2 10 -0.005842617146179407
2 11 0.002182909457103105
2 12 0.001097271177120214
2 13 0.0007874632548175565
2 14 -0.004011956685266235
2 15 0.0004645816137563391
3 0 -1.239647221404425e-05
3 1 0.001208259566647558
3 2 -0.001569603620374724
3 3 1.983753118986258
3 4 -0.0009563488211009012
3 5 -0.002627369264615703
3 6 -0.0005777024701962651
3 7 -0.002937363723435556
3 8 -0.0003944410098422376
3 9 -0.001785796110871686
3 10 0.0001460385611427581
3 11 -0.001522240384285514
3 12 0.002129499301723644
3 13 0.004401250505673888
3 14 -0.004077033439060159
3 15 0.002743441781189673
4 0 4.640373911919057e-05
4 1 -0.0004875056359181869
4 2 0.0009846431479833815
4 3 -0.0009563488211008979
4 4 1.979543068821205
4 5 0.0009550290650973621
4 6 0.0001887202668075619
4 7 0.001742806057760101
4 8 -0.0003064539793038289
4 9 -0.001343817409318084
4 10 0.005293323883615489
4 11 0.00381565710493235
4 12 0.001456644122529939
4 13 0.001906384239556903
4 14 -0.007298685337515837
4 15 -0.001275700539138572
5 0 -7.93951059745998e-06
5 1 -0.001069966601484915
5 2 0.001064422832132485
5 3 -0.002627369264615734
5 4 0.000955029065097362
5 5 1.980001341056626
5 6 0.0002749917939249096
5 7 0.001191305188809668
5 8 -0.001312007691231407
5 9 0.006909345061839332
5 10 0.0005236520142994813
5 11 0.002403453196781668
5 12 0.001236700142622288
5 13 -0.002241838288057276
5 14 0.009344788814549289
5 15 -0.003708937821071753
6 0 -2.36641388468493e-06
6 1 0.0009808120334051994
6 2 -0.0003735557783073585
6 3 -0.0005777024701962687
6 4 0.0001887202668075602
6 5 0.0002749917939248894
6 6 1.975989966605755
6 7 0.0003324368013474963
6 8 -0.01807845025625771
6 9 0.05050738696721684
6 10 -0.001839685990298007
6 11 0.0005015762464068956
6 12 0.0008540018833269268
6 13 0.00395861131278568
6 14 -0.003637905106820431
6 15 0.002885854363292513
7 0 -1.385512464130891e-05
7 1 0.001237086395710994
7 2 0.0005615308461019101
7 3 -0.002937363723435562
7 4 0.001742806057760096
7 5 0.001191305188809668
7 6 0.00033243680134748
7 7 1.992345796612571
7 8 -0.001062313435090163
7 9 -0.02029561507534159
7 10 -0.008865768990459641
7 11 0.001535970589503698
7 12 0.002461314644449264
7 13 -0.001036918137650248
7 14 0.009096945111924413
7 15 0.01133517418483002
8 0 -9.023493588465041e-07
8 1 0.0006659184287154424
8 2 -0.0007394059971060495
8 3 -0.0003944410098422274
8 4 -0.0003064539793038252
8 5 -0.0013120076912314
8 6 -0.01807845025625782
8 7 -0.001062313435090155
8 8 1.955151550123681
8 9 0.007085431635097983
8 10 0.002849543133353127
8 11 -0.001704531698842322
8 12 0.00154764090886908
8 13 4.546313565502333e-05
8 14 -0.004210949962502533
8 15 -0.001762371231271659
9 0 -5.923149142275163e-06
9 1 0.002762938600399687
9 2 -0.002324603905296448
9 3 -0.001785796110871715
9 4 -0.0013438174093181
9 5 0.00690934506183935
9 6 0.05050738696721653
9 7 -0.0202956150753418
9 8 0.007085431635098186
9 9 0.06542538606777776
9 10 -0.0007682089861543405
9 11 -0.001733750663961242
9 12 0.0006826858046801185
9 13 0.002004701455102584
9 14 -0.0004626458105264834
9 15 -0.001315680376679934
10 0 4.045089231864983e-05
10 1 -0.00195825650508556
10 2 -0.005842617146179375
10 3 0.0001460385611427607
10 4 0.00529332388361551
10 5 0.0005236520142994758
10 6 -0.001839685990297952
10 7 -0.008865768990459594
10 8 0.002849543133353137
10 9 -0.0007682089861543489
10 10 0.02047150187522629
10 11 0.0006870223575573722
10 12 -0.001791892281624718
10 13 0.0009125647207964708
10 14 -0.001713085747652853
10 15 -0.002027943880616505
11 0 6.098702498550264e-06
11 1 -9.318805164322949e-05
11 2 0.002182909457103074
11 3 -0.001522240384285484
11 4 0.003815657104932364
11 5 0.002403453196781667
11 6 0.0005015762464068922
11 7 0.001535970589503668
11 8 -0.001704531698842322
11 9 -0.001733750663961244
11 10 0.0006870223575573681
11 11 0.01103331046737443
11 12 0.005954120331980658
11 13 0.002174154444862826
11 14 0.001722776665003487
11 15 0.001555249487160119
12 0 -1.654962132535291e-05
12 1 0.0001951295661295782
12 2 0.001097271177120216
12 3 0.002129499301723649
12 4 0.001456644122529948
12 5 0.001236700142622282
12 6 0.0008540018833269362
12 7 0.002461314644449264
12 8 0.001547640908869091
12 9 0.0006826858046801252
12 10 -0.001791892281624728
12 11 0.005954120331980748
12 12 0.01323961178002098
12 13 0.001057622566305648
12 14 -0.003194129855322021
12 15 -0.003290729766071935
13 0 2.281935343965347e-05
13 1 -0.002473341850087657
13 2 0.0007874632548175556
13 3 0.004401250505673908
13 4 0.0019063842395569
13 5 -0.002241838288057284
13 6 0.003958611312785713
13 7 -0.001036918137650198
13 8 4.5463135655025e-05
13 9 0.002004701455102536
13 10 0.0009125647207964905
13 11 0.002174154444862822
13 12 0.001057622566305673
13 13 0.01519088502914062
13 14 0.001199831922278628
13 15 0.002557126222152209
14 0 1.283461055932129e-05
14 1 0.002538379783660857
14 2 -0.00401195668526624
14 3 -0.004077033439060207
14 4 -0.007298685337515821
14 5 0.009344788814549292
14 6 -0.003637905106820433
14 7 0.009096945111924564
14 8 -0.004210949962502544
14 9 -0.0004626458105265061
14 10 -0.001713085747652829
14 11 0.001722776665003476
14 12 -0.003194129855322035
14 13 0.001199831922278609
14 14 0.01462825837718304
14 15 -0.002039980281790094
15 0 3.543186117442603e-06
15 1 -0.0009448466470788855
15 2 0.0004645816137563349
15 3 0.002743441781189698
15 4 -0.001275700539138597
15 5 -0.003708937821071798
15 6 0.002885854363292508
15 7 0.01133517418483023
15 8 -0.00176237123127167
15 9 -0.001315680376679953
15 10 -0.00202794388061651
15 11 0.001555249487160127
15 12 -0.00329072976607193
15 13 0.002557126222152209
15 14 -0.002039980281790088
15 15 0.01279545663090189
