 &FCI NORB=   8,NELEC= 8,MS2=0,
  ORBSYM=1,1,1,1,1,1,1,1
  ISYM=1,
 &END
 0.50766475173534    1    1    1    1
 -0.02012129779206701    2    1    1    1
 0.09209037346423457    2    1    2    1
 0.4656641112409983    2    2    1    1
 0.07779248583975065    2    2    2    1
 0.5779865928611642    2    2    2    2
 -0.0006807900098102701    3    1    1    1
 0.0006433954652808902    3    1    2    1
 -0.002161651504620532    3    1    2    2
 0.1067120254337086    3    1    3    1
 0.001288296208926733    3    2    1    1
 -0.002248170455447895    3    2    2    1
 -0.0001846444731010456    3    2    2    2
 -0.01868623509556113    3    2    3    1
 0.01855469605883181    3    2    3    2
 0.4710512261757361    3    3    1    1
 -0.02151074747006494    3    3    2    1
 0.4074004568820661    3    3    2    2
 0.0385668479066119    3    3    3    1
 -0.01078318975792485    3    3    3    2
 0.5016928255841528    3    3    3    3
 0.01208820293788509    4    1    1    1
 -0.005466745365859243    4    1    2    1
 0.02088280228670875    4    1    2    2
 -0.003352052224843085    4    1    3    1
 0.004455622871373886    4    1    3    2
 -0.02909950263562042    4    1    3    3
 0.1098354531406952    4    1    4    1
 -0.008465669273792836    4    2    1    1
 0.01737234792023641    4    2    2    1
 0.009604356509612747    4    2    2    2
 0.004581574092745312    4    2    3    1
 -0.003657102156653902    4    2    3    2
 0.003668308757722136    4    2    3    3
 -0.02413043566367786    4    2    4    1
 0.02695192947243192    4    2    4    2
 -0.008500782863441724    4    3    1    1
 0.005171851012300027    4    3    2    1
 -0.008314106529318452    4    3    2    2
 -0.03539032690965543    4    3    3    1
 0.007341888285494893    4    3    3    2
 -0.008798046287162973    4    3    3    3
 -0.03483006822535796    4    3    4    1
 0.01161549338331999    4    3    4    2
 0.0462453617346449    4    3    4    3
 0.4814255268031931    4    4    1    1
 -0.02795421316320549    4    4    2    1
 0.4212231891523099    4    4    2    2
 -0.035460430962049    4    4    3    1
 0.01222207780449821    4    4    3    2
 0.4298594747085304    4    4    3    3
 0.01400494742209844    4    4    4    1
 -0.0178220654770224    4    4    4    2
 0.004696482207110776    4    4    4    3
 0.5034253956152508    4    4    4    4
 -0.03970248836903687    5    1    1    1
 0.007855987424523132    5    1    2    1
 -0.0362547420891338    5    1    2    2
 0.009073106962920541    5    1    3    1
 0.001445273696589859    5    1    3    2
 -0.02143923329415009    5    1    3    3
 0.01731754611781553    5    1    4    1
 0.009129993913495371    5    1    4    2
 0.01088214523598412    5    1    4    3
 -0.03221141610764289    5    1    4    4
 0.05039838545814789    5    1    5    1
 0.01613587715933973    5    2    1    1
 -0.01854543676015852    5    2    2    1
 0.003565783777093256    5    2    2    2
 0.005037411918234008    5    2    3    1
 0.003214026035985973    5    2    3    2
 0.003187661144774248    5    2    3    3
 0.02052708335808366    5    2    4    1
 0.001580718767847118    5    2    4    2
 -0.01093538243862592    5    2    4    3
 0.009444482676432959    5    2    4    4
 -0.005881644154821339    5    2    5    1
 0.02060877652329955    5    2    5    2
 0.03063238597981808    5    3    1    1
 0.004035808570856063    5    3    2    1
 0.03310094680926174    5    3    2    2
 0.02401569972688415    5    3    3    1
 -0.007474101710811466    5    3    3    2
 0.03020730565690529    5    3    3    3
 0.0293468915352812    5    3    4    1
 -0.007982744398354913    5    3    4    2
 -0.02403078327607235    5    3    4    3
 0.006172572923233114    5    3    4    4
 -0.01541856094981356    5    3    5    1
 0.01082570613805747    5    3    5    2
 0.04826568417057096    5    3    5    3
 0.0695850490232372    5    4    1    1
 0.01839350721522072    5    4    2    1
 0.07676081022081541    5    4    2    2
 0.03048538704724299    5    4    3    1
 -0.008282287481699131    5    4    3    2
 0.04833244151865313    5    4    3    3
 0.003358157074682777    5    4    4    1
 -0.001113363285764997    5    4    4    2
 -0.02195258071501581    5    4    4    3
 0.04811086874569571    5    4    4    4
 -0.04117034797782715    5    4    5    1
 0.01081790594516284    5    4    5    2
 0.03982669456820546    5    4    5    3
 0.08671558941806222    5    4    5    4
 0.4663019364870308    5    5    1    1
 -0.01552387974175969    5    5    2    1
 0.4097959924092125    5    5    2    2
 -0.03916286559889343    5    5    3    1
 0.01082874690027365    5    5    3    2
 0.4518074421708342    5    5    3    3
 -0.07502882665920618    5    5    4    1
 0.0117502814361651    5    5    4    2
 0.04870608027474636    5    5    4    3
 0.4767105375362726    5    5    4    4
 -0.03190107219524338    5    5    5    1
 -0.008449612983089345    5    5    5    2
 -0.02490562039763856    5    5    5    3
 0.0336456961360899    5    5    5    4
 0.5657186730190682    5    5    5    5
 0.008431402678586655    6    1    1    1
 -0.01202151633253316    6    1    2    1
 0.007170977965395861    6    1    2    2
 -0.01460275669304672    6    1    3    1
 -0.009603671321799271    6    1    3    2
 0.0119163640589788    6    1    3    3
 0.002390223284238299    6    1    4    1
 0.01209693061579715    6    1    4    2
 0.001224560730365469    6    1    4    3
 -0.01345818729378149    6    1    4    4
 -0.001964679339280889    6    1    5    1
 0.007270271796282891    6    1    5    2
 0.0111470139271076    6    1    5    3
 -0.003082267498646405    6    1    5    4
 -0.004932886378639071    6    1    5    5
 0.04798347154984834    6    1    6    1
 -0.04266776373152097    6    2    1    1
 0.01718704514139189    6    2    2    1
 -0.003591780192367973    6    2    2    2
 -0.02400483252657428    6    2    3    1
 -0.002138063078794339    6    2    3    2
 -0.05588286787249978    6    2    3    3
 0.02827101327812107    6    2    4    1
 0.002335120779386503    6    2    4    2
 0.0001514764293187732    6    2    4    3
 -0.02420050799526188    6    2    4    4
 0.01422913879965508    6    2    5    1
 -0.0008681388192454937    6    2    5    2
 -0.008214191678669673    6    2    5    3
 -0.02474804928637039    6    2    5    4
 -0.05196944563237197    6    2    5    5
 0.001255226688927268    6    2    6    1
 0.05557430329862864    6    2    6    2
 -0.06066265151140057    6    3    1    1
 -0.02222925124674341    6    3    2    1
 -0.07097026898059815    6    3    2    2
 0.01860134877550987    6    3    3    1
 -0.01152777803030713    6    3    3    2
 -0.03871958187324161    6    3    3    3
 -0.001065509753087221    6    3    4    1
 -0.001782756452826714    6    3    4    2
 -0.003646852811242437    6    3    4    3
 -0.04678302393692572    6    3    4    4
 0.02134621800682386    6    3    5    1
 -0.004222740040270244    6    3    5    2
 -0.008334387192579246    6    3    5    3
 -0.03539713161790515    6    3    5    4
 -0.05436238346243786    6    3    5    5
 0.00237765238516206    6    3    6    1
 0.01548108908208057    6    3    6    2
 0.06104023200971827    6    3    6    3
 0.02256262682552068    6    4    1    1
 0.0283045474117783    6    4    2    1
 0.03915571292240971    6    4    2    2
 -0.001830795338613946    6    4    3    1
 -0.001572217115226102    6    4    3    2
 0.02697079976028885    6    4    3    3
 -0.04426209753626724    6    4    4    1
 0.01514842010776911    6    4    4    2
 0.0155753242387249    6    4    4    3
 0.01257903579388364    6    4    4    4
 -0.008940402496793114    6    4    5    1
 -0.01374164894678952    6    4    5    2
 -0.01455359405222175    6    4    5    3
 0.01967482302191197    6    4    5    4
 0.06036346041025518    6    4    5    5
 0.00428038714222267    6    4    6    1
 -0.02107216987365712    6    4    6    2
 -0.02931253553040376    6    4    6    3
 0.05522279498966665    6    4    6    4
 0.003488523686979371    6    5    1    1
 0.01033518565809618    6    5    2    1
 0.01008946087557666    6    5    2    2
 0.0284923843561644    6    5    3    1
 -0.006491186933746149    6    5    3    2
 0.006347791005027669    6    5    3    3
 0.0001061361924230522    6    5    4    1
 -0.009260948840132684    6    5    4    2
 -0.02227025553046286    6    5    4    3
 0.005791353527693012    6    5    4    4
 -0.01172629046651442    6    5    5    1
 -0.00535503878791549    6    5    5    2
 0.009398581893064374    6    5    5    3
 0.02496300241856826    6    5    5    4
 -0.01312243261780427    6    5    5    5
 -0.0182637982399739    6    5    6    1
 -0.003719430742938902    6    5    6    2
 0.005959522021056761    6    5    6    3
 0.002264694338355403    6    5    6    4
 0.03124949908525881    6    5    6    5
 0.4845744367013901    6    6    1    1
 -0.001616786054639674    6    6    2    1
 0.4666563589751215    6    6    2    2
 0.01098171804545272    6    6    3    1
 0.005891811157022586    6    6    3    2
 0.4562946405381008    6    6    3    3
 0.01830129282022502    6    6    4    1
 -0.01812850432757908    6    6    4    2
 -0.028143173081846    6    6    4    3
 0.4601891663706124    6    6    4    4
 -0.04739432169427986    6    6    5    1
 0.01149359246578366    6    6    5    2
 0.03880087031562112    6    6    5    3
 0.07423372774645591    6    6    5    4
 0.4369984895044092    6    6    5    5
 -0.006796332435097739    6    6    6    1
 -0.04259383807999143    6    6    6    2
 -0.06440953359525188    6    6    6    3
 0.01785779255485512    6    6    6    4
 0.02060802969964808    6    6    6    5
 0.5103862914312227    6    6    6    6
 -0.02450992332434849    7    1    1    1
 0.01883302196284552    7    1    2    1
 -0.02349296475400245    7    1    2    2
 -0.01567104581109411    7    1    3    1
 -0.005219791698899598    7    1    3    2
 -0.005208526342953105    7    1    3    3
 0.0008941929724619397    7    1    4    1
 -0.005824195555541496    7    1    4    2
 -0.006746511796915141    7    1    4    3
 -0.01334411884747256    7    1    4    4
 0.002241583473224157    7    1    5    1
 -0.01344918311854338    7    1    5    2
 0.009030378265440377    7    1    5    3
 -0.009184111759163944    7    1    5    4
 -0.02221603790796864    7    1    5    5
 0.0002346849726918644    7    1    6    1
 0.00606782782029054    7    1    6    2
 0.01244984446543477    7    1    6    3
 -0.008112879542028809    7    1    6    4
 0.008640400384551579    7    1    6    5
 -0.008549866854536734    7    1    6    6
 0.04845761990839471    7    1    7    1
 0.05950075922121596    7    2    1    1
 -0.03236676254879219    7    2    2    1
 0.005071128642653128    7    2    2    2
 -0.01399366771496814    7    2    3    1
 -0.003245916334125127    7    2    3    2
 0.04714726205313301    7    2    3    3
 -0.01557283080553956    7    2    4    1
 -0.007496244212012736    7    2    4    2
 0.009576140272327095    7    2    4    3
 0.05443312329127988    7    2    4    4
 -0.02191239293949843    7    2    5    1
 0.003541805469617606    7    2    5    2
 -0.001485277766617715    7    2    5    3
 0.01866570587053136    7    2    5    4
 0.07333399205508249    7    2    5    5
 0.003310462764637217    7    2    6    1
 -0.03791639956281536    7    2    6    2
 -0.02071736921484123    7    2    6    3
 0.01438508866363512    7    2    6    4
 -0.00637203108515549    7    2    6    5
 0.03926917314116507    7    2    6    6
 -0.008995366252033269    7    2    7    1
 0.06586086573372324    7    2    7    2
 -0.05883719232587135    7    3    1    1
 -0.01250389153484026    7    3    2    1
 -0.06422365353404723    7    3    2    2
 0.03392651061756166    7    3    3    1
 -0.004858971256984396    7    3    3    2
 -0.01945848604612133    7    3    3    3
 -0.01976964672707261    7    3    4    1
 0.007617801195900145    7    3    4    2
 -0.008468841481222093    7    3    4    3
 -0.0594028880080413    7    3    4    4
 0.02038491305216024    7    3    5    1
 -0.004730413953494261    7    3    5    2
 -0.002997614950446196    7    3    5    3
 -0.02738580061334646    7    3    5    4
 -0.04856552299190344    7    3    5    5
 0.007776332141944608    7    3    6    1
 -0.003572486781593138    7    3    6    2
 0.04808557770678835    7    3    6    3
 -0.01193414144716784    7    3    6    4
 0.00797767118231598    7    3    6    5
 -0.0507951446443075    7    3    6    6
 0.01373169312315764    7    3    7    1
 -0.02774869779339726    7    3    7    2
 0.06858383758001757    7    3    7    3
 -0.00267186759500736    7    4    1    1
 -0.01577605942334076    7    4    2    1
 -0.01748442587695496    7    4    2    2
 -0.02085210141608338    7    4    3    1
 0.007747672150960025    7    4    3    2
 -0.01444817273021861    7    4    3    3
 0.006895813122777394    7    4    4    1
 -0.001277928053007295    7    4    4    2
 -0.002114724223477522    7    4    4    3
 0.01232749817517656    7    4    4    4
 -0.002978458551115136    7    4    5    1
 0.007348198552269317    7    4    5    2
 -0.01366190056679009    7    4    5    3
 -0.01373189515531284    7    4    5    4
 0.002263520752903686    7    4    5    5
 -0.005652431317606127    7    4    6    1
 0.009517004801624417    7    4    6    2
 -0.0009511521023494855    7    4    6    3
 -0.01145587590002384    7    4    6    4
 -0.004847431299695359    7    4    6    5
 -0.002928988193705609    7    4    6    6
 -0.001513964649435895    7    4    7    1
 0.004541100507858832    7    4    7    2
 -0.007232413106740586    7    4    7    3
 0.02261869887384482    7    4    7    4
 -0.01233580030339028    7    5    1    1
 -0.01833472097276242    7    5    2    1
 -0.02169577002565606    7    5    2    2
 0.03061533676686674    7    5    3    1
 -0.006645566307991044    7    5    3    2
 0.0002865177711607982    7    5    3    3
 -0.006260593503555648    7    5    4    1
 0.005733155434161991    7    5    4    2
 -0.01774472058460464    7    5    4    3
 -0.02483668920930188    7    5    4    4
 -0.004401898141920034    7    5    5    1
 0.01160553352505746    7    5    5    2
 0.004377642184965481    7    5    5    3
 0.004101578062761928    7    5    5    4
 -0.0266079500128227    7    5    5    5
 0.008672242315971987    7    5    6    1
 -0.006977665833606648    7    5    6    2
 0.01523165793715688    7    5    6    3
 -0.005376660622359712    7    5    6    4
 0.006352393705110498    7    5    6    5
 -0.01122837676267041    7    5    6    6
 -0.008583376973004766    7    5    7    1
 -0.004086173058456332    7    5    7    2
 0.02496684674166802    7    5    7    3
 0.00137058739515472    7    5    7    4
 0.02997257408941335    7    5    7    5
 0.008068541865610266    7    6    1    1
 -0.008179573699794255    7    6    2    1
 -0.0289307968603008    7    6    2    2
 0.02871657861006343    7    6    3    1
 -0.01176712584722773    7    6    3    2
 0.04943014521680392    7    6    3    3
 -0.02060578020546937    7    6    4    1
 0.009083836599200324    7    6    4    2
 -0.006032301706022238    7    6    4    3
 -0.006073424633030589    7    6    4    4
 0.008616446477542502    7    6    5    1
 -0.003546892742219896    7    6    5    2
 0.008384058850004778    7    6    5    3
 0.002348200810204188    7    6    5    4
 0.01387699178551107    7    6    5    5
 0.008860932369090658    7    6    6    1
 -0.0213358644695338    7    6    6    2
 0.006556599675146675    7    6    6    3
 0.007120070957476044    7    6    6    4
 0.00311812045463482    7    6    6    5
 0.006519961471073806    7    6    6    6
 0.01524652705839247    7    6    7    1
 0.008383104052639031    7    6    7    2
 0.02024508786933023    7    6    7    3
 -0.007633951034991531    7    6    7    4
 0.01025788584142097    7    6    7    5
 0.04545016391991827    7    6    7    6
 0.4716771476884306    7    7    1    1
 -0.003484710998717813    7    7    2    1
 0.4602056871169317    7    7    2    2
 0.03449178559779362    7    7    3    1
 -0.01847133223507699    7    7    3    2
 0.4650304032710848    7    7    3    3
 -0.002355828220937691    7    7    4    1
 0.00195752700514157    7    7    4    2
 -0.01786912081072927    7    7    4    3
 0.4228318075840984    7    7    4    4
 -0.03654928429098141    7    7    5    1
 0.009240533633734701    7    7    5    2
 0.04376412777925289    7    7    5    3
 0.07308176212597182    7    7    5    4
 0.4293942340227443    7    7    5    5
 0.02178352798555504    7    7    6    1
 -0.03999381898065139    7    7    6    2
 -0.04148723005295744    7    7    6    3
 0.02583829537004883    7    7    6    4
 0.01223893789501532    7    7    6    5
 0.4628329556624938    7    7    6    6
 -0.01900847154974962    7    7    7    1
 0.04627284595293706    7    7    7    2
 -0.03614514758124188    7    7    7    3
 -0.01977830739127008    7    7    7    4
 0.002172736370015515    7    7    7    5
 0.02436725297915244    7    7    7    6
 0.4948404607825924    7    7    7    7
 0.06714619243526829    8    1    1    1
 0.01217493512034821    8    1    2    1
 0.05169784578491356    8    1    2    2
 0.001257991718423272    8    1    3    1
 -0.0006615557275875311    8    1    3    2
 0.05658367455506855    8    1    3    3
 0.008006797126181877    8    1    4    1
 0.004882597871779452    8    1    4    2
 0.003765687226400415    8    1    4    3
 0.04992361187763492    8    1    4    4
 -0.003177195399223033    8    1    5    1
 0.003687096575087982    8    1    5    2
 0.01439289325433973    8    1    5    3
 0.03694236630229736    8    1    5    4
 0.05862841347942005    8    1    5    5
 0.005763882713269559    8    1    6    1
 -0.03002711296883035    8    1    6    2
 -0.04046621075790058    8    1    6    3
 0.0263299033927453    8    1    6    4
 -0.005066345849805147    8    1    6    5
 0.05599655405931538    8    1    6    6
 -0.006242305160802625    8    1    7    1
 0.03542308955555348    8    1    7    2
 -0.03373203804518819    8    1    7    3
 -0.008457187788004462    8    1    7    4
 -0.01214691979053918    8    1    7    5
 0.01343390978561528    8    1    7    6
 0.05794942613381291    8    1    7    7
 0.05741071593973145    8    1    8    1
 0.04305136291471051    8    2    1    1
 -0.02520951441086198    8    2    2    1
 -0.01982855533851885    8    2    2    2
 -0.0007107521145850961    8    2    3    1
 0.003150706693411095    8    2    3    2
 0.04335720540479705    8    2    3    3
 0.01024937291779223    8    2    4    1
 -0.01408801270154022    8    2    4    2
 -0.007145216983545366    8    2    4    3
 0.05265447541049874    8    2    4    4
 -0.004775269536998206    8    2    5    1
 0.006174916139200189    8    2    5    2
 0.007924584531655962    8    2    5    3
 0.01032684538651141    8    2    5    4
 0.04193903287258311    8    2    5    5
 -0.01869600480302636    8    2    6    1
 -0.03319648573526013    8    2    6    2
 -0.005944604901119443    8    2    6    3
 -0.01277950847187287    8    2    6    4
 0.005503734389548745    8    2    6    5
 0.04341913872154724    8    2    6    6
 0.01851807021388127    8    2    7    1
 0.04538674847071845    8    2    7    2
 -0.01060330922276868    8    2    7    3
 0.01042007668780302    8    2    7    4
 -0.00549725355808439    8    2    7    5
 0.02030472043331692    8    2    7    6
 0.02162482959568689    8    2    7    7
 0.02840027319928872    8    2    8    1
 0.07630899312397484    8    2    8    2
 0.003377451542584316    8    3    1    1
 -0.001165976641723904    8    3    2    1
 0.005367420005975601    8    3    2    2
 0.008761925978787369    8    3    3    1
 0.00946481344410467    8    3    3    2
 -0.008697219462283544    8    3    3    3
 0.01140007833058896    8    3    4    1
 -0.005482383618330809    8    3    4    2
 0.003857362241546711    8    3    4    3
 0.01067197278772684    8    3    4    4
 0.006910877780452785    8    3    5    1
 0.003886879113599492    8    3    5    2
 -0.006320109592590988    8    3    5    3
 -0.001009182508004971    8    3    5    4
 0.002852510387705352    8    3    5    5
 -0.02348896730314104    8    3    6    1
 0.001980998757112483    8    3    6    2
 -0.005712652498004588    8    3    6    3
 -0.00695160445262037    8    3    6    4
 8.973442627849196e-05    8    3    6    5
 0.005021388091248095    8    3    6    6
 -0.01874129183999254    8    3    7    1
 -0.002810413565386655    8    3    7    2
 -0.01228419094994062    8    3    7    3
 0.003699518931274784    8    3    7    4
 -0.005388398142174201    8    3    7    5
 -0.01432952937258805    8    3    7    6
 -0.01055588196760664    8    3    7    7
 -0.0001583389183666714    8    3    8    1
 0.00240589879361859    8    3    8    2
 0.0244992159195188    8    3    8    3
 0.03065171498719161    8    4    1    1
 0.009937512399781783    8    4    2    1
 0.02166629409539859    8    4    2    2
 0.01180968811833102    8    4    3    1
 -0.005598680600340677    8    4    3    2
 0.03652322049464055    8    4    3    3
 -0.006926297951935866    8    4    4    1
 0.01771881259063631    8    4    4    2
 0.008231329421259419    8    4    4    3
 0.01522541470305451    8    4    4    4
 0.01324167280043395    8    4    5    1
 0.00128711913382223    8    4    5    2
 0.002370592124424224    8    4    5    3
 0.01748312834309428    8    4    5    4
 0.03891400629619491    8    4    5    5
 0.01722132023810754    8    4    6    1
 -0.02090018476530511    8    4    6    2
 -0.01595097064881823    8    4    6    3
 0.02854995298830309    8    4    6    4
 -0.00868250258865382    8    4    6    5
 0.01162673600806494    8    4    6    6
 -0.00855882801412035    8    4    7    1
 0.01623844604688738    8    4    7    2
 -0.003941216395563023    8    4    7    3
 -0.0118445842898251    8    4    7    4
 0.001152649940830508    8    4    7    5
 0.02035964780673067    8    4    7    6
 0.03434663355069447    8    4    7    7
 0.03893596979467592    8    4    8    1
 0.00522557331417777    8    4    8    2
 -0.006548617176546658    8    4    8    3
 0.04568746215852628    8    4    8    4
 0.02560520647757973    8    5    1    1
 0.0006663357421124854    8    5    2    1
 0.02721224873570979    8    5    2    2
 0.01124124221669913    8    5    3    1
 0.003137121290397429    8    5    3    2
 0.005318277454169172    8    5    3    3
 0.03927893837159317    8    5    4    1
 -0.003796931848251216    8    5    4    2
 -0.01240300844884714    8    5    4    3
 0.02411777610981987    8    5    4    4
 0.006062045890069819    8    5    5    1
 0.01348563096994534    8    5    5    2
 0.01422847084429929    8    5    5    3
 0.01832713458532868    8    5    5    4
 -0.009650849421959632    8    5    5    5
 -0.006191523950340313    8    5    6    1
 0.004910151754870053    8    5    6    2
 -0.008152977175315696    8    5    6    3
 -0.01354859727481534    8    5    6    4
 0.00280265008947999    8    5    6    5
 0.02406146188135191    8    5    6    6
 -0.01099145799818869    8    5    7    1
 -0.002718349861406206    8    5    7    2
 -0.01367249640304541    8    5    7    3
 0.002438565853544461    8    5    7    4
 -0.001508399531036821    8    5    7    5
 -0.007565696144678588    8    5    7    6
 0.01518646561238699    8    5    7    7
 0.01397931794210537    8    5    8    1
 0.008709925535516983    8    5    8    2
 0.01293382483288699    8    5    8    3
 0.00668907786781427    8    5    8    4
 0.02754594617997925    8    5    8    5
 0.01028183576781229    8    6    1    1
 -0.0515019893430357    8    6    2    1
 -0.05181180182675536    8    6    2    2
 -0.05037240641679198    8    6    3    1
 0.008118447330844559    8    6    3    2
 -0.01624218974971793    8    6    3    3
 0.03941839953748225    8    6    4    1
 -0.02556059090774319    8    6    4    2
 -0.004580911589754776    8    6    4    3
 0.04108531013607337    8    6    4    4
 -0.007064988213922917    8    6    5    1
 0.01147038802014693    8    6    5    2
 -0.0041471795188423    8    6    5    3
 -0.02171571957225274    8    6    5    4
 -0.0002425832806827565    8    6    5    5
 0.00312006151983897    8    6    6    1
 0.01120703027843241    8    6    6    2
 0.006312075833986201    8    6    6    3
 -0.03468758109843104    8    6    6    4
 -0.00969617733259568    8    6    6    5
 0.00360217461660917    8    6    6    6
 0.0122513593298744    8    6    7    1
 0.02624178775749088    8    6    7    2
 -0.0190779545518785    8    6    7    3
 0.02655657080907967    8    6    7    4
 -0.008790617441712287    8    6    7    5
 -0.01048049247306587    8    6    7    6
 -0.02394768476979853    8    6    7    7
 -0.005362382614568846    8    6    8    1
 0.03742113191635636    8    6    8    2
 -0.002519037638093554    8    6    8    3
 -0.02016328364915343    8    6    8    4
 0.006113266756781336    8    6    8    5
 0.08534978165759956    8    6    8    6
 0.003473850637093744    8    7    1    1
 0.05749685696559963    8    7    2    1
 0.07974201218760993    8    7    2    2
 -0.03950240741226155    8    7    3    1
 0.0004060576114745963    8    7    3    2
 -0.0177786472661237    8    7    3    3
 -0.01092459800560857    8    7    4    1
 0.01631069207166346    8    7    4    2
 0.01436472339806914    8    7    4    3
 -0.001127938596281313    8    7    4    4
 -0.01126873465794203    8    7    5    1
 -0.01035822418536111    8    7    5    2
 -0.007189202100736457    8    7    5    3
 0.009011721583979794    8    7    5    4
 0.01545709666414608    8    7    5    5
 0.01231370379408404    8    7    6    1
 0.02419859569938049    8    7    6    2
 -0.02828205927009035    8    7    6    3
 0.0293146629996143    8    7    6    4
 -0.006939840283634652    8    7    6    5
 0.005717772225108326    8    7    6    6
 0.006818792705267958    8    7    7    1
 -0.01532379805347176    8    7    7    2
 -0.02717307187067063    8    7    7    3
 -0.001756280635112666    8    7    7    4
 -0.01776803650864825    8    7    7    5
 -0.02216855414437804    8    7    7    6
 0.007213663820276654    8    7    7    7
 0.006010314543417376    8    7    8    1
 -0.03584919993363939    8    7    8    2
 -0.01084514726004199    8    7    8    3
 0.003561628259720585    8    7    8    4
 -0.007543806453602206    8    7    8    5
 -0.02451546972583047    8    7    8    6
 0.07492895837072536    8    7    8    7
 0.4605127064828878    8    8    1    1
 0.04652610537336457    8    8    2    1
 0.5115413533435951    8    8    2    2
 -0.001689967084112183    8    8    3    1
 0.002945156739398338    8    8    3    2
 0.4055430830378673    8    8    3    3
 0.0668538811120398    8    8    4    1
 -0.004066662653988029    8    8    4    2
 -0.02145362403150012    8    8    4    3
 0.4380983568859936    8    8    4    4
 -0.01620377427423174    8    8    5    1
 0.01429207587183021    8    8    5    2
 0.04406211783455929    8    8    5    3
 0.07139908580185263    8    8    5    4
 0.3895865729323682    8    8    5    5
 0.0001109536925081014    8    8    6    1
 0.004756554406150275    8    8    6    2
 -0.06422609177720318    8    8    6    3
 0.009438145111446661    8    8    6    4
 0.009884673277718499    8    8    6    5
 0.4703319561166096    8    8    6    6
 -0.01195534692272768    8    8    7    1
 0.005058910879366798    8    8    7    2
 -0.06812709103898522    8    8    7    3
 -0.007694144465410368    8    8    7    4
 -0.02562421168723391    8    8    7    5
 -0.01731945094945314    8    8    7    6
 0.4477559576156801    8    8    7    7
 0.06245783787837889    8    8    8    1
 0.01223565192428505    8    8    8    2
 0.01162466614215571    8    8    8    3
 0.0260695175813101    8    8    8    4
 0.04972148448246371    8    8    8    5
 -0.01104936724448594    8    8    8    6
 0.04573399151530589    8    8    8    7
 0.530308654817254    8    8    8    8
 -4.095503717966491    1    1  0  0
 -0.001557937540381815    2    1  0  0
 -3.564174778838599    2    2  0  0
 0.0002798683557315593    3    1  0  0
 -0.003794024947223119    3    2  0  0
 -3.445122471634439    3    3  0  0
 -0.0276777286515794    4    1  0  0
 0.01968757291918688    4    2  0  0
 0.03072218848407557    4    3  0  0
 -3.472603496703336    4    4  0  0
 0.2283417102936375    5    1  0  0
 -0.06183329117293491    5    2  0  0
 -0.1796845251996315    5    3  0  0
 -0.4425999646083476    5    4  0  0
 -2.761020896524632    5    5  0  0
 -0.02816339204545616    6    1  0  0
 0.2406931766996152    6    2  0  0
 0.3943859822165749    6    3  0  0
 -0.188878850045436    6    4  0  0
 -0.0429266405197471    6    5  0  0
 -2.830703730396481    6    6  0  0
 0.1170567136743447    7    1  0  0
 -0.3145373027853716    7    2  0  0
 0.3633542863664816    7    3  0  0
 0.04181052992466449    7    4  0  0
 0.1062173623714576    7    5  0  0
 -0.04604094396152465    7    6  0  0
 -2.742496489649072    7    7  0  0
 -0.4069303481766927    8    1  0  0
 -0.2189389725246472    8    2  0  0
 -0.01749645700693312    8    3  0  0
 -0.1951317282821545    8    4  0  0
 -0.1503462780640767    8    5  0  0
 0.0287783888134833    8    6  0  0
 -0.1136028858544472    8    7  0  0
 -2.672438767264823    8    8  0  0
 0  0  0  0  0
