0 0 1.999964747476487
0 1 -1.879868319244842e-05
0 2 -1.997737443788014e-05
0 3 -4.108490422506994e-05
0 4 -7.203033146743859e-05
0 5 2.550119278077375e-05
0 6 -9.504692417383368e-06
0 7 -4.653070396578391e-06
0 8 3.057320975315441e-05
0 9 2.92138266118192e-05
0 10 -1.710854756840141e-05
0 11 -1.824048703718343e-06
0 12 7.145124955012564e-06
0 13 -4.724736706873723e-06
0 14 -2.550125407271655e-05
0 15 -1.997908597363843e-05
0 16 1.687805421218248e-05
0 17 4.990898669462654e-06
0 18 -0.0001814940423735235
0 19 -4.859533807364284e-05
0 20 -1.17050595177078e-05
0 21 0.0003194398829033559
0 22 5.036911539371079e-05
0 23 -7.708473983182082e-05
0 24 -0.0001220152768691916
0 25 -0.0001439844143878401
0 26 4.561737146373243e-05
0 27 -0.0001368711704941416
0 28 3.827686172533533e-06
1 0 -1.87986831924484e-05
1 1 1.993996864201272
1 2 -0.0004558819677523481
1 3 -0.0008945976483688231
1 4 -0.002278915809906137
1 5 -0.001000877817447531
1 6 -0.0004985276103432995
1 7 -0.001450614622937645
1 8 -0.002210812660291278
1 9 -0.00195275421883063
1 10 -0.000754400235383262
1 11 0.0003066904119637182
1 12 0.002036022064070208
1 13 -8.454847982470082e-05
1 14 -0.0005339968496854766
1 15 0.0006124872464331322
1 16 -0.0008434211490494071
1 17 0.0003350885054655051
1 18 -0.0008955008598989836
1 19 0.0001522601246154202
1 20 -0.001116112333685095
1 21 -0.000556038737950585
1 22 -0.001476223879089249
1 23 1.175189189170082e-06
1 24 0.0001546305164879223
1 25 0.000804099352253553
1 26 0.001153583926497392
1 27 0.001279382409909076
1 28 -0.0007715676983586772
2 0 -1.997737443788027e-05
2 1 -0.0004558819677523485
2 2 1.992293589030547
2 3 -0.0005370330931186516
2 4 -0.001575924830654701
2 5 0.0001855394538315867
2 6 0.003165056221242651
2 7 -0.0002484971353868473
2 8 0.0007089816619975692
2 9 5.493478490471174e-05
2 10 0.001045684072599134
2 11 -0.000531023371705688
2 12 -0.0002193320932542625
2 13 -0.000619334664959266
2 14 0.001134326846820552
2 15 -0.0006456346875875379
2 16 0.005408977256318317
2 17 0.0007196963468040123
2 18 3.635076242677181e-05
2 19 0.001775024057533153
2 20 -1.416486459089415e-05
2 21 0.001062458561000336
2 22 -3.926213613631865e-05
2 23 0.0005645325250334815
2 24 -0.0003171804172650674
2 25 0.0002941385038071184
2 26 -0.0004942886434908456
2 27 0.000745978327463344
2 28 0.00218681457078011
3 0 -4.108490422506996e-05
3 1 -0.0008945976483688261
3 2 -0.0005370330931186541
3 3 1.99104086251528
3 4 -0.001753503845621252
3 5 0.0005688249940630435
3 6 -0.0003404765529960093
3 7 0.0007871093580460713
3 8 0.001738054151474134
3 9 0.001821280132140576
3 10 -0.00290267990810967
3 11 0.003151987317880845
3 12 0.001966305506055701
3 13 -0.001132912239119406
3 14 -0.0001273223032595668
3 15 -0.0002226286949514498
3 16 -0.0001802210105923251
3 17 -0.0009442373943036463
3 18 -0.0003594266459332741
3 19 -0.0003157900922521513
3 20 -0.001699471226139979
3 21 -0.001598496489062941
3 22 -0.003665481982894281
3 23 0.0007285917201364031
3 24 -0.000692663875929116
3 25 0.0003181886927835657
3 26 -0.002324595992161419
3 27 -0.0008326293207933078
3 28 -0.001069186337641796
4 0 -7.203033146743909e-05
4 1 -0.002278915809906144
4 2 -0.001575924830654689
4 3 -0.001753503845621232
4 4 1.987034519477846
4 5 0.001189481302026544
4 6 -0.001109667978069378
4 7 0.0001460187096837717
4 8 0.0005268151005901348
4 9 -0.001023199839530509
4 10 0.0004633726030437643
4 11 -0.001522370675187476
4 12 0.00178539688003056
4 13 3.347189705609724e-05
4 14 -0.0005073094199582953
4 15 -0.001941261047148429
4 16 -0.002605149253954627
4 17 -0.001201210078995553
4 18 -0.001854973996490737
4 19 -0.0007467010938890286
4 20 0.002608727930168688
4 21 -0.001634922601861323
4 22 6.605813869617099e-05
4 23 0.0005774908683401099
4 24 0.001546034698381319
4 25 -0.001403649370328076
4 26 0.000371194110191946
4 27 -0.001120955768167482
4 28 -0.001969569885411964
5 0 2.550119278077368e-05
5 1 -0.001000877817447541
5 2 0.0001855394538315735
5 3 0.0005688249940630395
5 4 0.001189481302026538
5 5 1.987561992820534
5 6 0.0006679685975095634
5 7 -0.0005849013532079222
5 8 0.0002022423384051004
5 9 -0.003209330313941173
5 10 -0.001286979306144285
5 11 0.001237198582184175
5 12 0.005912494870828133
5 13 0.0008345019033002838
5 14 0.001407108056003561
5 15 0.001532292755107184
5 16 0.001630064310342229
5 17 -0.0008723048987858107
5 18 0.000445192108007256
5 19 -0.002473370056593227
5 20 0.00233388752155255
5 21 0.0004929839586628282
5 22 -0.001044672748278257
5 23 0.0001856257520041589
5 24 0.0003869834850414818
5 25 0.002624820008723731
5 26 -0.008026676147689333
5 27 0.001235498061358628
5 28 -0.0005502664633347005
6 0 -9.504692417383317e-06
6 1 -0.000498527610343288
6 2 0.00316505622124255
6 3 -0.000340476552996044
6 4 -0.001109667978069343
6 5 0.0006679685975095705
6 6 1.984425881595125
6 7 -0.002319917770497739
6 8 0.0006990460838290076
6 9 5.559875309001253e-05
6 10 -0.0004746564353235628
6 11 -0.001291520388689014
6 12 0.001003023167278744
6 13 0.0002236360142407063
6 14 -0.0009840040461799779
6 15 0.002799278928113844
6 16 0.001329936490608967
6 17 -0.00560738089276834
6 18 0.00346857251247952
6 19 -0.002445399068398359
6 20 -0.0008912914566055446
6 21 0.0001527584637103951
6 22 0.003747484848633918
6 23 -0.002173174178564766
6 24 -0.0002868193271770573
6 25 0.003546641479934951
6 26 -0.001625398953953457
6 27 -0.002963346779833512
6 28 0.001384142105227398
7 0 -4.653070396577722e-06
7 1 -0.00145061462293763
7 2 -0.000248497135386803
7 3 0.0007871093580460666
7 4 0.0001460187096836819
7 5 -0.0005849013532079368
7 6 -0.002319917770497903
7 7 1.982551933039537
7 8 0.0003738355350543462
7 9 -0.001114782874068077
7 10 0.00027424036138347
7 11 -0.0008318732546688867
7 12 0.001205717882848332
7 13 -0.000511012081042752
7 14 0.001799904790710486
7 15 0.007170626639542915
7 16 0.003220910230854193
7 17 -0.007946319383085928
7 18 0.001025049767793891
7 19 0.00131838218847815
7 20 -0.002328730227982747
7 21 0.001398730316416324
7 22 0.001614692538840435
7 23 0.001337905558547159
7 24 -0.001998686777254685
7 25 -0.0005936732316364273
7 26 0.001078484945507782
7 27 0.002464626599477299
7 28 0.004710460801462841
8 0 3.057320975315523e-05
8 1 -0.002210812660291259
8 2 0.0007089816619975766
8 3 0.001738054151474135
8 4 0.0005268151005901365
8 5 0.0002022423384050932
8 6 0.0006990460838290557
8 7 0.0003738355350543352
8 8 1.984166324382493
8 9 -0.003775142564566987
8 10 -0.000591990167129744
8 11 -0.0006232989164124088
8 12 0.005365131384832235
8 13 0.001057164326033087
8 14 0.0005102363561598395
8 15 -0.00169903523473593
8 16 -0.001499744956882145
8 17 0.004261066809424741
8 18 0.005468370520840138
8 19 0.002587353546613827
8 20 -0.0001427062975424904
8 21 -0.003311993480047807
8 22 0.0009834441820200991
8 23 0.002505303539422816
8 24 -0.003185220522746111
8 25 -0.0003069817506245348
8 26 0.007373848239272882
8 27 -6.670852077143421e-05
8 28 -0.0003250483403440765
9 0 2.921382661181923e-05
9 1 -0.001952754218830639
9 2 5.493478490471829e-05
9 3 0.001821280132140616
9 4 -0.001023199839530465
9 5 -0.003209330313941233
9 6 5.55987530899512e-05
9 7 -0.001114782874068041
9 8 -0.003775142564567007
9 9 1.98020436356338
9 10 0.001274749756993366
9 11 -0.002059056038626246
9 12 -0.0002853094245188365
9 13 0.0003069305496620156
9 14 0.0003438359649320346
9 15 -0.001319723125153312
9 16 -0.0006368033458658622
9 17 0.005517752847272429
9 18 0.002647934282166129
9 19 -0.002742007994728768
9 20 0.00350986165709519
9 21 0.0002715663580980064
9 22 -0.0002686349029464021
9 23 0.000249876492019344
9 24 0.002198757481396944
9 25 0.003007782318613929
9 26 -0.00460950145727613
9 27 0.001792387027897672
9 28 -0.002641741494580222
10 0 -1.710854756840168e-05
10 1 -0.0007544002353832963
10 2 0.001045684072599147
10 3 -0.002902679908109634
10 4 0.0004633726030437874
10 5 -0.001286979306144269
10 6 -0.0004746564353235806
10 7 0.0002742403613834952
10 8 -0.0005919901671297978
10 9 0.001274749756993342
10 10 1.977231419919196
10 11 0.005615296429358956
10 12 -0.001225742818328376
10 13 0.006881573946428394
10 14 -0.001821425159888357
10 15 0.002769944893721473
10 16 0.008099783367132645
10 17 -0.00716210178443742
10 18 0.001374477859506977
10 19 0.002725512810853523
10 20 0.0003110188722856768
10 21 0.0005816630889356395
10 22 0.002596609012439851
10 23 -0.002159914727747169
10 24 -0.0006815293162648616
10 25 0.002446931217166137
10 26 -0.001228556199000683
10 27 -0.001542001590407037
10 28 0.0008440052178790811
11 0 -1.824048703719075e-06
11 1 0.0003066904119637294
11 2 -0.0005310233717057079
11 3 0.003151987317880852
11 4 -0.001522370675187397
11 5 0.001237198582184219
11 6 -0.001291520388688984
11 7 -0.0008318732546688608
11 8 -0.0006232989164124388
11 9 -0.002059056038626319
11 10 0.005615296429358948
11 11 1.974236224749904
11 12 -0.0004792773429799809
11 13 -0.005551451155117933
11 14 0.001947265125722714
11 15 0.001503051046702631
11 16 -0.003265452282587457
11 17 -0.004749875808948818
11 18 0.001014530671912121
11 19 -0.00114485717685819
11 20 0.001839631764476487
11 21 0.002460063601648084
11 22 -0.002935848350579963
11 23 -0.0001459614892316581
11 24 -0.002486562922294006
11 25 -3.322630261760215e-05
11 26 -0.0003714711342147414
11 27 0.0001446387124323753
11 28 0.0005037872385503163
12 0 7.145124955012051e-06
12 1 0.002036022064070225
12 2 -0.0002193320932542603
12 3 0.001966305506055697
12 4 0.001785396880030563
12 5 0.00591249487082808
12 6 0.001003023167278777
12 7 0.001205717882848384
12 8 0.005365131384832327
12 9 -0.0002853094245187723
12 10 -0.001225742818328394
12 11 -0.0004792773429799776
12 12 1.988812556545011
12 13 0.003987399324231139
12 14 -0.0009406901000906121
12 15 -0.0009953047574517513
12 16 -0.001340481213172782
12 17 -0.005663392555449842
12 18 0.004965191112344754
12 19 -0.001159750281871315
12 20 -3.845808849593835e-05
12 21 -0.002215318456245391
12 22 0.003271508708044767
12 23 -0.0002897751452090135
12 24 0.001573656387103326
12 25 -0.0007416864955989731
12 26 0.00165293893475047
12 27 0.001402884409177725
12 28 -0.0003072513084683631
13 0 -4.724736706873294e-06
13 1 -8.454847982470784e-05
13 2 -0.0006193346649593537
13 3 -0.00113291223911937
13 4 3.347189705608992e-05
13 5 0.0008345019033002604
13 6 0.000223636014240685
13 7 -0.000511012081042835
13 8 0.001057164326033164
13 9 0.0003069305496620299
13 10 0.006881573946428741
13 11 -0.005551451155118013
13 12 0.003987399324230956
13 13 1.954627015558518
13 14 0.008278213149687894
13 15 0.005370587653491063
13 16 -0.006301566091274816
13 17 0.01039971687010869
13 18 0.001399898479596361
13 19 0.004674256396565577
13 20 0.003098060824889917
13 21 0.001401505928766105
13 22 0.0002559293078990695
13 23 3.517387103854652e-05
13 24 0.0005809332648385164
13 25 0.001882501734788061
13 26 -0.0007105189373949166
13 27 -0.001136802464032272
13 28 0.001469455075063003
14 0 -2.550125407271725e-05
14 1 -0.0005339968496855295
14 2 0.001134326846820606
14 3 -0.0001273223032595701
14 4 -0.0005073094199582919
14 5 0.00140710805600354
14 6 -0.0009840040461799931
14 7 0.001799904790710474
14 8 0.0005102363561598181
14 9 0.0003438359649320581
14 10 -0.001821425159888378
14 11 0.001947265125722641
14 12 -0.0009406901000905099
14 13 0.008278213149687894
14 14 1.978363126787122
14 15 0.003959041900221905
14 16 0.01621109939664521
14 17 0.0673629055060869
14 18 0.005011661745537989
14 19 0.01336198686386747
14 20 0.007125617611365561
14 21 0.009623051450246507
14 22 -0.004255018536437742
14 23 0.002444774771424692
14 24 -0.001466737067896402
14 25 0.008712358711419982
14 26 0.0001816260276384166
14 27 -0.009863291269218845
14 28 0.0003007835412585635
15 0 -1.9979085973638e-05
15 1 0.000612487246433119
15 2 -0.0006456346875874965
15 3 -0.0002226286949514186
15 4 -0.001941261047148353
15 5 0.001532292755107195
15 6 0.00279927892811397
15 7 0.007170626639542869
15 8 -0.001699035234735898
15 9 -0.001319723125153366
15 10 0.002769944893721522
15 11 0.001503051046702633
15 12 -0.0009953047574517366
15 13 0.00537058765349116
15 14 0.003959041900221828
15 15 1.982262518693453
15 16 0.02673617880430319
15 17 -0.04109666730876201
15 18 0.006354938105857248
15 19 0.01241323401983592
15 20 0.002381001528433511
15 21 0.0128879443721157
15 22 0.005595408812764595
15 23 -0.00494684993105555
15 24 -0.005806526263793207
15 25 0.01150088116251728
15 26 0.001787939108022217
15 27 -0.015836308956966
15 28 0.0004684859735642537
16 0 1.687805421218249e-05
16 1 -0.0008434211490494159
16 2 0.005408977256318294
16 3 -0.0001802210105923224
16 4 -0.002605149253954551
16 5 0.001630064310342222
16 6 0.001329936490608969
16 7 0.003220910230854029
16 8 -0.001499744956882121
16 9 -0.0006368033458658386
16 10 0.008099783367132952
16 11 -0.003265452282587323
16 12 -0.001340481213172781
16 13 -0.006301566091275022
16 14 0.0162110993966451
16 15 0.02673617880430278
16 16 0.05502975224953688
16 17 0.0002165914722527281
16 18 -0.0008302454236313977
16 19 0.00136809110316197
16 20 -0.002728066258233245
16 21 0.0001562803743109086
16 22 0.000811111203484682
16 23 -0.0009348212444338741
16 24 4.518665032177805e-06
16 25 0.002116681379454292
16 26 0.0005841878959494484
16 27 -0.003168321327143737
16 28 -0.0007753462327382971
17 0 4.990898669462676e-06
17 1 0.0003350885054655055
17 2 0.0007196963468040015
17 3 -0.0009442373943036623
17 4 -0.001201210078995526
17 5 -0.0008723048987857851
17 6 -0.00560738089276835
17 7 -0.007946319383086198
17 8 0.004261066809424638
17 9 0.005517752847272373
17 10 -0.007162101784437391
17 11 -0.004749875808948631
17 12 -0.005663392555449851
17 13 0.01039971687010855
17 14 0.06736290550608764
17 15 -0.041096667308765
17 16 0.0002165914722527253
17 17 0.01838035550462049
17 18 -0.0004202689690620514
17 19 0.0006629650867202349
17 20 0.0004871565559981736
17 21 0.0001738585671915199
17 22 -0.001625784735757311
17 23 0.000715454459234805
17 24 0.0003308229538168899
17 25 0.0001280152479304204
17 26 0.0004482445351881338
17 27 -0.000445185597526171
17 28 -0.001296614824716116
18 0 -0.0001814940423735285
18 1 -0.000895500859898992
18 2 3.635076242678515e-05
18 3 -0.0003594266459332811
18 4 -0.001854973996490809
18 5 0.000445192108007245
18 6 0.003468572512479547
18 7 0.001025049767793884
18 8 0.005468370520839979
18 9 0.002647934282166173
18 10 0.001374477859507011
18 11 0.001014530671912139
18 12 0.004965191112345052
18 13 0.001399898479596431
18 14 0.005011661745537917
18 15 0.006354938105857346
18 16 -0.0008302454236314902
18 17 -0.0004202689690620483
18 18 0.02060653872391711
18 19 0.002635354428180637
18 20 -0.0004769864791947186
18 21 0.0004538812064426898
18 22 0.002275767661494097
18 23 -0.00295114177388327
18 24 0.001661027945571307
18 25 0.005564886910560694
18 26 0.001111572468852473
18 27 0.003828199609924983
18 28 -0.0004922189670815101
19 0 -4.859533807364423e-05
19 1 0.0001522601246154135
19 2 0.001775024057533158
19 3 -0.0003157900922521529
19 4 -0.000746701093889009
19 5 -0.002473370056593269
19 6 -0.002445399068398506
19 7 0.001318382188478146
19 8 0.002587353546613812
19 9 -0.002742007994728795
19 10 0.002725512810853464
19 11 -0.001144857176858168
19 12 -0.001159750281871353
19 13 0.004674256396565683
19 14 0.01336198686386748
19 15 0.0124132340198353
19 16 0.001368091103161916
19 17 0.0006629650867201655
19 18 0.002635354428180517
19 19 0.02558111509426868
19 20 -0.0008347308741454127
19 21 0.0001510710804822434
19 22 -0.001731342727751128
19 23 0.000982385350779364
19 24 -0.001723428149740404
19 25 0.002093946976695004
19 26 -0.002706821665026175
19 27 -0.004042867425049857
19 28 0.0001105110618992962
20 0 -1.170505951770764e-05
20 1 -0.001116112333685046
20 2 -1.416486459089085e-05
20 3 -0.001699471226139999
20 4 0.002608727930168708
20 5 0.002333887521552603
20 6 -0.0008912914566055034
20 7 -0.002328730227982623
20 8 -0.0001427062975424826
20 9 0.003509861657095033
20 10 0.000311018872285655
20 11 0.00183963176447652
20 12 -3.845808849593221e-05
20 13 0.003098060824889931
20 14 0.007125617611365469
20 15 0.00238100152843343
20 16 -0.002728066258233358
20 17 0.0004871565559982497
20 18 -0.0004769864791947466
20 19 -0.0008347308741454574
20 20 0.02132778768536474
20 21 0.002314553706334114
20 22 -0.002691939655626705
20 23 -0.0003708123923565234
20 24 0.0001919552298969729
20 25 0.002799548657678657
20 26 0.002366595451411167
20 27 0.0001113816312187116
20 28 0.0002113368869704043
21 0 0.0003194398829033602
21 1 -0.0005560387379505772
21 2 0.001062458561000352
21 3 -0.001598496489062965
21 4 -0.001634922601861367
21 5 0.0004929839586628221
21 6 0.0001527584637104254
21 7 0.001398730316416395
21 8 -0.003311993480047741
21 9 0.0002715663580980105
21 10 0.000581663088935612
21 11 0.002460063601648124
21 12 -0.00221531845624535
21 13 0.001401505928766006
21 14 0.009623051450246826
21 15 0.0128879443721159
21 16 0.0001562803743108087
21 17 0.0001738585671915107
21 18 0.0004538812064427189
21 19 0.0001510710804822647
21 20 0.00231455370633407
21 21 0.02199573909713481
21 22 0.001027350010826605
21 23 -0.0004334843833783616
21 24 -0.002200205035076156
21 25 0.001248245700658499
21 26 0.0008066644522380488
21 27 -0.004646634430955802
21 28 0.0008254320474001903
22 0 5.036911539371014e-05
22 1 -0.001476223879089239
22 2 -3.926213613631483e-05
22 3 -0.003665481982894311
22 4 6.605813869617637e-05
22 5 -0.001044672748278269
22 6 0.003747484848633832
22 7 0.001614692538840399
22 8 0.0009834441820200843
22 9 -0.0002686349029464143
22 10 0.002596609012439824
22 11 -0.002935848350580007
22 12 0.003271508708044744
22 13 0.0002559293078990857
22 14 -0.004255018536437626
22 15 0.005595408812764783
22 16 0.0008111112034846823
22 17 -0.001625784735757253
22 18 0.002275767661494138
22 19 -0.001731342727751
22 20 -0.002691939655626641
22 21 0.001027350010826677
22 22 0.01370567570810497
22 23 -0.0004655914530402432
22 24 -0.003395303589794828
22 25 0.0005609269505873705
22 26 -0.001186098402289653
22 27 0.0002390872147601815
22 28 -0.0005336330266090051
23 0 -7.70847398318227e-05
23 1 1.175189189174314e-06
23 2 0.0005645325250334691
23 3 0.0007285917201364236
23 4 0.0005774908683401292
23 5 0.0001856257520041499
23 6 -0.00217317417856476
23 7 0.001337905558547101
23 8 0.002505303539422787
23 9 0.0002498764920193245
23 10 -0.002159914727747176
23 11 -0.0001459614892316641
23 12 -0.0002897751452090252
23 13 3.517387103856193e-05
23 14 0.002444774771424642
23 15 -0.004946849931055725
23 16 -0.0009348212444339199
23 17 0.0007154544592347272
23 18 -0.002951141773883327
23 19 0.0009823853507792261
23 20 -0.000370812392356521
23 21 -0.0004334843833782736
23 22 -0.0004655914530401575
23 23 0.0150147161719612
23 24 0.00224308797144513
23 25 0.004016283459227932
23 26 0.002339520611088483
23 27 -0.001388258418485128
23 28 -0.0007434907883709564
24 0 -0.0001220152768691915
24 1 0.0001546305164879139
24 2 -0.00031718041726507
24 3 -0.0006926638759291337
24 4 0.001546034698381285
24 5 0.0003869834850414922
24 6 -0.0002868193271770499
24 7 -0.001998686777254707
24 8 -0.003185220522746141
24 9 0.002198757481396967
24 10 -0.0006815293162648493
24 11 -0.002486562922293966
24 12 0.001573656387103338
24 13 0.0005809332648385043
24 14 -0.001466737067896381
24 15 -0.00580652626379293
24 16 4.518665032212533e-06
24 17 0.000330822953816884
24 18 0.001661027945571277
24 19 -0.0017234281497404
24 20 0.0001919552298969808
24 21 -0.002200205035076196
24 22 -0.003395303589794848
24 23 0.002243087971444975
24 24 0.01434051759432659
24 25 -0.0006461499356159347
24 26 -0.0003609465808638002
24 27 -0.0003522931232611981
24 28 -0.0006064547358384014
25 0 -0.0001439844143878377
25 1 0.0008040993522535386
25 2 0.0002941385038071199
25 3 0.000318188692783559
25 4 -0.001403649370328142
25 5 0.002624820008723746
25 6 0.003546641479935001
25 7 -0.0005936732316364451
25 8 -0.0003069817506245343
25 9 0.0030077823186139
25 10 0.002446931217166103
25 11 -3.322630261760544e-05
25 12 -0.0007416864955989977
25 13 0.001882501734788007
25 14 0.008712358711419736
25 15 0.01150088116251704
25 16 0.00211668137945435
25 17 0.000128015247930403
25 18 0.005564886910560676
25 19 0.002093946976694959
25 20 0.002799548657678643
25 21 0.001248245700658557
25 22 0.0005609269505874122
25 23 0.004016283459227915
25 24 -0.000646149935615982
25 25 0.01501705159397107
25 26 -0.002072219080240677
25 27 0.0002378592609730859
25 28 0.001332096608204305
26 0 4.561737146373159e-05
26 1 0.001153583926497381
26 2 -0.0004942886434908453
26 3 -0.002324595992161454
26 4 0.0003711941101919383
26 5 -0.008026676147688986
26 6 -0.001625398953953507
26 7 0.0010784849455078
26 8 0.007373848239273021
26 9 -0.004609501457276169
26 10 -0.00122855619900072
26 11 -0.0003714711342147433
26 12 0.001652938934750436
26 13 -0.0007105189373949347
26 14 0.000181626027638417
26 15 0.001787939108022223
26 16 0.0005841878959495273
26 17 0.0004482445351881368
26 18 0.001111572468852494
26 19 -0.002706821665026128
26 20 0.002366595451411324
26 21 0.0008066644522381073
26 22 -0.001186098402289683
26 23 0.002339520611088502
26 24 -0.0003609465808637797
26 25 -0.002072219080240548
26 26 0.01379547063954635
26 27 -0.0004255107967102761
26 28 0.0001435240867662968
27 0 -0.0001368711704941411
27 1 0.001279382409909083
27 2 0.0007459783274633394
27 3 -0.0008326293207933193
27 4 -0.001120955768167364
27 5 0.001235498061358621
27 6 -0.002963346779833477
27 7 0.002464626599477302
27 8 -6.670852077142971e-05
27 9 0.001792387027897684
27 10 -0.001542001590407057
27 11 0.0001446387124323829
27 12 0.001402884409177711
27 13 -0.001136802464032288
27 14 -0.009863291269218828
27 15 -0.01583630895696565
27 16 -0.003168321327143892
27 17 -0.000445185597526125
27 18 0.003828199609924933
27 19 -0.004042867425049797
27 20 0.0001113816312187058
27 21 -0.00464663443095589
27 22 0.0002390872147601715
27 23 -0.00138825841848515
27 24 -0.0003522931232611391
27 25 0.0002378592609729747
27 26 -0.0004255107967101893
27 27 0.01095480621901732
27 28 -0.0006421464063492773
28 0 3.82768617253357e-06
28 1 -0.0007715676983586815
28 2 0.002186814570780174
28 3 -0.001069186337641796
28 4 -0.00196956988541195
28 5 -0.0005502664633346955
28 6 0.001384142105227068
28 7 0.004710460801462869
28 8 -0.0003250483403440941
28 9 -0.002641741494580239
28 10 0.0008440052178790818
28 11 0.0005037872385503271
28 12 -0.0003072513084683542
28 13 0.001469455075062999
28 14 0.000300783541258552
28 15 0.0004684859735642177
28 16 -0.0007753462327384114
28 17 -0.00129661482471613
28 18 -0.0004922189670815038
28 19 0.0001105110618992899
28 20 0.0002113368869703613
28 21 0.0008254320474002912
28 22 -0.000533633026608973
28 23 -0.0007434907883710688
28 24 -0.0006064547358383992
28 25 0.001332096608204232
28 26 0.0001435240867662416
28 27 -0.0006421464063492536
28 28 0.01547653286596012
