0 0 1.9999971009166
0 1 8.302683876669431e-07
0 2 -5.667596613137114e-06
0 3 -1.420696670216155e-05
0 4 3.966996329341197e-05
0 5 -5.816991139738403e-05
0 6 -3.54065260811625e-06
0 7 1.629263798766773e-05
0 8 2.339284251484953e-05
0 9 2.533892164941329e-06
0 10 2.201276174675259e-05
0 11 -5.763753595302331e-05
0 12 -3.508114433881253e-05
0 13 -3.850419299885777e-05
0 14 8.019689346144349e-05
0 15 -0.000159022410289363
1 0 8.302683876669371e-07
1 1 1.993807086743288
1 2 0.0001401243982737448
1 3 0.003113936455035831
1 4 -0.004496204792319478
1 5 -0.002945399014158608
1 6 -0.0001778122384466662
1 7 -0.003217131960632928
1 8 0.003428842903779075
1 9 -0.000348678179557187
1 10 -0.004413766112649776
1 11 0.002358505306120674
1 12 0.00282356254376228
1 13 0.008189015439147771
1 14 -0.01257985381306145
1 15 -0.006092323462789113
2 0 -5.667596613137102e-06
2 1 0.0001401243982737447
2 2 1.993028313609448
2 3 0.0008648818177137625
2 4 -0.002505652009529493
2 5 0.008892637332918521
2 6 0.0001006759187874963
2 7 -0.001969645755629209
2 8 -0.00543933226051265
2 9 0.0006668590095267183
2 10 -0.002594327233624173
2 11 0.00424796501398552
2 12 0.002801911983730595
2 13 0.0009097458575500487
2 14 0.002102037952336283
2 15 0.01694284284363376
3 0 -1.420696670216161e-05
3 1 0.003113936455035843
3 2 0.0008648818177137619
3 3 1.987933608948628
3 4 -0.003360284116221369
3 5 -0.00182364679252726
3 6 0.00107165023131416
3 7 -0.003497890174078872
3 8 -0.0001086414052111034
3 9 0.0002933321502323023
3 10 0.002179946724515428
3 11 -0.001500944913090169
3 12 0.001020238030158003
3 13 0.004192518578125822
3 14 -0.003420204382511277
3 15 -0.0002406184721429807
4 0 3.96699632934119e-05
4 1 -0.004496204792319507
4 2 -0.002505652009529504
4 3 -0.003360284116221354
4 4 1.986758523438503
4 5 -0.0003356884216170251
4 6 -0.002091676379394309
4 7 -0.006143968963136418
4 8 0.0007248386390851995
4 9 -0.000371139786773024
4 10 -0.001779384034653429
4 11 0.005800276772869017
4 12 0.004124907510232075
4 13 0.01249469206659605
4 14 -0.003890001353125643
4 15 0.001200672179445306
5 0 -5.816991139738399e-05
5 1 -0.00294539901415861
5 2 0.008892637332918507
5 3 -0.001823646792527252
5 4 -0.0003356884216170149
5 5 1.980824118284137
5 6 0.000851949251980576
5 7 0.001242288346067195
5 8 0.00728368359575074
5 9 -0.003425515103462964
5 10 -0.001316394428990734
5 11 0.00219074820150841
5 12 7.129000541170047e-06
5 13 0.003836960753384053
5 14 -0.01105421926111255
5 15 -0.02614842759326855
6 0 -3.540652608116222e-06
6 1 -0.0001778122384466731
6 2 0.0001006759187875016
6 3 0.00107165023131417
6 4 -0.002091676379394305
6 5 0.0008519492519805775
6 6 1.959865168809209
6 7 -0.0005514814636103922
6 8 0.0006479046323995655
6 9 0.001372167697269855
6 10 0.1137484404119221
6 11 0.01470395934622795
6 12 -0.007272553917109927
6 13 0.004626923899182106
6 14 -0.004016168947409012
6 15 0.00180563290078234
7 0 1.629263798766732e-05
7 1 -0.003217131960632932
7 2 -0.001969645755629208
7 3 -0.00349789017407885
7 4 -0.006143968963136416
7 5 0.001242288346067208
7 6 -0.0005514814636104004
7 7 1.980569369268899
7 8 0.00319764667962645
7 9 0.0003530579540771908
7 10 0.0004571025399226239
7 11 -0.02837007833605774
7 12 0.001227126793838183
7 13 -0.00766370091003325
7 14 -0.04603233048292488
7 15 0.006063631881521026
8 0 2.339284251484972e-05
8 1 0.003428842903779046
8 2 -0.005439332260512629
8 3 -0.0001086414052111113
8 4 0.0007248386390851945
8 5 0.007283683595750732
8 6 0.0006479046323995695
8 7 0.00319764667962645
8 8 1.982996817160929
8 9 0.005289472647708262
8 10 -0.005074916688748762
8 11 0.01503657326038307
8 12 0.004190195809877851
8 13 -0.007187349762164799
8 14 0.01654748949054658
8 15 0.03193537486390828
9 0 2.533892164941398e-06
9 1 -0.0003486781795571925
9 2 0.0006668590095267321
9 3 0.0002933321502323012
9 4 -0.0003711397867730282
9 5 -0.003425515103462971
9 6 0.00137216769726985
9 7 0.0003530579540772
9 8 0.005289472647708231
9 9 1.888009752449665
9 10 0.03375295652882408
9 11 0.00253305374984494
9 12 -0.004840460538664858
9 13 0.001117019776781232
9 14 -0.001618684317475166
9 15 -0.004260847560690322
10 0 2.201276174675252e-05
10 1 -0.004413766112649741
10 2 -0.002594327233624192
10 3 0.002179946724515438
10 4 -0.001779384034653405
10 5 -0.001316394428990753
10 6 0.1137484404119244
10 7 0.0004571025399226552
10 8 -0.005074916688748784
10 9 0.033752956528824
10 10 0.1398717951032763
10 11 0.026799763898226
10 12 -0.02862174690005406
10 13 0.002539521392393342
10 14 -0.002337388784508498
10 15 -0.0008391198519726803
11 0 -5.76375359530233e-05
11 1 0.002358505306120683
11 2 0.004247965013985569
11 3 -0.001500944913090154
11 4 0.005800276772868936
11 5 0.002190748201508302
11 6 0.01470395934622809
11 7 -0.02837007833605755
11 8 0.01503657326038297
11 9 0.002533053749844904
11 10 0.02679976389822596
11 11 0.01954060680813215
11 12 -0.002327318770952872
11 13 0.01299036077027949
11 14 0.004468023335966458
11 15 0.00627140330372265
12 0 -3.508114433881271e-05
12 1 0.002823562543762285
12 2 0.002801911983730588
12 3 0.001020238030157996
12 4 0.004124907510232078
12 5 7.129000541174208e-06
12 6 -0.007272553917110163
12 7 0.001227126793838184
12 8 0.004190195809877796
12 9 -0.004840460538664876
12 10 -0.02862174690005416
12 11 -0.002327318770952885
12 12 0.00923421205530086
12 13 0.003937085220715702
12 14 -0.001110172974338803
12 15 0.003269516926629656
13 0 -3.85041929988577e-05
13 1 0.008189015439147775
13 2 0.0009097458575500556
13 3 0.004192518578125809
13 4 0.012494692066596
13 5 0.003836960753384035
13 6 0.004626923899182078
13 7 -0.007663700910033245
13 8 -0.007187349762164753
13 9 0.001117019776781241
13 10 0.002539521392393445
13 11 0.01299036077027952
13 12 0.003937085220715733
13 13 0.01918358753931363
13 14 -0.003684423422174279
13 15 -0.001143852364119455
14 0 8.019689346144407e-05
14 1 -0.01257985381306144
14 2 0.002102037952336298
14 3 -0.003420204382511285
14 4 -0.003890001353125706
14 5 -0.01105421926111263
14 6 -0.004016168947408956
14 7 -0.04603233048292435
14 8 0.01654748949054673
14 9 -0.001618684317475161
14 10 -0.002337388784508508
14 11 0.004468023335966405
14 12 -0.001110172974338779
14 13 -0.003684423422174305
14 14 0.03383768744815507
14 15 -0.002128194933816958
15 0 -0.0001590224102893637
15 1 -0.006092323462789085
15 2 0.01694284284363364
15 3 -0.000240618472142985
15 4 0.001200672179445314
15 5 -0.02614842759326827
15 6 0.001805632900782314
15 7 0.006063631881520985
15 8 0.03193537486390748
15 9 -0.004260847560690368
15 10 -0.0008391198519726741
15 11 0.006271403303722549
15 12 0.003269516926629711
15 13 -0.001143852364119443
15 14 -0.002128194933816945
15 15 0.02454225139541982
