 &FCI NORB=   8,NELEC= 8,MS2=0,
  ORBSYM=1,1,1,1,1,1,1,1
  ISYM=1,
 &END
 0.5391269396926084    1    1    1    1
 -0.02434207790196704    2    1    1    1
 0.1372166633947251    2    1    2    1
 0.5141828738161465    2    2    1    1
 -0.01651357666637508    2    2    2    1
 0.5242225483514232    2    2    2    2
 -0.03703959989438978    3    1    1    1
 -0.01338619816482662    3    1    2    1
 -0.0258626067912159    3    1    2    2
 0.0867796159382663    3    1    3    1
 -0.01451248375719971    3    2    1    1
 -0.01832267468746111    3    2    2    1
 -0.01407256813348622    3    2    2    2
 0.04016316709682408    3    2    3    1
 0.04160777008173473    3    2    3    2
 0.4616506953762981    3    3    1    1
 0.03649523145526725    3    3    2    1
 0.4428338095166046    3    3    2    2
 0.05995638262941196    3    3    3    1
 0.03181221539679862    3    3    3    2
 0.5795743588269687    3    3    3    3
 -0.001561843611276371    4    1    1    1
 0.001853487135579347    4    1    2    1
 0.0002040576506951579    4    1    2    2
 -0.0006538929091959864    4    1    3    1
 -0.0008705418355948408    4    1    3    2
 0.0003670928783302709    4    1    3    3
 0.067778063977498    4    1    4    1
 0.002003878646031423    4    2    1    1
 0.001067491927682166    4    2    2    1
 0.001283455692632024    4    2    2    2
 -0.0009528087630566982    4    2    3    1
 -0.000192333447425421    4    2    3    2
 0.001343373375044579    4    2    3    3
 0.002956405481409775    4    2    4    1
 0.02437522994417089    4    2    4    2
 -0.0007481869218200166    4    3    1    1
 -0.001130959897509954    4    3    2    1
 -0.0003108664928683166    4    3    2    2
 0.0006583207335977994    4    3    3    1
 0.0004011652384534811    4    3    3    2
 -0.0009033038253812533    4    3    3    3
 -0.001386048503407988    4    3    4    1
 -0.003286391281946137    4    3    4    2
 0.01534306239153629    4    3    4    3
 0.4503370642208707    4    4    1    1
 4.466121053791686e-05    4    4    2    1
 0.4290481102804104    4    4    2    2
 -0.02373099340737651    4    4    3    1
 -0.01466948387709828    4    4    3    2
 0.3927518340077815    4    4    3    3
 0.002082806643025968    4    4    4    1
 0.001800350684227055    4    4    4    2
 -0.0001849719116126693    4    4    4    3
 0.4194588416359156    4    4    4    4
 -0.001172861532964592    5    1    1    1
 -0.00183681311085406    5    1    2    1
 -0.0007453171874595101    5    1    2    2
 0.0005162259786327905    5    1    3    1
 0.0007844617546305311    5    1    3    2
 -0.0009692080550878754    5    1    3    3
 0.0381879820485853    5    1    4    1
 0.003692073449943271    5    1    4    2
 0.007093165141308199    5    1    4    3
 0.001735315290864669    5    1    4    4
 0.03685180278402767    5    1    5    1
 -0.001721462091638429    5    2    1    1
 -0.001573617439749609    5    2    2    1
 -0.0007247621544106999    5    2    2    2
 0.0008444502747445143    5    2    3    1
 0.0006337104674278829    5    2    3    2
 -0.001943757531431986    5    2    3    3
 0.005632918632460526    5    2    4    1
 0.003735482090157665    5    2    4    2
 0.002601331431802818    5    2    4    3
 -0.0006152100855473824    5    2    4    4
 0.004186351164987155    5    2    5    1
 0.01116402776434251    5    2    5    2
 0.001386473618260901    5    3    1    1
 0.00108552903686074    5    3    2    1
 0.001691504423857727    5    3    2    2
 -0.001061164202500655    5    3    3    1
 -0.001281622461392936    5    3    3    2
 0.0004242855827755112    5    3    3    3
 0.01423702576373556    5    3    4    1
 0.003151209635603818    5    3    4    2
 0.009994338879561609    5    3    4    3
 0.001989879449239027    5    3    4    4
 0.00899994935639155    5    3    5    1
 0.00135086402462278    5    3    5    2
 0.01466206821332393    5    3    5    3
 0.1050219441628009    5    4    1    1
 0.003412020100828415    5    4    2    1
 0.0790770395016922    5    4    2    2
 0.02616359607527657    5    4    3    1
 0.01466057862370496    5    4    3    2
 0.1145434271717442    5    4    3    3
 0.003490415892269062    5    4    4    1
 0.001019914992887493    5    4    4    2
 0.0003217878745843002    5    4    4    3
 0.08194186667596595    5    4    4    4
 0.00333343898661086    5    4    5    1
 -0.0002540252325992596    5    4    5    2
 0.001323318002367069    5    4    5    3
 0.1150155986718532    5    4    5    4
 0.4414190873450712    5    5    1    1
 0.0007076872079109476    5    5    2    1
 0.4247123546924005    5    5    2    2
 -0.01789529856898018    5    5    3    1
 -0.01296111148738718    5    5    3    2
 0.3923878768165173    5    5    3    3
 0.003680517176485252    5    5    4    1
 0.001255504616828377    5    5    4    2
 0.0002405310473514922    5    5    4    3
 0.4182996845302877    5    5    4    4
 0.002447336829413995    5    5    5    1
 -0.0004109491968672258    5    5    5    2
 0.002699996446003933    5    5    5    3
 0.07277034259900192    5    5    5    4
 0.4280708863506965    5    5    5    5
 -0.02792402422102341    6    1    1    1
 -0.007109868414108262    6    1    2    1
 -0.0286426627356928    6    1    2    2
 -0.02386838055798707    6    1    3    1
 0.0005036959672653433    6    1    3    2
 -0.03029199211589315    6    1    3    3
 0.001643435540906942    6    1    4    1
 -8.840293864838711e-05    6    1    4    2
 -0.000431070613620267    6    1    4    3
 -0.03401993545302542    6    1    4    4
 0.0009868250881938795    6    1    5    1
 -7.096398108800471e-06    6    1    5    2
 -0.0007211958363653432    6    1    5    3
 -0.04167821105772961    6    1    5    4
 -0.03579557995693845    6    1    5    5
 0.04032026555774109    6    1    6    1
 -0.02328389922493933    6    2    1    1
 -4.813770492125135e-05    6    2    2    1
 -0.0289263235363738    6    2    2    2
 0.01279370983568473    6    2    3    1
 -0.002502861373958892    6    2    3    2
 0.01241390451981327    6    2    3    3
 -3.29927038662119e-05    6    2    4    1
 -0.0001801314731991822    6    2    4    2
 -0.000359208645973288    6    2    4    3
 -0.02024387336774446    6    2    4    4
 -0.0004393150817253824    6    2    5    1
 -0.0004317957165232332    6    2    5    2
 -0.0004815273221413686    6    2    5    3
 -0.007737005696835003    6    2    5    4
 -0.0208069140587014    6    2    5    5
 0.01033499047382853    6    2    6    1
 0.02838890448366301    6    2    6    2
 -0.08368826731953888    6    3    1    1
 0.01390476791569022    6    3    2    1
 -0.07237756846776651    6    3    2    2
 0.03229193866156256    6    3    3    1
 0.03108160846916431    6    3    3    2
 0.004482204351768835    6    3    3    3
 -0.001092225061255505    6    3    4    1
 -0.0008377857924435886    6    3    4    2
 -0.0004687733594366759    6    3    4    3
 -0.07208495784425556    6    3    4    4
 -0.001160841160785842    6    3    5    1
 -0.0001288023658337501    6    3    5    2
 -0.002698118061067262    6    3    5    3
 -0.03030600967705259    6    3    5    4
 -0.07386471576297013    6    3    5    5
 0.04404214689371272    6    3    6    1
 0.03315437236463649    6    3    6    2
 0.1291899163358199    6    3    6    3
 0.004180058015583844    6    4    1    1
 -0.0004384746643355757    6    4    2    1
 0.002510339932661572    6    4    2    2
 -0.0008281358290992257    6    4    3    1
 -0.0004465427906928648    6    4    3    2
 0.001477330304285031    6    4    3    3
 -0.02446551389482338    6    4    4    1
 -0.004180957385895271    6    4    4    2
 -0.01056082086855373    6    4    4    3
 0.001638060546920217    6    4    4    4
 -0.02402367197928291    6    4    5    1
 -0.004195065448054867    6    4    5    2
 -0.01205777417428288    6    4    5    3
 0.0006682075001543529    6    4    5    4
 0.0005909142423019201    6    4    5    5
 -0.001644480227515577    6    4    6    1
 -0.0004046310791618961    6    4    6    2
 -0.001600971401432091    6    4    6    3
 0.02197678890647512    6    4    6    4
 0.002748248094714839    6    5    1    1
 -0.0001995388397065983    6    5    2    1
 0.001186634714139479    6    5    2    2
 -0.00241238345968905    6    5    3    1
 -0.001209415192210143    6    5    3    2
 -0.002382564557904512    6    5    3    3
 -0.03374927733407329    6    5    4    1
 -0.003676702625452578    6    5    4    2
 -0.009160937424916346    6    5    4    3
 0.0009093764265564888    6    5    4    4
 -0.02507188920142261    6    5    5    1
 -0.005288097709210153    6    5    5    2
 -0.01490088763264384    6    5    5    3
 -0.001843171063778858    6    5    5    4
 -0.0001570780183942376    6    5    5    5
 -0.001391575023308032    6    5    6    1
 -0.0009504220440163119    6    5    6    2
 -0.002527125054807593    6    5    6    3
 0.02329597320167586    6    5    6    4
 0.02796242315175463    6    5    6    5
 0.446008656162918    6    6    1    1
 0.02166213031716973    6    6    2    1
 0.4348265448261506    6    6    2    2
 0.09188678734186158    6    6    3    1
 0.05404218366991143    6    6    3    2
 0.5872005361067041    6    6    3    3
 -0.002244243034055678    6    6    4    1
 0.0007326715700219133    6    6    4    2
 -0.001145807469815697    6    6    4    3
 0.3852115525023111    6    6    4    4
 -0.002090470966340963    6    6    5    1
 -0.001722036177179805    6    6    5    2
 -0.001414490555618279    6    6    5    3
 0.1335555896845943    6    6    5    4
 0.388523261813071    6    6    5    5
 -0.03839166990831751    6    6    6    1
 0.01565178258310963    6    6    6    2
 0.03468059141139129    6    6    6    3
 0.002698876655301776    6    6    6    4
 -0.001831926546401574    6    6    6    5
 0.6515493628803786    6    6    6    6
 0.05792168700002628    7    1    1    1
 0.00140784333026042    7    1    2    1
 0.02472459758707253    7    1    2    2
 -0.01449615114838715    7    1    3    1
 0.01032737928600646    7    1    3    2
 0.04102561458350565    7    1    3    3
 -0.0007769607372652956    7    1    4    1
 0.0007755718812129489    7    1    4    2
 -0.0008303915240555252    7    1    4    3
 0.03975523655422535    7    1    4    4
 -0.0001531633150418917    7    1    5    1
 -0.0006305630675992515    7    1    5    2
 -0.0006408660786556712    7    1    5    3
 0.0569670518735991    7    1    5    4
 0.03263087104113094    7    1    5    5
 -0.006994342626857455    7    1    6    1
 -0.009269167484939989    7    1    6    2
 -0.01262908696507789    7    1    6    3
 0.002544352832005007    7    1    6    4
 0.001855444246598809    7    1    6    5
 0.04411434276513038    7    1    6    6
 0.06852123177760984    7    1    7    1
 0.01522035754930848    7    2    1    1
 -0.04575170340629975    7    2    2    1
 0.01804793553511477    7    2    2    2
 0.02742414996127318    7    2    3    1
 0.02069276272095043    7    2    3    2
 0.01340608962726046    7    2    3    3
 -0.0003498892854524741    7    2    4    1
 -0.0002633874550311816    7    2    4    2
 0.0002703445082938135    7    2    4    3
 0.003904879285204377    7    2    4    4
 0.0008421252434315541    7    2    5    1
 0.001322437370416563    7    2    5    2
 -0.0008200209113978555    7    2    5    3
 0.02253148184156475    7    2    5    4
 0.003156912768529934    7    2    5    5
 -0.008727480397347642    7    2    6    1
 -0.009984433955610961    7    2    6    2
 0.002577701274992928    7    2    6    3
 0.0004488012234711481    7    2    6    4
 -0.0006269570947337025    7    2    6    5
 0.03355866103834108    7    2    6    6
 0.01326262518262866    7    2    7    1
 0.05704617300000986    7    2    7    2
 -0.04819966988598703    7    3    1    1
 0.03089553531086011    7    3    2    1
 -0.02538313038383671    7    3    2    2
 0.004069716993932358    7    3    3    1
 -0.00519521464570349    7    3    3    2
 -0.02348789258979038    7    3    3    3
 -0.001168881846509646    7    3    4    1
 -0.000438395762642046    7    3    4    2
 -0.0004034188320978156    7    3    4    3
 -0.02684094582248825    7    3    4    4
 -0.001849887492623243    7    3    5    1
 -0.0004067235660051959    7    3    5    2
 -0.0006485121545083695    7    3    5    3
 -0.03728912292574217    7    3    5    4
 -0.02264674325202406    7    3    5    5
 0.01080980273593716    7    3    6    1
 0.009236591962556008    7    3    6    2
 0.03126302902049442    7    3    6    3
 -0.0006099174893589089    7    3    6    4
 0.0001818924225690769    7    3    6    5
 -0.0217672335635785    7    3    6    6
 -0.04234212410059791    7    3    7    1
 -0.0263234243421361    7    3    7    2
 0.04357776731399927    7    3    7    3
 -0.002107895941827524    7    4    1    1
 0.0009328032799264988    7    4    2    1
 -0.001343828696891599    7    4    2    2
 -0.001554523631584595    7    4    3    1
 -0.0005847000070884994    7    4    3    2
 -0.002476646078104384    7    4    3    3
 0.01950440852722482    7    4    4    1
 0.001021827987379309    7    4    4    2
 -0.0001879419579879146    7    4    4    3
 -0.0001726065366285003    7    4    4    4
 0.02377402005053326    7    4    5    1
 0.004568775426405662    7    4    5    2
 -0.003000658597010508    7    4    5    3
 -0.0004552538004809006    7    4    5    4
 -0.0001751144629301578    7    4    5    5
 0.002034663107907181    7    4    6    1
 -2.17351170991894e-06    7    4    6    2
 0.0001302686003927893    7    4    6    3
 -0.01078540513651893    7    4    6    4
 -0.009204824628472576    7    4    6    5
 -0.003881252412221172    7    4    6    6
 -0.0008507372413350784    7    4    7    1
 -0.0009841697126870049    7    4    7    2
 0.000233425065710299    7    4    7    3
 0.02367132553991906    7    4    7    4
 -0.002270235947160038    7    5    1    1
 -0.0002756105792755519    7    5    2    1
 -0.0008686871781641244    7    5    2    2
 -0.001923590692812592    7    5    3    1
 -0.00101111210933391    7    5    3    2
 -0.003330987687180436    7    5    3    3
 0.03966012993466957    7    5    4    1
 0.006665443398439167    7    5    4    2
 -0.007557417582787886    7    5    4    3
 -0.0004876053112515844    7    5    4    4
 0.02012719185436781    7    5    5    1
 0.002780826846767386    7    5    5    2
 0.004480633511222234    7    5    5    3
 -0.0007011492392898472    7    5    5    4
 0.0002690732178060214    7    5    5    5
 0.002536291641580723    7    5    6    1
 -2.058679296805797e-05    7    5    6    2
 -7.088798809353288e-05    7    5    6    3
 -0.01037179342390634    7    5    6    4
 -0.01685074982811555    7    5    6    5
 -0.005455972246719038    7    5    6    6
 -0.001700402231017316    7    5    7    1
 -0.0004773681695935757    7    5    7    2
 0.0002107375311919933    7    5    7    3
 0.01220443650678878    7    5    7    4
 0.0312044410617812    7    5    7    5
 0.005807712408072498    7    6    1    1
 -0.009276185859174722    7    6    2    1
 -0.004718646148998027    7    6    2    2
 0.01632669849356694    7    6    3    1
 0.01258566982613921    7    6    3    2
 0.03518730765022409    7    6    3    3
 0.00283034696057297    7    6    4    1
 0.0002448666981468669    7    6    4    2
 2.155455125169032e-05    7    6    4    3
 -0.00488396603684556    7    6    4    4
 0.002382530567607305    7    6    5    1
 6.826064717076414e-05    7    6    5    2
 0.0002112553111294526    7    6    5    3
 0.01366357888220341    7    6    5    4
 -0.006640434051815716    7    6    5    5
 0.00113259573879473    7    6    6    1
 0.009657350357561413    7    6    6    2
 0.01244369851565292    7    6    6    3
 -0.001378070147512816    7    6    6    4
 -0.002570513083241622    7    6    6    5
 0.04367923935688133    7    6    6    6
 0.01456012588217257    7    6    7    1
 0.00763196292320691    7    6    7    2
 -0.01404681770217326    7    6    7    3
 0.0008658061798370146    7    6    7    4
 0.001193535955216601    7    6    7    5
 0.01750915717250883    7    6    7    6
 0.5008136298366271    7    7    1    1
 0.03170869486888374    7    7    2    1
 0.4806582805072188    7    7    2    2
 -0.0766272177058582    7    7    3    1
 -0.04394225271162618    7    7    3    2
 0.4198914382084009    7    7    3    3
 -0.0008332035550008162    7    7    4    1
 0.001383101211670881    7    7    4    2
 -0.00105205705239369    7    7    4    3
 0.4316077949643849    7    7    4    4
 -0.002727452408561491    7    7    5    1
 -0.002253577829181558    7    7    5    2
 0.002086395471051716    7    7    5    3
 0.06501529562852226    7    7    5    4
 0.4326595670905055    7    7    5    5
 -0.01150186293737064    7    7    6    1
 -0.01819924606785073    7    7    6    2
 -0.0839013935701579    7    7    6    3
 0.003712433516401412    7    7    6    4
 0.003749128415727532    7    7    6    5
 0.3847218628110289    7    7    6    6
 0.04383273082888056    7    7    7    1
 -0.02880937287464857    7    7    7    2
 -0.02536113962889722    7    7    7    3
 -0.0007721766341250678    7    7    7    4
 -0.001538473542145857    7    7    7    5
 -0.00708148391633978    7    7    7    6
 0.5442557927638511    7    7    7    7
 -0.01790445972282222    8    1    1    1
 0.002644197018586189    8    1    2    1
 0.004228065614208733    8    1    2    2
 0.00154244320848655    8    1    3    1
 0.01437204604109985    8    1    3    2
 -0.0255384253084053    8    1    3    3
 -0.0005578132934519306    8    1    4    1
 0.0005623687610414777    8    1    4    2
 0.0004493663796316381    8    1    4    3
 -0.01401932490660414    8    1    4    4
 0.0004098970767563406    8    1    5    1
 0.00148429072284941    8    1    5    2
 -0.0005871436329424665    8    1    5    3
 -0.01681006483911889    8    1    5    4
 -0.01199955131555144    8    1    5    5
 0.005980476830092635    8    1    6    1
 -0.02442023187576126    8    1    6    2
 0.01053268570659884    8    1    6    3
 -0.0008298389122880444    8    1    6    4
 -0.0002991208642610022    8    1    6    5
 -0.0173264675040007    8    1    6    6
 -0.008961546319661158    8    1    7    1
 0.02723407803117773    8    1    7    2
 0.004950692862997405    8    1    7    3
 0.0006225351830914226    8    1    7    4
 0.000325937141087585    8    1    7    5
 -0.01044700704651247    8    1    7    6
 -0.02620132220415507    8    1    7    7
 0.05423507540381006    8    1    8    1
 0.0577190185877438    8    2    1    1
 0.04033956723486756    8    2    2    1
 0.0501888378283503    8    2    2    2
 0.02628698180970751    8    2    3    1
 0.008574708161223639    8    2    3    2
 0.08808043006892087    8    2    3    3
 0.002045704277401691    8    2    4    1
 0.001094597086342906    8    2    4    2
 -0.0001192307331930303    8    2    4    3
 0.04520694823871105    8    2    4    4
 0.001352395870795142    8    2    5    1
 -0.0009094558811684707    8    2    5    2
 0.0009563763987487342    8    2    5    3
 0.07637291885710225    8    2    5    4
 0.04129095800309485    8    2    5    5
 -0.04329358596882524    8    2    6    1
 -0.005037349249032901    8    2    6    2
 -0.02468198626440518    8    2    6    3
 0.0005844046046123325    8    2    6    4
 -0.000665620503905171    8    2    6    5
 0.1034939229167461    8    2    6    6
 0.04622493344965613    8    2    7    1
 0.001241382549147065    8    2    7    2
 -0.02376793325745635    8    2    7    3
 -0.0004731895358979415    8    2    7    4
 -0.001728336688806506    8    2    7    5
 0.01388610821055078    8    2    7    6
 0.03911567705666955    8    2    7    7
 -0.02226313003852613    8    2    8    1
 0.1038852164728281    8    2    8    2
 -0.003773560232797786    8    3    1    1
 0.03463050920956465    8    3    2    1
 -0.0009130435659064859    8    3    2    2
 -0.0269506415480517    8    3    3    1
 -0.005698857767707623    8    3    3    2
 -0.01791345386092124    8    3    3    3
 0.0007009460047019625    8    3    4    1
 0.0004372855320888705    8    3    4    2
 -0.0002671430434965417    8    3    4    3
 0.001732571559227132    8    3    4    4
 -0.0006053220365513963    8    3    5    1
 -0.0003285209694520486    8    3    5    2
 0.0005852558650587012    8    3    5    3
 -0.01316608537825048    8    3    5    4
 0.001550754684047547    8    3    5    5
 0.007605965566046325    8    3    6    1
 -0.009403033399827228    8    3    6    2
 -0.005143196045365873    8    3    6    3
 -0.0001334938247627049    8    3    6    4
 0.0005781180253536072    8    3    6    5
 -0.02998055707832482    8    3    6    6
 0.0008643435979445689    8    3    7    1
 -0.02455135401278272    8    3    7    2
 0.0127896550381756    8    3    7    3
 0.0006157041870389992    8    3    7    4
 0.000813157774278418    8    3    7    5
 -0.009859224383511545    8    3    7    6
 0.02318610356594368    8    3    7    7
 0.003796464810151751    8    3    8    1
 -0.001628072935618554    8    3    8    2
 0.02966933882683848    8    3    8    3
 0.0002589699239638564    8    4    1    1
 0.001147792622282726    8    4    2    1
 0.0009067074088152617    8    4    2    2
 0.0009726200567976514    8    4    3    1
 0.0004295674819144724    8    4    3    2
 0.001222833810361428    8    4    3    3
 -0.006031572535817688    8    4    4    1
 0.001753335064392546    8    4    4    2
 0.0004744320724115795    8    4    4    3
 0.0001106537099842981    8    4    4    4
 -0.006669961215249116    8    4    5    1
 0.01159202034261773    8    4    5    2
 -0.002611361485249878    8    4    5    3
 0.0009331126989951704    8    4    5    4
 -0.0001275409341851054    8    4    5    5
 -0.00110150926895918    8    4    6    1
 -0.0003053609304499478    8    4    6    2
 0.0001129212036270028    8    4    6    3
 0.002961361633502423    8    4    6    4
 0.002348582543627664    8    4    6    5
 0.002060816530504703    8    4    6    6
 0.0007078159224909654    8    4    7    1
 0.0005891100746834815    8    4    7    2
 -9.067086757184932e-05    8    4    7    3
 -0.001400941131501696    8    4    7    4
 -0.003565136773245784    8    4    7    5
 -0.0003697452973879596    8    4    7    6
 0.0002489113157499339    8    4    7    7
 0.0008869090398111053    8    4    8    1
 0.001235283760465416    8    4    8    2
 2.266544198385107e-05    8    4    8    3
 0.01679160135183312    8    4    8    4
 0.0001958228578049314    8    5    1    1
 0.004151137161410669    8    5    2    1
 -0.0006288815784987204    8    5    2    2
 -0.001238508170618172    8    5    3    1
 -0.0005994321351121623    8    5    3    2
 0.0009736135284957566    8    5    3    3
 -0.01099101382524466    8    5    4    1
 0.01898127810682206    8    5    4    2
 -0.003649406199465981    8    5    4    3
 0.0004458832862896405    8    5    4    4
 -0.005942997638498451    8    5    5    1
 0.002024922117001197    8    5    5    2
 -0.001005732457583867    8    5    5    3
 -0.0009069264814797205    8    5    5    4
 -0.0002385883995790631    8    5    5    5
 -0.0001666868752541045    8    5    6    1
 0.0002242165834101798    8    5    6    2
 0.0003205824449543061    8    5    6    3
 0.002511151083814422    8    5    6    4
 0.004783049433035004    8    5    6    5
 0.0004736113677874451    8    5    6    6
 0.0002392751957279119    8    5    7    1
 -0.002386590595982827    8    5    7    2
 0.001437672867601826    8    5    7    3
 -0.003512332144106008    8    5    7    4
 -0.001945999933782717    8    5    7    5
 -0.0007774571038505574    8    5    7    6
 0.001735426867655919    8    5    7    7
 -1.435834655660187e-05    8    5    8    1
 0.0008916071087869432    8    5    8    2
 0.00157025688068246    8    5    8    3
 0.004047968596319847    8    5    8    4
 0.02218105199111033    8    5    8    5
 0.008176352609289814    8    6    1    1
 -0.06300826852821299    8    6    2    1
 0.00247801889465814    8    6    2    2
 0.007841711316996819    8    6    3    1
 -0.00406339386368349    8    6    3    2
 -0.01826763873515144    8    6    3    3
 -0.001517896237757964    8    6    4    1
 -0.0005236675163069954    8    6    4    2
 0.0004094475462972662    8    6    4    3
 0.001654725979866771    8    6    4    4
 0.000176501549629397    8    6    5    1
 0.0005585881166565622    8    6    5    2
 -0.0002522015396081433    8    6    5    3
 -0.003694889222760249    8    6    5    4
 0.002575913499133645    8    6    5    5
 -0.001807399250829752    8    6    6    1
 0.0101305782594853    8    6    6    2
 -0.01648559942849411    8    6    6    3
 0.0006696974619655274    8    6    6    4
 0.0005473275784766702    8    6    6    5
 -0.01827711032347668    8    6    6    6
 -0.01056944935210136    8    6    7    1
 0.01905257993898767    8    6    7    2
 -0.01298393655482553    8    6    7    3
 -0.0008659230685519264    8    6    7    4
 -0.0003058710584328232    8    6    7    5
 0.004169806788505584    8    6    7    6
 -0.01454556140030085    8    6    7    7
 -0.01160704329107348    8    6    8    1
 -0.02437113818510297    8    6    8    2
 -0.02594685732114677    8    6    8    3
 -0.0005458748861095361    8    6    8    4
 -0.001897266835109863    8    6    8    5
 0.04659190951448242    8    6    8    6
 -0.006519945996437169    8    7    1    1
 0.07713317688859005    8    7    2    1
 -7.501466359980095e-05    8    7    2    2
 -0.005792079645096204    8    7    3    1
 -0.02190278709758475    8    7    3    2
 0.02604795025998187    8    7    3    3
 0.001898375807846021    8    7    4    1
 0.0005033111289811212    8    7    4    2
 -0.0004558842289991174    8    7    4    3
 0.007390030874729316    8    7    4    4
 -0.0007073840729721594    8    7    5    1
 -0.001484925541545394    8    7    5    2
 0.001376840584266547    8    7    5    3
 -0.0005800509671331177    8    7    5    4
 0.008785183712740563    8    7    5    5
 -0.01171796952321766    8    7    6    1
 0.007374314233592416    8    7    6    2
 -0.004354461923663455    8    7    6    3
 -0.0007318315067842571    8    7    6    4
 -0.000420409027421289    8    7    6    5
 0.01470919945236613    8    7    6    6
 -0.01094534363962567    8    7    7    1
 -0.03691558610453052    8    7    7    2
 0.0241084012953633    8    7    7    3
 0.0006488179289415914    8    7    7    4
 0.0001315852046462993    8    7    7    5
 -0.007162067334743197    8    7    7    6
 0.03091389552451591    8    7    7    7
 -0.01358837045539376    8    7    8    1
 0.03011358160437413    8    7    8    2
 0.01569348304045603    8    7    8    3
 -3.157134857997496e-05    8    7    8    4
 0.002505891018535725    8    7    8    5
 -0.03048700693409907    8    7    8    6
 0.06355779613665495    8    7    8    7
 0.5307132195807168    8    8    1    1
 -0.04975734072928369    8    8    2    1
 0.5324372988406004    8    8    2    2
 -0.006901774832417207    8    8    3    1
 -0.003036337176510196    8    8    3    2
 0.4588683618369671    8    8    3    3
 0.0008185160874782331    8    8    4    1
 0.001629285238849476    8    8    4    2
 0.0001495114022127437    8    8    4    3
 0.4455579596511842    8    8    4    4
 0.0008706713156863214    8    8    5    1
 -4.358960220314028e-05    8    8    5    2
 0.002030190683167087    8    8    5    3
 0.09762854736883449    8    8    5    4
 0.4500879729058678    8    8    5    5
 -0.04477878794120432    8    8    6    1
 -0.03426257952790928    8    8    6    2
 -0.09579015696250386    8    8    6    3
 0.0024452301445794    8    8    6    4
 0.0006032245337501115    8    8    6    5
 0.4668853782868392    8    8    6    6
 0.03657310998107146    8    8    7    1
 0.04078307932098633    8    8    7    2
 -0.04594662272637759    8    8    7    3
 -0.001940174464679296    8    8    7    4
 -0.0009876367144916536    8    8    7    5
 0.001909805537719547    8    8    7    6
 0.4821736465101775    8    8    7    7
 0.0009288034799730776    8    8    8    1
 0.06346909346090793    8    8    8    2
 -0.01721477453047987    8    8    8    3
 0.0009425941827850556    8    8    8    4
 -0.001841095377089271    8    8    8    5
 0.02112744014961273    8    8    8    6
 -0.02009302185024128    8    8    8    7
 0.5881320156699339    8    8    8    8
 -4.211034812218752    1    1  0  0
 0.01089544181496566    2    1  0  0
 -3.686484638629779    2    2  0  0
 0.05656169447129339    3    1  0  0
 0.02395169855851087    3    2  0  0
 -3.597281760702685    3    3  0  0
 6.254857147940439e-05    4    1  0  0
 -0.007523658044978189    4    2  0  0
 0.002360156209749204    4    3  0  0
 -3.181275713636096    4    4  0  0
 0.001986902673728002    5    1  0  0
 0.007187078191359123    5    2  0  0
 -0.009088270567597576    5    3  0  0
 -0.6273084993743505    5    4  0  0
 -2.840753382358595    5    5  0  0
 0.2216115312465122    6    1  0  0
 0.1109448098730983    6    2  0  0
 0.4148873115832463    6    3  0  0
 -0.01697897576961    6    4  0  0
 -0.006398270544254883    6    5  0  0
 -2.760291841061053    6    6  0  0
 -0.2911102426427495    7    1  0  0
 -0.0858761192446295    7    2  0  0
 0.230344105381425    7    3  0  0
 0.01058556371022855    7    4  0  0
 0.0139805403478979    7    5  0  0
 -0.05928596844339917    7    6  0  0
 -2.656195591851948    7    7  0  0
 0.09592125064314051    8    1  0  0
 -0.4335031085629013    8    2  0  0
 0.03441306811532107    8    3  0  0
 -0.00461803977829386    8    4  0  0
 -0.0009540664285414329    8    5  0  0
 0.01067837567186979    8    6  0  0
 -0.05001749081318913    8    7  0  0
 -2.848534709656475    8    8  0  0
 0  0  0  0  0
