 &FCI NORB=   8,NELEC= 8,MS2=0,
  ORBSYM=1,1,1,1,1,1,1,1
  ISYM=1,
 &END
 0.4977476051270341    1    1    1    1
 -0.002923274417830116    2    1    1    1
 0.1149791851457431    2    1    2    1
 0.4800669899331814    2    2    1    1
 -0.006795838168438923    2    2    2    1
 0.5103739136785592    2    2    2    2
 -0.008777484159809884    3    1    1    1
 0.001846618125895237    3    1    2    1
 -0.04062503577978816    3    1    2    2
 0.09947264492832719    3    1    3    1
 -0.003109425012103111    3    2    1    1
 -0.04236980159355966    3    2    2    1
 0.001088221012113244    3    2    2    2
 -0.00920948416470798    3    2    3    1
 0.04001440409437176    3    2    3    2
 0.4744652373741203    3    3    1    1
 -0.009681247529921225    3    3    2    1
 0.435961333384515    3    3    2    2
 0.0485511793097727    3    3    3    1
 -0.01279219183159144    3    3    3    2
 0.530973079144952    3    3    3    3
 0.005597524160884165    4    1    1    1
 0.00223831195524439    4    1    2    1
 0.02325285302737983    4    1    2    2
 -0.003675883262961467    4    1    3    1
 -0.01478726517566229    4    1    3    2
 0.03201959806225475    4    1    3    3
 0.09760884833104246    4    1    4    1
 0.005750059044592165    4    2    1    1
 0.02021623397198278    4    2    2    1
 0.01909263658533486    4    2    2    2
 -0.01573551610397485    4    2    3    1
 -0.0142297655519647    4    2    3    2
 0.002129353777031763    4    2    3    3
 0.02567316872210913    4    2    4    1
 0.03057096172812433    4    2    4    2
 0.0007094078435672226    4    3    1    1
 -0.01650739808332794    4    3    2    1
 -0.01014509962982396    4    3    2    2
 0.02964775365781015    4    3    3    1
 -0.0001665366044131033    4    3    3    2
 0.03680830006098944    4    3    3    3
 0.02046181547553261    4    3    4    1
 -0.004076300263875216    4    3    4    2
 0.03800968712928929    4    3    4    3
 0.4638802808614886    4    4    1    1
 0.02828710887922041    4    4    2    1
 0.4171091051029826    4    4    2    2
 0.02244920686126006    4    4    3    1
 -0.00984593444794842    4    4    3    2
 0.4326182453732314    4    4    3    3
 -0.04665665143319821    4    4    4    1
 -0.01181986292453508    4    4    4    2
 -0.01072209235954602    4    4    4    3
 0.5136824778397747    4    4    4    4
 0.0404665866192226    5    1    1    1
 0.001462814942787833    5    1    2    1
 0.02148705234467392    5    1    2    2
 -0.009723528654823522    5    1    3    1
 -0.005524635320999576    5    1    3    2
 0.04389736956324276    5    1    3    3
 -0.01519542316193909    5    1    4    1
 0.001040604610221027    5    1    4    2
 0.01062355784689215    5    1    4    3
 0.02778480399617696    5    1    4    4
 0.04311428078306252    5    1    5    1
 0.002280301816743339    5    2    1    1
 -0.02505355228828876    5    2    2    1
 0.01359950071905897    5    2    2    2
 -0.01187473368515528    5    2    3    1
 0.01475435097652145    5    2    3    2
 -0.001880124422923397    5    2    3    3
 0.004172651049649912    5    2    4    1
 -0.01170866623147341    5    2    4    2
 0.003309343698958732    5    2    4    3
 -0.01761974837050669    5    2    4    4
 -0.003143343238141455    5    2    5    1
 0.0302608129985842    5    2    5    2
 -0.02637681788151569    5    3    1    1
 -0.01258776106848137    5    3    2    1
 -0.0149586877951265    5    3    2    2
 0.03229024784392969    5    3    3    1
 -0.002245647279509059    5    3    3    2
 0.007426402990684495    5    3    3    3
 0.0274965537398244    5    3    4    1
 0.002029958415821729    5    3    4    2
 0.01532665576256845    5    3    4    3
 -0.03166328121922172    5    3    4    4
 -0.02005111307694239    5    3    5    1
 0.004470548007505192    5    3    5    2
 0.04356420864526403    5    3    5    3
 -0.0475091591765    5    4    1    1
 0.00454280128313838    5    4    2    1
 -0.0567455726283946    5    4    2    2
 0.02961620218694732    5    4    3    1
 0.002199871178891302    5    4    3    2
 -0.02727261527573242    5    4    3    3
 -0.0159883931462597    5    4    4    1
 -0.01726677416863539    5    4    4    2
 -0.00329046743344305    5    4    4    3
 -0.009267794349283643    5    4    4    4
 -0.02561684479645311    5    4    5    1
 -0.00861776332154811    5    4    5    2
 0.01122947329552439    5    4    5    3
 0.05752267903087659    5    4    5    4
 0.4064466404035422    5    5    1    1
 -0.01405925939775867    5    5    2    1
 0.389428684313584    5    5    2    2
 -0.0185349079008589    5    5    3    1
 0.01075952667658114    5    5    3    2
 0.3827087269441584    5    5    3    3
 -0.03799320572722892    5    5    4    1
 -0.01124379646730683    5    5    4    2
 -0.00251746328162677    5    5    4    3
 0.4079972181844674    5    5    4    4
 0.0335084932451606    5    5    5    1
 0.008577290162341008    5    5    5    2
 -0.03226063296424505    5    5    5    3
 -0.0206052979601574    5    5    5    4
 0.3967389075192232    5    5    5    5
 0.007949415098987108    6    1    1    1
 -0.004932325793364947    6    1    2    1
 -0.01010581322480612    6    1    2    2
 -0.01454819004887788    6    1    3    1
 -0.001116914066072008    6    1    3    2
 0.004283796865125679    6    1    3    3
 0.01920828282332801    6    1    4    1
 -0.006631004258847779    6    1    4    2
 0.004450098704155243    6    1    4    3
 0.015304763715675    6    1    4    4
 0.001791187875617932    6    1    5    1
 -0.00327499681234968    6    1    5    2
 -0.01286916542626548    6    1    5    3
 0.01322944626374371    6    1    5    4
 0.007585908235222951    6    1    5    5
 0.04834579681253169    6    1    6    1
 -0.01849863396039934    6    2    1    1
 -0.04194740773017421    6    2    2    1
 -0.0194411245393709    6    2    2    2
 -0.00276046955971918    6    2    3    1
 0.02122936615985055    6    2    3    2
 -0.01942547485219569    6    2    3    3
 -0.01869669993047548    6    2    4    1
 -0.01123019564270403    6    2    4    2
 0.001295807153958171    6    2    4    3
 -0.01431662965923446    6    2    4    4
 -0.006396736464000219    6    2    5    1
 0.01691495069673732    6    2    5    2
 0.00201426505518302    6    2    5    3
 0.01150216213508449    6    2    5    4
 0.007455854225988492    6    2    5    5
 0.001710496011651803    6    2    6    1
 0.03978880537320491    6    2    6    2
 -0.05352605604995257    6    3    1    1
 -0.002879287086096001    6    3    2    1
 -0.03256880838595224    6    3    2    2
 -0.001136529334306912    6    3    3    1
 -0.0006888572964511597    6    3    3    2
 -0.04893631338891378    6    3    3    3
 0.009568988685054281    6    3    4    1
 0.001275557614516546    6    3    4    2
 0.009448917125985262    6    3    4    3
 -0.04243979493514662    6    3    4    4
 -0.02202693812613524    6    3    5    1
 0.002182660626053714    6    3    5    2
 0.02207828263189885    6    3    5    3
 0.01459804729287921    6    3    5    4
 -0.02936886079446897    6    3    5    5
 -0.003030498891544455    6    3    6    1
 0.006346938310835483    6    3    6    2
 0.04305134351284581    6    3    6    3
 0.07127866802254505    6    4    1    1
 -0.02159157359369824    6    4    2    1
 0.05769470766452098    6    4    2    2
 0.006916225596450241    6    4    3    1
 0.0005982152601377931    6    4    3    2
 0.07898202774663193    6    4    3    3
 0.03580549098255963    6    4    4    1
 0.006243550225264337    6    4    4    2
 0.01523653775837223    6    4    4    3
 0.03054935368732639    6    4    4    4
 0.02602256384089664    6    4    5    1
 0.01158777877967991    6    4    5    2
 0.003530852385041528    6    4    5    3
 -0.04428206823791803    6    4    5    4
 0.02164024793052631    6    4    5    5
 0.00178742506299253    6    4    6    1
 -0.008693162720105672    6    4    6    2
 -0.03064702208588001    6    4    6    3
 0.08145006177805582    6    4    6    4
 -0.002189235082433545    6    5    1    1
 -0.01529688706253623    6    5    2    1
 0.02124092066702195    6    5    2    2
 -0.02752642699436238    6    5    3    1
 0.001563889923888943    6    5    3    2
 0.01046514019849864    6    5    3    3
 0.04582346414334441    6    5    4    1
 0.01692858226834925    6    5    4    2
 0.009884433860329131    6    5    4    3
 -0.05626244791803704    6    5    4    4
 0.003694865648460336    6    5    5    1
 0.01494239942464668    6    5    5    2
 0.01254716358313069    6    5    5    3
 -0.02666545034167304    6    5    5    4
 -0.01732807015369829    6    5    5    5
 -0.003356529492271577    6    5    6    1
 -0.003756000543624651    6    5    6    2
 0.00404611120507905    6    5    6    3
 0.02310697542827791    6    5    6    4
 0.05248977143438552    6    5    6    5
 0.4816582961681003    6    6    1    1
 0.008053556876798415    6    6    2    1
 0.4541552208715334    6    6    2    2
 -0.004611570895741984    6    6    3    1
 -0.0005929453361007963    6    6    3    2
 0.449709075721301    6    6    3    3
 -0.01316428951011115    6    6    4    1
 -0.004485725695765227    6    6    4    2
 -0.01939688697267918    6    6    4    3
 0.4826286721045633    6    6    4    4
 0.02640194683055787    6    6    5    1
 -0.004044902191650209    6    6    5    2
 -0.03229855700852104    6    6    5    3
 -0.02423427694354684    6    6    5    4
 0.4105429793485514    6    6    5    5
 0.01762363798889469    6    6    6    1
 -0.01639983313765131    6    6    6    2
 -0.06106590342687663    6    6    6    3
 0.05528075551689544    6    6    6    4
 -0.02686069696762872    6    6    6    5
 0.5157281781544462    6    6    6    6
 -0.004546527881529564    7    1    1    1
 0.0189293113380432    7    1    2    1
 -0.001844850030478047    7    1    2    2
 -0.001071317904506426    7    1    3    1
 0.01549400390551026    7    1    3    2
 -0.0009634625408429843    7    1    3    3
 0.002858798840009627    7    1    4    1
 -0.00924820424946194    7    1    4    2
 0.00497821183181119    7    1    4    3
 -0.007440129299462672    7    1    4    4
 -0.00411035091672111    7    1    5    1
 0.0186498778837808    7    1    5    2
 0.0003383055732501419    7    1    5    3
 0.006020384718151067    7    1    5    4
 0.001538439229383087    7    1    5    5
 -0.0008439277729897793    7    1    6    1
 0.00708058640296209    7    1    6    2
 0.001887053596419715    7    1    6    3
 -0.0006090935015088811    7    1    6    4
 0.003444953836691406    7    1    6    5
 -0.004664421314969518    7    1    6    6
 0.0489850707026017    7    1    7    1
 0.07973395150072564    7    2    1    1
 0.003222407868813421    7    2    2    1
 0.0465108586228624    7    2    2    2
 0.03789820390873364    7    2    3    1
 -0.004437827756326914    7    2    3    2
 0.07471216908046792    7    2    3    3
 -0.02284115405923037    7    2    4    1
 -0.01365783343026381    7    2    4    2
 0.01191448665136646    7    2    4    3
 0.08355960282988864    7    2    4    4
 0.03373552878944076    7    2    5    1
 -0.006859248285007708    7    2    5    2
 -0.02345360645885713    7    2    5    3
 -0.009058880517982794    7    2    5    4
 0.04777240190468011    7    2    5    5
 0.008281002787298196    7    2    6    1
 -0.009052810567169662    7    2    6    2
 -0.0430442773119858    7    2    6    3
 0.0387888889274932    7    2    6    4
 -0.02963747214174236    7    2    6    5
 0.07590633936376008    7    2    6    6
 -0.001823613072265937    7    2    7    1
 0.1064008420680976    7    2    7    2
 -0.002453094442268848    7    3    1    1
 0.04144472619109504    7    3    2    1
 -0.005176834386054964    7    3    2    2
 0.007530071857501666    7    3    3    1
 -0.01432963116762442    7    3    3    2
 0.005166957864263664    7    3    3    3
 0.01329905836526878    7    3    4    1
 0.01298961732688334    7    3    4    2
 0.001279753371058906    7    3    4    3
 0.007008659815656731    7    3    4    4
 -0.0003193551905039794    7    3    5    1
 -0.02024225452449356    7    3    5    2
 0.002620785208341011    7    3    5    3
 0.00109864860080003    7    3    5    4
 -0.01280511741033859    7    3    5    5
 0.0005860191750454047    7    3    6    1
 -0.02850604594284752    7    3    6    2
 0.002450532271744194    7    3    6    3
 -0.006621977131407667    7    3    6    4
 -0.000642827281707255    7    3    6    5
 -0.00156640913642901    7    3    6    6
 -0.002689155476715987    7    3    7    1
 -0.002746959771310952    7    3    7    2
 0.03450309222399568    7    3    7    3
 0.0132134180180163    7    4    1    1
 -0.02285895412971111    7    4    2    1
 -0.0005808748984975409    7    4    2    2
 0.01333752840743394    7    4    3    1
 0.01200618213903161    7    4    3    2
 0.0173622291612151    7    4    3    3
 -0.01211715351285381    7    4    4    1
 -0.002553898743486561    7    4    4    2
 0.007831902483998858    7    4    4    3
 0.01663247801126814    7    4    4    4
 0.008200828525611881    7    4    5    1
 0.001593698733413846    7    4    5    2
 -0.00187464920760876    7    4    5    3
 0.0004034319976236261    7    4    5    4
 0.01575051897276239    7    4    5    5
 0.001646718444570406    7    4    6    1
 0.01783535999360907    7    4    6    2
 -0.008868610253353565    7    4    6    3
 0.01169951704503375    7    4    6    4
 -0.008034849003756044    7    4    6    5
 0.011627939832833    7    4    6    6
 0.0008876033420783806    7    4    7    1
 0.02273999385895285    7    4    7    2
 -0.01112473566502202    7    4    7    3
 0.02387928018088023    7    4    7    4
 -0.01666175709589811    7    5    1    1
 0.04703166528371928    7    5    2    1
 -0.01714704651939519    7    5    2    2
 0.001822299784834493    7    5    3    1
 -0.0252655410292154    7    5    3    2
 -0.01072063721265585    7    5    3    3
 0.01083873743760139    7    5    4    1
 0.006914625835255444    7    5    4    2
 -0.00361725442069551    7    5    4    3
 -0.006604693177058176    7    5    4    4
 -0.0009218172392085842    7    5    5    1
 -0.01222039105358424    7    5    5    2
 -0.00078309555308559    7    5    5    3
 0.006075343883138346    7    5    5    4
 -0.0225874349325545    7    5    5    5
 0.002481001563659469    7    5    6    1
 -0.02394468554465643    7    5    6    2
 0.004447611957664388    7    5    6    3
 -0.01182419697936604    7    5    6    4
 -0.003037034588588131    7    5    6    5
 -0.01393937542204682    7    5    6    6
 0.002144106556982209    7    5    7    1
 -0.00736108505771337    7    5    7    2
 0.0186918831026068    7    5    7    3
 -0.0192133562073338    7    5    7    4
 0.0324255693628228    7    5    7    5
 -0.003699318835523809    7    6    1    1
 0.0300408336883386    7    6    2    1
 -0.006707556553785671    7    6    2    2
 0.002659486777830844    7    6    3    1
 -0.03070412062597506    7    6    3    2
 -0.0006765850006852223    7    6    3    3
 0.006802894311233207    7    6    4    1
 0.02123771366936212    7    6    4    2
 -0.006047442997843448    7    6    4    3
 0.006862923359120214    7    6    4    4
 0.003049631215961422    7    6    5    1
 -0.0221249411808304    7    6    5    2
 0.001281400640445345    7    6    5    3
 -0.00399143011885188    7    6    5    4
 -0.01304542729716636    7    6    5    5
 -0.00299539175236993    7    6    6    1
 -0.01505160191263075    7    6    6    2
 0.00123602477679273    7    6    6    3
 -0.004939590295031724    7    6    6    4
 -0.002549785853430582    7    6    6    5
 -0.003854235079448431    7    6    6    6
 -0.02522973893133806    7    6    7    1
 -0.00645479148896006    7    6    7    2
 0.01530489663636204    7    6    7    3
 -0.004896070230691478    7    6    7    4
 0.01775262431157328    7    6    7    5
 0.04049209595939463    7    6    7    6
 0.4921442429067643    7    7    1    1
 -0.001394745843857628    7    7    2    1
 0.5095132957397673    7    7    2    2
 -0.02123828597663931    7    7    3    1
 -0.005270333770153479    7    7    3    2
 0.4558367961041226    7    7    3    3
 0.01303633176830221    7    7    4    1
 0.02327558393741905    7    7    4    2
 -0.008293261082804272    7    7    4    3
 0.4369761872499577    7    7    4    4
 0.03279017116339968    7    7    5    1
 0.003005537321115853    7    7    5    2
 -0.01850626685417028    7    7    5    3
 -0.06478648061402334    7    7    5    4
 0.3989942852157335    7    7    5    5
 -0.02001093388320368    7    7    6    1
 -0.02388354038854529    7    7    6    2
 -0.0453497759167534    7    7    6    3
 0.07003454370187559    7    7    6    4
 0.01271099191217848    7    7    6    5
 0.4767690115209512    7    7    6    6
 -0.01114246453151669    7    7    7    1
 0.06920852027134664    7    7    7    2
 -0.002625241411475006    7    7    7    3
 0.006345995214401546    7    7    7    4
 -0.0176318654567573    7    7    7    5
 0.002112078003006786    7    7    7    6
 0.5465952478818755    7    7    7    7
 0.06252477312844815    8    1    1    1
 -0.001391170922217977    8    1    2    1
 0.05061191409246703    8    1    2    2
 0.0143602904609131    8    1    3    1
 0.001759707263993073    8    1    3    2
 0.0453031318401735    8    1    3    3
 0.00978063446237719    8    1    4    1
 0.0006138760450886824    8    1    4    2
 -0.004127780364509529    8    1    4    3
 0.05301378749136791    8    1    4    4
 0.003108793541929747    8    1    5    1
 -0.0008361220063975177    8    1    5    2
 -0.01495088059022911    8    1    5    3
 -0.01770237838984557    8    1    5    4
 0.02251940718473103    8    1    5    5
 0.004081981161649589    8    1    6    1
 -0.008123119312771461    8    1    6    2
 -0.0318380327867278    8    1    6    3
 0.03732989781589673    8    1    6    4
 -0.009870725249582032    8    1    6    5
 0.0681224540051792    8    1    6    6
 -0.001988253068507826    8    1    7    1
 0.04990470295265367    8    1    7    2
 -0.003451542115841199    8    1    7    3
 0.009159127658997929    8    1    7    4
 -0.00720897553070965    8    1    7    5
 -0.004320639608132604    8    1    7    6
 0.06596391292206547    8    1    7    7
 0.05440377781250538    8    1    8    1
 -0.004860219581499708    8    2    1    1
 0.0009664669772431604    8    2    2    1
 -0.006152305109739021    8    2    2    2
 0.008208644171276008    8    2    3    1
 0.01504941357839265    8    2    3    2
 0.004211587387856876    8    2    3    3
 0.0007309316830270234    8    2    4    1
 -0.003945002217852616    8    2    4    2
 0.007721561654117956    8    2    4    3
 -0.006486349629927884    8    2    4    4
 -0.002001477380442603    8    2    5    1
 0.01032032059761139    8    2    5    2
 0.006390001516794435    8    2    5    3
 0.003801279199324108    8    2    5    4
 0.001354096343131758    8    2    5    5
 -0.003950313373873902    8    2    6    1
 0.01007051877037216    8    2    6    2
 0.0009293587432295734    8    2    6    3
 0.00394023417551672    8    2    6    4
 0.003471121668706025    8    2    6    5
 -0.007176325229652522    8    2    6    6
 0.02882806016087356    8    2    7    1
 0.001255369779157122    8    2    7    2
 -0.002150667866315346    8    2    7    3
 0.008735180560481819    8    2    7    4
 -0.007714982766399796    8    2    7    5
 -0.01729256436724743    8    2    7    6
 -0.009874949059386342    8    2    7    7
 -0.002152830307308987    8    2    8    1
 0.02450542234674176    8    2    8    2
 0.0516665386534858    8    3    1    1
 0.008592966099812657    8    3    2    1
 0.06199952884052826    8    3    2    2
 -0.02704134144971207    8    3    3    1
 0.005260171634290592    8    3    3    2
 0.003495084923217487    8    3    3    3
 -0.0160979402934269    8    3    4    1
 0.007858124141814816    8    3    4    2
 -0.02886401700379547    8    3    4    3
 0.0391941104896845    8    3    4    4
 -0.001315170807414985    8    3    5    1
 0.004050639677238258    8    3    5    2
 -0.03572359982501951    8    3    5    3
 -0.03046321723459129    8    3    5    4
 0.03116268773219898    8    3    5    5
 -0.01767771119777271    8    3    6    1
 -0.004710009221722275    8    3    6    2
 -0.02789834414130472    8    3    6    3
 0.007839324548721608    8    3    6    4
 -0.005132056256739761    8    3    6    5
 0.0598747752610387    8    3    6    6
 -0.004149880335307989    8    3    7    1
 0.01489024065394737    8    3    7    2
 -0.007398966642991716    8    3    7    3
 -0.003112654339871358    8    3    7    4
 -0.006882173091908471    8    3    7    5
 -0.0008708421406980054    8    3    7    6
 0.07508920429438576    8    3    7    7
 0.04343004802720143    8    3    8    1
 -0.009726182071493608    8    3    8    2
 0.08931900171054213    8    3    8    3
 0.03296324167005884    8    4    1    1
 0.0006300267272364066    8    4    2    1
 0.02728866229682894    8    4    2    2
 -0.01695879773045553    8    4    3    1
 0.00622295373093287    8    4    3    2
 0.001227299802916865    8    4    3    3
 0.004892103868492708    8    4    4    1
 -0.00163921715981082    8    4    4    2
 -0.007697807126940508    8    4    4    3
 0.03553080916338636    8    4    4    4
 -0.003265368162125586    8    4    5    1
 0.002484622230266516    8    4    5    2
 -0.02463147438892363    8    4    5    3
 -0.008435151865684002    8    4    5    4
 0.02233412452029709    8    4    5    5
 0.0217249276154492    8    4    6    1
 0.001510377442089274    8    4    6    2
 -0.01208209237627068    8    4    6    3
 0.008159578548031308    8    4    6    4
 -0.01046080805118503    8    4    6    5
 0.04155322464298782    8    4    6    6
 0.004546544276758852    8    4    7    1
 0.01894661744539703    8    4    7    2
 -0.005102641752466597    8    4    7    3
 0.00344719335269554    8    4    7    4
 -0.005032337105848414    8    4    7    5
 -0.007687371281458565    8    4    7    6
 0.02674065141658939    8    4    7    7
 0.03076800218615426    8    4    8    1
 -0.001980811075004955    8    4    8    2
 0.03424920695584392    8    4    8    3
 0.03939628122053199    8    4    8    4
 -0.03101139290586914    8    5    1    1
 -0.003769838441091011    8    5    2    1
 -0.009354991416229128    8    5    2    2
 -0.0298218011229481    8    5    3    1
 0.01085253357221589    8    5    3    2
 -0.06641238428778057    8    5    3    3
 -0.02104728600573779    8    5    4    1
 0.000307523683629894    8    5    4    2
 -0.02889353247926067    8    5    4    3
 -0.02445466233619963    8    5    4    4
 -0.01833659763377789    8    5    5    1
 0.006031212134079152    8    5    5    2
 -0.01026413370071667    8    5    5    3
 0.004390645852283617    8    5    5    4
 -0.009403661607160907    8    5    5    5
 -0.01010800820067054    8    5    6    1
 0.01082985209276068    8    5    6    2
 0.005485064682490992    8    5    6    3
 -0.02650271397111901    8    5    6    4
 -0.00469893466481271    8    5    6    5
 -0.01614313084698882    8    5    6    6
 -0.002065367751116386    8    5    7    1
 -0.0256758329484987    8    5    7    2
 -0.009667989533411296    8    5    7    3
 -0.006108924578487033    8    5    7    4
 -0.005485172100195496    8    5    7    5
 -0.003372387188959613    8    5    7    6
 -0.01432835659861247    8    5    7    7
 -0.004335132625149716    8    5    8    1
 -0.004318342471642278    8    5    8    2
 0.02953168391488235    8    5    8    3
 0.006871539399404019    8    5    8    4
 0.03975403617958748    8    5    8    5
 0.003907244360131958    8    6    1    1
 -0.007426120295816427    8    6    2    1
 0.02488888184944215    8    6    2    2
 -0.04452974702879415    8    6    3    1
 0.0004154020145643478    8    6    3    2
 -0.0232859843136578    8    6    3    3
 0.03959169565574586    8    6    4    1
 0.01332264820865018    8    6    4    2
 -0.00692750692060492    8    6    4    3
 -0.02026103986567313    8    6    4    4
 -0.01031375607922027    8    6    5    1
 0.008634883875269552    8    6    5    2
 -0.003242173626244005    8    6    5    3
 -0.02089194499258988    8    6    5    4
 -0.008066101122135098    8    6    5    5
 0.01986472370014038    8    6    6    1
 -0.003864926198385208    8    6    6    2
 0.01063610724842691    8    6    6    3
 0.0123910753906202    8    6    6    4
 0.02491396355919582    8    6    6    5
 -0.0004281354428137272    8    6    6    6
 -0.003488650812221647    8    6    7    1
 -0.0287520445288031    8    6    7    2
 -0.001255005189307088    8    6    7    3
 -0.01123699862711369    8    6    7    4
 5.460221842642491e-05    8    6    7    5
 0.0007196691492665584    8    6    7    6
 0.01294445761097237    8    6    7    7
 0.004039994470671172    8    6    8    1
 -0.007980530541129235    8    6    8    2
 0.0112207516265982    8    6    8    3
 0.02181478121652241    8    6    8    4
 0.01064516968709763    8    6    8    5
 0.0508760589955179    8    6    8    6
 -0.005104639046559838    8    7    1    1
 0.06397489284464709    8    7    2    1
 0.0007410082071383745    8    7    2    2
 -0.01027166708659663    8    7    3    1
 -0.01541294022181371    8    7    3    2
 -0.01557723934014371    8    7    3    3
 0.01008378974274896    8    7    4    1
 0.01826728116399713    8    7    4    2
 -0.01186324690758445    8    7    4    3
 0.004353872687799675    8    7    4    4
 -0.004367615610797739    8    7    5    1
 -0.015509270240668    8    7    5    2
 -0.008478832399066794    8    7    5    3
 -0.003331621960154223    8    7    5    4
 -0.01417373062849048    8    7    5    5
 -0.004206865535684135    8    7    6    1
 -0.02709486614439437    8    7    6    2
 0.0005560082353530169    8    7    6    3
 -0.01305587247288338    8    7    6    4
 -0.001282372032839199    8    7    6    5
 -0.0003972720701988912    8    7    6    6
 0.01589206566393345    8    7    7    1
 -0.01007831963503532    8    7    7    2
 0.03082913323136329    8    7    7    3
 -0.0144079340566027    8    7    7    4
 0.02514315179792581    8    7    7    5
 0.01511590943039214    8    7    7    6
 0.00196739848531766    8    7    7    7
 0.0003280285080390085    8    7    8    1
 0.006506174284813925    8    7    8    2
 0.01303162619683264    8    7    8    3
 0.005046044700062304    8    7    8    4
 0.003071354962440617    8    7    8    5
 0.00487348058614308    8    7    8    6
 0.05149082343844972    8    7    8    7
 0.4628672696617585    8    8    1    1
 -0.006412880115597095    8    8    2    1
 0.4229311988180227    8    8    2    2
 0.08089978682397254    8    8    3    1
 -0.01933252859950181    8    8    3    2
 0.5275327673620764    8    8    3    3
 0.05495328713797214    8    8    4    1
 0.001470329076775565    8    8    4    2
 0.0524457229916615    8    8    4    3
 0.4329874801948782    8    8    4    4
 0.03109503611871401    8    8    5    1
 -0.005262675023506145    8    8    5    2
 0.02807271717011063    8    8    5    3
 -0.02281714472896275    8    8    5    4
 0.3650091457572744    8    8    5    5
 0.01027334501418172    8    8    6    1
 -0.02705393022952733    8    8    6    2
 -0.03786743712373039    8    8    6    3
 0.09397753102267914    8    8    6    4
 0.004329865997157499    8    8    6    5
 0.4464834872790608    8    8    6    6
 -0.001063895701389828    8    8    7    1
 0.09186813415600659    8    8    7    2
 0.0131386703952626    8    8    7    3
 0.02058108685845559    8    8    7    4
 -0.008188394890880052    8    8    7    5
 0.00112576017807102    8    8    7    6
 0.453643094682229    8    8    7    7
 0.06023511942184096    8    8    8    1
 0.007607536314245721    8    8    8    2
 -0.01506955140659552    8    8    8    3
 0.00540414261142017    8    8    8    4
 -0.08617192472355596    8    8    8    5
 -0.02154448402888334    8    8    8    6
 -0.01616108923171837    8    8    8    7
 0.5852086666055805    8    8    8    8
 -4.146073187971955    1    1  0  0
 -0.01102892555492863    2    1  0  0
 -3.602338013479837    2    2  0  0
 -0.02533002343093375    3    1  0  0
 0.03538500760160089    3    2  0  0
 -3.629245444894828    3    3  0  0
 -0.01962178727716194    4    1  0  0
 -0.02095982395321582    4    2  0  0
 -0.02512047294385712    4    3  0  0
 -3.536507336620073    4    4  0  0
 -0.2355567843079431    5    1  0  0
 0.002790043633674183    5    2  0  0
 0.1403115296343818    5    3  0  0
 0.2607451102215443    5    4  0  0
 -2.501829193370243    5    5  0  0
 -0.03419333098842121    6    1  0  0
 0.1245449836306487    6    2  0  0
 0.3279233399684983    6    3  0  0
 -0.4290331886591156    6    4  0  0
 0.04999359723623594    6    5  0  0
 -2.914003183405225    6    6  0  0
 0.02367873767511581    7    1  0  0
 -0.5204764953266101    7    2  0  0
 -0.001601645315333834    7    3  0  0
 -0.08614130246030358    7    4  0  0
 0.09432288601425025    7    5  0  0
 0.01269438503836768    7    6  0  0
 -2.924211577527982    7    7  0  0
 -0.3815652087849843    8    1  0  0
 0.02265205491682119    8    2  0  0
 -0.2875035535159368    8    3  0  0
 -0.181517594466611    8    4  0  0
 0.2317372243409943    8    5  0  0
 0.02391553027826215    8    6  0  0
 0.0264893384038839    8    7  0  0
 -2.797490946778131    8    8  0  0
 0  0  0  0  0
