 &FCI NORB=   9,NELEC=10,MS2=0,
  ORBSYM=1,1,1,1,1,1,1,1,1
  ISYM=1,
 &END
 0.4179614456390245    1    1    1    1
 -0.04861512131675921    2    1    1    1
 0.08405798744796578    2    1    2    1
 0.3353749923445729    2    2    1    1
 0.00990645121741739    2    2    2    1
 0.3799707391629379    2    2    2    2
 -0.02869480201972491    3    1    1    1
 -0.006507594715871525    3    1    2    1
 0.007623887474341563    3    1    2    2
 0.09240668698186329    3    1    3    1
 -0.02103678809259369    3    2    1    1
 0.03587220665984386    3    2    2    1
 0.006535192113210296    3    2    2    2
 -0.02461497040879472    3    2    3    1
 0.02986894614328631    3    2    3    2
 0.4235118658409394    3    3    1    1
 -0.06676411462690948    3    3    2    1
 0.3018084470789094    3    3    2    2
 -0.07176117835881882    3    3    3    1
 -0.02577992204361776    3    3    3    2
 0.4991612675074608    3    3    3    3
 -0.03538707087656055    4    1    1    1
 0.01277251374127798    4    1    2    1
 0.04265969984875688    4    1    2    2
 0.0003187822942326922    4    1    3    1
 0.01984403109433807    4    1    3    2
 -0.05533346390913722    4    1    3    3
 0.07838293654599163    4    1    4    1
 -0.03704727258009451    4    2    1    1
 0.0570537017320355    4    2    2    1
 -0.02317746849612289    4    2    2    2
 0.01019786656829675    4    2    3    1
 0.01411535847774619    4    2    3    2
 -0.03590506286442525    4    2    3    3
 -0.02961378573704841    4    2    4    1
 0.07266744307098549    4    2    4    2
 -0.009973029415358341    4    3    1    1
 0.02072703206363881    4    3    2    1
 0.002616688701691101    4    3    2    2
 -0.03549167210970513    4    3    3    1
 0.01513174751149488    4    3    3    2
 0.003217467311844529    4    3    3    3
 0.01371739588371307    4    3    4    1
 0.001010349464547942    4    3    4    2
 0.0312812274771077    4    3    4    3
 0.3968291695871016    4    4    1    1
 -0.08321657022671503    4    4    2    1
 0.3440652824498385    4    4    2    2
 -0.004223752887616951    4    4    3    1
 -0.02919956248433819    4    4    3    2
 0.383323671635584    4    4    3    3
 0.006863228638003547    4    4    4    1
 -0.09296660097119017    4    4    4    2
 -0.01916927228432384    4    4    4    3
 0.4592886848064068    4    4    4    4
 0.003259390503153646    5    1    1    1
 -0.0005544169523753392    5    1    2    1
 0.01245264528482391    5    1    2    2
 -0.00183381148598425    5    1    3    1
 -0.004978319706422429    5    1    3    2
 0.0146554093925882    5    1    3    3
 0.0009702528688154308    5    1    4    1
 0.009651241348252456    5    1    4    2
 -0.001380263297866927    5    1    4    3
 0.0004563129562392282    5    1    4    4
 0.07921292883317342    5    1    5    1
 -0.01421697020087519    5    2    1    1
 0.01129625157007299    5    2    2    1
 -0.004520652025698977    5    2    2    2
 -0.006857313923017035    5    2    3    1
 0.009440254628862646    5    2    3    2
 -0.01828310024613139    5    2    3    3
 0.01000629571526779    5    2    4    1
 -0.001614956093320236    5    2    4    2
 0.007802841176505385    5    2    4    3
 -0.01217005554590224    5    2    4    4
 -0.03363933898373395    5    2    5    1
 0.02228229295367698    5    2    5    2
 0.0004601866921785867    5    3    1    1
 -0.007894089219880288    5    3    2    1
 0.006131375134386542    5    3    2    2
 0.01610506647166219    5    3    3    1
 -0.009045930929526595    5    3    3    2
 -0.0008654736588587672    5    3    3    3
 -0.002144913758553723    5    3    4    1
 0.003325927504264654    5    3    4    2
 -0.01143429625464427    5    3    4    3
 0.007093675106393983    5    3    4    4
 0.02947324355352757    5    3    5    1
 -0.01744249505431291    5    3    5    2
 0.03404974497919781    5    3    5    3
 -0.007915931104286211    5    4    1    1
 0.009974279295097538    5    4    2    1
 -0.007060531452751591    5    4    2    2
 -0.002349536228224062    5    4    3    1
 0.007460752464874351    5    4    3    2
 -0.01672238815088045    5    4    3    3
 0.00151167939763308    5    4    4    1
 0.001070783061340049    5    4    4    2
 0.005568539749851564    5    4    4    3
 -0.01274114870586256    5    4    4    4
 -0.03512584342389539    5    4    5    1
 0.01187486162880875    5    4    5    2
 -0.02230546263537821    5    4    5    3
 0.031941557294146    5    4    5    4
 0.4120220674801169    5    5    1    1
 -0.09282631074737792    5    5    2    1
 0.2919913808144263    5    5    2    2
 0.01687986829436642    5    5    3    1
 -0.04906822015479102    5    5    3    2
 0.4049899852672856    5    5    3    3
 -0.06447503152833904    5    5    4    1
 -0.0444133511687459    5    5    4    2
 -0.04169931071367566    5    5    4    3
 0.3972695791193374    5    5    4    4
 -0.03751943914360473    5    5    5    1
 -0.01051672836606894    5    5    5    2
 -0.003442398891279944    5    5    5    3
 0.005917846198351729    5    5    5    4
 0.5154785207464542    5    5    5    5
 -0.01164632030003496    6    1    1    1
 0.007207643546794026    6    1    2    1
 -0.009591757462204302    6    1    2    2
 -0.004149763476953909    6    1    3    1
 0.008385508358212347    6    1    3    2
 -0.02347054202242367    6    1    3    3
 0.002616151909167245    6    1    4    1
 0.003225380144830653    6    1    4    2
 -0.001365782807913742    6    1    4    3
 -0.006747898481924346    6    1    4    4
 0.01279269186004356    6    1    5    1
 -0.008597814691794645    6    1    5    2
 -0.003021269766861449    6    1    5    3
 0.005369662702464256    6    1    5    4
 -0.007563148184695186    6    1    5    5
 0.03571152348334267    6    1    6    1
 0.02089233795901622    6    2    1    1
 -0.0183046594302583    6    2    2    1
 0.00860172596246013    6    2    2    2
 0.01420471244019419    6    2    3    1
 -0.01331689892572554    6    2    3    2
 0.02174318964467558    6    2    3    3
 -0.006181997359149077    6    2    4    1
 -0.008446882695357382    6    2    4    2
 -0.006552513415992717    6    2    4    3
 0.02056696530875454    6    2    4    4
 -0.01734871069867973    6    2    5    1
 0.00615996690653515    6    2    5    2
 -0.0006679243306688294    6    2    5    3
 -0.001365684640372929    6    2    5    4
 0.03743565463264855    6    2    5    5
 -0.01458685371516075    6    2    6    1
 0.0277252657531802    6    2    6    2
 -0.02646085088975179    6    3    1    1
 0.02102860369371622    6    3    2    1
 -0.02510720680740704    6    3    2    2
 -0.02317542570965277    6    3    3    1
 0.01505293764085403    6    3    3    2
 -0.01709665614739879    6    3    3    3
 -0.00167609928419734    6    3    4    1
 0.01273527782879352    6    3    4    2
 0.0124928327084014    6    3    4    3
 -0.03304766743155616    6    3    4    4
 -0.008884961191999054    6    3    5    1
 0.005351984514854805    6    3    5    2
 -0.005921413118592548    6    3    5    3
 0.008300055575741689    6    3    5    4
 -0.02562969579543448    6    3    5    5
 0.01364287214800827    6    3    6    1
 -0.01328606105406247    6    3    6    2
 0.03301874354655821    6    3    6    3
 0.0007537287357305551    6    4    1    1
 0.002458827957025495    6    4    2    1
 0.01221183369310162    6    4    2    2
 -0.004215069214536508    6    4    3    1
 0.003938547859376171    6    4    3    2
 0.002306507454875173    6    4    3    3
 0.0139188262429989    6    4    4    1
 -0.007420668775129565    6    4    4    2
 0.001996680449342219    6    4    4    3
 0.01705342131264761    6    4    4    4
 0.01523226450627735    6    4    5    1
 -0.006997757163032394    6    4    5    2
 0.006810369051791164    6    4    5    3
 -0.00294739193073037    6    4    5    4
 -0.02579741362912765    6    4    5    5
 0.001825915252508185    6    4    6    1
 -0.00789226959702366    6    4    6    2
 -0.00316937829367978    6    4    6    3
 0.02646100936324948    6    4    6    4
 0.05606917239663805    6    5    1    1
 -0.02532779780064561    6    5    2    1
 0.04331460433665319    6    5    2    2
 -0.01329001840079456    6    5    3    1
 -0.005349830460521014    6    5    3    2
 0.05347585164862958    6    5    3    3
 0.009340258815310056    6    5    4    1
 -0.02528123247873461    6    5    4    2
 0.001645961355905067    6    5    4    3
 0.0577948667238647    6    5    4    4
 0.01874270357978292    6    5    5    1
 -0.004965284771725    6    5    5    2
 0.01252013742120622    6    5    5    3
 -0.02235327178821292    6    5    5    4
 0.03147402186033746    6    5    5    5
 -0.02639401086272531    6    5    6    1
 0.01402399533555095    6    5    6    2
 -0.03098292414948138    6    5    6    3
 0.0127819432412151    6    5    6    4
 0.08233539314501649    6    5    6    5
 0.3989888964624765    6    6    1    1
 -0.0758387029475677    6    6    2    1
 0.3176013240924168    6    6    2    2
 0.01088261130768613    6    6    3    1
 -0.03669484330349251    6    6    3    2
 0.3888226997934189    6    6    3    3
 -0.02835924286122509    6    6    4    1
 -0.05726875620243252    6    6    4    2
 -0.02424373988191771    6    6    4    3
 0.398576844246649    6    6    4    4
 -0.05794003117371667    6    6    5    1
 0.01001914945723558    6    6    5    2
 -0.02812497813324376    6    6    5    3
 0.01941317389754089    6    6    5    4
 0.470829349344022    6    6    5    5
 -0.01746746200549175    6    6    6    1
 0.04482347113180633    6    6    6    2
 -0.03325836212715091    6    6    6    3
 -0.02539565779164323    6    6    6    4
 0.03055794273030054    6    6    6    5
 0.4967254382252128    6    6    6    6
 0.02943208275534807    7    1    1    1
 -0.01400233730088391    7    1    2    1
 0.01213496042130478    7    1    2    2
 -0.00918889837161046    7    1    3    1
 0.004616318867053962    7    1    3    2
 0.01253715559559991    7    1    3    3
 -0.002156450161869769    7    1    4    1
 -0.01074744602821078    7    1    4    2
 -0.009946806622267842    7    1    4    3
 0.0244028219980332    7    1    4    4
 -0.00194030881291797    7    1    5    1
 -0.002982573261350418    7    1    5    2
 0.008015068865225634    7    1    5    3
 -0.00261929724711554    7    1    5    4
 0.03821549705524314    7    1    5    5
 0.003786728491926716    7    1    6    1
 -0.001426400215069692    7    1    6    2
 -0.01066436761305247    7    1    6    3
 -0.007853634512444647    7    1    6    4
 0.02343830284486522    7    1    6    5
 0.02483372464628824    7    1    6    6
 0.04676333619269014    7    1    7    1
 -0.02349535427534911    7    2    1    1
 0.004743722973982348    7    2    2    1
 -0.007121111395773176    7    2    2    2
 0.01871195144817362    7    2    3    1
 -0.004385910427975214    7    2    3    2
 -0.02588378855084718    7    2    3    3
 0.002476563411992883    7    2    4    1
 0.002054889212519633    7    2    4    2
 0.001857189370671725    7    2    4    3
 -0.01273290000600831    7    2    4    4
 -0.003061529390664776    7    2    5    1
 0.001591685658349463    7    2    5    2
 -0.0008657881242529553    7    2    5    3
 0.002581524036582653    7    2    5    4
 -0.0216859715586688    7    2    5    5
 -0.005878477158763143    7    2    6    1
 -0.006421073561174395    7    2    6    2
 -0.003474027868455253    7    2    6    3
 0.0009580831564669387    7    2    6    4
 -0.01199027551789679    7    2    6    5
 -0.01432495320163253    7    2    6    6
 -0.01050880076874401    7    2    7    1
 0.02347949174189148    7    2    7    2
 -0.03968283529652937    7    3    1    1
 0.03395205635201621    7    3    2    1
 -0.03020602759383598    7    3    2    2
 -0.02935720142793458    7    3    3    1
 0.01258745609792091    7    3    3    2
 -0.002056202371974604    7    3    3    3
 -0.00760853783186378    7    3    4    1
 0.02874689692548463    7    3    4    2
 0.02743040758558087    7    3    4    3
 -0.05670545758809122    7    3    4    4
 0.01776732688237157    7    3    5    1
 -0.0007966058556544498    7    3    5    2
 -0.006841689592432545    7    3    5    3
 -0.004167111202476614    7    3    5    4
 -0.06559793212232878    7    3    5    5
 -0.001212012413139325    7    3    6    1
 -0.01953798233746552    7    3    6    2
 0.03399454385508222    7    3    6    3
 0.004501346619315385    7    3    6    4
 -0.0254025960482418    7    3    6    5
 -0.06944346559694219    7    3    6    6
 -0.04467467630645626    7    3    7    1
 0.008764176251823878    7    3    7    2
 0.09232394160100757    7    3    7    3
 0.01140947896367928    7    4    1    1
 -0.00213163458499605    7    4    2    1
 -0.002891718261736437    7    4    2    2
 -0.01903125466039203    7    4    3    1
 0.006099313442837043    7    4    3    2
 0.03304393572265701    7    4    3    3
 -0.006430384342245024    7    4    4    1
 0.005736639886816758    7    4    4    2
 0.000403033516723098    7    4    4    3
 -0.009657316415378274    7    4    4    4
 -0.004616681677663246    7    4    5    1
 0.002969152746391938    7    4    5    2
 -0.006713642394990278    7    4    5    3
 0.00223876156355414    7    4    5    4
 0.01053227522420267    7    4    5    5
 -0.009181131262262835    7    4    6    1
 0.001540806755170731    7    4    6    2
 0.003639202828710897    7    4    6    3
 -0.009028092239587818    7    4    6    4
 0.00189633616534395    7    4    6    5
 0.01260075475990163    7    4    6    6
 0.00475463679380758    7    4    7    1
 -0.008971371236628538    7    4    7    2
 0.009448772308751414    7    4    7    3
 0.02900645669429987    7    4    7    4
 -0.006443440091350828    7    5    1    1
 -0.002755691340241171    7    5    2    1
 -0.002383606074813413    7    5    2    2
 0.01728189681673847    7    5    3    1
 -0.005757351577888238    7    5    3    2
 -0.01370176778295296    7    5    3    3
 -0.00320344942623208    7    5    4    1
 0.004508990187227425    7    5    4    2
 -0.008231543889367797    7    5    4    3
 -0.003677189551408574    7    5    4    4
 0.01953057026084668    7    5    5    1
 -0.01044399513998145    7    5    5    2
 -0.0004854941653696041    7    5    5    3
 -0.003193125446564613    7    5    5    4
 -0.0002766220870508399    7    5    5    5
 0.01361643793533027    7    5    6    1
 -0.00588701504481043    7    5    6    2
 -0.007327003792392092    7    5    6    3
 -2.888039397122299e-05    7    5    6    4
 -0.007611902949945492    7    5    6    5
 -0.004215742050510342    7    5    6    6
 -0.002203266318101185    7    5    7    1
 0.003489288187448346    7    5    7    2
 -0.001971995230702398    7    5    7    3
 -0.005248500338196081    7    5    7    4
 0.02062924087183544    7    5    7    5
 0.03553159952278621    7    6    1    1
 -0.02293161411169192    7    6    2    1
 -0.005836183507991474    7    6    2    2
 -0.0176906328237145    7    6    3    1
 -0.01341669706912646    7    6    3    2
 0.06554749003616052    7    6    3    3
 -0.02579707667449557    7    6    4    1
 -0.003086151651000329    7    6    4    2
 0.00125167371436722    7    6    4    3
 0.01736896271376766    7    6    4    4
 0.02371503853672003    7    6    5    1
 -0.01314183039588877    7    6    5    2
 -0.002687374221155645    7    6    5    3
 -0.007866894021595759    7    6    5    4
 0.02651120143423783    7    6    5    5
 -0.003401892656508725    7    6    6    1
 0.002824153177021427    7    6    6    2
 -0.01157557990407578    7    6    6    3
 0.0001958958139777848    7    6    6    4
 0.01528199426997625    7    6    6    5
 0.0208605454008518    7    6    6    6
 -0.002808080092742536    7    6    7    1
 -0.005585194910637287    7    6    7    2
 0.008401938170394465    7    6    7    3
 0.01166011250782852    7    6    7    4
 0.009254916628917594    7    6    7    5
 0.04062984582770895    7    6    7    6
 0.4289176788654532    7    7    1    1
 -0.05408973701937632    7    7    2    1
 0.3363424286787843    7    7    2    2
 -0.0946931852667072    7    7    3    1
 -0.002561359687166281    7    7    3    2
 0.4804871347411243    7    7    3    3
 -0.01534671222243045    7    7    4    1
 -0.05689894780558155    7    7    4    2
 0.01530462032903802    7    7    4    3
 0.405094626934061    7    7    4    4
 0.0003867133411619191    7    7    5    1
 -0.005407953411812218    7    7    5    2
 -0.008532074305148142    7    7    5    3
 -0.008974974007907425    7    7    5    4
 0.3900665987744958    7    7    5    5
 -0.01950707722290161    7    7    6    1
 0.01593342819657652    7    7    6    2
 -0.01254680007484017    7    7    6    3
 0.008115587783397856    7    7    6    4
 0.07348442137481898    7    7    6    5
 0.3982939543402457    7    7    6    6
 0.03353287492881741    7    7    7    1
 -0.03762926701018168    7    7    7    2
 -0.02082403615720483    7    7    7    3
 0.03448730734870668    7    7    7    4
 -0.02627234048730005    7    7    7    5
 0.04859880271762499    7    7    7    6
 0.5277047120432279    7    7    7    7
 -0.0240984710073206    8    1    1    1
 0.01085731691879503    8    1    2    1
 -0.01523478006970936    8    1    2    2
 -0.004134612752832343    8    1    3    1
 0.006748957740628741    8    1    3    2
 -0.01948882976595253    8    1    3    3
 0.00534732898390584    8    1    4    1
 0.007352143361818028    8    1    4    2
 -0.001097286959799973    8    1    4    3
 -0.01776680374734408    8    1    4    4
 -0.01096852920394094    8    1    5    1
 0.006867093638176744    8    1    5    2
 0.009920049929991303    8    1    5    3
 -0.00551380852518289    8    1    5    4
 -0.01898074046192808    8    1    5    5
 -0.001372715281906366    8    1    6    1
 0.002407305287100424    8    1    6    2
 0.01356460308929639    8    1    6    3
 0.004693226977335571    8    1    6    4
 -0.006154744135706413    8    1    6    5
 -0.03024528569143999    8    1    6    6
 -0.00216311563564797    8    1    7    1
 -0.005711299199885328    8    1    7    2
 0.007522803301820256    8    1    7    3
 -0.00607862327050362    8    1    7    4
 -0.01090351783706213    8    1    7    5
 -0.01897590145772191    8    1    7    6
 -0.01679481117123527    8    1    7    7
 0.03720702183578006    8    1    8    1
 0.0242745600723295    8    2    1    1
 -0.01351540827597094    8    2    2    1
 0.01948059349945584    8    2    2    2
 0.00231909465891132    8    2    3    1
 -0.007001565939110239    8    2    3    2
 0.02096424701934207    8    2    3    3
 0.003724189481225706    8    2    4    1
 -0.01130882353667667    8    2    4    2
 0.00217177829581255    8    2    4    3
 0.02376722028713533    8    2    4    4
 0.005483599154342152    8    2    5    1
 -0.005021301683979825    8    2    5    2
 -0.004349922607815439    8    2    5    3
 0.005511487306326317    8    2    5    4
 0.02028168412258958    8    2    5    5
 0.003192411334700797    8    2    6    1
 0.0127116215840025    8    2    6    2
 -0.01056748262139209    8    2    6    3
 0.002528925714040052    8    2    6    4
 0.01219713304156293    8    2    6    5
 0.02970539353244442    8    2    6    6
 -0.003304953265586618    8    2    7    1
 -0.01008129832980023    8    2    7    2
 -0.01507439247830055    8    2    7    3
 -0.0005058443278703457    8    2    7    4
 0.003374831686697187    8    2    7    5
 0.01267719739942531    8    2    7    6
 0.02438213519200468    8    2    7    7
 -0.01670884618975797    8    2    8    1
 0.03063021458971661    8    2    8    2
 -0.02552709307617803    8    3    1    1
 0.009568405012924653    8    3    2    1
 -0.01949998497916126    8    3    2    2
 0.005814056391758596    8    3    3    1
 0.0002660072057882443    8    3    3    2
 -0.02341987069122094    8    3    3    3
 -0.006229103138310112    8    3    4    1
 0.01657475336449564    8    3    4    2
 -0.005896674308087925    8    3    4    3
 -0.0244494504657978    8    3    4    4
 0.02557145716598198    8    3    5    1
 -0.0111978345255612    8    3    5    2
 0.01307091157246642    8    3    5    3
 -0.01517185026899913    8    3    5    4
 -0.02289703300850126    8    3    5    5
 0.01250143429458583    8    3    6    1
 -0.01032865990397161    8    3    6    2
 0.007800156529580544    8    3    6    3
 0.004251091152454655    8    3    6    4
 -0.008863120819521892    8    3    6    5
 -0.04675555134064301    8    3    6    6
 -0.004575895266532998    8    3    7    1
 -0.002360564402738217    8    3    7    2
 0.02073208251766138    8    3    7    3
 -0.007473901031962747    8    3    7    4
 0.01189720826747804    8    3    7    5
 -0.0007674826517477913    8    3    7    6
 -0.0376012099263192    8    3    7    7
 0.01907413864167608    8    3    8    1
 -0.01526530234867388    8    3    8    2
 0.03837682404649666    8    3    8    3
 0.002337710851436035    8    4    1    1
 0.008053106136714809    8    4    2    1
 0.003815579380817243    8    4    2    2
 -0.01138960352608938    8    4    3    1
 0.01033758913455324    8    4    3    2
 -0.005377383855314545    8    4    3    3
 0.007479836602554124    8    4    4    1
 -0.005874220016186682    8    4    4    2
 0.007551414595326144    8    4    4    3
 0.008515009434438793    8    4    4    4
 -0.01819786118382579    8    4    5    1
 0.01390213765862234    8    4    5    2
 -0.01598062273953777    8    4    5    3
 0.008959279481663843    8    4    5    4
 -0.00870104395478871    8    4    5    5
 0.003491833530572961    8    4    6    1
 0.001934355061145284    8    4    6    2
 0.00443233485554601    8    4    6    3
 0.002832030932448833    8    4    6    4
 -0.0007548874707324881    8    4    6    5
 0.01167834549813823    8    4    6    6
 -0.004572607185601612    8    4    7    1
 -0.001755520957502804    8    4    7    2
 -0.004485963221881966    8    4    7    3
 -0.001956285338040314    8    4    7    4
 -0.006713357123199001    8    4    7    5
 -0.006777887181082235    8    4    7    6
 0.01126796308879427    8    4    7    7
 -0.005185044476913437    8    4    8    1
 0.005977541607657203    8    4    8    2
 -0.01789976691291251    8    4    8    3
 0.02874537387987779    8    4    8    4
 -0.04692178866983952    8    5    1    1
 0.0142830081263051    8    5    2    1
 -0.03320316645408717    8    5    2    2
 0.02988996875177771    8    5    3    1
 -0.007168096694667113    8    5    3    2
 -0.03888708717449985    8    5    3    3
 -0.01320458347887667    8    5    4    1
 0.02677728994530367    8    5    4    2
 -0.01404267748944176    8    5    4    3
 -0.0422529569736402    8    5    4    4
 0.00856606574918156    8    5    5    1
 -0.005344262472247697    8    5    5    2
 0.01153704444019335    8    5    5    3
 -0.008875537234458034    8    5    5    4
 -0.03182440799095378    8    5    5    5
 0.004772646743747081    8    5    6    1
 -0.003650017003647374    8    5    6    2
 0.008393918117790528    8    5    6    3
 -0.0006626864964750628    8    5    6    4
 -0.03736597358755511    8    5    6    5
 -0.04752038433033476    8    5    6    6
 -0.02076676870594549    8    5    7    1
 0.01054611477272155    8    5    7    2
 0.02408883280868364    8    5    7    3
 -0.008502695402502413    8    5    7    4
 0.0120109441414019    8    5    7    5
 -0.007147266887191433    8    5    7    6
 -0.07288574734757133    8    5    7    7
 0.02615072112810118    8    5    8    1
 -0.02370550442947614    8    5    8    2
 0.03646484246939093    8    5    8    3
 -0.02125184518875835    8    5    8    4
 0.06582031472311772    8    5    8    5
 -0.02636144166161004    8    6    1    1
 0.02227632885976263    8    6    2    1
 0.0152418863680291    8    6    2    2
 0.01840161505471076    8    6    3    1
 0.002996012870506296    8    6    3    2
 -0.03131262976334763    8    6    3    3
 0.01954713143654963    8    6    4    1
 0.009542521012227658    8    6    4    2
 0.004603464389214747    8    6    4    3
 -0.01792237137634482    8    6    4    4
 0.006859554853280513    8    6    5    1
 0.002386674351846323    8    6    5    2
 0.00349006265941604    8    6    5    3
 -0.002307021561312354    8    6    5    4
 -0.05391090292389726    8    6    5    5
 -0.008736589493941073    8    6    6    1
 9.667413533515118e-05    8    6    6    2
 -0.007305663815822487    8    6    6    3
 0.01023227514122596    8    6    6    4
 -0.004707233921092756    8    6    6    5
 -0.03510910602564533    8    6    6    6
 -0.01886025338469349    8    6    7    1
 0.01261875634334389    8    6    7    2
 0.007973438163039699    8    6    7    3
 -0.008131252259861024    8    6    7    4
 0.001780218142695042    8    6    7    5
 -0.007792963827497345    8    6    7    6
 -0.03480983979552772    8    6    7    7
 0.00150212859729858    8    6    8    1
 -0.000230271448331885    8    6    8    2
 -0.001119385582134583    8    6    8    3
 0.0009023436044965349    8    6    8    4
 0.0142358380138276    8    6    8    5
 0.0309142367899628    8    6    8    6
 0.02606003146043629    8    7    1    1
 -0.03249768602853156    8    7    2    1
 -0.01513039953125831    8    7    2    2
 0.00109896379080602    8    7    3    1
 -0.01764775891769938    8    7    3    2
 0.04294954729737435    8    7    3    3
 -0.02388082693248827    8    7    4    1
 -0.01211407507251069    8    7    4    2
 -0.01130339968133517    8    7    4    3
 0.02392487754655061    8    7    4    4
 -0.02100210080835034    8    7    5    1
 0.002990770986101185    8    7    5    2
 0.006734065648018745    8    7    5    3
 -0.001640226917025545    8    7    5    4
 0.05627261007538892    8    7    5    5
 -0.01764252229684972    8    7    6    1
 0.01770681591277921    8    7    6    2
 -0.00491626685616082    8    7    6    3
 -0.009626767080853036    8    7    6    4
 0.006770910978658161    8    7    6    5
 0.04415153507377687    8    7    6    6
 0.008496867863346009    8    7    7    1
 -0.003227755379876262    8    7    7    2
 -0.01739374747719527    8    7    7    3
 0.007905722597149849    8    7    7    4
 -0.01318717517333882    8    7    7    5
 0.005623136164123993    8    7    7    6
 0.0324602342442978    8    7    7    7
 0.00749782124365927    8    7    8    1
 -0.002079173098277851    8    7    8    2
 -0.01027747757850074    8    7    8    3
 -0.005112621929152498    8    7    8    4
 0.0002869233205415356    8    7    8    5
 -0.01177551011062244    8    7    8    6
 0.03794378362360887    8    7    8    7
 0.399165340872043    8    8    1    1
 -0.0773962753573338    8    8    2    1
 0.3299192969488127    8    8    2    2
 0.02830699971829835    8    8    3    1
 -0.0487755940142908    8    8    3    2
 0.3996173495289583    8    8    3    3
 -0.03888062268120886    8    8    4    1
 -0.03318875432317512    8    8    4    2
 -0.04283501786554397    8    8    4    3
 0.3954591958813863    8    8    4    4
 0.04876572629842782    8    8    5    1
 -0.04427870554580364    8    8    5    2
 0.04581861621545249    8    8    5    3
 -0.04002969511082573    8    8    5    4
 0.4285781936517342    8    8    5    5
 -0.01173307784584864    8    8    6    1
 0.02618620641656673    8    8    6    2
 -0.04607823141608732    8    8    6    3
 0.00240755172230298    8    8    6    4
 0.06645580938305132    8    8    6    5
 0.3801744106700356    8    8    6    6
 0.03622651327819035    8    8    7    1
 -0.02102361127929776    8    8    7    2
 -0.05676210936944295    8    8    7    3
 0.0006604140938867687    8    8    7    4
 0.01120908587030152    8    8    7    5
 0.03724277068540868    8    8    7    6
 0.3827661651098336    8    8    7    7
 -0.0160871816935746    8    8    8    1
 0.02191280326577599    8    8    8    2
 0.005618946500841496    8    8    8    3
 -0.03633750582018892    8    8    8    4
 -0.01181612536325794    8    8    8    5
 -0.02387218703290942    8    8    8    6
 0.03610151588934708    8    8    8    7
 0.5000268971531476    8    8    8    8
 0.004471015822017648    9    1    1    1
 0.004066326340633533    9    1    2    1
 -0.01120834017334629    9    1    2    2
 0.0002272512240113612    9    1    3    1
 -0.001002662127193937    9    1    3    2
 -0.005558832595088614    9    1    3    3
 -0.01942765280164508    9    1    4    1
 0.0002382877250418186    9    1    4    2
 -0.0004968683228087828    9    1    4    3
 0.01381423992071223    9    1    4    4
 -0.004255092446748161    9    1    5    1
 0.0007541199050528605    9    1    5    2
 0.001064994074637521    9    1    5    3
 0.0008946543414690927    9    1    5    4
 -0.003823107032338296    9    1    5    5
 -0.0002439763530684074    9    1    6    1
 -0.009399277530214986    9    1    6    2
 0.0005536232657684767    9    1    6    3
 0.007490085348973326    9    1    6    4
 -0.0003933069695691661    9    1    6    5
 -0.009302187209108217    9    1    6    6
 0.002593430390387635    9    1    7    1
 0.01215526274456443    9    1    7    2
 0.0006867389630424404    9    1    7    3
 -0.01411220615058307    9    1    7    4
 -0.001754769875152795    9    1    7    5
 -0.003300008687075227    9    1    7    6
 -0.008222279473728496    9    1    7    7
 2.840709064103151e-05    9    1    8    1
 -0.01248006771631675    9    1    8    2
 0.0005826001841093055    9    1    8    3
 0.00754769049677791    9    1    8    4
 0.002823684825005851    9    1    8    5
 0.0006797951568225945    9    1    8    6
 0.00111350598905911    9    1    8    7
 -0.00897254961065398    9    1    8    8
 0.03408174877838621    9    1    9    1
 0.02652345158505208    9    2    1    1
 -0.01898934784376678    9    2    2    1
 0.001199431347763731    9    2    2    2
 -0.001560710938332461    9    2    3    1
 -0.009771196802134955    9    2    3    2
 0.03640236940176755    9    2    3    3
 -0.01747863087260323    9    2    4    1
 -1.598304010205189e-05    9    2    4    2
 -0.006174368832706395    9    2    4    3
 0.002165642636178256    9    2    4    4
 0.001814332280632209    9    2    5    1
 -0.005315757696996499    9    2    5    2
 0.0019621017703309    9    2    5    3
 -0.001773830477382505    9    2    5    4
 0.04141359533929307    9    2    5    5
 -0.01485638474817229    9    2    6    1
 0.006118449975522099    9    2    6    2
 -0.01259653091466516    9    2    6    3
 -0.01896705536487228    9    2    6    4
 0.01409032066320184    9    2    6    5
 0.03464820934530781    9    2    6    6
 0.02034197635480162    9    2    7    1
 -0.002374101775522695    9    2    7    2
 -0.0114481493346296    9    2    7    3
 0.02236491623563908    9    2    7    4
 0.0006548229946190153    9    2    7    5
 0.01717922348996875    9    2    7    6
 0.02915216548895478    9    2    7    7
 -0.01811543437512412    9    2    8    1
 0.002121848643410059    9    2    8    2
 -0.01003135983880107    9    2    8    3
 -0.01572061113738553    9    2    8    4
 -0.01246271340068069    9    2    8    5
 -0.01127846393481095    9    2    8    6
 0.01472301574063553    9    2    8    7
 0.03873357304529182    9    2    8    8
 -0.01021369965979987    9    2    9    1
 0.04410795792118288    9    2    9    2
 0.002797431130764155    9    3    1    1
 0.003934797974043108    9    3    2    1
 -0.0006609327962703204    9    3    2    2
 -0.01921708316802132    9    3    3    1
 0.01030422788150478    9    3    3    2
 0.01355557499014589    9    3    3    3
 0.003059530316164586    9    3    4    1
 -0.0008961623263755865    9    3    4    2
 0.002568062360697042    9    3    4    3
 0.001793555791313795    9    3    4    4
 0.004082392254018147    9    3    5    1
 0.001005968838771225    9    3    5    2
 -0.00392596238101547    9    3    5    3
 -0.001404089950642609    9    3    5    4
 -0.0127150272996858    9    3    5    5
 0.000360635404611329    9    3    6    1
 -0.00848203339703562    9    3    6    2
 0.005671461362002695    9    3    6    3
 0.00605216727500222    9    3    6    4
 0.004299684272480317    9    3    6    5
 -0.01166307311336091    9    3    6    6
 0.0009996998877103043    9    3    7    1
 -0.003305441819980702    9    3    7    2
 0.01126628616541138    9    3    7    3
 0.009428967329627901    9    3    7    4
 -0.002770732782408716    9    3    7    5
 0.003366059276291393    9    3    7    6
 0.02189113825595259    9    3    7    7
 0.0006205020447828741    9    3    8    1
 -0.005480823228421042    9    3    8    2
 0.0006267067120612023    9    3    8    3
 0.00429011644234151    9    3    8    4
 -0.004456268670555368    9    3    8    5
 -0.002817660306942496    9    3    8    6
 -0.004222812520542734    9    3    8    7
 -0.01060259117784037    9    3    8    8
 0.001536182879308354    9    3    9    1
 -0.001427652370319153    9    3    9    2
 0.01396876705531523    9    3    9    3
 -0.054030688356687    9    4    1    1
 0.005572930555773167    9    4    2    1
 -0.002703943453433531    9    4    2    2
 0.007396134339650299    9    4    3    1
 0.006398267516449586    9    4    3    2
 -0.05665560303363971    9    4    3    3
 0.04889418651236691    9    4    4    1
 -0.02258974705849656    9    4    4    2
 0.008533193323101842    9    4    4    3
 -0.00247531616197266    9    4    4    4
 0.002243312582651935    9    4    5    1
 0.004503866091525277    9    4    5    2
 -0.0006567796870611701    9    4    5    3
 -0.0005522833234602084    9    4    5    4
 -0.05855185067021886    9    4    5    5
 0.01395993681141893    9    4    6    1
 -0.02110289493802575    9    4    6    2
 0.01240165210235896    9    4    6    3
 0.0226494927766236    9    4    6    4
 -0.02285916218913544    9    4    6    5
 -0.0444837953155932    9    4    6    6
 -0.02484280765262616    9    4    7    1
 0.02276385456812054    9    4    7    2
 0.01960610103125505    9    4    7    3
 -0.02604052754821541    9    4    7    4
 0.003658557825090629    9    4    7    5
 -0.02515073011261654    9    4    7    6
 -0.04767244967487481    9    4    7    7
 0.01558147754213141    9    4    8    1
 -0.01739033754018793    9    4    8    2
 0.01104774003096071    9    4    8    3
 0.008050819408430056    9    4    8    4
 0.01837064218805965    9    4    8    5
 0.0175210883463696    9    4    8    6
 -0.01937076138700647    9    4    8    7
 -0.0510944757402204    9    4    8    8
 0.006399583609524181    9    4    9    1
 -0.04282987224122391    9    4    9    2
 0.00260792851079938    9    4    9    3
 0.09643305903207795    9    4    9    4
 -0.01424552465331747    9    5    1    1
 0.00384533559715118    9    5    2    1
 -0.01139492472457501    9    5    2    2
 0.00434543806698617    9    5    3    1
 0.001889849181438283    9    5    3    2
 -0.01696934578090803    9    5    3    3
 0.0006303184257334755    9    5    4    1
 0.002260145777699141    9    5    4    2
 -0.0007773748699372564    9    5    4    3
 -0.01244197903461558    9    5    4    4
 -0.01986736990929657    9    5    5    1
 0.01323566570163106    9    5    5    2
 -0.01045612839175118    9    5    5    3
 0.00373539052144053    9    5    5    4
 0.001712485208353852    9    5    5    5
 0.0003687842373338353    9    5    6    1
 0.004369917680285542    9    5    6    2
 0.006200388724767526    9    5    6    3
 -0.01224463774709372    9    5    6    4
 -0.01616604827982573    9    5    6    5
 0.01253107716675934    9    5    6    6
 -0.003615932448584469    9    5    7    1
 0.00276525654904304    9    5    7    2
 -1.900436079074771e-05    9    5    7    3
 0.001871248450354373    9    5    7    4
 -0.002073449798706124    9    5    7    5
 -0.009824491084271548    9    5    7    6
 -0.01675698372919755    9    5    7    7
 0.004118273720813882    9    5    8    1
 -0.006666348232537481    9    5    8    2
 -0.002896517083865228    9    5    8    3
 0.007777139662611193    9    5    8    4
 0.006009036574361777    9    5    8    5
 -0.001019922520797024    9    5    8    6
 0.003829529222468358    9    5    8    7
 -0.02671047990928598    9    5    8    8
 -0.001363117103433445    9    5    9    1
 -0.002388300523253937    9    5    9    2
 -0.001614549708055715    9    5    9    3
 0.005068206240989015    9    5    9    4
 0.01767734934613773    9    5    9    5
 0.01844378070600444    9    6    1    1
 -0.03377531768890973    9    6    2    1
 0.01501308445134477    9    6    2    2
 -0.002566032507721267    9    6    3    1
 -0.01320408315312301    9    6    3    2
 0.02529717575426649    9    6    3    3
 0.01815300264933067    9    6    4    1
 -0.04048265884116813    9    6    4    2
 0.002719898494858469    9    6    4    3
 0.05428805153464894    9    6    4    4
 0.00471793800145039    9    6    5    1
 0.000749083137210247    9    6    5    2
 0.006297218374532395    9    6    5    3
 -0.01482367993647389    9    6    5    4
 0.01120270517352907    9    6    5    5
 -0.01313653756968794    9    6    6    1
 0.01054560780718007    9    6    6    2
 -0.01412754937452558    9    6    6    3
 0.007627966870326178    9    6    6    4
 0.02958775068780922    9    6    6    5
 0.02144445098472045    9    6    6    6
 -0.001668776118861469    9    6    7    1
 0.003499004446241022    9    6    7    2
 -0.009366436049340079    9    6    7    3
 -0.009193584959369779    9    6    7    4
 -0.005773952493194446    9    6    7    5
 0.004397335397768044    9    6    7    6
 0.03169420754817406    9    6    7    7
 0.000193800645169592    9    6    8    1
 0.004091627189901081    9    6    8    2
 -0.006891832097306704    9    6    8    3
 0.003370363861251139    9    6    8    4
 -0.01051854056990849    9    6    8    5
 0.003215570363213057    9    6    8    6
 0.01019173680884033    9    6    8    7
 0.02509440096081818    9    6    8    8
 0.002358058997454981    9    6    9    1
 -0.003802723854026535    9    6    9    2
 -0.001797860876096343    9    6    9    3
 0.020239535534582    9    6    9    4
 -0.0005579554120953474    9    6    9    5
 0.0423799916199703    9    6    9    6
 -0.01244185094515695    9    7    1    1
 0.04029251683952892    9    7    2    1
 -0.01093208647931858    9    7    2    2
 -0.001696740346980427    9    7    3    1
 0.006795931161677575    9    7    3    2
 -0.007456108229257886    9    7    3    3
 -0.02695559681835238    9    7    4    1
 0.04738362782387754    9    7    4    2
 0.01147884211349487    9    7    4    3
 -0.05868999226483822    9    7    4    4
 -0.001900084400145891    9    7    5    1
 0.002816695372376424    9    7    5    2
 -0.003856849799655384    9    7    5    3
 0.005356584994722956    9    7    5    4
 -0.02277414490108917    9    7    5    5
 -0.004577600556032718    9    7    6    1
 4.305672462980895e-05    9    7    6    2
 0.009893414205872482    9    7    6    3
 -0.01120130291329566    9    7    6    4
 -0.01722793934491774    9    7    6    5
 -0.02506629812782513    9    7    6    6
 -0.01264385338485332    9    7    7    1
 0.003537331128669059    9    7    7    2
 0.02834548076536492    9    7    7    3
 0.003823681905654927    9    7    7    4
 -0.0021256694658804    9    7    7    5
 0.002509664986217926    9    7    7    6
 -0.02495232023755117    9    7    7    7
 0.00097630371485821    9    7    8    1
 -0.002947527043111235    9    7    8    2
 0.003198220783557371    9    7    8    3
 -0.003493906060221946    9    7    8    4
 0.01226706791534992    9    7    8    5
 0.008136675573175604    9    7    8    6
 -0.004953933173777415    9    7    8    7
 -0.02451071992921581    9    7    8    8
 0.002843222695358309    9    7    9    1
 0.005200081609437949    9    7    9    2
 -0.005771837048296604    9    7    9    3
 -0.02763087022614035    9    7    9    4
 0.002231436074933607    9    7    9    5
 -0.02745649700476133    9    7    9    6
 0.04949170903301003    9    7    9    7
 0.02377051913884194    9    8    1    1
 -0.04062766982949891    9    8    2    1
 0.006154725640933585    9    8    2    2
 -0.0007161031149760852    9    8    3    1
 -0.01571445803088717    9    8    3    2
 0.02853840407336318    9    8    3    3
 0.008242961338929156    9    8    4    1
 -0.03820979471271198    9    8    4    2
 -0.001810019045212341    9    8    4    3
 0.0474563819562604    9    8    4    4
 -0.0004767392821740141    9    8    5    1
 -0.006379266174657343    9    8    5    2
 -0.001498646425140323    9    8    5    3
 0.004235464591645854    9    8    5    4
 0.03943445539784651    9    8    5    5
 0.0006201264992322921    9    8    6    1
 0.004768924062483988    9    8    6    2
 -0.01028558052744965    9    8    6    3
 0.003243337725620646    9    8    6    4
 0.01021512033536262    9    8    6    5
 0.0417591707072799    9    8    6    6
 0.004228536444546366    9    8    7    1
 0.0006882604046152386    9    8    7    2
 -0.01684015410019504    9    8    7    3
 -0.0029397221688282    9    8    7    4
 0.002693981122683245    9    8    7    5
 0.0117869791508372    9    8    7    6
 0.0307860236866196    9    8    7    7
 -0.01388074214388652    9    8    8    1
 0.01526066629065083    9    8    8    2
 -0.01274243801626969    9    8    8    3
 -0.003297462992565231    9    8    8    4
 -0.01916622885576581    9    8    8    5
 -0.008726008971854413    9    8    8    6
 0.009159982769028841    9    8    8    7
 0.031566483679421    9    8    8    8
 -0.005052528402829371    9    8    9    1
 0.008047143512000934    9    8    9    2
 -0.004383542534713495    9    8    9    3
 0.008876313205933723    9    8    9    4
 -0.007269004598258438    9    8    9    5
 0.02044991822713653    9    8    9    6
 -0.02587734367556551    9    8    9    7
 0.03625227492687924    9    8    9    8
 0.401062010724254    9    9    1    1
 -0.07114356938678972    9    9    2    1
 0.3673646508626683    9    9    2    2
 -0.006785853611666766    9    9    3    1
 -0.0222964492354932    9    9    3    2
 0.3737886375741677    9    9    3    3
 0.02326546874017933    9    9    4    1
 -0.09727837734167881    9    9    4    2
 -0.009846731435213982    9    9    4    3
 0.4652730078283687    9    9    4    4
 -0.004074684178742875    9    9    5    1
 -0.008373332953921746    9    9    5    2
 0.001839315991813688    9    9    5    3
 -0.005384659202473894    9    9    5    4
 0.3868274226815941    9    9    5    5
 -0.006086355535841209    9    9    6    1
 0.01994642760491093    9    9    6    2
 -0.03785445946412058    9    9    6    3
 0.02411166180446965    9    9    6    4
 0.06711239724265461    9    9    6    5
 0.4088206821340659    9    9    6    6
 0.02694387042433699    9    9    7    1
 -0.01128158378252659    9    9    7    2
 -0.06840669342778559    9    9    7    3
 -0.01900360837446027    9    9    7    4
 -0.005909620385049392    9    9    7    5
 0.008893016310436543    9    9    7    6
 0.4188581068534681    9    9    7    7
 -0.02354946982709044    9    9    8    1
 0.03242409746095695    9    9    8    2
 -0.0359920031811213    9    9    8    3
 0.01823802575411148    9    9    8    4
 -0.06054951041674098    9    9    8    5
 -0.0101622646965673    9    9    8    6
 0.0124406720642751    9    9    8    7
 0.3920811350565493    9    9    8    8
 0.01496091857673869    9    9    9    1
 -0.004809235534018685    9    9    9    2
 -8.619715086086257e-05    9    9    9    3
 0.006029044078282955    9    9    9    4
 -0.01621708344377732    9    9    9    5
 0.05932647106405489    9    9    9    6
 -0.06316616153195892    9    9    9    7
 0.05290039457719187    9    9    9    8
 0.5055124203628633    9    9    9    9
 -4.321488707897151    1    1  0  0
 0.4364545661717698    2    1  0  0
 -3.387591062611042    2    2  0  0
 0.1389588207134461    3    1  0  0
 0.1949141310882166    3    2  0  0
 -3.890157144594068    3    3  0  0
 0.16925761961443    4    1  0  0
 0.390654565575426    4    2  0  0
 0.1061917859637657    4    3  0  0
 -3.796761040698143    4    4  0  0
 0.008044310812516655    5    1  0  0
 0.09584806755702348    5    2  0  0
 -0.009887618423049464    5    3  0  0
 0.05814200444419857    5    4  0  0
 -3.854693780663071    5    5  0  0
 0.09757446633060618    6    1  0  0
 -0.2000034147327401    6    2  0  0
 0.2346376638511755    6    3  0  0
 -0.01169390301585169    6    4  0  0
 -0.4426991462744752    6    5  0  0
 -3.116413547335335    6    6  0  0
 -0.2155262624422525    7    1  0  0
 0.1685949125286896    7    2  0  0
 0.3727834584357173    7    3  0  0
 -0.07039491407214406    7    4  0  0
 0.0477370779683365    7    5  0  0
 -0.2635259368016201    7    6  0  0
 -3.194396926181638    7    7  0  0
 0.1753853358069818    8    1  0  0
 -0.1981511753237408    8    2  0  0
 0.2161192828022869    8    3  0  0
 -0.01339844255447196    8    4  0  0
 0.3603947645304066    8    5  0  0
 0.2131360388909116    8    6  0  0
 -0.2496110063414091    8    7  0  0
 -2.995237118595696    8    8  0  0
 -9.855974895055461e-05    9    1  0  0
 -0.2091930699228316    9    2  0  0
 -0.007452495004605993    9    3  0  0
 0.3332193216378694    9    4  0  0
 0.09434196394608144    9    5  0  0
 -0.2304602157583333    9    6  0  0
 0.2079600030726764    9    7  0  0
 -0.273872153985587    9    8  0  0
 -3.020370878267578    9    9  0  0
 0  0  0  0  0
