0 0 1.999996023856301
0 1 -3.409345831428066e-05
0 2 2.275497855045159e-05
0 3 -9.146806287223168e-06
0 4 -3.590691060304026e-06
0 5 -2.239255089328454e-05
0 6 -3.426187342218488e-05
0 7 -2.143443983772637e-06
0 8 3.660721870510205e-05
0 9 -5.838801196565831e-05
0 10 -2.516786131604773e-05
0 11 2.042502762160222e-05
0 12 1.227401205204936e-05
1 0 -3.409345831428065e-05
1 1 1.99167364323864
1 2 -0.0007300080629988807
1 3 0.00188313841019533
1 4 0.000319622001342695
1 5 0.003953049539928185
1 6 0.007859637187797575
1 7 0.0002426675321427568
1 8 -0.0005270039582311609
1 9 0.0007434606184555111
1 10 0.0007211102290627557
1 11 -0.001520196385396136
1 12 -0.0006546108990477223
2 0 2.275497855045162e-05
2 1 -0.0007300080629988825
2 2 1.986611376037228
2 3 -0.002722563780101091
2 4 -0.0003386277849442538
2 5 0.0008580671997102478
2 6 -0.003526599565537238
2 7 0.000181890393328924
2 8 0.0006892036441411191
2 9 -0.005011138353360662
2 10 -0.001552035168568075
2 11 -0.0006490298867367663
2 12 -0.001180806519840751
3 0 -9.146806287223148e-06
3 1 0.001883138410195321
3 2 -0.002722563780101087
3 3 1.97634366532392
3 4 9.630742968481855e-05
3 5 0.004343781075532316
3 6 0.002257081319078347
3 7 0.0002902458393163901
3 8 -0.002994125824001697
3 9 0.00437829447457724
3 10 0.001461701448236707
3 11 -0.001542803374867288
3 12 -0.002982835875075206
4 0 -3.590691060304051e-06
4 1 0.0003196220013426941
4 2 -0.0003386277849442571
4 3 9.630742968481652e-05
4 4 1.982593788094241
4 5 -0.0009692043735911591
4 6 0.0005480344086972973
4 7 0.008093960491914055
4 8 -0.001087792503553729
4 9 -0.002935631781291391
4 10 0.007942015234940649
4 11 0.0026601243490885
4 12 -0.0004979997828312082
5 0 -2.239255089328464e-05
5 1 0.003953049539928193
5 2 0.0008580671997102543
5 3 0.004343781075532314
5 4 -0.0009692043735911502
5 5 1.976700416582704
5 6 0.0007155851017096697
5 7 -0.0006868231346296755
5 8 -0.0008938590435629815
5 9 0.006356956804618201
5 10 0.0009638291211619019
5 11 -0.002129261709548732
5 12 -0.002420790158168226
6 0 -3.426187342218487e-05
6 1 0.007859637187797572
6 2 -0.003526599565537239
6 3 0.002257081319078359
6 4 0.0005480344086972999
6 5 0.0007155851017096792
6 6 1.978839936028744
6 7 -0.0003880221105314089
6 8 -0.0125479329644049
6 9 0.01933706221303729
6 10 0.005618791594214399
6 11 -0.001962314748053341
6 12 -0.003398629232872868
7 0 -2.143443983772608e-06
7 1 0.0002426675321427566
7 2 0.0001818903933289236
7 3 0.0002902458393163929
7 4 0.008093960491914068
7 5 -0.0006868231346296954
7 6 -0.0003880221105314063
7 7 1.990372119008464
7 8 -0.002457482080389487
7 9 -0.008660384896760839
7 10 0.01881830335701677
7 11 0.005548653278436294
7 12 -0.0006635577102255394
8 0 3.660721870510206e-05
8 1 -0.0005270039582311607
8 2 0.0006892036441411248
8 3 -0.002994125824001671
8 4 -0.001087792503553727
8 5 -0.0008938590435629757
8 6 -0.01254793296440486
8 7 -0.002457482080389497
8 8 0.02479169926734786
8 9 -0.004205580039628674
8 10 -0.0008097234634814332
8 11 1.328478438688288e-05
8 12 0.0001408836358842086
9 0 -5.83880119656582e-05
9 1 0.0007434606184555079
9 2 -0.005011138353360677
9 3 0.00437829447457719
9 4 -0.00293563178129139
9 5 0.006356956804618219
9 6 0.0193370622130373
9 7 -0.008660384896760838
9 8 -0.004205580039628666
9 9 0.02343493838856401
9 10 0.001374533819777156
9 11 -0.003944064913404318
9 12 -0.0007803107662981733
10 0 -2.516786131604781e-05
10 1 0.0007211102290627559
10 2 -0.001552035168568069
10 3 0.001461701448236709
10 4 0.00794201523494072
10 5 0.0009638291211619017
10 6 0.005618791594214405
10 7 0.0188183033570167
10 8 -0.0008097234634814338
10 9 0.00137453381977717
10 10 0.02389717368454006
10 11 -0.0008794726213257149
10 12 0.0009514112889242052
11 0 2.042502762160232e-05
11 1 -0.001520196385396134
11 2 -0.0006490298867367685
11 3 -0.001542803374867288
11 4 0.002660124349088514
11 5 -0.002129261709548729
11 6 -0.001962314748053336
11 7 0.005548653278436262
11 8 1.328478438688062e-05
11 9 -0.003944064913404349
11 10 -0.0008794726213257116
11 11 0.02170316447949756
11 12 -0.003932038150531971
12 0 1.227401205204948e-05
12 1 -0.000654610899047724
12 2 -0.001180806519840742
12 3 -0.002982835875075186
12 4 -0.0004979997828312051
12 5 -0.002420790158168241
12 6 -0.003398629232872866
12 7 -0.0006635577102255402
12 8 0.0001408836358842066
12 9 -0.0007803107662981749
12 10 0.0009514112889241977
12 11 -0.003932038150531971
12 12 0.02304205600927071
