0000001111111111
0000010111111111
0000011011111111
0000011101111111
0000011110111111
0000011111011111
0000011111101111
0000011111110111
0000011111111011
0000011111111101
0000011111111110
0000100111111111
0000101011111111
0000101101111111
0000101110111111
0000101111011111
0000101111101111
0000101111110111
0000101111111011
0000101111111101
0000101111111110
0000110011111111
0000110101111111
0000110110111111
0000110111011111
0000110111101111
0000110111110111
0000110111111011
0000110111111101
0000110111111110
0000111001111111
0000111010111111
0000111011011111
0000111011101111
0000111011110111
0000111011111011
0000111011111101
0000111011111110
0000111100111111
0000111101011111
0000111101101111
0000111101110111
0000111101111011
0000111101111101
0000111101111110
0000111110011111
0000111110101111
0000111110110111
0000111110111011
0000111110111101
0000111110111110
0000111111001111
0000111111010111
0000111111011011
0000111111011101
0000111111011110
0000111111100111
0000111111101011
0000111111101101
0000111111101110
0000111111110011
0000111111110101
0000111111110110
0000111111111001
0000111111111010
0001000111111111
0001001011111111
0001001101111111
0001001110111111
0001001111011111
0001001111101111
0001001111110111
0001001111111011
0001001111111101
0001001111111110
0001010011111111
0001010101111111
0001010110111111
0001010111011111
0001010111101111
0001010111110111
0001010111111011
0001010111111101
0001010111111110
0001011001111111
0001011010111111
0001011011011111
0001011011101111
0001011011110111
0001011011111011
0001011011111101
0001011011111110
0001011100111111
0001011101011111
0001011101101111
0001011101110111
0001011101111011
0001011101111101
0001011101111110
0001011110011111
0001011110101111
0001011110110111
0001011110111011
0001011110111101
0001011110111110
0001011111001111
0001011111010111
0001011111011011
0001011111011101
0001011111011110
0001011111100111
0001011111101011
0001011111101101
0001011111101110
0001011111110011
0001011111110101
0001011111110110
0001011111111001
0001011111111010
0001011111111100
0001100011111111
0001100101111111
0001100110111111
0001100111011111
0001100111101111
0001100111110111
0001100111111011
0001100111111101
0001100111111110
0001101001111111
0001101010111111
0001101011011111
0001101011101111
0001101011110111
0001101011111011
0001101011111101
0001101011111110
0001101100111111
0001101101011111
0001101101101111
0001101101110111
0001101101111011
0001101101111101
0001101101111110
0001101110011111
0001101110101111
0001101110110111
0001101110111011
0001101110111101
0001101110111110
0001101111001111
0001101111010111
0001101111011011
0001101111011101
0001101111011110
0001101111100111
0001101111101011
0001101111101101
0001101111101110
0001101111110011
0001101111110101
0001101111110110
0001101111111001
0001101111111010
0001101111111100
0001110001111111
0001110010111111
0001110011011111
0001110011101111
0001110011110111
0001110011111011
0001110011111101
0001110011111110
0001110101011111
0001110111010111
0001111000111111
0001111001011111
0001111001101111
0001111001110111
0001111001111011
0001111001111101
0001111001111110
0001111010101111
0001111010110111
0001111010111011
0001111011001111
0001111011010111
0001111011011011
0001111011100111
0001111011101011
0001111011101101
0001111011101110
0001111011110011
0001111011110101
0001111011110110
0001111011111001
0001111011111010
0001111100011111
0001111101001111
0001111101010111
0001111101011011
0001111101011101
0001111101011110
0001111110010111
0001111111000111
0001111111010011
0001111111010101
0001111111010110
0010000111111111
0010001011111111
0010001101111111
0010001110111111
0010001111011111
0010001111101111
0010001111110111
0010001111111011
0010001111111101
0010001111111110
0010010011111111
0010010101111111
0010010110111111
0010010111011111
0010010111101111
0010010111110111
0010010111111011
0010010111111101
0010010111111110
0010011001111111
0010011010111111
0010011011011111
0010011011101111
0010011011110111
0010011011111011
0010011011111101
0010011011111110
0010011100111111
0010011101011111
0010011101101111
0010011101110111
0010011101111011
0010011101111101
0010011101111110
0010011110011111
0010011110101111
0010011110110111
0010011110111011
0010011110111101
0010011110111110
0010011111001111
0010011111010111
0010011111011011
0010011111011101
0010011111011110
0010011111100111
0010011111101011
0010011111101101
0010011111101110
0010011111110011
0010011111110101
0010011111110110
0010011111111001
0010011111111010
0010100011111111
0010100101111111
0010100110111111
0010100111011111
0010100111101111
0010100111110111
0010100111111011
0010100111111101
0010100111111110
0010101001111111
0010101010111111
0010101011011111
0010101011101111
0010101011110111
0010101011111011
0010101011111101
0010101011111110
0010101100111111
0010101101011111
0010101101101111
0010101101110111
0010101101111011
0010101101111101
0010101101111110
0010101110011111
0010101110101111
0010101110110111
0010101110111011
0010101110111101
0010101110111110
0010101111001111
0010101111010111
0010101111011011
0010101111011101
0010101111011110
0010101111100111
0010101111101011
0010101111101101
0010101111101110
0010101111110011
0010101111110101
0010101111110110
0010110001111111
0010110010111111
0010110011011111
0010110011101111
0010110011110111
0010110011111011
0010110011111101
0010110011111110
0010110100111111
0010110101011111
0010110110011111
0010110110101111
0010110110110111
0010110110111011
0010110110111101
0010110110111110
0010110111010111
0010111000111111
0010111001011111
0010111001101111
0010111001110111
0010111001111011
0010111001111101
0010111001111110
0010111010011111
0010111010101111
0010111010110111
0010111010111011
0010111010111101
0010111010111110
0010111011001111
0010111011010111
0010111011011011
0010111011011101
0010111011011110
0010111011100111
0010111011101011
0010111011101101
0010111011101110
0010111011110011
0010111011110101
0010111011110110
0010111100011111
0010111100101111
0010111101001111
0010111101010111
0010111101011011
0010111101011101
0010111101011110
0010111110001111
0010111110010111
0010111110100111
0010111110101011
0010111110101101
0010111110101110
0010111111000111
0010111111010011
0010111111010101
0010111111010110
0011000011111111
0011000101111111
0011000110111111
0011000111011111
0011000111101111
0011000111110111
0011000111111011
0011000111111101
0011000111111110
0011001001111111
0011001010111111
0011001011011111
0011001011101111
0011001011110111
0011001011111011
0011001011111101
0011001011111110
0011001100111111
0011001101011111
0011001101101111
0011001101110111
0011001101111011
0011001101111101
0011001101111110
0011001110011111
0011001110101111
0011001110110111
0011001110111011
0011001110111101
0011001110111110
0011001111001111
0011001111010111
0011001111011011
0011001111011101
0011001111011110
0011001111100111
0011001111101011
0011001111101101
0011001111101110
0011001111110011
0011001111110101
0011001111110110
0011001111111001
0011001111111010
0011001111111100
0011010001111111
0011010010111111
0011010011011111
0011010011110111
0011010011111011
0011010100111111
0011010101011111
0011010110011111
0011010110101111
0011010110110111
0011010110111011
0011010110111101
0011010110111110
0011011000111111
0011011001011111
0011011001101111
0011011001110111
0011011001111011
0011011001111101
0011011001111110
0011011010011111
0011011010101111
0011011010110111
0011011010111011
0011011010111101
0011011010111110
0011011011001111
0011011011010111
0011011011011011
0011011011011101
0011011011011110
0011011011100111
0011011011101011
0011011011110011
0011011011110101
0011011011110110
0011011011111001
0011011011111010
0011011100011111
0011011100101111
0011011101001111
0011011101010111
0011011101011011
0011011101011101
0011011101011110
0011011110001111
0011011110100111
0011011110101011
0011011110101101
0011011110101110
0011100010111111
0011100100111111
0011100110011111
0011100110101111
0011100110110111
0011100110111011
0011100110111101
0011100110111110
0011100111010111
0011101010101111
0011101011010111
0011101100101111
0011101101010111
0011101110001111
0011101110010111
0011101110100111
0011101110101011
0011101110101101
0011101110101110
0011101111000111
0011101111010011
0011101111010101
0011101111010110
0100000111111111
0100001011111111
0100001101111111
0100001110111111
0100001111011111
0100001111101111
0100001111110111
0100001111111011
0100001111111101
0100001111111110
0100010011111111
0100010101111111
0100010110111111
0100010111011111
0100010111101111
0100010111110111
0100010111111011
0100010111111101
0100010111111110
0100011001111111
0100011010111111
0100011011011111
0100011011101111
0100011011110111
0100011011111011
0100011011111101
0100011011111110
0100011100111111
0100011101011111
0100011101101111
0100011101110111
0100011101111011
0100011101111101
0100011101111110
0100011110011111
0100011110101111
0100011110110111
0100011110111011
0100011110111101
0100011110111110
0100011111001111
0100011111010111
0100011111011011
0100011111011101
0100011111011110
0100011111100111
0100011111101011
0100011111101101
0100011111101110
0100011111110011
0100011111110101
0100011111110110
0100011111111001
0100011111111010
0100100011111111
0100100101111111
0100100110111111
0100100111011111
0100100111101111
0100100111110111
0100100111111011
0100100111111101
0100100111111110
0100101001111111
0100101010111111
0100101011011111
0100101011101111
0100101011110111
0100101011111011
0100101011111101
0100101011111110
0100101100111111
0100101101011111
0100101101101111
0100101101110111
0100101101111011
0100101101111101
0100101101111110
0100101110011111
0100101110101111
0100101110110111
0100101110111011
0100101110111101
0100101110111110
0100101111001111
0100101111010111
0100101111011011
0100101111011101
0100101111011110
0100101111100111
0100101111101011
0100101111101101
0100101111101110
0100101111110011
0100101111110101
0100101111110110
0100101111111001
0100101111111010
0100110001111111
0100110010111111
0100110011011111
0100110011101111
0100110011110111
0100110011111011
0100110011111101
0100110011111110
0100110101011111
0100110101110111
0100110110110111
0100110111001111
0100110111010111
0100110111100111
0100110111110011
0100110111110101
0100110111110110
0100111000111111
0100111001011111
0100111001101111
0100111001110111
0100111001111011
0100111001111101
0100111001111110
0100111010101111
0100111010110111
0100111011001111
0100111011010111
0100111011100111
0100111011101011
0100111011101101
0100111011101110
0100111011110011
0100111011110101
0100111011110110
0100111100011111
0100111100110111
0100111101001111
0100111101010111
0100111101011011
0100111101011101
0100111101011110
0100111101100111
0100111110001111
0100111110010111
0100111110100111
0100111110110011
0100111110110101
0100111110110110
0100111111000111
0100111111001011
0100111111001101
0100111111001110
0100111111010011
0100111111010101
0100111111010110
0100111111100011
0100111111100101
0100111111100110
0101000011111111
0101000101111111
0101000110111111
0101000111011111
0101000111101111
0101000111110111
0101000111111011
0101000111111101
0101000111111110
0101001001111111
0101001010111111
0101001011011111
0101001011101111
0101001011110111
0101001011111011
0101001011111101
0101001011111110
0101001100111111
0101001101011111
0101001101101111
0101001101110111
0101001101111011
0101001101111101
0101001101111110
0101001110011111
0101001110101111
0101001110110111
0101001110111011
0101001110111101
0101001110111110
0101001111001111
0101001111010111
0101001111011011
0101001111011101
0101001111011110
0101001111100111
0101001111101011
0101001111101101
0101001111101110
0101001111110011
0101001111110101
0101001111110110
0101001111111001
0101001111111010
0101001111111100
0101010001111111
0101010010111111
0101010011011111
0101010011101111
0101010011110111
0101010011111011
0101010011111101
0101010011111110
0101010100111111
0101010101011111
0101010101101111
0101010101110111
0101010101111011
0101010101111101
0101010101111110
0101010110110111
0101010111001111
0101010111100111
0101011000111111
0101011001011111
0101011001101111
0101011001110111
0101011001111011
0101011001111101
0101011001111110
0101011010101111
0101011010110111
0101011010111011
0101011011001111
0101011011010111
0101011011011011
0101011011100111
0101011011101011
0101011011101101
0101011011101110
0101011011110011
0101011011110101
0101011011110110
0101011011111001
0101011011111010
0101011100011111
0101011100110111
0101011101001111
0101011101010111
0101011101011011
0101011101011101
0101011101011110
0101011101100111
0101011110001111
0101011110010111
0101011110100111
0101011110110011
0101011110110101
0101011110110110
0101011111000111
0101011111001011
0101011111001101
0101011111001110
0101011111100011
0101011111100101
0101011111100110
0101100001111111
0101100011110111
0101100100111111
0101100101011111
0101100101101111
0101100101110111
0101100101111011
0101100101111101
0101100101111110
0101100110110111
0101100111010111
0101100111100111
0101100111110011
0101100111110101
0101100111110110
0101101011100111
0101101101100111
0101101110100111
0101101111000111
0101101111100011
0101101111100101
0101101111100110
0110000011111111
0110000101111111
0110000110111111
0110000111011111
0110000111101111
0110000111110111
0110000111111011
0110000111111101
0110000111111110
0110001001111111
0110001010111111
0110001011011111
0110001011101111
0110001011110111
0110001011111011
0110001011111101
0110001011111110
0110001100111111
0110001101011111
0110001101101111
0110001101110111
0110001101111011
0110001101111101
0110001101111110
0110001110011111
0110001110101111
0110001110110111
0110001110111011
0110001110111101
0110001110111110
0110001111001111
0110001111010111
0110001111011011
0110001111011101
0110001111011110
0110001111100111
0110001111101011
0110001111101101
0110001111101110
0110001111110011
0110001111110101
0110001111110110
0110001111111001
0110001111111010
0110010001111111
0110010010111111
0110010011011111
0110010011101111
0110010011110111
0110010011111011
0110010011111101
0110010011111110
0110010100111111
0110010101011111
0110010110011111
0110010110110111
0110010111001111
0110010111010111
0110010111011011
0110010111011101
0110010111011110
0110011000111111
0110011001011111
0110011001101111
0110011010011111
0110011010101111
0110011010110111
0110011010111011
0110011010111101
0110011010111110
0110011011001111
0110011011010111
0110011011011011
0110011011011101
0110011011011110
0110011011100111
0110011011101011
0110011011101101
0110011011101110
0110011100011111
0110011100101111
0110011100110111
0110011100111011
0110011100111101
0110011100111110
0110011101001111
0110011110001111
0110011110010111
0110011110100111
0110011110110011
0110011110110101
0110011110110110
0110011111000111
0110011111001011
0110011111001101
0110011111001110
0110100010111111
0110100011011111
0110100011101111
0110100011110111
0110100100111111
0110100101011111
0110100101110111
0110100110011111
0110100110101111
0110100110110111
0110100110111011
0110100110111101
0110100110111110
0110100111001111
0110100111010111
0110100111011011
0110100111011101
0110100111011110
0110100111100111
0110100111110011
0110100111110101
0110100111110110
0110101000111111
0110101001101111
0110101010101111
0110101010110111
0110101011001111
0110101011010111
0110101011100111
0110101011101011
0110101011101101
0110101011101110
0110101100011111
0110101100101111
0110101100110111
0110101100111011
0110101100111101
0110101100111110
0110101101001111
0110101101010111
0110101101100111
0110101110001111
0110101110010111
0110101110100111
0110101110101011
0110101110101101
0110101110101110
0110101110110011
0110101110110101
0110101110110110
0110101111000111
0110101111001011
0110101111001101
0110101111001110
0110101111010011
0110101111010101
0110101111010110
0110101111100011
0110101111100101
0110101111100110
0111000001111111
0111000010111111
0111000011011111
0111000011101111
0111000100111111
0111000101011111
0111000101101111
0111000101110111
0111000101111011
0111000101111101
0111000101111110
0111000110011111
0111000110101111
0111000110110111
0111000110111011
0111000110111101
0111000110111110
0111000111001111
0111000111010111
0111000111011011
0111000111011101
0111000111011110
0111000111100111
0111001000111111
0111001001101111
0111001010101111
0111001010110111
0111001011001111
0111001011100111
0111001011101011
0111001011101101
0111001011101110
0111001100011111
0111001100101111
0111001100110111
0111001100111011
0111001100111101
0111001100111110
0111001101001111
0111001101100111
0111001110001111
0111001110010111
0111001110100111
0111001110101011
0111001110101101
0111001110101110
0111001110110011
0111001110110101
0111001110110110
0111001111000111
0111001111001011
0111001111001101
0111001111001110
0111001111100011
0111001111100101
0111001111100110
1000000111111111
1000001011111111
1000001101111111
1000001110111111
1000001111011111
1000001111101111
1000001111110111
1000001111111011
1000001111111101
1000001111111110
1000010011111111
1000010101111111
1000010110111111
1000010111011111
1000010111101111
1000010111110111
1000010111111011
1000010111111101
1000010111111110
1000011001111111
1000011010111111
1000011011011111
1000011011101111
1000011011110111
1000011011111011
1000011011111101
1000011011111110
1000011100111111
1000011101011111
1000011101101111
1000011101110111
1000011101111011
1000011101111101
1000011101111110
1000011110011111
1000011110101111
1000011110110111
1000011110111011
1000011110111101
1000011110111110
1000011111001111
1000011111010111
1000011111011011
1000011111011101
1000011111011110
1000011111100111
1000011111101011
1000011111101101
1000011111101110
1000011111110011
1000011111110101
1000011111110110
1000011111111001
1000011111111010
1000100011111111
1000100101111111
1000100110111111
1000100111011111
1000100111101111
1000100111110111
1000100111111011
1000100111111101
1000100111111110
1000101001111111
1000101010111111
1000101011011111
1000101011101111
1000101011110111
1000101011111011
1000101011111101
1000101011111110
1000101100111111
1000101101011111
1000101101101111
1000101101110111
1000101101111011
1000101101111101
1000101101111110
1000101110011111
1000101110101111
1000101110110111
1000101110111011
1000101110111101
1000101110111110
1000101111001111
1000101111010111
1000101111011011
1000101111011101
1000101111011110
1000101111100111
1000101111101011
1000101111101101
1000101111101110
1000101111110011
1000101111110101
1000101111110110
1000101111111001
1000101111111010
1000110001111111
1000110010111111
1000110011011111
1000110011101111
1000110011110111
1000110011111011
1000110011111101
1000110011111110
1000110101011111
1000110101110111
1000110111010111
1000110111011011
1000111000111111
1000111001011111
1000111001101111
1000111001110111
1000111001111011
1000111001111101
1000111001111110
1000111010101111
1000111010110111
1000111010111011
1000111011001111
1000111011010111
1000111011011011
1000111011100111
1000111011101011
1000111011101101
1000111011101110
1000111011110011
1000111011110101
1000111011110110
1000111011111001
1000111011111010
1000111100011111
1000111100110111
1000111101001111
1000111101010111
1000111101011011
1000111101011101
1000111101011110
1000111101100111
1000111101110011
1000111101110101
1000111101110110
1000111110010111
1000111110011011
1000111111000111
1000111111001011
1000111111010011
1000111111010101
1000111111010110
1000111111011001
1000111111011010
1001000011111111
1001000101111111
1001000110111111
1001000111011111
1001000111101111
1001000111110111
1001000111111011
1001000111111101
1001000111111110
1001001001111111
1001001010111111
1001001011011111
1001001011101111
1001001011110111
1001001011111011
1001001011111101
1001001011111110
1001001100111111
1001001101011111
1001001101101111
1001001101110111
1001001101111011
1001001101111101
1001001101111110
1001001110011111
1001001110101111
1001001110110111
1001001110111011
1001001110111101
1001001110111110
1001001111001111
1001001111010111
1001001111011011
1001001111011101
1001001111011110
1001001111100111
1001001111101011
1001001111101101
1001001111101110
1001001111110011
1001001111110101
1001001111110110
1001001111111001
1001001111111010
1001001111111100
1001010001111111
1001010011110111
1001010011111011
1001010101011111
1001010101110111
1001010111011011
1001011000111111
1001011001011111
1001011001101111
1001011001110111
1001011001111011
1001011001111101
1001011001111110
1001011010110111
1001011010111011
1001011011010111
1001011011011011
1001011011100111
1001011011101011
1001011011110011
1001011011110101
1001011011110110
1001011011111001
1001011011111010
1001011100011111
1001011100110111
1001011101001111
1001011101010111
1001011101011011
1001011101011101
1001011101011110
1001011101100111
1001011101110011
1001011101110101
1001011101110110
1001011110011011
1001011111001011
1001011111010011
1001011111011001
1001011111011010
1001100101110111
1001101001110111
1001101100110111
1001101101010111
1001101101100111
1001101101110011
1001101101110101
1001101101110110
1010000011111111
1010000101111111
1010000110111111
1010000111011111
1010000111101111
1010000111110111
1010000111111011
1010000111111101
1010000111111110
1010001001111111
1010001010111111
1010001011011111
1010001011101111
1010001011110111
1010001011111011
1010001011111101
1010001011111110
1010001100111111
1010001101011111
1010001101101111
1010001101110111
1010001101111011
1010001101111101
1010001101111110
1010001110011111
1010001110101111
1010001110110111
1010001110111011
1010001110111101
1010001110111110
1010001111001111
1010001111010111
1010001111011011
1010001111011101
1010001111011110
1010001111100111
1010001111101011
1010001111101101
1010001111101110
1010001111110011
1010001111110101
1010001111110110
1010001111111001
1010001111111010
1010010001111111
1010010010111111
1010010011011111
1010010011111011
1010010101011111
1010010111011011
1010011000111111
1010011001011111
1010011001101111
1010011001110111
1010011001111011
1010011001111101
1010011001111110
1010011010011111
1010011010101111
1010011010110111
1010011010111011
1010011010111101
1010011010111110
1010011011001111
1010011011010111
1010011011011011
1010011011011101
1010011011011110
1010011011101011
1010011011110011
1010011011111001
1010011011111010
1010011100011111
1010011101001111
1010011101010111
1010011101011011
1010011101011101
1010011101011110
1010011110011011
1010011111001011
1010011111010011
1010011111011001
1010011111011010
1010100001111111
1010100010111111
1010100100111111
1010100101110111
1010100110011111
1010100110101111
1010100110110111
1010100110111011
1010100110111101
1010100110111110
1010100111010111
1010101000111111
1010101001011111
1010101001101111
1010101001110111
1010101001111011
1010101001111101
1010101001111110
1010101010101111
1010101011010111
1010101100101111
1010101100110111
1010101101010111
1010101101100111
1010101101110011
1010101101110101
1010101101110110
1010101110001111
1010101110010111
1010101110100111
1010101110101011
1010101110101101
1010101110101110
1010101111000111
1010101111010011
1010101111010101
1010101111010110
1011000001111111
1011000010111111
1011000100111111
1011000101110111
1011000110011111
1011000110101111
1011000110110111
1011000110111011
1011000110111101
1011000110111110
1011001000111111
1011001001011111
1011001001101111
1011001001110111
1011001001111011
1011001001111101
1011001001111110
1011001010101111
1011001100101111
1011001100110111
1011001101010111
1011001101100111
1011001101110011
1011001101110101
1011001101110110
1011001110001111
1011001110100111
1011001110101011
1011001110101101
1011001110101110
1100000011111111
1100000101111111
1100000110111111
1100000111011111
1100000111101111
1100000111110111
1100000111111011
1100000111111101
1100000111111110
1100001001111111
1100001010111111
1100001011011111
1100001011101111
1100001011110111
1100001011111011
1100001011111101
1100001011111110
1100001100111111
1100001101011111
1100001101101111
1100001101110111
1100001101111011
1100001101111101
1100001101111110
1100001110011111
1100001110101111
1100001110110111
1100001110111011
1100001111001111
1100001111010111
1100001111011011
1100001111011101
1100001111011110
1100001111100111
1100001111101011
1100001111101101
1100001111101110
1100001111110011
1100001111110101
1100001111110110
1100001111111001
1100001111111010
1100010001111111
1100010010111111
1100010011011111
1100010011101111
1100010011110111
1100010011111011
1100010011111101
1100010011111110
1100010100111111
1100010101011111
1100010101101111
1100010101110111
1100010101111011
1100010101111101
1100010101111110
1100010110110111
1100010110111011
1100010111001111
1100010111011011
1100010111101011
1100010111110011
1100010111111001
1100010111111010
1100011000111111
1100011001011111
1100011001101111
1100011001110111
1100011001111011
1100011001111101
1100011001111110
1100011010101111
1100011010110111
1100011010111011
1100011011001111
1100011011011011
1100011011100111
1100011011101011
1100011011101101
1100011011101110
1100011011110011
1100011011111001
1100011011111010
1100011100011111
1100011100101111
1100011100110111
1100011101001111
1100011101010111
1100011101011011
1100011101011101
1100011101011110
1100011101100111
1100011101101011
1100011101101101
1100011101101110
1100011110001111
1100011110010111
1100011110011011
1100011110100111
1100011110110011
1100011110110101
1100011110110110
1100011111000111
1100011111001011
1100011111001101
1100011111001110
1100011111010011
1100011111011001
1100011111011010
1100100001111111
1100100011110111
1100100011111011
1100100100111111
1100100101011111
1100100101101111
1100100101110111
1100100101111011
1100100101111101
1100100101111110
1100100110110111
1100100110111011
1100100111010111
1100100111011011
1100100111100111
1100100111101011
1100100111110011
1100100111110101
1100100111110110
1100100111111001
1100100111111010
1100101001101111
1100101001110111
1100101011100111
1100101100101111
1100101100110111
1100101101001111
1100101101010111
1100101101100111
1100101101101011
1100101101101101
1100101101101110
1100101101110011
1100101101110101
1100101101110110
1100101110100111
1100101111000111
1100101111100011
1100101111100101
1100101111100110
1100110000111111
1100110001011111
1100110001101111
1100110001110111
1100110001111011
1100110001111101
1100110001111110
1100111000101111
1100111001001111
1100111001100111
1100111001101011
1100111001101101
1100111001101110
1101000001111111
1101000011111011
1101000100111111
1101000101011111
1101000101101111
1101000101110111
1101000101111011
1101000101111101
1101000101111110
1101000110111011
1101000111011011
1101000111100111
1101000111101011
1101000111110011
1101000111111001
1101000111111010
1101001001101111
1101001001110111
1101001011100111
1101001100101111
1101001100110111
1101001101001111
1101001101010111
1101001101100111
1101001101101011
1101001101101101
1101001101101110
1101001101110011
1101001101110101
1101001101110110
1101001110100111
1101001111000111
1101001111100011
1101001111100101
1101001111100110
1101010000111111
1101010001011111
1101010001101111
1101010001110111
1101010001111011
1101010001111101
1101010001111110
1101011000101111
1101011001001111
1101011001100111
1101011001101011
1101011001101101
1101011001101110
1110000001111111
1110000011011111
1110000011101111
1110000011111011
1110000100111111
1110000101011111
1110000101101111
1110000101110111
1110000101111011
1110000101111101
1110000101111110
1110000110011111
1110000110110111
1110000110111011
1110000111001111
1110000111010111
1110000111011011
1110000111011101
1110000111011110
1110000111101011
1110000111110011
1110000111111001
1110000111111010
1110001000111111
1110001001011111
1110001001101111
1110001001110111
1110001001111011
1110001001111101
1110001001111110
1110001010101111
1110001010110111
1110001011001111
1110001011100111
1110001011101011
1110001011101101
1110001011101110
1110001100011111
1110001100101111
1110001100110111
1110001100111011
1110001100111101
1110001100111110
1110001101001111
1110001101100111
1110001101101011
1110001101101101
1110001101101110
1110001110001111
1110001110010111
1110001110100111
1110001110110011
1110001110110101
1110001110110110
1110001111000111
1110001111001011
1110001111001101
1110001111001110
1110010000111111
1110010001011111
1110010001101111
1110010001110111
1110010001111011
1110010001111101
1110010001111110
1110011000101111
1110011001001111
1110011001100111
1110011001101011
1110011001101101
1110011001101110
