2.047000000000000000e+03
3.071000000000000000e+03
3.583000000000000000e+03
3.839000000000000000e+03
3.967000000000000000e+03
4.031000000000000000e+03
4.063000000000000000e+03
4.079000000000000000e+03
4.087000000000000000e+03
4.091000000000000000e+03
4.093000000000000000e+03
4.094000000000000000e+03
5.119000000000000000e+03
5.631000000000000000e+03
5.887000000000000000e+03
6.015000000000000000e+03
6.079000000000000000e+03
6.111000000000000000e+03
6.127000000000000000e+03
6.135000000000000000e+03
6.139000000000000000e+03
6.141000000000000000e+03
6.142000000000000000e+03
6.655000000000000000e+03
6.911000000000000000e+03
7.039000000000000000e+03
7.103000000000000000e+03
7.135000000000000000e+03
7.151000000000000000e+03
7.159000000000000000e+03
7.163000000000000000e+03
7.165000000000000000e+03
7.166000000000000000e+03
7.423000000000000000e+03
7.551000000000000000e+03
7.615000000000000000e+03
7.647000000000000000e+03
7.663000000000000000e+03
7.671000000000000000e+03
7.675000000000000000e+03
7.677000000000000000e+03
7.678000000000000000e+03
7.807000000000000000e+03
7.871000000000000000e+03
7.903000000000000000e+03
7.919000000000000000e+03
7.927000000000000000e+03
7.931000000000000000e+03
7.933000000000000000e+03
7.999000000000000000e+03
8.031000000000000000e+03
8.047000000000000000e+03
8.055000000000000000e+03
8.059000000000000000e+03
8.061000000000000000e+03
8.062000000000000000e+03
8.095000000000000000e+03
8.111000000000000000e+03
8.119000000000000000e+03
8.123000000000000000e+03
8.125000000000000000e+03
8.126000000000000000e+03
8.143000000000000000e+03
8.151000000000000000e+03
8.155000000000000000e+03
8.157000000000000000e+03
8.158000000000000000e+03
8.167000000000000000e+03
8.171000000000000000e+03
8.173000000000000000e+03
8.179000000000000000e+03
8.182000000000000000e+03
8.185000000000000000e+03
8.186000000000000000e+03
8.188000000000000000e+03
9.215000000000000000e+03
9.727000000000000000e+03
9.983000000000000000e+03
1.011100000000000000e+04
1.017500000000000000e+04
1.020700000000000000e+04
1.022300000000000000e+04
1.023100000000000000e+04
1.023500000000000000e+04
1.023700000000000000e+04
1.023800000000000000e+04
1.075100000000000000e+04
1.100700000000000000e+04
1.113500000000000000e+04
1.119900000000000000e+04
1.123100000000000000e+04
1.124700000000000000e+04
1.125500000000000000e+04
1.125900000000000000e+04
1.126100000000000000e+04
1.126200000000000000e+04
1.151900000000000000e+04
1.164700000000000000e+04
1.171100000000000000e+04
1.174300000000000000e+04
1.175900000000000000e+04
1.176700000000000000e+04
1.177100000000000000e+04
1.177300000000000000e+04
1.177400000000000000e+04
1.190300000000000000e+04
1.196700000000000000e+04
1.199900000000000000e+04
1.201500000000000000e+04
1.202300000000000000e+04
1.202700000000000000e+04
1.202900000000000000e+04
1.203000000000000000e+04
1.209500000000000000e+04
1.212700000000000000e+04
1.214300000000000000e+04
1.215100000000000000e+04
1.215500000000000000e+04
1.215700000000000000e+04
1.215800000000000000e+04
1.219100000000000000e+04
1.220700000000000000e+04
1.221500000000000000e+04
1.221900000000000000e+04
1.222100000000000000e+04
1.222200000000000000e+04
1.223900000000000000e+04
1.224700000000000000e+04
1.225100000000000000e+04
1.225300000000000000e+04
1.225400000000000000e+04
1.226300000000000000e+04
1.226700000000000000e+04
1.226900000000000000e+04
1.227000000000000000e+04
1.227500000000000000e+04
1.227700000000000000e+04
1.227800000000000000e+04
1.228100000000000000e+04
1.228200000000000000e+04
1.228400000000000000e+04
1.279900000000000000e+04
1.305500000000000000e+04
1.318300000000000000e+04
1.324700000000000000e+04
1.327900000000000000e+04
1.329500000000000000e+04
1.330300000000000000e+04
1.330700000000000000e+04
1.330900000000000000e+04
1.331000000000000000e+04
1.356700000000000000e+04
1.369500000000000000e+04
1.375900000000000000e+04
1.379100000000000000e+04
1.380700000000000000e+04
1.381500000000000000e+04
1.381900000000000000e+04
1.382100000000000000e+04
1.382200000000000000e+04
1.395100000000000000e+04
1.401500000000000000e+04
1.404700000000000000e+04
1.406300000000000000e+04
1.407100000000000000e+04
1.407500000000000000e+04
1.407700000000000000e+04
1.407800000000000000e+04
1.414300000000000000e+04
1.417500000000000000e+04
1.419100000000000000e+04
1.419900000000000000e+04
1.420300000000000000e+04
1.420500000000000000e+04
1.420600000000000000e+04
1.423900000000000000e+04
1.425500000000000000e+04
1.426300000000000000e+04
1.426900000000000000e+04
1.428700000000000000e+04
1.429500000000000000e+04
1.429900000000000000e+04
1.430100000000000000e+04
1.430200000000000000e+04
1.431100000000000000e+04
1.431500000000000000e+04
1.431700000000000000e+04
1.431800000000000000e+04
1.432300000000000000e+04
1.432500000000000000e+04
1.432600000000000000e+04
1.432900000000000000e+04
1.433000000000000000e+04
1.433200000000000000e+04
1.459100000000000000e+04
1.471900000000000000e+04
1.478300000000000000e+04
1.481500000000000000e+04
1.483100000000000000e+04
1.483900000000000000e+04
1.484300000000000000e+04
1.484500000000000000e+04
1.497500000000000000e+04
1.503900000000000000e+04
1.507100000000000000e+04
1.508700000000000000e+04
1.509500000000000000e+04
1.509900000000000000e+04
1.510100000000000000e+04
1.516700000000000000e+04
1.519900000000000000e+04
1.521500000000000000e+04
1.522300000000000000e+04
1.522700000000000000e+04
1.526300000000000000e+04
1.529300000000000000e+04
1.531100000000000000e+04
1.531900000000000000e+04
1.532300000000000000e+04
1.532500000000000000e+04
1.532600000000000000e+04
1.533500000000000000e+04
1.533900000000000000e+04
1.534700000000000000e+04
1.534900000000000000e+04
1.548700000000000000e+04
1.558300000000000000e+04
1.559900000000000000e+04
1.560700000000000000e+04
1.561100000000000000e+04
1.561300000000000000e+04
1.567900000000000000e+04
1.571100000000000000e+04
1.572700000000000000e+04
1.573500000000000000e+04
1.573900000000000000e+04
1.574100000000000000e+04
1.574200000000000000e+04
1.577500000000000000e+04
1.579900000000000000e+04
1.580300000000000000e+04
1.582300000000000000e+04
1.583800000000000000e+04
1.585400000000000000e+04
1.585900000000000000e+04
1.586100000000000000e+04
1.586500000000000000e+04
1.586600000000000000e+04
1.586800000000000000e+04
1.596700000000000000e+04
1.598300000000000000e+04
1.599500000000000000e+04
1.603100000000000000e+04
1.605500000000000000e+04
1.605900000000000000e+04
1.607900000000000000e+04
1.608700000000000000e+04
1.609100000000000000e+04
1.609300000000000000e+04
1.610300000000000000e+04
1.610900000000000000e+04
1.611800000000000000e+04
1.612100000000000000e+04
1.615900000000000000e+04
1.618700000000000000e+04
1.620700000000000000e+04
1.621500000000000000e+04
1.622100000000000000e+04
1.624500000000000000e+04
1.627100000000000000e+04
1.627900000000000000e+04
1.628300000000000000e+04
1.628600000000000000e+04
1.633100000000000000e+04
1.633300000000000000e+04
1.633900000000000000e+04
1.634600000000000000e+04
1.634800000000000000e+04
1.635700000000000000e+04
1.635800000000000000e+04
1.636100000000000000e+04
1.636200000000000000e+04
1.636400000000000000e+04
1.636900000000000000e+04
1.637000000000000000e+04
1.740700000000000000e+04
1.791900000000000000e+04
1.817500000000000000e+04
1.830300000000000000e+04
1.836700000000000000e+04
1.839900000000000000e+04
1.841500000000000000e+04
1.842300000000000000e+04
1.842700000000000000e+04
1.842900000000000000e+04
1.843000000000000000e+04
1.894300000000000000e+04
1.919900000000000000e+04
1.932700000000000000e+04
1.939100000000000000e+04
1.942300000000000000e+04
1.943900000000000000e+04
1.944700000000000000e+04
1.945100000000000000e+04
1.945300000000000000e+04
1.945400000000000000e+04
1.971100000000000000e+04
1.983900000000000000e+04
1.990300000000000000e+04
1.993500000000000000e+04
1.995100000000000000e+04
1.995900000000000000e+04
1.996300000000000000e+04
1.996500000000000000e+04
1.996600000000000000e+04
2.009500000000000000e+04
2.015900000000000000e+04
2.019100000000000000e+04
2.020700000000000000e+04
2.021500000000000000e+04
2.021900000000000000e+04
2.022100000000000000e+04
2.022200000000000000e+04
2.028700000000000000e+04
2.031900000000000000e+04
2.033500000000000000e+04
2.034300000000000000e+04
2.034700000000000000e+04
2.034900000000000000e+04
2.035000000000000000e+04
2.038300000000000000e+04
2.039900000000000000e+04
2.040700000000000000e+04
2.041100000000000000e+04
2.041300000000000000e+04
2.041400000000000000e+04
2.043100000000000000e+04
2.043900000000000000e+04
2.044300000000000000e+04
2.044500000000000000e+04
2.045500000000000000e+04
2.045900000000000000e+04
2.046100000000000000e+04
2.046200000000000000e+04
2.046700000000000000e+04
2.046900000000000000e+04
2.047000000000000000e+04
2.047300000000000000e+04
2.047400000000000000e+04
2.047600000000000000e+04
2.099100000000000000e+04
2.124700000000000000e+04
2.137500000000000000e+04
2.143900000000000000e+04
2.147100000000000000e+04
2.148700000000000000e+04
2.149500000000000000e+04
2.149900000000000000e+04
2.150100000000000000e+04
2.150200000000000000e+04
2.175900000000000000e+04
2.188700000000000000e+04
2.195100000000000000e+04
2.198300000000000000e+04
2.199900000000000000e+04
2.200700000000000000e+04
2.201100000000000000e+04
2.201300000000000000e+04
2.201400000000000000e+04
2.214300000000000000e+04
2.220700000000000000e+04
2.223900000000000000e+04
2.225500000000000000e+04
2.226300000000000000e+04
2.226700000000000000e+04
2.226900000000000000e+04
2.227000000000000000e+04
2.233500000000000000e+04
2.236700000000000000e+04
2.238300000000000000e+04
2.239100000000000000e+04
2.239500000000000000e+04
2.239700000000000000e+04
2.239800000000000000e+04
2.243100000000000000e+04
2.244700000000000000e+04
2.245500000000000000e+04
2.245900000000000000e+04
2.246100000000000000e+04
2.246200000000000000e+04
2.247900000000000000e+04
2.248700000000000000e+04
2.249100000000000000e+04
2.249300000000000000e+04
2.249400000000000000e+04
2.250300000000000000e+04
2.250700000000000000e+04
2.250900000000000000e+04
2.251000000000000000e+04
2.251500000000000000e+04
2.251700000000000000e+04
2.251800000000000000e+04
2.252100000000000000e+04
2.252200000000000000e+04
2.252400000000000000e+04
2.278300000000000000e+04
2.291100000000000000e+04
2.297500000000000000e+04
2.300700000000000000e+04
2.302300000000000000e+04
2.303100000000000000e+04
2.303500000000000000e+04
2.303700000000000000e+04
2.303800000000000000e+04
2.316700000000000000e+04
2.323100000000000000e+04
2.326300000000000000e+04
2.327900000000000000e+04
2.328700000000000000e+04
2.329100000000000000e+04
2.329300000000000000e+04
2.335900000000000000e+04
2.339100000000000000e+04
2.340700000000000000e+04
2.341500000000000000e+04
2.341900000000000000e+04
2.342200000000000000e+04
2.347100000000000000e+04
2.347900000000000000e+04
2.348300000000000000e+04
2.348500000000000000e+04
2.348600000000000000e+04
2.350300000000000000e+04
2.351100000000000000e+04
2.351500000000000000e+04
2.351700000000000000e+04
2.352700000000000000e+04
2.353100000000000000e+04
2.353300000000000000e+04
2.353900000000000000e+04
2.354100000000000000e+04
2.354200000000000000e+04
2.354500000000000000e+04
2.354600000000000000e+04
2.367900000000000000e+04
2.377500000000000000e+04
2.379100000000000000e+04
2.379900000000000000e+04
2.380500000000000000e+04
2.380600000000000000e+04
2.387100000000000000e+04
2.390300000000000000e+04
2.391900000000000000e+04
2.392700000000000000e+04
2.396700000000000000e+04
2.398300000000000000e+04
2.399100000000000000e+04
2.399500000000000000e+04
2.402700000000000000e+04
2.404600000000000000e+04
2.412700000000000000e+04
2.415900000000000000e+04
2.417500000000000000e+04
2.418300000000000000e+04
2.422300000000000000e+04
2.424700000000000000e+04
2.425400000000000000e+04
2.427100000000000000e+04
2.427900000000000000e+04
2.428300000000000000e+04
2.428500000000000000e+04
2.428600000000000000e+04
2.429500000000000000e+04
2.429900000000000000e+04
2.430200000000000000e+04
2.430700000000000000e+04
2.431600000000000000e+04
2.435100000000000000e+04
2.436700000000000000e+04
2.437500000000000000e+04
2.437900000000000000e+04
2.438100000000000000e+04
2.439900000000000000e+04
2.440700000000000000e+04
2.441100000000000000e+04
2.441300000000000000e+04
2.441400000000000000e+04
2.442300000000000000e+04
2.442700000000000000e+04
2.443000000000000000e+04
2.443800000000000000e+04
2.444100000000000000e+04
2.444400000000000000e+04
2.446300000000000000e+04
2.447100000000000000e+04
2.447500000000000000e+04
2.447700000000000000e+04
2.447800000000000000e+04
2.448700000000000000e+04
2.449900000000000000e+04
2.450100000000000000e+04
2.451900000000000000e+04
2.453100000000000000e+04
2.453300000000000000e+04
2.453700000000000000e+04
2.453800000000000000e+04
2.454900000000000000e+04
2.455300000000000000e+04
2.455400000000000000e+04
2.456400000000000000e+04
2.508700000000000000e+04
2.534300000000000000e+04
2.547100000000000000e+04
2.553500000000000000e+04
2.556700000000000000e+04
2.558300000000000000e+04
2.559100000000000000e+04
2.559500000000000000e+04
2.559700000000000000e+04
2.559800000000000000e+04
2.585500000000000000e+04
2.598300000000000000e+04
2.604700000000000000e+04
2.607900000000000000e+04
2.609500000000000000e+04
2.610300000000000000e+04
2.610700000000000000e+04
2.610900000000000000e+04
2.611000000000000000e+04
2.623900000000000000e+04
2.630300000000000000e+04
2.633500000000000000e+04
2.635100000000000000e+04
2.635900000000000000e+04
2.636300000000000000e+04
2.636500000000000000e+04
2.636600000000000000e+04
2.643100000000000000e+04
2.646300000000000000e+04
2.647900000000000000e+04
2.648700000000000000e+04
2.649100000000000000e+04
2.649300000000000000e+04
2.649400000000000000e+04
2.652700000000000000e+04
2.654300000000000000e+04
2.655100000000000000e+04
2.655500000000000000e+04
2.655700000000000000e+04
2.655800000000000000e+04
2.657500000000000000e+04
2.658300000000000000e+04
2.658700000000000000e+04
2.658900000000000000e+04
2.659900000000000000e+04
2.660300000000000000e+04
2.660500000000000000e+04
2.660600000000000000e+04
2.661100000000000000e+04
2.661300000000000000e+04
2.661400000000000000e+04
2.661700000000000000e+04
2.661800000000000000e+04
2.662000000000000000e+04
2.687900000000000000e+04
2.700700000000000000e+04
2.707100000000000000e+04
2.710300000000000000e+04
2.711900000000000000e+04
2.712700000000000000e+04
2.713100000000000000e+04
2.713300000000000000e+04
2.713400000000000000e+04
2.726300000000000000e+04
2.732700000000000000e+04
2.735900000000000000e+04
2.737500000000000000e+04
2.738300000000000000e+04
2.738700000000000000e+04
2.738900000000000000e+04
2.745500000000000000e+04
2.748700000000000000e+04
2.750300000000000000e+04
2.751100000000000000e+04
2.751500000000000000e+04
2.751700000000000000e+04
2.751800000000000000e+04
2.755100000000000000e+04
2.756700000000000000e+04
2.757500000000000000e+04
2.757900000000000000e+04
2.758200000000000000e+04
2.759900000000000000e+04
2.760700000000000000e+04
2.761100000000000000e+04
2.761300000000000000e+04
2.761400000000000000e+04
2.762300000000000000e+04
2.762700000000000000e+04
2.762900000000000000e+04
2.763500000000000000e+04
2.763700000000000000e+04
2.763800000000000000e+04
2.764200000000000000e+04
2.764400000000000000e+04
2.777500000000000000e+04
2.783900000000000000e+04
2.787100000000000000e+04
2.788700000000000000e+04
2.789500000000000000e+04
2.789900000000000000e+04
2.790100000000000000e+04
2.796700000000000000e+04
2.799900000000000000e+04
2.801500000000000000e+04
2.802300000000000000e+04
2.802700000000000000e+04
2.802900000000000000e+04
2.806300000000000000e+04
2.807900000000000000e+04
2.808700000000000000e+04
2.809100000000000000e+04
2.809400000000000000e+04
2.811100000000000000e+04
2.812300000000000000e+04
2.814700000000000000e+04
2.815000000000000000e+04
2.815300000000000000e+04
2.815600000000000000e+04
2.822300000000000000e+04
2.825500000000000000e+04
2.827100000000000000e+04
2.827900000000000000e+04
2.828500000000000000e+04
2.831900000000000000e+04
2.833500000000000000e+04
2.834300000000000000e+04
2.834700000000000000e+04
2.836700000000000000e+04
2.837500000000000000e+04
2.837900000000000000e+04
2.838100000000000000e+04
2.838200000000000000e+04
2.839100000000000000e+04
2.839500000000000000e+04
2.839800000000000000e+04
2.840300000000000000e+04
2.840500000000000000e+04
2.840600000000000000e+04
2.840900000000000000e+04
2.841000000000000000e+04
2.841200000000000000e+04
2.844700000000000000e+04
2.846300000000000000e+04
2.847100000000000000e+04
2.847500000000000000e+04
2.849500000000000000e+04
2.850300000000000000e+04
2.850700000000000000e+04
2.850900000000000000e+04
2.851000000000000000e+04
2.851900000000000000e+04
2.852300000000000000e+04
2.853300000000000000e+04
2.853700000000000000e+04
2.854000000000000000e+04
2.855900000000000000e+04
2.856700000000000000e+04
2.857100000000000000e+04
2.857400000000000000e+04
2.858300000000000000e+04
2.858700000000000000e+04
2.858900000000000000e+04
2.859500000000000000e+04
2.859700000000000000e+04
2.860100000000000000e+04
2.860200000000000000e+04
2.861500000000000000e+04
2.861900000000000000e+04
2.862700000000000000e+04
2.863300000000000000e+04
2.863400000000000000e+04
2.863600000000000000e+04
2.864300000000000000e+04
2.864500000000000000e+04
2.866400000000000000e+04
2.905500000000000000e+04
2.915100000000000000e+04
2.917500000000000000e+04
2.917900000000000000e+04
2.931100000000000000e+04
2.937500000000000000e+04
2.943700000000000000e+04
2.943800000000000000e+04
2.950300000000000000e+04
2.955100000000000000e+04
2.955900000000000000e+04
2.959900000000000000e+04
2.962300000000000000e+04
2.964700000000000000e+04
2.965500000000000000e+04
2.966200000000000000e+04
2.967100000000000000e+04
2.982300000000000000e+04
2.991900000000000000e+04
2.993500000000000000e+04
2.994700000000000000e+04
3.004700000000000000e+04
3.006300000000000000e+04
3.007100000000000000e+04
3.015900000000000000e+04
3.016700000000000000e+04
3.017100000000000000e+04
3.017300000000000000e+04
3.020100000000000000e+04
3.031900000000000000e+04
3.033400000000000000e+04
3.036700000000000000e+04
3.038300000000000000e+04
3.039500000000000000e+04
3.039700000000000000e+04
3.039800000000000000e+04
3.042700000000000000e+04
3.043900000000000000e+04
3.045100000000000000e+04
3.045400000000000000e+04
3.045800000000000000e+04
3.049500000000000000e+04
3.051100000000000000e+04
3.051900000000000000e+04
3.054300000000000000e+04
3.055100000000000000e+04
3.055800000000000000e+04
3.056700000000000000e+04
3.057100000000000000e+04
3.057900000000000000e+04
3.058100000000000000e+04
3.058200000000000000e+04
3.058500000000000000e+04
3.060700000000000000e+04
3.061500000000000000e+04
3.063100000000000000e+04
3.063800000000000000e+04
3.064500000000000000e+04
3.064900000000000000e+04
3.065000000000000000e+04
3.066300000000000000e+04
3.068400000000000000e+04
3.069400000000000000e+04
3.070500000000000000e+04
3.070800000000000000e+04
3.071200000000000000e+04
3.091100000000000000e+04
3.094300000000000000e+04
3.097300000000000000e+04
3.108700000000000000e+04
3.109500000000000000e+04
3.110200000000000000e+04
3.119100000000000000e+04
3.119700000000000000e+04
3.119800000000000000e+04
3.121100000000000000e+04
3.121900000000000000e+04
3.122200000000000000e+04
3.135100000000000000e+04
3.145400000000000000e+04
3.146700000000000000e+04
3.157900000000000000e+04
3.158100000000000000e+04
3.159100000000000000e+04
3.159500000000000000e+04
3.161200000000000000e+04
3.163100000000000000e+04
3.165900000000000000e+04
3.166100000000000000e+04
3.167300000000000000e+04
3.169100000000000000e+04
3.169900000000000000e+04
3.173200000000000000e+04
3.173600000000000000e+04
3.195100000000000000e+04
3.196600000000000000e+04
3.198700000000000000e+04
3.204700000000000000e+04
3.206200000000000000e+04
3.207900000000000000e+04
3.210300000000000000e+04
3.210900000000000000e+04
3.217400000000000000e+04
3.218600000000000000e+04
3.219900000000000000e+04
3.221300000000000000e+04
3.224800000000000000e+04
3.231500000000000000e+04
3.237700000000000000e+04
3.237800000000000000e+04
3.243000000000000000e+04
3.244400000000000000e+04
3.247600000000000000e+04
3.248300000000000000e+04
3.249200000000000000e+04
3.255100000000000000e+04
3.255500000000000000e+04
3.259000000000000000e+04
3.259500000000000000e+04
3.261100000000000000e+04
3.261300000000000000e+04
3.261400000000000000e+04
3.262500000000000000e+04
3.267500000000000000e+04
3.268400000000000000e+04
3.271000000000000000e+04
3.272200000000000000e+04
3.274400000000000000e+04
3.379100000000000000e+04
3.430300000000000000e+04
3.455900000000000000e+04
3.468700000000000000e+04
3.475100000000000000e+04
3.478300000000000000e+04
3.479900000000000000e+04
3.480700000000000000e+04
3.481100000000000000e+04
3.481300000000000000e+04
3.481400000000000000e+04
3.532700000000000000e+04
3.558300000000000000e+04
3.571100000000000000e+04
3.577500000000000000e+04
3.580700000000000000e+04
3.582300000000000000e+04
3.583100000000000000e+04
3.583500000000000000e+04
3.583700000000000000e+04
3.583800000000000000e+04
3.609500000000000000e+04
3.622300000000000000e+04
3.628700000000000000e+04
3.631900000000000000e+04
3.633500000000000000e+04
3.634300000000000000e+04
3.634700000000000000e+04
3.634900000000000000e+04
3.635000000000000000e+04
3.647900000000000000e+04
3.654300000000000000e+04
3.657500000000000000e+04
3.659100000000000000e+04
3.659900000000000000e+04
3.660300000000000000e+04
3.660500000000000000e+04
3.660600000000000000e+04
3.667100000000000000e+04
3.670300000000000000e+04
3.671900000000000000e+04
3.672700000000000000e+04
3.673100000000000000e+04
3.673300000000000000e+04
3.673400000000000000e+04
3.676700000000000000e+04
3.678300000000000000e+04
3.679100000000000000e+04
3.679500000000000000e+04
3.679700000000000000e+04
3.679800000000000000e+04
3.681500000000000000e+04
3.682300000000000000e+04
3.682700000000000000e+04
3.682900000000000000e+04
3.683000000000000000e+04
3.683900000000000000e+04
3.684300000000000000e+04
3.684500000000000000e+04
3.684600000000000000e+04
3.685100000000000000e+04
3.685300000000000000e+04
3.685400000000000000e+04
3.685700000000000000e+04
3.685800000000000000e+04
3.686000000000000000e+04
3.737500000000000000e+04
3.763100000000000000e+04
3.775900000000000000e+04
3.782300000000000000e+04
3.785500000000000000e+04
3.787100000000000000e+04
3.787900000000000000e+04
3.788300000000000000e+04
3.788600000000000000e+04
3.814300000000000000e+04
3.827100000000000000e+04
3.833500000000000000e+04
3.836700000000000000e+04
3.838300000000000000e+04
3.839100000000000000e+04
3.839500000000000000e+04
3.839700000000000000e+04
3.839800000000000000e+04
3.852700000000000000e+04
3.859100000000000000e+04
3.862300000000000000e+04
3.863900000000000000e+04
3.864700000000000000e+04
3.865100000000000000e+04
3.865300000000000000e+04
3.871900000000000000e+04
3.875100000000000000e+04
3.876700000000000000e+04
3.877500000000000000e+04
3.877900000000000000e+04
3.878100000000000000e+04
3.878200000000000000e+04
3.881500000000000000e+04
3.883100000000000000e+04
3.883900000000000000e+04
3.884300000000000000e+04
3.884500000000000000e+04
3.884600000000000000e+04
3.886300000000000000e+04
3.887100000000000000e+04
3.887500000000000000e+04
3.887700000000000000e+04
3.887800000000000000e+04
3.888700000000000000e+04
3.889100000000000000e+04
3.889300000000000000e+04
3.889400000000000000e+04
3.889900000000000000e+04
3.890100000000000000e+04
3.890200000000000000e+04
3.890500000000000000e+04
3.890600000000000000e+04
3.890800000000000000e+04
3.916700000000000000e+04
3.929500000000000000e+04
3.939100000000000000e+04
3.940700000000000000e+04
3.941500000000000000e+04
3.941900000000000000e+04
3.942100000000000000e+04
3.942200000000000000e+04
3.955100000000000000e+04
3.961500000000000000e+04
3.964700000000000000e+04
3.966300000000000000e+04
3.967100000000000000e+04
3.967500000000000000e+04
3.967700000000000000e+04
3.967800000000000000e+04
3.977500000000000000e+04
3.979100000000000000e+04
3.979900000000000000e+04
3.980300000000000000e+04
3.980500000000000000e+04
3.983900000000000000e+04
3.985500000000000000e+04
3.986300000000000000e+04
3.987000000000000000e+04
3.988700000000000000e+04
3.989500000000000000e+04
3.989900000000000000e+04
3.990100000000000000e+04
3.990200000000000000e+04
3.991100000000000000e+04
3.991500000000000000e+04
3.991700000000000000e+04
3.992300000000000000e+04
3.992500000000000000e+04
3.992600000000000000e+04
3.992900000000000000e+04
3.993000000000000000e+04
4.006300000000000000e+04
4.012700000000000000e+04
4.015900000000000000e+04
4.018300000000000000e+04
4.018700000000000000e+04
4.019000000000000000e+04
4.025500000000000000e+04
4.028700000000000000e+04
4.031100000000000000e+04
4.031500000000000000e+04
4.031800000000000000e+04
4.036700000000000000e+04
4.037500000000000000e+04
4.038200000000000000e+04
4.040700000000000000e+04
4.041100000000000000e+04
4.041300000000000000e+04
4.042700000000000000e+04
4.043000000000000000e+04
4.043500000000000000e+04
4.043700000000000000e+04
4.051100000000000000e+04
4.054300000000000000e+04
4.055900000000000000e+04
4.056700000000000000e+04
4.057100000000000000e+04
4.057300000000000000e+04
4.060700000000000000e+04
4.062300000000000000e+04
4.063100000000000000e+04
4.063500000000000000e+04
4.063800000000000000e+04
4.066700000000000000e+04
4.066900000000000000e+04
4.067000000000000000e+04
4.068300000000000000e+04
4.068600000000000000e+04
4.069100000000000000e+04
4.069400000000000000e+04
4.073500000000000000e+04
4.075100000000000000e+04
4.075900000000000000e+04
4.076300000000000000e+04
4.076600000000000000e+04
4.078300000000000000e+04
4.079100000000000000e+04
4.079500000000000000e+04
4.079800000000000000e+04
4.080700000000000000e+04
4.081100000000000000e+04
4.081900000000000000e+04
4.082100000000000000e+04
4.082800000000000000e+04
4.084700000000000000e+04
4.085900000000000000e+04
4.086100000000000000e+04
4.087500000000000000e+04
4.087800000000000000e+04
4.088300000000000000e+04
4.088900000000000000e+04
4.089000000000000000e+04
4.089200000000000000e+04
4.090700000000000000e+04
4.090900000000000000e+04
4.092100000000000000e+04
4.092200000000000000e+04
4.092400000000000000e+04
4.093100000000000000e+04
4.094500000000000000e+04
4.094600000000000000e+04
4.094800000000000000e+04
4.095200000000000000e+04
4.147100000000000000e+04
4.172700000000000000e+04
4.185500000000000000e+04
4.191900000000000000e+04
4.195100000000000000e+04
4.196700000000000000e+04
4.197500000000000000e+04
4.197900000000000000e+04
4.198100000000000000e+04
4.198200000000000000e+04
4.223900000000000000e+04
4.236700000000000000e+04
4.243100000000000000e+04
4.246300000000000000e+04
4.247900000000000000e+04
4.248700000000000000e+04
4.249100000000000000e+04
4.249300000000000000e+04
4.249400000000000000e+04
4.262300000000000000e+04
4.268700000000000000e+04
4.271900000000000000e+04
4.273500000000000000e+04
4.274300000000000000e+04
4.274700000000000000e+04
4.274900000000000000e+04
4.275000000000000000e+04
4.281500000000000000e+04
4.284700000000000000e+04
4.286300000000000000e+04
4.287100000000000000e+04
4.287500000000000000e+04
4.287700000000000000e+04
4.287800000000000000e+04
4.291100000000000000e+04
4.292700000000000000e+04
4.293500000000000000e+04
4.293900000000000000e+04
4.294100000000000000e+04
4.294200000000000000e+04
4.295900000000000000e+04
4.296700000000000000e+04
4.297100000000000000e+04
4.297300000000000000e+04
4.297400000000000000e+04
4.298300000000000000e+04
4.298700000000000000e+04
4.298900000000000000e+04
4.299000000000000000e+04
4.299500000000000000e+04
4.299700000000000000e+04
4.300100000000000000e+04
4.300200000000000000e+04
4.300400000000000000e+04
4.326300000000000000e+04
4.339100000000000000e+04
4.345500000000000000e+04
4.348700000000000000e+04
4.350300000000000000e+04
4.351100000000000000e+04
4.351500000000000000e+04
4.351700000000000000e+04
4.351800000000000000e+04
4.364700000000000000e+04
4.371100000000000000e+04
4.374300000000000000e+04
4.375900000000000000e+04
4.376700000000000000e+04
4.377100000000000000e+04
4.377300000000000000e+04
4.377400000000000000e+04
4.387100000000000000e+04
4.388700000000000000e+04
4.389500000000000000e+04
4.389900000000000000e+04
4.390100000000000000e+04
4.390200000000000000e+04
4.393500000000000000e+04
4.395900000000000000e+04
4.396300000000000000e+04
4.398300000000000000e+04
4.399100000000000000e+04
4.399500000000000000e+04
4.399700000000000000e+04
4.400700000000000000e+04
4.401100000000000000e+04
4.401300000000000000e+04
4.401900000000000000e+04
4.402100000000000000e+04
4.402200000000000000e+04
4.402500000000000000e+04
4.402800000000000000e+04
4.415900000000000000e+04
4.422300000000000000e+04
4.425500000000000000e+04
4.427100000000000000e+04
4.427900000000000000e+04
4.428300000000000000e+04
4.428600000000000000e+04
4.435100000000000000e+04
4.438300000000000000e+04
4.440700000000000000e+04
4.441100000000000000e+04
4.441400000000000000e+04
4.444700000000000000e+04
4.447100000000000000e+04
4.447500000000000000e+04
4.449500000000000000e+04
4.450300000000000000e+04
4.451000000000000000e+04
4.453100000000000000e+04
4.453300000000000000e+04
4.453400000000000000e+04
4.453800000000000000e+04
4.460700000000000000e+04
4.463900000000000000e+04
4.465500000000000000e+04
4.466300000000000000e+04
4.466700000000000000e+04
4.467000000000000000e+04
4.470300000000000000e+04
4.471900000000000000e+04
4.472700000000000000e+04
4.473100000000000000e+04
4.473300000000000000e+04
4.473400000000000000e+04
4.475100000000000000e+04
4.475900000000000000e+04
4.476300000000000000e+04
4.477900000000000000e+04
4.478700000000000000e+04
4.479300000000000000e+04
4.479400000000000000e+04
4.483100000000000000e+04
4.484700000000000000e+04
4.485500000000000000e+04
4.485900000000000000e+04
4.486200000000000000e+04
4.488700000000000000e+04
4.489100000000000000e+04
4.489300000000000000e+04
4.490300000000000000e+04
4.490700000000000000e+04
4.491500000000000000e+04
4.491800000000000000e+04
4.492100000000000000e+04
4.492200000000000000e+04
4.494300000000000000e+04
4.495100000000000000e+04
4.495500000000000000e+04
4.495700000000000000e+04
4.495800000000000000e+04
4.496700000000000000e+04
4.497100000000000000e+04
4.497400000000000000e+04
4.497900000000000000e+04
4.498100000000000000e+04
4.498200000000000000e+04
4.498500000000000000e+04
4.498600000000000000e+04
4.501400000000000000e+04
4.501800000000000000e+04
4.502900000000000000e+04
4.503600000000000000e+04
4.504400000000000000e+04
4.531100000000000000e+04
4.550300000000000000e+04
4.556300000000000000e+04
4.569500000000000000e+04
4.582200000000000000e+04
4.588700000000000000e+04
4.593500000000000000e+04
4.594300000000000000e+04
4.594700000000000000e+04
4.601300000000000000e+04
4.603900000000000000e+04
4.604300000000000000e+04
4.604500000000000000e+04
4.606200000000000000e+04
4.607000000000000000e+04
4.607600000000000000e+04
4.627100000000000000e+04
4.633300000000000000e+04
4.644700000000000000e+04
4.645500000000000000e+04
4.645900000000000000e+04
4.651100000000000000e+04
4.652500000000000000e+04
4.654300000000000000e+04
4.655500000000000000e+04
4.657100000000000000e+04
4.657300000000000000e+04
4.657400000000000000e+04
4.658800000000000000e+04
4.670300000000000000e+04
4.671700000000000000e+04
4.677500000000000000e+04
4.679900000000000000e+04
4.680700000000000000e+04
4.684200000000000000e+04
4.690300000000000000e+04
4.691000000000000000e+04
4.693500000000000000e+04
4.694100000000000000e+04
4.696300000000000000e+04
4.697200000000000000e+04
4.700300000000000000e+04
4.701500000000000000e+04
4.702200000000000000e+04
4.704700000000000000e+04
4.705900000000000000e+04
4.706600000000000000e+04
4.708100000000000000e+04
4.708900000000000000e+04
4.709200000000000000e+04
4.742300000000000000e+04
4.747900000000000000e+04
4.748500000000000000e+04
4.751900000000000000e+04
4.755000000000000000e+04
4.757900000000000000e+04
4.759100000000000000e+04
4.759500000000000000e+04
4.780300000000000000e+04
4.783500000000000000e+04
4.783800000000000000e+04
4.786800000000000000e+04
4.793400000000000000e+04
4.796300000000000000e+04
4.799600000000000000e+04
4.801500000000000000e+04
4.804600000000000000e+04
4.805700000000000000e+04
4.807700000000000000e+04
4.808900000000000000e+04
4.809000000000000000e+04
4.809200000000000000e+04
4.810600000000000000e+04
4.811600000000000000e+04
4.822300000000000000e+04
4.823900000000000000e+04
4.833500000000000000e+04
4.835000000000000000e+04
4.847500000000000000e+04
4.849100000000000000e+04
4.855500000000000000e+04
4.858900000000000000e+04
4.860400000000000000e+04
4.861300000000000000e+04
4.870200000000000000e+04
4.874900000000000000e+04
4.882600000000000000e+04
4.887400000000000000e+04
4.888200000000000000e+04
4.893500000000000000e+04
4.894200000000000000e+04
4.897100000000000000e+04
4.897400000000000000e+04
4.897900000000000000e+04
4.898200000000000000e+04
4.898500000000000000e+04
4.900900000000000000e+04
4.906100000000000000e+04
4.907400000000000000e+04
4.909100000000000000e+04
4.966300000000000000e+04
4.991900000000000000e+04
5.004700000000000000e+04
5.011100000000000000e+04
5.014300000000000000e+04
5.015900000000000000e+04
5.016700000000000000e+04
5.017100000000000000e+04
5.017300000000000000e+04
5.017400000000000000e+04
5.043100000000000000e+04
5.055900000000000000e+04
5.062300000000000000e+04
5.065500000000000000e+04
5.067100000000000000e+04
5.067900000000000000e+04
5.068300000000000000e+04
5.068500000000000000e+04
5.068600000000000000e+04
5.081500000000000000e+04
5.087900000000000000e+04
5.091100000000000000e+04
5.092700000000000000e+04
5.093500000000000000e+04
5.093900000000000000e+04
5.094100000000000000e+04
5.094200000000000000e+04
5.100700000000000000e+04
5.103900000000000000e+04
5.105500000000000000e+04
5.106300000000000000e+04
5.106700000000000000e+04
5.106900000000000000e+04
5.107000000000000000e+04
5.110300000000000000e+04
5.111900000000000000e+04
5.112700000000000000e+04
5.113100000000000000e+04
5.113300000000000000e+04
5.113400000000000000e+04
5.115100000000000000e+04
5.115900000000000000e+04
5.116300000000000000e+04
5.116500000000000000e+04
5.116600000000000000e+04
5.117500000000000000e+04
5.117900000000000000e+04
5.118100000000000000e+04
5.118200000000000000e+04
5.118700000000000000e+04
5.118900000000000000e+04
5.119000000000000000e+04
5.119300000000000000e+04
5.119400000000000000e+04
5.119600000000000000e+04
5.145500000000000000e+04
5.158300000000000000e+04
5.164700000000000000e+04
5.167900000000000000e+04
5.169500000000000000e+04
5.170300000000000000e+04
5.170700000000000000e+04
5.170900000000000000e+04
5.183900000000000000e+04
5.190300000000000000e+04
5.193500000000000000e+04
5.195100000000000000e+04
5.195900000000000000e+04
5.196300000000000000e+04
5.196500000000000000e+04
5.196600000000000000e+04
5.203100000000000000e+04
5.206300000000000000e+04
5.207900000000000000e+04
5.208700000000000000e+04
5.209100000000000000e+04
5.209300000000000000e+04
5.209400000000000000e+04
5.212700000000000000e+04
5.214300000000000000e+04
5.215100000000000000e+04
5.215500000000000000e+04
5.215800000000000000e+04
5.217500000000000000e+04
5.218300000000000000e+04
5.218700000000000000e+04
5.218900000000000000e+04
5.219000000000000000e+04
5.219900000000000000e+04
5.220300000000000000e+04
5.220500000000000000e+04
5.220600000000000000e+04
5.221100000000000000e+04
5.221300000000000000e+04
5.221400000000000000e+04
5.221700000000000000e+04
5.222000000000000000e+04
5.235100000000000000e+04
5.241500000000000000e+04
5.244700000000000000e+04
5.246300000000000000e+04
5.247100000000000000e+04
5.247500000000000000e+04
5.247700000000000000e+04
5.247800000000000000e+04
5.254300000000000000e+04
5.257500000000000000e+04
5.259100000000000000e+04
5.259900000000000000e+04
5.260300000000000000e+04
5.260500000000000000e+04
5.265500000000000000e+04
5.266300000000000000e+04
5.266700000000000000e+04
5.268700000000000000e+04
5.269500000000000000e+04
5.270100000000000000e+04
5.270200000000000000e+04
5.271100000000000000e+04
5.271500000000000000e+04
5.271800000000000000e+04
5.273000000000000000e+04
5.273200000000000000e+04
5.279900000000000000e+04
5.283100000000000000e+04
5.284700000000000000e+04
5.285500000000000000e+04
5.285900000000000000e+04
5.286100000000000000e+04
5.289500000000000000e+04
5.291100000000000000e+04
5.291900000000000000e+04
5.294300000000000000e+04
5.295100000000000000e+04
5.295500000000000000e+04
5.295700000000000000e+04
5.296700000000000000e+04
5.297100000000000000e+04
5.297300000000000000e+04
5.297400000000000000e+04
5.297900000000000000e+04
5.298100000000000000e+04
5.298500000000000000e+04
5.298600000000000000e+04
5.302300000000000000e+04
5.303900000000000000e+04
5.304700000000000000e+04
5.305100000000000000e+04
5.305300000000000000e+04
5.305400000000000000e+04
5.307100000000000000e+04
5.307900000000000000e+04
5.308300000000000000e+04
5.309500000000000000e+04
5.309900000000000000e+04
5.310100000000000000e+04
5.310700000000000000e+04
5.310900000000000000e+04
5.311300000000000000e+04
5.311400000000000000e+04
5.311600000000000000e+04
5.313500000000000000e+04
5.314300000000000000e+04
5.314700000000000000e+04
5.314900000000000000e+04
5.315900000000000000e+04
5.316300000000000000e+04
5.316500000000000000e+04
5.316600000000000000e+04
5.317300000000000000e+04
5.317400000000000000e+04
5.317800000000000000e+04
5.319100000000000000e+04
5.319500000000000000e+04
5.319700000000000000e+04
5.320300000000000000e+04
5.320600000000000000e+04
5.320900000000000000e+04
5.321000000000000000e+04
5.322800000000000000e+04
5.323300000000000000e+04
5.324000000000000000e+04
5.350300000000000000e+04
5.369500000000000000e+04
5.372700000000000000e+04
5.375100000000000000e+04
5.375500000000000000e+04
5.388700000000000000e+04
5.400700000000000000e+04
5.401400000000000000e+04
5.411100000000000000e+04
5.412700000000000000e+04
5.414100000000000000e+04
5.414200000000000000e+04
5.419100000000000000e+04
5.420300000000000000e+04
5.420500000000000000e+04
5.423100000000000000e+04
5.423500000000000000e+04
5.423800000000000000e+04
5.425400000000000000e+04
5.425900000000000000e+04
5.426100000000000000e+04
5.439900000000000000e+04
5.449500000000000000e+04
5.451100000000000000e+04
5.451900000000000000e+04
5.452600000000000000e+04
5.462300000000000000e+04
5.463900000000000000e+04
5.464700000000000000e+04
5.465100000000000000e+04
5.471100000000000000e+04
5.471500000000000000e+04
5.471700000000000000e+04
5.473500000000000000e+04
5.474700000000000000e+04
5.476600000000000000e+04
5.477100000000000000e+04
5.477300000000000000e+04
5.490300000000000000e+04
5.495900000000000000e+04
5.497100000000000000e+04
5.497400000000000000e+04
5.499100000000000000e+04
5.499900000000000000e+04
5.500300000000000000e+04
5.500500000000000000e+04
5.500600000000000000e+04
5.502100000000000000e+04
5.502900000000000000e+04
5.503300000000000000e+04
5.503600000000000000e+04
5.507100000000000000e+04
5.508700000000000000e+04
5.509500000000000000e+04
5.511900000000000000e+04
5.514300000000000000e+04
5.514700000000000000e+04
5.515500000000000000e+04
5.518300000000000000e+04
5.519500000000000000e+04
5.519700000000000000e+04
5.520700000000000000e+04
5.521300000000000000e+04
5.523900000000000000e+04
5.524300000000000000e+04
5.525100000000000000e+04
5.525400000000000000e+04
5.527300000000000000e+04
5.528200000000000000e+04
5.528800000000000000e+04
5.553500000000000000e+04
5.554300000000000000e+04
5.554700000000000000e+04
5.564700000000000000e+04
5.566300000000000000e+04
5.567100000000000000e+04
5.567700000000000000e+04
5.572700000000000000e+04
5.573500000000000000e+04
5.577100000000000000e+04
5.578300000000000000e+04
5.578900000000000000e+04
5.599500000000000000e+04
5.601500000000000000e+04
5.602700000000000000e+04
5.602900000000000000e+04
5.603000000000000000e+04
5.605100000000000000e+04
5.609500000000000000e+04
5.612600000000000000e+04
5.615100000000000000e+04
5.615700000000000000e+04
5.617900000000000000e+04
5.618100000000000000e+04
5.618600000000000000e+04
5.618800000000000000e+04
5.626700000000000000e+04
5.629300000000000000e+04
5.629400000000000000e+04
5.630500000000000000e+04
5.630600000000000000e+04
5.630800000000000000e+04
5.641500000000000000e+04
5.643100000000000000e+04
5.644500000000000000e+04
5.647900000000000000e+04
5.649500000000000000e+04
5.650300000000000000e+04
5.652700000000000000e+04
5.656600000000000000e+04
5.666300000000000000e+04
5.666700000000000000e+04
5.668500000000000000e+04
5.673100000000000000e+04
5.677900000000000000e+04
5.682400000000000000e+04
5.687900000000000000e+04
5.691100000000000000e+04
5.692300000000000000e+04
5.693500000000000000e+04
5.694200000000000000e+04
5.694700000000000000e+04
5.699900000000000000e+04
5.701700000000000000e+04
5.704600000000000000e+04
5.706600000000000000e+04
5.708000000000000000e+04
5.710300000000000000e+04
5.711700000000000000e+04
5.711800000000000000e+04
5.713400000000000000e+04
5.717300000000000000e+04
5.717400000000000000e+04
5.720400000000000000e+04
5.723800000000000000e+04
5.728900000000000000e+04
5.729200000000000000e+04
5.730400000000000000e+04
5.782300000000000000e+04
5.783900000000000000e+04
5.785300000000000000e+04
5.798300000000000000e+04
5.804700000000000000e+04
5.809500000000000000e+04
5.810900000000000000e+04
5.822300000000000000e+04
5.827100000000000000e+04
5.828700000000000000e+04
5.829500000000000000e+04
5.829900000000000000e+04
5.831900000000000000e+04
5.832700000000000000e+04
5.833100000000000000e+04
5.833400000000000000e+04
5.834700000000000000e+04
5.834900000000000000e+04
5.849500000000000000e+04
5.859100000000000000e+04
5.860700000000000000e+04
5.862100000000000000e+04
5.862200000000000000e+04
5.871900000000000000e+04
5.873500000000000000e+04
5.874300000000000000e+04
5.874900000000000000e+04
5.879900000000000000e+04
5.881300000000000000e+04
5.883100000000000000e+04
5.883900000000000000e+04
5.884300000000000000e+04
5.885500000000000000e+04
5.885900000000000000e+04
5.886100000000000000e+04
5.887400000000000000e+04
5.897500000000000000e+04
5.899100000000000000e+04
5.899900000000000000e+04
5.900300000000000000e+04
5.900500000000000000e+04
5.905500000000000000e+04
5.906900000000000000e+04
5.908700000000000000e+04
5.909900000000000000e+04
5.910100000000000000e+04
5.910200000000000000e+04
5.912500000000000000e+04
5.912600000000000000e+04
5.912900000000000000e+04
5.913000000000000000e+04
5.913200000000000000e+04
5.919100000000000000e+04
5.921500000000000000e+04
5.922700000000000000e+04
5.922900000000000000e+04
5.923900000000000000e+04
5.925800000000000000e+04
5.927900000000000000e+04
5.928700000000000000e+04
5.930300000000000000e+04
5.930700000000000000e+04
5.931000000000000000e+04
5.931500000000000000e+04
5.931700000000000000e+04
5.932400000000000000e+04
5.933500000000000000e+04
5.933900000000000000e+04
5.934100000000000000e+04
5.934200000000000000e+04
5.934700000000000000e+04
5.935000000000000000e+04
5.935300000000000000e+04
5.935400000000000000e+04
5.936900000000000000e+04
5.937200000000000000e+04
5.937700000000000000e+04
5.938000000000000000e+04
5.951900000000000000e+04
5.961500000000000000e+04
5.963100000000000000e+04
5.963900000000000000e+04
5.964300000000000000e+04
5.974300000000000000e+04
5.975900000000000000e+04
5.976700000000000000e+04
5.977100000000000000e+04
5.977300000000000000e+04
5.983500000000000000e+04
5.983700000000000000e+04
5.986700000000000000e+04
5.987000000000000000e+04
5.989400000000000000e+04
5.996700000000000000e+04
6.002300000000000000e+04
6.002700000000000000e+04
6.003000000000000000e+04
6.006300000000000000e+04
6.011100000000000000e+04
6.012600000000000000e+04
6.013500000000000000e+04
6.014900000000000000e+04
6.015400000000000000e+04
6.019100000000000000e+04
6.020700000000000000e+04
6.021900000000000000e+04
6.022100000000000000e+04
6.022200000000000000e+04
6.023900000000000000e+04
6.025100000000000000e+04
6.028200000000000000e+04
6.030300000000000000e+04
6.031700000000000000e+04
6.031800000000000000e+04
6.035900000000000000e+04
6.036500000000000000e+04
6.037400000000000000e+04
6.037700000000000000e+04
6.039400000000000000e+04
6.040100000000000000e+04
6.040200000000000000e+04
6.040800000000000000e+04
6.051100000000000000e+04
6.052700000000000000e+04
6.063500000000000000e+04
6.066100000000000000e+04
6.073100000000000000e+04
6.075900000000000000e+04
6.077900000000000000e+04
6.079300000000000000e+04
6.082900000000000000e+04
6.084500000000000000e+04
6.084600000000000000e+04
6.088300000000000000e+04
6.088500000000000000e+04
6.090800000000000000e+04
6.098300000000000000e+04
6.098700000000000000e+04
6.102200000000000000e+04
6.103700000000000000e+04
6.104600000000000000e+04
6.107100000000000000e+04
6.111600000000000000e+04
6.116900000000000000e+04
6.119900000000000000e+04
6.121100000000000000e+04
6.122300000000000000e+04
6.123000000000000000e+04
6.124400000000000000e+04
6.127600000000000000e+04
6.129000000000000000e+04
6.129700000000000000e+04
6.130400000000000000e+04
6.131900000000000000e+04
6.133100000000000000e+04
6.137900000000000000e+04
6.156700000000000000e+04
6.168700000000000000e+04
6.181500000000000000e+04
6.187900000000000000e+04
6.193400000000000000e+04
6.207500000000000000e+04
6.215900000000000000e+04
6.216700000000000000e+04
6.218300000000000000e+04
6.219800000000000000e+04
6.220100000000000000e+04
6.226700000000000000e+04
6.227000000000000000e+04
6.229500000000000000e+04
6.233200000000000000e+04
6.236600000000000000e+04
6.238700000000000000e+04
6.244400000000000000e+04
6.263900000000000000e+04
6.265400000000000000e+04
6.268600000000000000e+04
6.269500000000000000e+04
6.280700000000000000e+04
6.281300000000000000e+04
6.284100000000000000e+04
6.284400000000000000e+04
6.287800000000000000e+04
6.294700000000000000e+04
6.295000000000000000e+04
6.296200000000000000e+04
6.296800000000000000e+04
6.303100000000000000e+04
6.308600000000000000e+04
6.310000000000000000e+04
6.313100000000000000e+04
6.313300000000000000e+04
6.314700000000000000e+04
6.316400000000000000e+04
6.317500000000000000e+04
6.318100000000000000e+04
6.318900000000000000e+04
6.328900000000000000e+04
6.329000000000000000e+04
6.333100000000000000e+04
6.334800000000000000e+04
6.337300000000000000e+04
6.339800000000000000e+04
6.340100000000000000e+04
6.341200000000000000e+04
6.343300000000000000e+04
6.344100000000000000e+04
6.344200000000000000e+04
6.355100000000000000e+04
6.367100000000000000e+04
6.372600000000000000e+04
6.383800000000000000e+04
6.384700000000000000e+04
6.385100000000000000e+04
6.397800000000000000e+04
6.399200000000000000e+04
6.411000000000000000e+04
6.420600000000000000e+04
6.421300000000000000e+04
6.421700000000000000e+04
6.430700000000000000e+04
6.434100000000000000e+04
6.439500000000000000e+04
6.443300000000000000e+04
6.459100000000000000e+04
6.459900000000000000e+04
6.460600000000000000e+04
6.465500000000000000e+04
6.466900000000000000e+04
6.472300000000000000e+04
6.473000000000000000e+04
6.482200000000000000e+04
6.482800000000000000e+04
6.485300000000000000e+04
6.487600000000000000e+04
6.494500000000000000e+04
6.496300000000000000e+04
6.496500000000000000e+04
6.497800000000000000e+04
6.508200000000000000e+04
6.530500000000000000e+04
6.535300000000000000e+04
6.535400000000000000e+04
6.547400000000000000e+04
