5.110000000000000000e+02
7.670000000000000000e+02
8.950000000000000000e+02
9.590000000000000000e+02
9.910000000000000000e+02
1.007000000000000000e+03
1.015000000000000000e+03
1.019000000000000000e+03
1.021000000000000000e+03
1.022000000000000000e+03
1.279000000000000000e+03
1.407000000000000000e+03
1.471000000000000000e+03
1.503000000000000000e+03
1.519000000000000000e+03
1.527000000000000000e+03
1.531000000000000000e+03
1.533000000000000000e+03
1.534000000000000000e+03
1.663000000000000000e+03
1.727000000000000000e+03
1.759000000000000000e+03
1.775000000000000000e+03
1.783000000000000000e+03
1.787000000000000000e+03
1.789000000000000000e+03
1.790000000000000000e+03
1.855000000000000000e+03
1.887000000000000000e+03
1.903000000000000000e+03
1.911000000000000000e+03
1.915000000000000000e+03
1.917000000000000000e+03
1.918000000000000000e+03
1.951000000000000000e+03
1.967000000000000000e+03
1.975000000000000000e+03
1.979000000000000000e+03
1.981000000000000000e+03
1.982000000000000000e+03
1.999000000000000000e+03
2.007000000000000000e+03
2.011000000000000000e+03
2.013000000000000000e+03
2.014000000000000000e+03
2.023000000000000000e+03
2.027000000000000000e+03
2.029000000000000000e+03
2.030000000000000000e+03
2.035000000000000000e+03
2.037000000000000000e+03
2.038000000000000000e+03
2.041000000000000000e+03
2.042000000000000000e+03
2.044000000000000000e+03
2.303000000000000000e+03
2.431000000000000000e+03
2.495000000000000000e+03
2.527000000000000000e+03
2.543000000000000000e+03
2.551000000000000000e+03
2.555000000000000000e+03
2.557000000000000000e+03
2.558000000000000000e+03
2.687000000000000000e+03
2.751000000000000000e+03
2.783000000000000000e+03
2.799000000000000000e+03
2.807000000000000000e+03
2.811000000000000000e+03
2.813000000000000000e+03
2.814000000000000000e+03
2.879000000000000000e+03
2.911000000000000000e+03
2.927000000000000000e+03
2.935000000000000000e+03
2.939000000000000000e+03
2.941000000000000000e+03
2.942000000000000000e+03
2.975000000000000000e+03
2.991000000000000000e+03
2.999000000000000000e+03
3.003000000000000000e+03
3.005000000000000000e+03
3.006000000000000000e+03
3.023000000000000000e+03
3.031000000000000000e+03
3.035000000000000000e+03
3.037000000000000000e+03
3.047000000000000000e+03
3.051000000000000000e+03
3.053000000000000000e+03
3.059000000000000000e+03
3.061000000000000000e+03
3.062000000000000000e+03
3.065000000000000000e+03
3.066000000000000000e+03
3.068000000000000000e+03
3.199000000000000000e+03
3.263000000000000000e+03
3.295000000000000000e+03
3.311000000000000000e+03
3.319000000000000000e+03
3.323000000000000000e+03
3.325000000000000000e+03
3.326000000000000000e+03
3.391000000000000000e+03
3.423000000000000000e+03
3.439000000000000000e+03
3.447000000000000000e+03
3.451000000000000000e+03
3.453000000000000000e+03
3.454000000000000000e+03
3.487000000000000000e+03
3.503000000000000000e+03
3.511000000000000000e+03
3.515000000000000000e+03
3.517000000000000000e+03
3.518000000000000000e+03
3.535000000000000000e+03
3.543000000000000000e+03
3.547000000000000000e+03
3.549000000000000000e+03
3.559000000000000000e+03
3.563000000000000000e+03
3.565000000000000000e+03
3.566000000000000000e+03
3.573000000000000000e+03
3.577000000000000000e+03
3.578000000000000000e+03
3.707000000000000000e+03
3.709000000000000000e+03
3.773000000000000000e+03
3.774000000000000000e+03
3.791000000000000000e+03
3.833000000000000000e+03
3.834000000000000000e+03
3.836000000000000000e+03
3.895000000000000000e+03
3.949000000000000000e+03
3.955000000000000000e+03
3.962000000000000000e+03
3.964000000000000000e+03
3.995000000000000000e+03
4.019000000000000000e+03
4.028000000000000000e+03
4.039000000000000000e+03
4.045000000000000000e+03
4.057000000000000000e+03
4.069000000000000000e+03
4.073000000000000000e+03
4.081000000000000000e+03
4.088000000000000000e+03
4.351000000000000000e+03
4.479000000000000000e+03
4.543000000000000000e+03
4.575000000000000000e+03
4.591000000000000000e+03
4.599000000000000000e+03
4.603000000000000000e+03
4.605000000000000000e+03
4.606000000000000000e+03
4.735000000000000000e+03
4.799000000000000000e+03
4.831000000000000000e+03
4.847000000000000000e+03
4.855000000000000000e+03
4.859000000000000000e+03
4.861000000000000000e+03
4.862000000000000000e+03
4.927000000000000000e+03
4.959000000000000000e+03
4.975000000000000000e+03
4.983000000000000000e+03
4.987000000000000000e+03
4.989000000000000000e+03
4.990000000000000000e+03
5.023000000000000000e+03
5.039000000000000000e+03
5.047000000000000000e+03
5.051000000000000000e+03
5.053000000000000000e+03
5.054000000000000000e+03
5.071000000000000000e+03
5.079000000000000000e+03
5.083000000000000000e+03
5.085000000000000000e+03
5.086000000000000000e+03
5.095000000000000000e+03
5.099000000000000000e+03
5.101000000000000000e+03
5.107000000000000000e+03
5.109000000000000000e+03
5.110000000000000000e+03
5.113000000000000000e+03
5.247000000000000000e+03
5.311000000000000000e+03
5.343000000000000000e+03
5.359000000000000000e+03
5.367000000000000000e+03
5.371000000000000000e+03
5.373000000000000000e+03
5.374000000000000000e+03
5.439000000000000000e+03
5.471000000000000000e+03
5.487000000000000000e+03
5.495000000000000000e+03
5.499000000000000000e+03
5.501000000000000000e+03
5.502000000000000000e+03
5.535000000000000000e+03
5.551000000000000000e+03
5.559000000000000000e+03
5.563000000000000000e+03
5.565000000000000000e+03
5.566000000000000000e+03
5.583000000000000000e+03
5.591000000000000000e+03
5.595000000000000000e+03
5.597000000000000000e+03
5.598000000000000000e+03
5.607000000000000000e+03
5.611000000000000000e+03
5.613000000000000000e+03
5.614000000000000000e+03
5.619000000000000000e+03
5.621000000000000000e+03
5.622000000000000000e+03
5.625000000000000000e+03
5.628000000000000000e+03
5.743000000000000000e+03
5.870000000000000000e+03
5.877000000000000000e+03
5.949000000000000000e+03
5.967000000000000000e+03
5.979000000000000000e+03
5.981000000000000000e+03
6.003000000000000000e+03
6.009000000000000000e+03
6.010000000000000000e+03
6.039000000000000000e+03
6.046000000000000000e+03
6.061000000000000000e+03
6.074000000000000000e+03
6.091000000000000000e+03
6.102000000000000000e+03
6.108000000000000000e+03
6.117000000000000000e+03
6.132000000000000000e+03
6.271000000000000000e+03
6.335000000000000000e+03
6.367000000000000000e+03
6.383000000000000000e+03
6.391000000000000000e+03
6.395000000000000000e+03
6.397000000000000000e+03
6.463000000000000000e+03
6.495000000000000000e+03
6.511000000000000000e+03
6.519000000000000000e+03
6.523000000000000000e+03
6.525000000000000000e+03
6.526000000000000000e+03
6.559000000000000000e+03
6.575000000000000000e+03
6.583000000000000000e+03
6.587000000000000000e+03
6.589000000000000000e+03
6.590000000000000000e+03
6.607000000000000000e+03
6.615000000000000000e+03
6.619000000000000000e+03
6.621000000000000000e+03
6.622000000000000000e+03
6.631000000000000000e+03
6.635000000000000000e+03
6.637000000000000000e+03
6.643000000000000000e+03
6.645000000000000000e+03
6.646000000000000000e+03
6.649000000000000000e+03
6.650000000000000000e+03
6.652000000000000000e+03
6.719000000000000000e+03
6.751000000000000000e+03
6.779000000000000000e+03
6.815000000000000000e+03
6.845000000000000000e+03
6.863000000000000000e+03
6.878000000000000000e+03
6.901000000000000000e+03
6.906000000000000000e+03
6.967000000000000000e+03
6.973000000000000000e+03
7.021000000000000000e+03
7.055000000000000000e+03
7.125000000000000000e+03
7.129000000000000000e+03
7.139000000000000000e+03
7.148000000000000000e+03
7.160000000000000000e+03
7.263000000000000000e+03
7.387000000000000000e+03
7.405000000000000000e+03
7.414000000000000000e+03
7.485000000000000000e+03
7.511000000000000000e+03
7.515000000000000000e+03
7.527000000000000000e+03
7.541000000000000000e+03
7.598000000000000000e+03
7.609000000000000000e+03
7.629000000000000000e+03
7.642000000000000000e+03
7.666000000000000000e+03
7.668000000000000000e+03
7.767000000000000000e+03
7.783000000000000000e+03
7.913000000000000000e+03
8.007000000000000000e+03
8.019000000000000000e+03
8.077000000000000000e+03
8.447000000000000000e+03
8.575000000000000000e+03
8.639000000000000000e+03
8.671000000000000000e+03
8.687000000000000000e+03
8.695000000000000000e+03
8.699000000000000000e+03
8.701000000000000000e+03
8.702000000000000000e+03
8.831000000000000000e+03
8.895000000000000000e+03
8.927000000000000000e+03
8.943000000000000000e+03
8.951000000000000000e+03
8.955000000000000000e+03
8.957000000000000000e+03
8.958000000000000000e+03
9.023000000000000000e+03
9.055000000000000000e+03
9.071000000000000000e+03
9.079000000000000000e+03
9.083000000000000000e+03
9.085000000000000000e+03
9.119000000000000000e+03
9.135000000000000000e+03
9.143000000000000000e+03
9.147000000000000000e+03
9.149000000000000000e+03
9.167000000000000000e+03
9.175000000000000000e+03
9.179000000000000000e+03
9.181000000000000000e+03
9.191000000000000000e+03
9.195000000000000000e+03
9.197000000000000000e+03
9.203000000000000000e+03
9.205000000000000000e+03
9.209000000000000000e+03
9.212000000000000000e+03
9.343000000000000000e+03
9.407000000000000000e+03
9.439000000000000000e+03
9.455000000000000000e+03
9.463000000000000000e+03
9.467000000000000000e+03
9.469000000000000000e+03
9.535000000000000000e+03
9.567000000000000000e+03
9.583000000000000000e+03
9.591000000000000000e+03
9.595000000000000000e+03
9.597000000000000000e+03
9.598000000000000000e+03
9.631000000000000000e+03
9.647000000000000000e+03
9.655000000000000000e+03
9.659000000000000000e+03
9.661000000000000000e+03
9.662000000000000000e+03
9.679000000000000000e+03
9.687000000000000000e+03
9.691000000000000000e+03
9.693000000000000000e+03
9.694000000000000000e+03
9.703000000000000000e+03
9.707000000000000000e+03
9.709000000000000000e+03
9.710000000000000000e+03
9.715000000000000000e+03
9.717000000000000000e+03
9.721000000000000000e+03
9.722000000000000000e+03
9.839000000000000000e+03
9.847000000000000000e+03
9.853000000000000000e+03
9.917000000000000000e+03
9.918000000000000000e+03
9.935000000000000000e+03
9.943000000000000000e+03
9.959000000000000000e+03
9.973000000000000000e+03
1.004500000000000000e+04
1.007100000000000000e+04
1.007800000000000000e+04
1.009100000000000000e+04
1.009300000000000000e+04
1.010100000000000000e+04
1.010500000000000000e+04
1.012700000000000000e+04
1.013900000000000000e+04
1.014100000000000000e+04
1.019500000000000000e+04
1.019800000000000000e+04
1.021700000000000000e+04
1.022800000000000000e+04
1.036700000000000000e+04
1.043100000000000000e+04
1.046300000000000000e+04
1.047900000000000000e+04
1.048700000000000000e+04
1.049100000000000000e+04
1.049300000000000000e+04
1.049400000000000000e+04
1.055900000000000000e+04
1.059100000000000000e+04
1.060700000000000000e+04
1.061500000000000000e+04
1.061900000000000000e+04
1.062100000000000000e+04
1.065500000000000000e+04
1.067100000000000000e+04
1.067900000000000000e+04
1.068300000000000000e+04
1.068500000000000000e+04
1.068600000000000000e+04
1.070300000000000000e+04
1.071100000000000000e+04
1.071500000000000000e+04
1.071700000000000000e+04
1.071800000000000000e+04
1.072700000000000000e+04
1.073100000000000000e+04
1.073300000000000000e+04
1.073900000000000000e+04
1.074100000000000000e+04
1.074200000000000000e+04
1.074500000000000000e+04
1.081500000000000000e+04
1.093500000000000000e+04
1.094100000000000000e+04
1.098300000000000000e+04
1.100100000000000000e+04
1.100400000000000000e+04
1.109900000000000000e+04
1.111100000000000000e+04
1.111800000000000000e+04
1.112600000000000000e+04
1.112900000000000000e+04
1.116600000000000000e+04
1.117500000000000000e+04
1.119000000000000000e+04
1.119600000000000000e+04
1.120700000000000000e+04
1.121400000000000000e+04
1.125600000000000000e+04
1.138300000000000000e+04
1.138900000000000000e+04
1.145100000000000000e+04
1.147100000000000000e+04
1.148500000000000000e+04
1.151400000000000000e+04
1.156700000000000000e+04
1.157500000000000000e+04
1.157900000000000000e+04
1.164100000000000000e+04
1.166300000000000000e+04
1.172300000000000000e+04
1.175300000000000000e+04
1.201700000000000000e+04
1.213700000000000000e+04
1.224100000000000000e+04
1.241500000000000000e+04
1.247900000000000000e+04
1.251100000000000000e+04
1.252700000000000000e+04
1.253500000000000000e+04
1.253900000000000000e+04
1.254100000000000000e+04
1.254200000000000000e+04
1.260700000000000000e+04
1.263900000000000000e+04
1.265500000000000000e+04
1.266300000000000000e+04
1.266700000000000000e+04
1.266900000000000000e+04
1.270300000000000000e+04
1.271900000000000000e+04
1.272700000000000000e+04
1.273100000000000000e+04
1.273300000000000000e+04
1.273400000000000000e+04
1.275100000000000000e+04
1.275900000000000000e+04
1.276300000000000000e+04
1.276500000000000000e+04
1.276600000000000000e+04
1.277500000000000000e+04
1.277900000000000000e+04
1.278100000000000000e+04
1.278200000000000000e+04
1.278700000000000000e+04
1.278900000000000000e+04
1.279300000000000000e+04
1.279400000000000000e+04
1.279600000000000000e+04
1.291100000000000000e+04
1.291900000000000000e+04
1.298300000000000000e+04
1.302100000000000000e+04
1.304500000000000000e+04
1.304600000000000000e+04
1.308700000000000000e+04
1.310300000000000000e+04
1.314900000000000000e+04
1.315000000000000000e+04
1.317700000000000000e+04
1.321400000000000000e+04
1.326200000000000000e+04
1.327400000000000000e+04
1.328500000000000000e+04
1.329700000000000000e+04
1.343700000000000000e+04
1.351900000000000000e+04
1.355500000000000000e+04
1.356100000000000000e+04
1.359900000000000000e+04
1.361500000000000000e+04
1.362900000000000000e+04
1.367100000000000000e+04
1.367700000000000000e+04
1.375300000000000000e+04
1.375400000000000000e+04
1.375600000000000000e+04
1.377900000000000000e+04
1.378100000000000000e+04
1.380900000000000000e+04
1.394800000000000000e+04
1.400900000000000000e+04
1.403000000000000000e+04
1.403800000000000000e+04
1.407200000000000000e+04
1.412300000000000000e+04
1.419400000000000000e+04
1.423000000000000000e+04
1.428900000000000000e+04
1.439900000000000000e+04
1.445500000000000000e+04
1.445900000000000000e+04
1.456700000000000000e+04
1.457100000000000000e+04
1.457300000000000000e+04
1.462300000000000000e+04
1.464700000000000000e+04
1.465100000000000000e+04
1.467100000000000000e+04
1.469900000000000000e+04
1.470900000000000000e+04
1.475900000000000000e+04
1.476500000000000000e+04
1.479700000000000000e+04
1.481900000000000000e+04
1.483600000000000000e+04
1.495800000000000000e+04
1.503600000000000000e+04
1.511900000000000000e+04
1.513100000000000000e+04
1.515700000000000000e+04
1.520500000000000000e+04
1.524600000000000000e+04
1.545100000000000000e+04
1.557400000000000000e+04
1.567000000000000000e+04
1.614100000000000000e+04
1.617800000000000000e+04
1.663900000000000000e+04
1.676700000000000000e+04
1.683100000000000000e+04
1.686300000000000000e+04
1.687900000000000000e+04
1.688700000000000000e+04
1.689100000000000000e+04
1.689300000000000000e+04
1.689400000000000000e+04
1.702300000000000000e+04
1.708700000000000000e+04
1.711900000000000000e+04
1.713500000000000000e+04
1.714300000000000000e+04
1.714700000000000000e+04
1.714900000000000000e+04
1.715000000000000000e+04
1.721500000000000000e+04
1.724700000000000000e+04
1.726300000000000000e+04
1.727100000000000000e+04
1.727500000000000000e+04
1.727700000000000000e+04
1.727800000000000000e+04
1.731100000000000000e+04
1.732700000000000000e+04
1.733500000000000000e+04
1.733900000000000000e+04
1.734100000000000000e+04
1.734200000000000000e+04
1.735900000000000000e+04
1.736700000000000000e+04
1.737100000000000000e+04
1.737300000000000000e+04
1.737400000000000000e+04
1.738300000000000000e+04
1.738700000000000000e+04
1.738900000000000000e+04
1.739000000000000000e+04
1.739500000000000000e+04
1.739700000000000000e+04
1.739800000000000000e+04
1.740100000000000000e+04
1.740200000000000000e+04
1.740400000000000000e+04
1.753500000000000000e+04
1.759900000000000000e+04
1.763100000000000000e+04
1.764700000000000000e+04
1.765500000000000000e+04
1.765900000000000000e+04
1.766100000000000000e+04
1.766200000000000000e+04
1.772700000000000000e+04
1.775900000000000000e+04
1.777500000000000000e+04
1.778300000000000000e+04
1.778700000000000000e+04
1.778900000000000000e+04
1.782300000000000000e+04
1.783900000000000000e+04
1.784700000000000000e+04
1.785100000000000000e+04
1.785300000000000000e+04
1.785400000000000000e+04
1.787100000000000000e+04
1.787900000000000000e+04
1.788300000000000000e+04
1.788500000000000000e+04
1.789500000000000000e+04
1.789900000000000000e+04
1.790100000000000000e+04
1.790700000000000000e+04
1.790900000000000000e+04
1.791000000000000000e+04
1.791300000000000000e+04
1.791400000000000000e+04
1.791600000000000000e+04
1.798300000000000000e+04
1.801500000000000000e+04
1.803100000000000000e+04
1.804500000000000000e+04
1.810300000000000000e+04
1.813500000000000000e+04
1.814100000000000000e+04
1.816900000000000000e+04
1.817200000000000000e+04
1.828500000000000000e+04
1.828600000000000000e+04
1.829100000000000000e+04
1.830000000000000000e+04
1.831900000000000000e+04
1.833300000000000000e+04
1.833400000000000000e+04
1.835500000000000000e+04
1.836100000000000000e+04
1.839000000000000000e+04
1.841700000000000000e+04
1.842000000000000000e+04
1.855900000000000000e+04
1.862300000000000000e+04
1.865500000000000000e+04
1.867100000000000000e+04
1.867900000000000000e+04
1.868300000000000000e+04
1.868500000000000000e+04
1.868600000000000000e+04
1.875100000000000000e+04
1.878300000000000000e+04
1.879900000000000000e+04
1.880700000000000000e+04
1.881100000000000000e+04
1.881300000000000000e+04
1.881400000000000000e+04
1.884700000000000000e+04
1.886300000000000000e+04
1.887100000000000000e+04
1.887500000000000000e+04
1.887700000000000000e+04
1.887800000000000000e+04
1.889500000000000000e+04
1.890300000000000000e+04
1.890700000000000000e+04
1.890900000000000000e+04
1.891900000000000000e+04
1.892300000000000000e+04
1.892500000000000000e+04
1.892600000000000000e+04
1.893100000000000000e+04
1.893300000000000000e+04
1.893400000000000000e+04
1.893700000000000000e+04
1.893800000000000000e+04
1.906700000000000000e+04
1.906900000000000000e+04
1.907000000000000000e+04
1.915100000000000000e+04
1.926100000000000000e+04
1.931800000000000000e+04
1.942000000000000000e+04
1.942700000000000000e+04
1.942900000000000000e+04
1.944100000000000000e+04
1.944800000000000000e+04
1.951900000000000000e+04
1.958100000000000000e+04
1.964300000000000000e+04
1.964500000000000000e+04
1.967500000000000000e+04
1.967800000000000000e+04
1.970100000000000000e+04
1.970500000000000000e+04
1.970800000000000000e+04
1.974300000000000000e+04
1.977100000000000000e+04
1.979100000000000000e+04
1.983000000000000000e+04
1.983600000000000000e+04
1.988300000000000000e+04
1.989300000000000000e+04
1.992300000000000000e+04
1.992500000000000000e+04
1.996000000000000000e+04
2.001500000000000000e+04
2.014100000000000000e+04
2.036500000000000000e+04
2.043600000000000000e+04
2.045600000000000000e+04
2.060700000000000000e+04
2.067100000000000000e+04
2.070300000000000000e+04
2.071900000000000000e+04
2.072700000000000000e+04
2.073100000000000000e+04
2.073300000000000000e+04
2.073400000000000000e+04
2.079900000000000000e+04
2.083100000000000000e+04
2.084700000000000000e+04
2.085500000000000000e+04
2.085900000000000000e+04
2.086100000000000000e+04
2.086200000000000000e+04
2.089500000000000000e+04
2.091100000000000000e+04
2.091900000000000000e+04
2.092300000000000000e+04
2.092500000000000000e+04
2.092600000000000000e+04
2.094300000000000000e+04
2.095100000000000000e+04
2.095500000000000000e+04
2.095700000000000000e+04
2.095800000000000000e+04
2.096700000000000000e+04
2.097100000000000000e+04
2.097300000000000000e+04
2.097400000000000000e+04
2.097900000000000000e+04
2.098100000000000000e+04
2.098500000000000000e+04
2.111700000000000000e+04
2.115100000000000000e+04
2.116700000000000000e+04
2.122700000000000000e+04
2.133500000000000000e+04
2.143400000000000000e+04
2.145100000000000000e+04
2.145400000000000000e+04
2.146200000000000000e+04
2.147700000000000000e+04
2.148400000000000000e+04
2.171900000000000000e+04
2.175400000000000000e+04
2.181900000000000000e+04
2.186700000000000000e+04
2.188400000000000000e+04
2.192700000000000000e+04
2.193100000000000000e+04
2.197300000000000000e+04
2.197400000000000000e+04
2.198700000000000000e+04
2.199300000000000000e+04
2.213100000000000000e+04
2.214000000000000000e+04
2.222900000000000000e+04
2.226400000000000000e+04
2.244200000000000000e+04
2.244400000000000000e+04
2.265300000000000000e+04
2.274300000000000000e+04
2.277100000000000000e+04
2.277400000000000000e+04
2.278000000000000000e+04
2.288700000000000000e+04
2.289300000000000000e+04
2.290100000000000000e+04
2.300100000000000000e+04
2.301700000000000000e+04
2.302600000000000000e+04
2.322500000000000000e+04
2.327400000000000000e+04
2.333500000000000000e+04
2.349100000000000000e+04
2.367600000000000000e+04
2.373800000000000000e+04
2.376500000000000000e+04
2.376900000000000000e+04
2.377900000000000000e+04
2.379400000000000000e+04
2.380000000000000000e+04
2.382300000000000000e+04
2.385900000000000000e+04
2.388500000000000000e+04
2.391400000000000000e+04
2.402000000000000000e+04
2.416900000000000000e+04
2.422000000000000000e+04
2.424200000000000000e+04
2.439600000000000000e+04
2.470300000000000000e+04
2.476700000000000000e+04
2.479900000000000000e+04
2.481500000000000000e+04
2.482300000000000000e+04
2.482700000000000000e+04
2.482900000000000000e+04
2.483000000000000000e+04
2.489500000000000000e+04
2.492700000000000000e+04
2.494300000000000000e+04
2.495100000000000000e+04
2.495500000000000000e+04
2.495700000000000000e+04
2.495800000000000000e+04
2.499100000000000000e+04
2.500700000000000000e+04
2.501500000000000000e+04
2.501900000000000000e+04
2.502100000000000000e+04
2.502200000000000000e+04
2.503900000000000000e+04
2.504700000000000000e+04
2.505100000000000000e+04
2.505300000000000000e+04
2.505400000000000000e+04
2.506300000000000000e+04
2.506700000000000000e+04
2.506900000000000000e+04
2.507000000000000000e+04
2.507500000000000000e+04
2.507700000000000000e+04
2.507800000000000000e+04
2.508100000000000000e+04
2.508200000000000000e+04
2.508400000000000000e+04
2.527100000000000000e+04
2.527800000000000000e+04
2.531900000000000000e+04
2.532500000000000000e+04
2.539900000000000000e+04
2.543700000000000000e+04
2.546200000000000000e+04
2.551700000000000000e+04
2.552500000000000000e+04
2.556200000000000000e+04
2.572500000000000000e+04
2.581900000000000000e+04
2.583800000000000000e+04
2.585200000000000000e+04
2.588700000000000000e+04
2.591100000000000000e+04
2.591500000000000000e+04
2.591800000000000000e+04
2.594700000000000000e+04
2.596500000000000000e+04
2.603500000000000000e+04
2.606200000000000000e+04
2.606900000000000000e+04
2.607300000000000000e+04
2.607400000000000000e+04
2.608600000000000000e+04
2.609000000000000000e+04
2.621900000000000000e+04
2.633900000000000000e+04
2.642600000000000000e+04
2.648100000000000000e+04
2.655200000000000000e+04
2.656500000000000000e+04
2.656600000000000000e+04
2.674700000000000000e+04
2.680700000000000000e+04
2.686200000000000000e+04
2.695900000000000000e+04
2.700100000000000000e+04
2.700200000000000000e+04
2.702300000000000000e+04
2.703500000000000000e+04
2.703800000000000000e+04
2.704700000000000000e+04
2.705900000000000000e+04
2.706500000000000000e+04
2.709800000000000000e+04
2.710700000000000000e+04
2.711300000000000000e+04
2.712100000000000000e+04
2.712400000000000000e+04
2.725300000000000000e+04
2.731500000000000000e+04
2.733500000000000000e+04
2.734700000000000000e+04
2.735600000000000000e+04
2.747000000000000000e+04
2.753100000000000000e+04
2.755700000000000000e+04
2.758900000000000000e+04
2.762400000000000000e+04
2.782200000000000000e+04
2.786100000000000000e+04
2.810500000000000000e+04
2.811300000000000000e+04
2.851600000000000000e+04
2.864000000000000000e+04
2.879500000000000000e+04
2.885500000000000000e+04
2.885900000000000000e+04
2.886100000000000000e+04
2.886200000000000000e+04
2.887900000000000000e+04
2.889100000000000000e+04
2.890300000000000000e+04
2.895900000000000000e+04
2.898900000000000000e+04
2.903800000000000000e+04
2.904500000000000000e+04
2.904900000000000000e+04
2.905000000000000000e+04
2.910900000000000000e+04
2.911600000000000000e+04
2.912700000000000000e+04
2.913100000000000000e+04
2.914100000000000000e+04
2.914200000000000000e+04
2.914500000000000000e+04
2.915500000000000000e+04
2.916200000000000000e+04
2.916400000000000000e+04
2.916900000000000000e+04
2.917200000000000000e+04
2.924300000000000000e+04
2.928700000000000000e+04
2.933900000000000000e+04
2.934200000000000000e+04
2.936900000000000000e+04
2.939800000000000000e+04
2.941100000000000000e+04
2.943200000000000000e+04
2.948500000000000000e+04
2.952500000000000000e+04
2.954500000000000000e+04
2.962400000000000000e+04
2.965200000000000000e+04
2.966500000000000000e+04
2.980500000000000000e+04
2.982000000000000000e+04
2.988100000000000000e+04
2.988400000000000000e+04
2.991000000000000000e+04
3.000500000000000000e+04
3.001000000000000000e+04
3.002700000000000000e+04
3.011500000000000000e+04
3.029800000000000000e+04
3.042400000000000000e+04
3.049200000000000000e+04
3.068800000000000000e+04
3.080700000000000000e+04
3.081400000000000000e+04
3.084200000000000000e+04
3.090500000000000000e+04
3.091900000000000000e+04
3.092500000000000000e+04
3.106800000000000000e+04
3.111100000000000000e+04
3.111800000000000000e+04
3.150900000000000000e+04
3.188500000000000000e+04
3.219300000000000000e+04
3.302300000000000000e+04
3.315100000000000000e+04
3.321500000000000000e+04
3.324700000000000000e+04
3.326300000000000000e+04
3.327100000000000000e+04
3.327500000000000000e+04
3.327700000000000000e+04
3.327800000000000000e+04
3.340700000000000000e+04
3.347100000000000000e+04
3.350300000000000000e+04
3.351900000000000000e+04
3.352700000000000000e+04
3.353100000000000000e+04
3.353300000000000000e+04
3.353400000000000000e+04
3.359900000000000000e+04
3.363100000000000000e+04
3.364700000000000000e+04
3.365500000000000000e+04
3.365900000000000000e+04
3.366100000000000000e+04
3.369500000000000000e+04
3.371100000000000000e+04
3.371900000000000000e+04
3.372300000000000000e+04
3.372500000000000000e+04
3.372600000000000000e+04
3.374300000000000000e+04
3.375100000000000000e+04
3.375500000000000000e+04
3.375700000000000000e+04
3.375800000000000000e+04
3.376700000000000000e+04
3.377100000000000000e+04
3.377300000000000000e+04
3.377400000000000000e+04
3.377900000000000000e+04
3.378100000000000000e+04
3.378200000000000000e+04
3.378500000000000000e+04
3.378800000000000000e+04
3.391900000000000000e+04
3.398300000000000000e+04
3.401500000000000000e+04
3.403100000000000000e+04
3.403900000000000000e+04
3.404300000000000000e+04
3.404500000000000000e+04
3.404600000000000000e+04
3.411100000000000000e+04
3.414300000000000000e+04
3.415900000000000000e+04
3.416700000000000000e+04
3.417100000000000000e+04
3.417300000000000000e+04
3.417400000000000000e+04
3.420700000000000000e+04
3.422300000000000000e+04
3.423100000000000000e+04
3.423500000000000000e+04
3.423700000000000000e+04
3.423800000000000000e+04
3.425500000000000000e+04
3.426300000000000000e+04
3.426700000000000000e+04
3.426900000000000000e+04
3.427000000000000000e+04
3.427900000000000000e+04
3.428300000000000000e+04
3.428500000000000000e+04
3.428600000000000000e+04
3.429100000000000000e+04
3.429300000000000000e+04
3.429400000000000000e+04
3.429700000000000000e+04
3.429800000000000000e+04
3.430000000000000000e+04
3.441500000000000000e+04
3.442700000000000000e+04
3.442900000000000000e+04
3.449300000000000000e+04
3.449400000000000000e+04
3.451100000000000000e+04
3.451900000000000000e+04
3.452300000000000000e+04
3.453900000000000000e+04
3.454200000000000000e+04
3.454700000000000000e+04
3.455300000000000000e+04
3.462200000000000000e+04
3.465100000000000000e+04
3.465300000000000000e+04
3.466300000000000000e+04
3.468100000000000000e+04
3.472700000000000000e+04
3.474800000000000000e+04
3.479000000000000000e+04
3.480400000000000000e+04
3.494300000000000000e+04
3.500700000000000000e+04
3.503900000000000000e+04
3.505500000000000000e+04
3.506300000000000000e+04
3.506700000000000000e+04
3.506900000000000000e+04
3.507000000000000000e+04
3.513500000000000000e+04
3.516700000000000000e+04
3.518300000000000000e+04
3.519100000000000000e+04
3.519500000000000000e+04
3.519700000000000000e+04
3.519800000000000000e+04
3.523100000000000000e+04
3.524700000000000000e+04
3.525500000000000000e+04
3.525900000000000000e+04
3.526100000000000000e+04
3.526200000000000000e+04
3.527900000000000000e+04
3.528700000000000000e+04
3.529100000000000000e+04
3.529300000000000000e+04
3.529400000000000000e+04
3.530300000000000000e+04
3.530700000000000000e+04
3.530900000000000000e+04
3.531000000000000000e+04
3.531500000000000000e+04
3.531700000000000000e+04
3.531800000000000000e+04
3.532100000000000000e+04
3.532200000000000000e+04
3.532400000000000000e+04
3.545100000000000000e+04
3.545300000000000000e+04
3.551500000000000000e+04
3.556500000000000000e+04
3.557300000000000000e+04
3.557700000000000000e+04
3.569100000000000000e+04
3.570100000000000000e+04
3.570200000000000000e+04
3.570800000000000000e+04
3.576900000000000000e+04
3.577000000000000000e+04
3.582600000000000000e+04
3.583200000000000000e+04
3.596500000000000000e+04
3.605900000000000000e+04
3.607700000000000000e+04
3.608500000000000000e+04
3.614300000000000000e+04
3.615500000000000000e+04
3.615800000000000000e+04
3.621400000000000000e+04
3.625300000000000000e+04
3.627000000000000000e+04
3.628100000000000000e+04
3.628200000000000000e+04
3.630900000000000000e+04
3.632300000000000000e+04
3.632500000000000000e+04
3.632900000000000000e+04
3.634000000000000000e+04
3.646100000000000000e+04
3.653400000000000000e+04
3.656600000000000000e+04
3.656900000000000000e+04
3.657000000000000000e+04
3.659300000000000000e+04
3.665900000000000000e+04
3.666500000000000000e+04
3.668500000000000000e+04
3.669300000000000000e+04
3.669700000000000000e+04
3.677300000000000000e+04
3.699100000000000000e+04
3.705500000000000000e+04
3.708700000000000000e+04
3.710300000000000000e+04
3.711100000000000000e+04
3.711500000000000000e+04
3.711700000000000000e+04
3.711800000000000000e+04
3.718300000000000000e+04
3.721500000000000000e+04
3.723100000000000000e+04
3.723900000000000000e+04
3.724300000000000000e+04
3.724500000000000000e+04
3.724600000000000000e+04
3.727900000000000000e+04
3.729500000000000000e+04
3.730300000000000000e+04
3.730700000000000000e+04
3.730900000000000000e+04
3.731000000000000000e+04
3.732700000000000000e+04
3.733500000000000000e+04
3.733900000000000000e+04
3.734100000000000000e+04
3.735100000000000000e+04
3.735500000000000000e+04
3.735700000000000000e+04
3.735800000000000000e+04
3.736300000000000000e+04
3.736500000000000000e+04
3.736600000000000000e+04
3.736900000000000000e+04
3.748700000000000000e+04
3.749500000000000000e+04
3.749900000000000000e+04
3.756500000000000000e+04
3.759500000000000000e+04
3.759700000000000000e+04
3.766300000000000000e+04
3.768700000000000000e+04
3.769100000000000000e+04
3.778700000000000000e+04
3.780500000000000000e+04
3.780600000000000000e+04
3.782000000000000000e+04
3.785000000000000000e+04
3.786100000000000000e+04
3.786500000000000000e+04
3.798300000000000000e+04
3.800700000000000000e+04
3.807500000000000000e+04
3.812500000000000000e+04
3.813400000000000000e+04
3.819900000000000000e+04
3.820600000000000000e+04
3.822300000000000000e+04
3.823700000000000000e+04
3.824700000000000000e+04
3.829900000000000000e+04
3.832300000000000000e+04
3.832900000000000000e+04
3.836100000000000000e+04
3.836400000000000000e+04
3.837400000000000000e+04
3.838000000000000000e+04
3.838800000000000000e+04
3.851800000000000000e+04
3.852100000000000000e+04
3.857900000000000000e+04
3.877200000000000000e+04
3.880900000000000000e+04
3.911900000000000000e+04
3.913100000000000000e+04
3.916200000000000000e+04
3.919900000000000000e+04
3.921500000000000000e+04
3.922300000000000000e+04
3.934100000000000000e+04
3.934900000000000000e+04
3.937300000000000000e+04
3.937400000000000000e+04
3.938500000000000000e+04
3.940100000000000000e+04
3.941200000000000000e+04
3.947100000000000000e+04
3.948300000000000000e+04
3.954200000000000000e+04
3.954500000000000000e+04
3.963500000000000000e+04
3.964100000000000000e+04
3.965300000000000000e+04
4.010700000000000000e+04
4.024900000000000000e+04
4.028100000000000000e+04
4.088000000000000000e+04
4.108700000000000000e+04
4.115100000000000000e+04
4.118300000000000000e+04
4.119900000000000000e+04
4.120700000000000000e+04
4.121100000000000000e+04
4.121300000000000000e+04
4.121400000000000000e+04
4.127900000000000000e+04
4.131100000000000000e+04
4.132700000000000000e+04
4.133500000000000000e+04
4.133900000000000000e+04
4.134100000000000000e+04
4.134200000000000000e+04
4.137500000000000000e+04
4.139100000000000000e+04
4.139900000000000000e+04
4.140300000000000000e+04
4.140500000000000000e+04
4.140600000000000000e+04
4.142300000000000000e+04
4.143100000000000000e+04
4.143500000000000000e+04
4.143700000000000000e+04
4.143800000000000000e+04
4.144700000000000000e+04
4.145100000000000000e+04
4.145300000000000000e+04
4.145400000000000000e+04
4.145900000000000000e+04
4.146100000000000000e+04
4.146200000000000000e+04
4.146500000000000000e+04
4.146600000000000000e+04
4.146800000000000000e+04
4.153500000000000000e+04
4.158300000000000000e+04
4.159800000000000000e+04
4.164700000000000000e+04
4.165500000000000000e+04
4.166100000000000000e+04
4.168700000000000000e+04
4.171000000000000000e+04
4.172100000000000000e+04
4.172200000000000000e+04
4.184500000000000000e+04
4.185200000000000000e+04
4.189900000000000000e+04
4.190100000000000000e+04
4.190700000000000000e+04
4.191000000000000000e+04
4.191300000000000000e+04
4.194500000000000000e+04
4.194800000000000000e+04
4.196200000000000000e+04
4.197200000000000000e+04
4.197600000000000000e+04
4.207900000000000000e+04
4.216700000000000000e+04
4.221500000000000000e+04
4.229900000000000000e+04
4.230100000000000000e+04
4.231900000000000000e+04
4.233100000000000000e+04
4.233400000000000000e+04
4.235500000000000000e+04
4.235700000000000000e+04
4.238300000000000000e+04
4.239500000000000000e+04
4.240700000000000000e+04
4.241300000000000000e+04
4.244500000000000000e+04
4.245400000000000000e+04
4.245700000000000000e+04
4.245800000000000000e+04
4.246700000000000000e+04
4.247300000000000000e+04
4.247600000000000000e+04
4.262000000000000000e+04
4.266700000000000000e+04
4.277900000000000000e+04
4.279500000000000000e+04
4.280600000000000000e+04
4.286000000000000000e+04
4.291800000000000000e+04
4.293600000000000000e+04
4.294900000000000000e+04
4.312700000000000000e+04
4.313400000000000000e+04
4.319100000000000000e+04
4.322700000000000000e+04
4.324300000000000000e+04
4.335500000000000000e+04
4.337300000000000000e+04
4.344600000000000000e+04
4.346700000000000000e+04
4.346900000000000000e+04
4.347500000000000000e+04
4.358100000000000000e+04
4.361400000000000000e+04
4.369100000000000000e+04
4.370200000000000000e+04
4.374700000000000000e+04
4.376100000000000000e+04
4.383300000000000000e+04
4.383400000000000000e+04
4.391700000000000000e+04
4.391800000000000000e+04
4.418900000000000000e+04
4.425900000000000000e+04
4.426200000000000000e+04
4.438000000000000000e+04
4.443800000000000000e+04
4.445400000000000000e+04
4.450000000000000000e+04
4.451600000000000000e+04
4.452000000000000000e+04
4.471000000000000000e+04
4.471300000000000000e+04
4.494000000000000000e+04
4.500000000000000000e+04
4.517900000000000000e+04
4.527700000000000000e+04
4.529300000000000000e+04
4.530500000000000000e+04
4.535900000000000000e+04
4.543300000000000000e+04
4.545500000000000000e+04
4.546700000000000000e+04
4.548300000000000000e+04
4.553200000000000000e+04
4.556000000000000000e+04
4.563000000000000000e+04
4.568500000000000000e+04
4.568900000000000000e+04
4.569200000000000000e+04
4.576700000000000000e+04
4.578800000000000000e+04
4.597100000000000000e+04
4.597700000000000000e+04
4.600200000000000000e+04
4.606400000000000000e+04
4.625900000000000000e+04
4.626800000000000000e+04
4.629300000000000000e+04
4.629800000000000000e+04
4.641300000000000000e+04
4.643500000000000000e+04
4.643700000000000000e+04
4.650200000000000000e+04
4.653400000000000000e+04
4.662200000000000000e+04
4.664500000000000000e+04
4.680200000000000000e+04
4.690400000000000000e+04
4.722600000000000000e+04
4.731700000000000000e+04
4.732100000000000000e+04
4.733800000000000000e+04
4.752500000000000000e+04
4.753700000000000000e+04
4.756200000000000000e+04
4.789800000000000000e+04
4.818100000000000000e+04
4.824400000000000000e+04
4.829400000000000000e+04
4.849600000000000000e+04
4.875200000000000000e+04
4.927900000000000000e+04
4.934300000000000000e+04
4.937500000000000000e+04
4.939100000000000000e+04
4.939900000000000000e+04
4.940300000000000000e+04
4.940500000000000000e+04
4.940600000000000000e+04
4.947100000000000000e+04
4.950300000000000000e+04
4.951900000000000000e+04
4.952700000000000000e+04
4.953100000000000000e+04
4.953300000000000000e+04
4.953400000000000000e+04
4.956700000000000000e+04
4.958300000000000000e+04
4.959100000000000000e+04
4.959500000000000000e+04
4.959700000000000000e+04
4.959800000000000000e+04
4.961500000000000000e+04
4.962300000000000000e+04
4.962700000000000000e+04
4.962900000000000000e+04
4.963000000000000000e+04
4.963900000000000000e+04
4.964300000000000000e+04
4.964500000000000000e+04
4.964600000000000000e+04
4.965100000000000000e+04
4.965300000000000000e+04
4.965400000000000000e+04
4.965700000000000000e+04
4.965800000000000000e+04
4.966000000000000000e+04
4.984700000000000000e+04
4.987100000000000000e+04
4.988600000000000000e+04
4.990700000000000000e+04
4.991400000000000000e+04
4.997500000000000000e+04
4.997900000000000000e+04
5.001400000000000000e+04
5.002900000000000000e+04
5.003000000000000000e+04
5.003500000000000000e+04
5.004200000000000000e+04
5.007700000000000000e+04
5.009900000000000000e+04
5.013300000000000000e+04
5.013700000000000000e+04
5.014000000000000000e+04
5.028700000000000000e+04
5.030100000000000000e+04
5.033500000000000000e+04
5.036500000000000000e+04
5.039800000000000000e+04
5.047900000000000000e+04
5.051900000000000000e+04
5.052300000000000000e+04
5.054200000000000000e+04
5.055300000000000000e+04
5.058700000000000000e+04
5.061100000000000000e+04
5.063100000000000000e+04
5.063700000000000000e+04
5.065200000000000000e+04
5.066500000000000000e+04
5.066800000000000000e+04
5.067400000000000000e+04
5.067600000000000000e+04
5.077500000000000000e+04
5.090100000000000000e+04
5.097100000000000000e+04
5.103000000000000000e+04
5.113900000000000000e+04
5.116900000000000000e+04
5.117000000000000000e+04
5.132500000000000000e+04
5.138700000000000000e+04
5.142200000000000000e+04
5.143500000000000000e+04
5.143700000000000000e+04
5.145200000000000000e+04
5.151100000000000000e+04
5.156500000000000000e+04
5.157100000000000000e+04
5.162700000000000000e+04
5.163500000000000000e+04
5.166100000000000000e+04
5.166200000000000000e+04
5.166900000000000000e+04
5.169800000000000000e+04
5.170000000000000000e+04
5.183300000000000000e+04
5.183600000000000000e+04
5.188300000000000000e+04
5.192500000000000000e+04
5.202100000000000000e+04
5.217800000000000000e+04
5.228600000000000000e+04
5.230300000000000000e+04
5.231500000000000000e+04
5.233300000000000000e+04
5.234200000000000000e+04
5.239800000000000000e+04
5.240300000000000000e+04
5.258800000000000000e+04
5.263000000000000000e+04
5.266000000000000000e+04
5.266400000000000000e+04
5.284900000000000000e+04
5.285200000000000000e+04
5.296100000000000000e+04
5.312900000000000000e+04
5.319200000000000000e+04
5.336700000000000000e+04
5.342300000000000000e+04
5.346900000000000000e+04
5.348600000000000000e+04
5.362200000000000000e+04
5.362600000000000000e+04
5.365900000000000000e+04
5.366200000000000000e+04
5.367700000000000000e+04
5.368500000000000000e+04
5.369000000000000000e+04
5.374500000000000000e+04
5.384700000000000000e+04
5.392700000000000000e+04
5.393100000000000000e+04
5.397700000000000000e+04
5.403900000000000000e+04
5.410500000000000000e+04
5.412400000000000000e+04
5.418100000000000000e+04
5.424100000000000000e+04
5.433100000000000000e+04
5.441500000000000000e+04
5.444500000000000000e+04
5.445300000000000000e+04
5.451300000000000000e+04
5.455800000000000000e+04
5.463300000000000000e+04
5.464400000000000000e+04
5.466300000000000000e+04
5.468200000000000000e+04
5.474400000000000000e+04
5.489000000000000000e+04
5.501600000000000000e+04
5.508100000000000000e+04
5.545400000000000000e+04
5.547000000000000000e+04
5.550200000000000000e+04
5.554000000000000000e+04
5.562300000000000000e+04
5.564200000000000000e+04
5.569900000000000000e+04
5.570600000000000000e+04
5.574700000000000000e+04
5.577800000000000000e+04
5.592200000000000000e+04
5.600500000000000000e+04
5.602400000000000000e+04
5.622500000000000000e+04
5.637100000000000000e+04
5.647300000000000000e+04
5.668000000000000000e+04
5.687400000000000000e+04
5.693600000000000000e+04
5.751900000000000000e+04
5.753300000000000000e+04
5.758100000000000000e+04
5.758900000000000000e+04
5.763100000000000000e+04
5.765900000000000000e+04
5.766100000000000000e+04
5.769100000000000000e+04
5.771000000000000000e+04
5.771500000000000000e+04
5.772400000000000000e+04
5.775500000000000000e+04
5.778200000000000000e+04
5.778500000000000000e+04
5.778600000000000000e+04
5.780500000000000000e+04
5.780600000000000000e+04
5.783300000000000000e+04
5.784400000000000000e+04
5.794900000000000000e+04
5.796500000000000000e+04
5.809000000000000000e+04
5.814200000000000000e+04
5.816500000000000000e+04
5.854200000000000000e+04
5.866700000000000000e+04
5.866900000000000000e+04
5.867800000000000000e+04
5.870900000000000000e+04
5.882800000000000000e+04
5.886400000000000000e+04
5.926700000000000000e+04
5.954900000000000000e+04
5.962200000000000000e+04
5.969100000000000000e+04
5.973300000000000000e+04
5.975400000000000000e+04
5.981400000000000000e+04
5.986000000000000000e+04
6.017100000000000000e+04
6.058500000000000000e+04
6.063200000000000000e+04
6.074100000000000000e+04
6.082400000000000000e+04
6.101600000000000000e+04
6.162600000000000000e+04
6.164500000000000000e+04
6.183700000000000000e+04
6.205100000000000000e+04
6.209300000000000000e+04
6.230600000000000000e+04
6.262700000000000000e+04
6.275500000000000000e+04
6.277000000000000000e+04
6.285800000000000000e+04
6.379600000000000000e+04
6.579100000000000000e+04
6.591900000000000000e+04
6.598300000000000000e+04
6.601500000000000000e+04
6.603100000000000000e+04
6.603900000000000000e+04
6.604300000000000000e+04
6.604500000000000000e+04
6.604600000000000000e+04
6.617500000000000000e+04
6.623900000000000000e+04
6.627100000000000000e+04
6.628700000000000000e+04
6.629500000000000000e+04
6.629900000000000000e+04
6.630100000000000000e+04
6.630200000000000000e+04
6.636700000000000000e+04
6.639900000000000000e+04
6.641500000000000000e+04
6.642300000000000000e+04
6.642700000000000000e+04
6.642900000000000000e+04
6.646300000000000000e+04
6.647900000000000000e+04
6.648700000000000000e+04
6.649100000000000000e+04
6.649300000000000000e+04
6.649400000000000000e+04
6.651100000000000000e+04
6.651900000000000000e+04
6.652300000000000000e+04
6.652500000000000000e+04
6.653500000000000000e+04
6.653900000000000000e+04
6.654100000000000000e+04
6.654200000000000000e+04
6.654700000000000000e+04
6.654900000000000000e+04
6.655000000000000000e+04
6.655300000000000000e+04
6.655400000000000000e+04
6.655600000000000000e+04
6.668700000000000000e+04
6.675100000000000000e+04
6.678300000000000000e+04
6.679900000000000000e+04
6.680700000000000000e+04
6.681100000000000000e+04
6.681300000000000000e+04
6.681400000000000000e+04
6.687900000000000000e+04
6.691100000000000000e+04
6.692700000000000000e+04
6.693500000000000000e+04
6.693900000000000000e+04
6.694100000000000000e+04
6.694200000000000000e+04
6.697500000000000000e+04
6.699100000000000000e+04
6.699900000000000000e+04
6.700300000000000000e+04
6.700500000000000000e+04
6.702300000000000000e+04
6.703100000000000000e+04
6.703500000000000000e+04
6.703700000000000000e+04
6.703800000000000000e+04
6.704700000000000000e+04
6.705100000000000000e+04
6.705300000000000000e+04
6.705400000000000000e+04
6.705900000000000000e+04
6.706100000000000000e+04
6.706200000000000000e+04
6.706500000000000000e+04
6.706600000000000000e+04
6.706800000000000000e+04
6.719700000000000000e+04
6.730300000000000000e+04
6.730700000000000000e+04
6.730900000000000000e+04
6.731700000000000000e+04
6.735900000000000000e+04
6.743100000000000000e+04
6.744300000000000000e+04
6.745200000000000000e+04
6.747100000000000000e+04
6.748500000000000000e+04
6.749900000000000000e+04
6.750100000000000000e+04
6.750900000000000000e+04
6.751600000000000000e+04
6.753300000000000000e+04
6.754200000000000000e+04
6.754500000000000000e+04
6.755700000000000000e+04
6.756100000000000000e+04
6.771100000000000000e+04
6.777500000000000000e+04
6.780700000000000000e+04
6.782300000000000000e+04
6.783100000000000000e+04
6.783500000000000000e+04
6.783700000000000000e+04
6.783800000000000000e+04
6.790300000000000000e+04
6.793500000000000000e+04
6.795100000000000000e+04
6.795900000000000000e+04
6.796300000000000000e+04
6.796500000000000000e+04
6.796600000000000000e+04
6.799900000000000000e+04
6.801500000000000000e+04
6.802300000000000000e+04
6.802700000000000000e+04
6.802900000000000000e+04
6.803000000000000000e+04
6.804700000000000000e+04
6.805500000000000000e+04
6.805900000000000000e+04
6.806100000000000000e+04
6.807100000000000000e+04
6.807500000000000000e+04
6.807700000000000000e+04
6.808300000000000000e+04
6.808500000000000000e+04
6.808900000000000000e+04
6.821500000000000000e+04
6.827900000000000000e+04
6.830300000000000000e+04
6.833100000000000000e+04
6.833900000000000000e+04
6.834100000000000000e+04
6.834200000000000000e+04
6.839900000000000000e+04
6.840700000000000000e+04
6.844300000000000000e+04
6.844500000000000000e+04
6.846200000000000000e+04
6.846900000000000000e+04
6.847600000000000000e+04
6.852300000000000000e+04
6.852500000000000000e+04
6.853100000000000000e+04
6.853300000000000000e+04
6.855700000000000000e+04
6.855800000000000000e+04
6.856500000000000000e+04
6.858200000000000000e+04
6.858600000000000000e+04
6.859300000000000000e+04
6.859600000000000000e+04
6.873100000000000000e+04
6.879500000000000000e+04
6.879800000000000000e+04
6.885100000000000000e+04
6.885300000000000000e+04
6.892600000000000000e+04
6.897300000000000000e+04
6.898500000000000000e+04
6.900700000000000000e+04
6.902200000000000000e+04
6.903100000000000000e+04
6.907700000000000000e+04
6.908100000000000000e+04
6.909100000000000000e+04
6.910000000000000000e+04
6.910600000000000000e+04
6.929100000000000000e+04
6.942200000000000000e+04
6.946200000000000000e+04
6.946800000000000000e+04
6.948400000000000000e+04
6.954500000000000000e+04
6.961600000000000000e+04
6.975900000000000000e+04
6.982300000000000000e+04
6.985500000000000000e+04
6.987100000000000000e+04
6.987900000000000000e+04
6.988300000000000000e+04
6.988500000000000000e+04
6.995100000000000000e+04
6.998300000000000000e+04
6.999900000000000000e+04
7.000700000000000000e+04
7.001100000000000000e+04
7.001300000000000000e+04
7.004700000000000000e+04
7.006300000000000000e+04
7.007100000000000000e+04
7.007500000000000000e+04
7.007700000000000000e+04
7.007800000000000000e+04
7.009500000000000000e+04
7.010300000000000000e+04
7.010700000000000000e+04
7.010900000000000000e+04
7.011000000000000000e+04
7.011900000000000000e+04
7.012300000000000000e+04
7.012500000000000000e+04
7.012600000000000000e+04
7.013100000000000000e+04
7.013300000000000000e+04
7.013700000000000000e+04
7.020700000000000000e+04
7.030300000000000000e+04
7.036300000000000000e+04
7.037500000000000000e+04
7.039400000000000000e+04
7.045500000000000000e+04
7.047900000000000000e+04
7.050300000000000000e+04
7.052100000000000000e+04
7.055500000000000000e+04
7.055800000000000000e+04
7.057900000000000000e+04
7.058500000000000000e+04
7.060500000000000000e+04
7.063000000000000000e+04
7.063300000000000000e+04
7.064200000000000000e+04
7.064400000000000000e+04
7.064800000000000000e+04
7.071900000000000000e+04
7.078100000000000000e+04
7.084300000000000000e+04
7.084500000000000000e+04
7.087700000000000000e+04
7.088700000000000000e+04
7.089900000000000000e+04
7.090800000000000000e+04
7.097400000000000000e+04
7.101500000000000000e+04
7.110000000000000000e+04
7.111100000000000000e+04
7.111700000000000000e+04
7.115300000000000000e+04
7.116000000000000000e+04
7.127700000000000000e+04
7.139700000000000000e+04
7.145300000000000000e+04
7.155900000000000000e+04
7.158900000000000000e+04
7.162800000000000000e+04
7.166400000000000000e+04
7.179900000000000000e+04
7.180300000000000000e+04
7.186300000000000000e+04
7.187000000000000000e+04
7.191100000000000000e+04
7.192300000000000000e+04
7.192500000000000000e+04
7.193000000000000000e+04
7.193200000000000000e+04
7.199700000000000000e+04
7.204300000000000000e+04
7.205300000000000000e+04
7.209300000000000000e+04
7.214700000000000000e+04
7.216500000000000000e+04
7.225300000000000000e+04
7.231400000000000000e+04
7.256100000000000000e+04
7.262500000000000000e+04
7.263200000000000000e+04
7.265700000000000000e+04
7.291700000000000000e+04
7.302000000000000000e+04
7.304300000000000000e+04
7.305900000000000000e+04
7.327000000000000000e+04
7.341800000000000000e+04
7.385500000000000000e+04
7.391900000000000000e+04
7.395100000000000000e+04
7.396700000000000000e+04
7.397500000000000000e+04
7.397900000000000000e+04
7.398100000000000000e+04
7.404700000000000000e+04
7.407900000000000000e+04
7.409500000000000000e+04
7.410300000000000000e+04
7.410700000000000000e+04
7.410900000000000000e+04
7.411000000000000000e+04
7.414300000000000000e+04
7.415900000000000000e+04
7.416700000000000000e+04
7.417100000000000000e+04
7.417300000000000000e+04
7.417400000000000000e+04
7.419100000000000000e+04
7.419900000000000000e+04
7.420300000000000000e+04
7.420500000000000000e+04
7.421500000000000000e+04
7.421900000000000000e+04
7.422100000000000000e+04
7.422200000000000000e+04
7.422700000000000000e+04
7.422900000000000000e+04
7.423000000000000000e+04
7.423300000000000000e+04
7.423400000000000000e+04
7.423600000000000000e+04
7.446200000000000000e+04
7.448300000000000000e+04
7.449200000000000000e+04
7.454300000000000000e+04
7.455100000000000000e+04
7.457500000000000000e+04
7.460300000000000000e+04
7.468400000000000000e+04
7.469900000000000000e+04
7.470200000000000000e+04
7.471300000000000000e+04
7.471600000000000000e+04
7.472900000000000000e+04
7.481500000000000000e+04
7.493500000000000000e+04
7.498900000000000000e+04
7.500100000000000000e+04
7.500400000000000000e+04
7.512500000000000000e+04
7.517900000000000000e+04
7.523500000000000000e+04
7.524400000000000000e+04
7.548200000000000000e+04
7.555000000000000000e+04
7.559100000000000000e+04
7.563300000000000000e+04
7.568900000000000000e+04
7.588700000000000000e+04
7.602500000000000000e+04
7.608700000000000000e+04
7.611900000000000000e+04
7.614700000000000000e+04
7.615300000000000000e+04
7.621100000000000000e+04
7.625900000000000000e+04
7.628000000000000000e+04
7.644300000000000000e+04
7.651500000000000000e+04
7.660100000000000000e+04
7.665800000000000000e+04
7.670000000000000000e+04
7.676900000000000000e+04
7.677000000000000000e+04
7.689100000000000000e+04
7.692100000000000000e+04
7.698800000000000000e+04
7.703600000000000000e+04
7.704100000000000000e+04
7.704400000000000000e+04
7.710700000000000000e+04
7.710900000000000000e+04
7.711400000000000000e+04
7.721000000000000000e+04
7.722200000000000000e+04
7.734200000000000000e+04
7.741300000000000000e+04
7.771600000000000000e+04
7.776400000000000000e+04
7.793500000000000000e+04
7.803100000000000000e+04
7.805500000000000000e+04
7.805900000000000000e+04
7.807300000000000000e+04
7.807600000000000000e+04
7.814100000000000000e+04
7.818700000000000000e+04
7.819700000000000000e+04
7.820100000000000000e+04
7.820200000000000000e+04
7.823500000000000000e+04
7.823700000000000000e+04
7.826800000000000000e+04
7.829400000000000000e+04
7.829700000000000000e+04
7.831000000000000000e+04
7.839500000000000000e+04
7.845100000000000000e+04
7.857200000000000000e+04
7.857700000000000000e+04
7.866700000000000000e+04
7.869100000000000000e+04
7.869300000000000000e+04
7.890300000000000000e+04
7.897200000000000000e+04
7.905300000000000000e+04
7.913400000000000000e+04
7.918900000000000000e+04
7.922000000000000000e+04
7.923900000000000000e+04
7.924300000000000000e+04
7.944500000000000000e+04
7.964100000000000000e+04
7.966000000000000000e+04
7.975400000000000000e+04
8.035400000000000000e+04
8.050400000000000000e+04
8.054900000000000000e+04
8.069200000000000000e+04
8.077800000000000000e+04
8.098100000000000000e+04
8.106600000000000000e+04
8.110500000000000000e+04
8.112100000000000000e+04
8.173600000000000000e+04
8.174400000000000000e+04
8.204700000000000000e+04
8.211100000000000000e+04
8.214300000000000000e+04
8.215900000000000000e+04
8.216700000000000000e+04
8.217100000000000000e+04
8.217300000000000000e+04
8.217400000000000000e+04
8.223900000000000000e+04
8.227100000000000000e+04
8.228700000000000000e+04
8.229500000000000000e+04
8.229900000000000000e+04
8.230100000000000000e+04
8.233500000000000000e+04
8.235100000000000000e+04
8.235900000000000000e+04
8.236300000000000000e+04
8.236500000000000000e+04
8.236600000000000000e+04
8.238300000000000000e+04
8.239100000000000000e+04
8.239500000000000000e+04
8.239700000000000000e+04
8.239800000000000000e+04
8.240700000000000000e+04
8.241100000000000000e+04
8.241300000000000000e+04
8.241400000000000000e+04
8.241900000000000000e+04
8.242100000000000000e+04
8.242200000000000000e+04
8.242500000000000000e+04
8.242600000000000000e+04
8.242800000000000000e+04
8.252700000000000000e+04
8.254300000000000000e+04
8.255100000000000000e+04
8.255700000000000000e+04
8.259100000000000000e+04
8.261900000000000000e+04
8.264700000000000000e+04
8.265400000000000000e+04
8.266700000000000000e+04
8.266900000000000000e+04
8.267800000000000000e+04
8.271900000000000000e+04
8.280600000000000000e+04
8.280900000000000000e+04
8.281000000000000000e+04
8.287600000000000000e+04
8.289100000000000000e+04
8.290100000000000000e+04
8.290600000000000000e+04
8.291500000000000000e+04
8.292900000000000000e+04
8.293200000000000000e+04
8.306300000000000000e+04
8.306900000000000000e+04
8.307000000000000000e+04
8.313300000000000000e+04
8.315100000000000000e+04
8.317500000000000000e+04
8.317900000000000000e+04
8.318100000000000000e+04
8.319300000000000000e+04
8.325900000000000000e+04
8.329300000000000000e+04
8.331500000000000000e+04
8.331700000000000000e+04
8.332400000000000000e+04
8.335800000000000000e+04
8.336700000000000000e+04
8.337400000000000000e+04
8.341800000000000000e+04
8.343300000000000000e+04
8.350300000000000000e+04
8.358000000000000000e+04
8.365500000000000000e+04
8.366200000000000000e+04
8.376600000000000000e+04
8.381700000000000000e+04
8.381800000000000000e+04
8.382500000000000000e+04
8.382600000000000000e+04
8.385400000000000000e+04
8.386500000000000000e+04
8.389200000000000000e+04
8.406300000000000000e+04
8.409400000000000000e+04
8.417500000000000000e+04
8.421800000000000000e+04
8.427100000000000000e+04
8.431700000000000000e+04
8.434800000000000000e+04
8.441000000000000000e+04
8.442700000000000000e+04
8.443000000000000000e+04
8.443700000000000000e+04
8.444100000000000000e+04
8.445100000000000000e+04
8.445400000000000000e+04
8.445700000000000000e+04
8.446000000000000000e+04
8.446500000000000000e+04
8.446600000000000000e+04
8.454200000000000000e+04
8.459700000000000000e+04
8.463500000000000000e+04
8.463800000000000000e+04
8.465100000000000000e+04
8.466200000000000000e+04
8.475900000000000000e+04
8.478200000000000000e+04
8.479300000000000000e+04
8.485000000000000000e+04
8.502300000000000000e+04
8.510100000000000000e+04
8.517400000000000000e+04
8.522500000000000000e+04
8.530500000000000000e+04
8.532500000000000000e+04
8.540400000000000000e+04
8.542600000000000000e+04
8.542800000000000000e+04
8.544300000000000000e+04
8.544900000000000000e+04
8.558700000000000000e+04
8.560300000000000000e+04
8.571600000000000000e+04
8.581200000000000000e+04
8.583000000000000000e+04
8.613900000000000000e+04
8.619100000000000000e+04
8.619900000000000000e+04
8.625100000000000000e+04
8.632700000000000000e+04
8.633100000000000000e+04
8.636600000000000000e+04
8.637900000000000000e+04
8.642700000000000000e+04
8.643000000000000000e+04
8.645400000000000000e+04
8.645700000000000000e+04
8.647100000000000000e+04
8.647800000000000000e+04
8.648600000000000000e+04
8.649000000000000000e+04
8.649200000000000000e+04
8.650500000000000000e+04
8.651600000000000000e+04
8.652000000000000000e+04
8.674100000000000000e+04
8.674600000000000000e+04
8.675700000000000000e+04
8.683500000000000000e+04
8.684200000000000000e+04
8.693100000000000000e+04
8.693700000000000000e+04
8.694900000000000000e+04
8.698200000000000000e+04
8.698500000000000000e+04
8.732300000000000000e+04
8.733500000000000000e+04
8.738200000000000000e+04
8.738600000000000000e+04
8.744500000000000000e+04
8.748000000000000000e+04
8.766000000000000000e+04
8.770600000000000000e+04
8.782700000000000000e+04
8.865300000000000000e+04
8.944100000000000000e+04
8.973400000000000000e+04
9.028700000000000000e+04
9.032700000000000000e+04
9.033400000000000000e+04
9.035800000000000000e+04
9.036100000000000000e+04
9.048300000000000000e+04
9.048500000000000000e+04
9.049000000000000000e+04
9.052500000000000000e+04
9.055300000000000000e+04
9.055600000000000000e+04
9.056700000000000000e+04
9.059500000000000000e+04
9.059800000000000000e+04
9.071100000000000000e+04
9.078200000000000000e+04
9.080300000000000000e+04
9.083700000000000000e+04
9.098800000000000000e+04
9.101900000000000000e+04
9.102200000000000000e+04
9.106400000000000000e+04
9.110500000000000000e+04
9.129300000000000000e+04
9.131800000000000000e+04
9.137000000000000000e+04
9.143100000000000000e+04
9.145000000000000000e+04
9.147500000000000000e+04
9.154200000000000000e+04
9.154600000000000000e+04
9.156200000000000000e+04
9.175400000000000000e+04
9.195300000000000000e+04
9.198800000000000000e+04
9.200400000000000000e+04
9.203700000000000000e+04
9.204900000000000000e+04
9.210000000000000000e+04
9.231800000000000000e+04
9.246200000000000000e+04
9.249100000000000000e+04
9.261400000000000000e+04
9.323800000000000000e+04
9.328900000000000000e+04
9.334000000000000000e+04
9.336400000000000000e+04
9.345900000000000000e+04
9.352400000000000000e+04
9.357700000000000000e+04
9.377200000000000000e+04
9.483300000000000000e+04
9.484000000000000000e+04
9.507600000000000000e+04
9.554000000000000000e+04
9.634500000000000000e+04
9.664300000000000000e+04
9.671200000000000000e+04
9.678700000000000000e+04
9.697600000000000000e+04
9.843100000000000000e+04
9.849500000000000000e+04
9.852700000000000000e+04
9.854300000000000000e+04
9.855100000000000000e+04
9.855500000000000000e+04
9.855700000000000000e+04
9.855800000000000000e+04
9.862300000000000000e+04
9.865500000000000000e+04
9.867100000000000000e+04
9.867900000000000000e+04
9.868300000000000000e+04
9.868500000000000000e+04
9.868600000000000000e+04
9.871900000000000000e+04
9.873500000000000000e+04
9.874300000000000000e+04
9.874700000000000000e+04
9.874900000000000000e+04
9.875000000000000000e+04
9.876700000000000000e+04
9.877500000000000000e+04
9.877900000000000000e+04
9.878100000000000000e+04
9.878200000000000000e+04
9.879100000000000000e+04
9.879500000000000000e+04
9.879700000000000000e+04
9.879800000000000000e+04
9.880300000000000000e+04
9.880500000000000000e+04
9.880600000000000000e+04
9.880900000000000000e+04
9.881000000000000000e+04
9.881200000000000000e+04
9.892700000000000000e+04
9.900300000000000000e+04
9.900500000000000000e+04
9.905100000000000000e+04
9.905900000000000000e+04
9.906100000000000000e+04
9.913400000000000000e+04
9.916500000000000000e+04
9.919000000000000000e+04
9.919300000000000000e+04
9.923900000000000000e+04
9.924300000000000000e+04
9.925700000000000000e+04
9.927500000000000000e+04
9.927700000000000000e+04
9.928500000000000000e+04
9.930200000000000000e+04
9.945100000000000000e+04
9.945300000000000000e+04
9.954700000000000000e+04
9.956300000000000000e+04
9.956600000000000000e+04
9.957100000000000000e+04
9.958000000000000000e+04
9.963900000000000000e+04
9.964600000000000000e+04
9.969100000000000000e+04
9.970800000000000000e+04
9.974100000000000000e+04
9.976300000000000000e+04
9.978300000000000000e+04
9.980400000000000000e+04
9.982500000000000000e+04
9.983200000000000000e+04
1.000220000000000000e+05
1.004710000000000000e+05
1.005350000000000000e+05
1.005390000000000000e+05
1.006630000000000000e+05
1.007750000000000000e+05
1.007810000000000000e+05
1.007870000000000000e+05
1.007960000000000000e+05
1.008190000000000000e+05
1.008260000000000000e+05
1.008500000000000000e+05
1.009730000000000000e+05
1.009790000000000000e+05
1.009850000000000000e+05
1.010380000000000000e+05
1.010520000000000000e+05
1.011000000000000000e+05
1.011470000000000000e+05
1.011770000000000000e+05
1.012250000000000000e+05
1.012620000000000000e+05
1.012920000000000000e+05
1.013170000000000000e+05
1.015500000000000000e+05
1.015570000000000000e+05
1.015640000000000000e+05
1.016100000000000000e+05
1.016170000000000000e+05
1.016830000000000000e+05
1.017480000000000000e+05
1.018010000000000000e+05
1.018420000000000000e+05
1.019630000000000000e+05
1.019730000000000000e+05
1.021630000000000000e+05
1.022200000000000000e+05
1.023380000000000000e+05
1.023680000000000000e+05
1.025230000000000000e+05
1.025590000000000000e+05
1.027630000000000000e+05
1.028300000000000000e+05
1.028370000000000000e+05
1.028410000000000000e+05
1.030360000000000000e+05
1.030630000000000000e+05
1.031390000000000000e+05
1.031450000000000000e+05
1.032110000000000000e+05
1.032460000000000000e+05
1.033700000000000000e+05
1.034080000000000000e+05
1.036440000000000000e+05
1.037630000000000000e+05
1.037940000000000000e+05
1.038220000000000000e+05
1.038600000000000000e+05
1.038640000000000000e+05
1.038960000000000000e+05
1.040370000000000000e+05
1.040830000000000000e+05
1.041020000000000000e+05
1.041370000000000000e+05
1.042050000000000000e+05
1.042290000000000000e+05
1.042920000000000000e+05
1.045100000000000000e+05
1.045550000000000000e+05
1.045720000000000000e+05
1.047470000000000000e+05
1.048670000000000000e+05
1.052920000000000000e+05
1.053680000000000000e+05
1.056490000000000000e+05
1.056560000000000000e+05
1.057560000000000000e+05
1.060360000000000000e+05
1.065590000000000000e+05
1.066190000000000000e+05
1.066550000000000000e+05
1.066830000000000000e+05
1.067450000000000000e+05
1.067480000000000000e+05
1.068110000000000000e+05
1.068430000000000000e+05
1.068550000000000000e+05
1.068590000000000000e+05
1.069030000000000000e+05
1.069380000000000000e+05
1.069570000000000000e+05
1.072210000000000000e+05
1.072250000000000000e+05
1.072420000000000000e+05
1.072870000000000000e+05
1.073700000000000000e+05
1.074050000000000000e+05
1.074290000000000000e+05
1.076290000000000000e+05
1.076870000000000000e+05
1.077470000000000000e+05
1.078680000000000000e+05
1.079410000000000000e+05
1.079600000000000000e+05
1.080160000000000000e+05
1.080710000000000000e+05
1.081980000000000000e+05
1.082010000000000000e+05
1.084840000000000000e+05
1.085910000000000000e+05
1.087150000000000000e+05
1.089500000000000000e+05
1.089970000000000000e+05
1.090850000000000000e+05
1.091550000000000000e+05
1.091690000000000000e+05
1.092720000000000000e+05
1.093250000000000000e+05
1.099850000000000000e+05
1.100200000000000000e+05
1.101290000000000000e+05
1.101300000000000000e+05
1.101920000000000000e+05
1.102800000000000000e+05
1.106530000000000000e+05
1.107730000000000000e+05
1.107970000000000000e+05
1.108340000000000000e+05
1.108770000000000000e+05
1.109680000000000000e+05
1.109830000000000000e+05
1.109870000000000000e+05
1.110010000000000000e+05
1.110740000000000000e+05
1.111330000000000000e+05
1.115540000000000000e+05
1.118280000000000000e+05
1.119130000000000000e+05
1.121490000000000000e+05
1.122920000000000000e+05
1.124200000000000000e+05
1.126860000000000000e+05
1.128720000000000000e+05
1.129180000000000000e+05
1.132010000000000000e+05
1.132280000000000000e+05
1.147830000000000000e+05
1.148780000000000000e+05
1.149090000000000000e+05
1.149100000000000000e+05
1.150030000000000000e+05
1.150650000000000000e+05
1.150870000000000000e+05
1.151170000000000000e+05
1.151180000000000000e+05
1.151470000000000000e+05
1.151770000000000000e+05
1.151880000000000000e+05
1.151920000000000000e+05
1.152590000000000000e+05
1.152910000000000000e+05
1.153090000000000000e+05
1.155460000000000000e+05
1.155640000000000000e+05
1.156190000000000000e+05
1.156220000000000000e+05
1.156600000000000000e+05
1.156810000000000000e+05
1.158300000000000000e+05
1.159320000000000000e+05
1.160140000000000000e+05
1.160880000000000000e+05
1.161380000000000000e+05
1.163650000000000000e+05
1.164400000000000000e+05
1.169150000000000000e+05
1.170500000000000000e+05
1.172170000000000000e+05
1.173490000000000000e+05
1.178760000000000000e+05
1.179640000000000000e+05
1.180290000000000000e+05
1.188750000000000000e+05
1.189570000000000000e+05
1.190700000000000000e+05
1.190790000000000000e+05
1.190910000000000000e+05
1.190980000000000000e+05
1.191180000000000000e+05
1.192030000000000000e+05
1.195280000000000000e+05
1.195890000000000000e+05
1.199730000000000000e+05
1.208850000000000000e+05
1.209970000000000000e+05
1.211920000000000000e+05
1.215440000000000000e+05
1.218780000000000000e+05
1.229830000000000000e+05
1.229950000000000000e+05
1.231810000000000000e+05
1.232070000000000000e+05
1.232250000000000000e+05
1.232490000000000000e+05
1.232890000000000000e+05
1.233160000000000000e+05
1.233640000000000000e+05
1.236700000000000000e+05
1.239310000000000000e+05
1.241300000000000000e+05
1.243120000000000000e+05
1.245560000000000000e+05
1.246400000000000000e+05
1.249430000000000000e+05
1.251400000000000000e+05
1.253480000000000000e+05
1.259890000000000000e+05
1.261200000000000000e+05
1.263370000000000000e+05
1.273720000000000000e+05
1.276500000000000000e+05
1.285450000000000000e+05
1.291210000000000000e+05
1.313270000000000000e+05
1.314550000000000000e+05
1.315190000000000000e+05
1.315510000000000000e+05
1.315670000000000000e+05
1.315750000000000000e+05
1.315790000000000000e+05
1.315810000000000000e+05
1.315820000000000000e+05
1.317110000000000000e+05
1.317750000000000000e+05
1.318070000000000000e+05
1.318230000000000000e+05
1.318310000000000000e+05
1.318350000000000000e+05
1.318370000000000000e+05
1.318380000000000000e+05
1.319030000000000000e+05
1.319350000000000000e+05
1.319510000000000000e+05
1.319590000000000000e+05
1.319630000000000000e+05
1.319650000000000000e+05
1.319660000000000000e+05
1.319990000000000000e+05
1.320150000000000000e+05
1.320230000000000000e+05
1.320270000000000000e+05
1.320290000000000000e+05
1.320470000000000000e+05
1.320550000000000000e+05
1.320590000000000000e+05
1.320610000000000000e+05
1.320620000000000000e+05
1.320710000000000000e+05
1.320750000000000000e+05
1.320770000000000000e+05
1.320830000000000000e+05
1.320850000000000000e+05
1.320860000000000000e+05
1.320890000000000000e+05
1.320920000000000000e+05
1.322230000000000000e+05
1.322870000000000000e+05
1.323190000000000000e+05
1.323350000000000000e+05
1.323430000000000000e+05
1.323470000000000000e+05
1.323490000000000000e+05
1.324150000000000000e+05
1.324470000000000000e+05
1.324630000000000000e+05
1.324710000000000000e+05
1.324750000000000000e+05
1.324770000000000000e+05
1.325110000000000000e+05
1.325270000000000000e+05
1.325350000000000000e+05
1.325390000000000000e+05
1.325410000000000000e+05
1.325590000000000000e+05
1.325670000000000000e+05
1.325710000000000000e+05
1.325730000000000000e+05
1.325830000000000000e+05
1.325870000000000000e+05
1.325890000000000000e+05
1.325900000000000000e+05
1.325950000000000000e+05
1.325970000000000000e+05
1.325980000000000000e+05
1.326010000000000000e+05
1.326020000000000000e+05
1.326710000000000000e+05
1.327030000000000000e+05
1.327190000000000000e+05
1.327830000000000000e+05
1.328150000000000000e+05
1.328430000000000000e+05
1.328450000000000000e+05
1.328570000000000000e+05
1.329190000000000000e+05
1.329250000000000000e+05
1.329570000000000000e+05
1.329670000000000000e+05
1.329790000000000000e+05
1.329810000000000000e+05
1.329850000000000000e+05
1.330150000000000000e+05
1.330450000000000000e+05
1.330770000000000000e+05
1.331050000000000000e+05
1.331060000000000000e+05
1.332470000000000000e+05
1.333110000000000000e+05
1.333430000000000000e+05
1.333590000000000000e+05
1.333670000000000000e+05
1.333710000000000000e+05
1.333730000000000000e+05
1.334390000000000000e+05
1.334710000000000000e+05
1.334870000000000000e+05
1.334950000000000000e+05
1.334990000000000000e+05
1.335010000000000000e+05
1.335350000000000000e+05
1.335510000000000000e+05
1.335590000000000000e+05
1.335630000000000000e+05
1.335650000000000000e+05
1.335660000000000000e+05
1.335830000000000000e+05
1.335910000000000000e+05
1.335950000000000000e+05
1.335970000000000000e+05
1.336070000000000000e+05
1.336110000000000000e+05
1.336130000000000000e+05
1.336140000000000000e+05
1.336190000000000000e+05
1.336210000000000000e+05
1.336220000000000000e+05
1.336250000000000000e+05
1.336280000000000000e+05
1.338510000000000000e+05
1.338540000000000000e+05
1.338630000000000000e+05
1.338690000000000000e+05
1.339350000000000000e+05
1.339470000000000000e+05
1.339750000000000000e+05
1.339970000000000000e+05
1.340050000000000000e+05
1.340060000000000000e+05
1.340430000000000000e+05
1.340550000000000000e+05
1.340730000000000000e+05
1.340740000000000000e+05
1.341170000000000000e+05
1.343310000000000000e+05
1.343330000000000000e+05
1.343510000000000000e+05
1.343590000000000000e+05
1.343810000000000000e+05
1.344310000000000000e+05
1.345150000000000000e+05
1.345430000000000000e+05
1.345510000000000000e+05
1.345820000000000000e+05
1.346360000000000000e+05
1.347030000000000000e+05
1.348130000000000000e+05
1.348230000000000000e+05
1.348670000000000000e+05
1.348700000000000000e+05
1.348980000000000000e+05
1.349900000000000000e+05
1.350170000000000000e+05
1.350660000000000000e+05
1.350770000000000000e+05
1.352950000000000000e+05
1.353910000000000000e+05
1.354070000000000000e+05
1.354150000000000000e+05
1.354190000000000000e+05
1.354210000000000000e+05
1.354870000000000000e+05
1.355190000000000000e+05
1.355350000000000000e+05
1.355430000000000000e+05
1.355470000000000000e+05
1.355490000000000000e+05
1.355500000000000000e+05
1.355830000000000000e+05
1.355990000000000000e+05
1.356070000000000000e+05
1.356110000000000000e+05
1.356130000000000000e+05
1.356310000000000000e+05
1.356390000000000000e+05
1.356430000000000000e+05
1.356450000000000000e+05
1.356460000000000000e+05
1.356550000000000000e+05
1.356590000000000000e+05
1.356610000000000000e+05
1.356620000000000000e+05
1.356670000000000000e+05
1.356690000000000000e+05
1.356730000000000000e+05
1.356740000000000000e+05
1.358050000000000000e+05
1.359020000000000000e+05
1.359250000000000000e+05
1.360290000000000000e+05
1.360430000000000000e+05
1.360580000000000000e+05
1.361090000000000000e+05
1.361420000000000000e+05
1.361470000000000000e+05
1.361490000000000000e+05
1.361530000000000000e+05
1.361540000000000000e+05
1.361560000000000000e+05
1.361700000000000000e+05
1.363030000000000000e+05
1.363670000000000000e+05
1.364230000000000000e+05
1.364790000000000000e+05
1.365090000000000000e+05
1.365100000000000000e+05
1.365270000000000000e+05
1.365650000000000000e+05
1.365700000000000000e+05
1.365720000000000000e+05
1.366330000000000000e+05
1.366360000000000000e+05
1.366780000000000000e+05
1.369830000000000000e+05
1.369870000000000000e+05
1.369890000000000000e+05
1.370610000000000000e+05
1.371230000000000000e+05
1.371620000000000000e+05
1.371640000000000000e+05
1.373750000000000000e+05
1.374370000000000000e+05
1.374530000000000000e+05
1.374590000000000000e+05
1.376300000000000000e+05
1.376920000000000000e+05
1.377010000000000000e+05
1.379640000000000000e+05
1.380620000000000000e+05
1.381310000000000000e+05
1.381400000000000000e+05
1.383310000000000000e+05
1.383550000000000000e+05
1.383610000000000000e+05
1.384130000000000000e+05
1.384430000000000000e+05
1.385730000000000000e+05
1.387980000000000000e+05
1.391760000000000000e+05
1.393910000000000000e+05
1.394550000000000000e+05
1.394870000000000000e+05
1.395030000000000000e+05
1.395110000000000000e+05
1.395150000000000000e+05
1.395170000000000000e+05
1.395180000000000000e+05
1.395830000000000000e+05
1.396150000000000000e+05
1.396310000000000000e+05
1.396390000000000000e+05
1.396430000000000000e+05
1.396450000000000000e+05
1.396460000000000000e+05
1.396790000000000000e+05
1.396950000000000000e+05
1.397030000000000000e+05
1.397070000000000000e+05
1.397090000000000000e+05
1.397100000000000000e+05
1.397270000000000000e+05
1.397350000000000000e+05
1.397390000000000000e+05
1.397410000000000000e+05
1.397420000000000000e+05
1.397510000000000000e+05
1.397550000000000000e+05
1.397570000000000000e+05
1.397630000000000000e+05
1.397650000000000000e+05
1.397660000000000000e+05
1.397690000000000000e+05
1.397720000000000000e+05
1.399950000000000000e+05
1.399980000000000000e+05
1.400070000000000000e+05
1.400140000000000000e+05
1.400210000000000000e+05
1.400250000000000000e+05
1.400630000000000000e+05
1.401350000000000000e+05
1.401390000000000000e+05
1.401540000000000000e+05
1.402030000000000000e+05
1.402180000000000000e+05
1.402200000000000000e+05
1.402450000000000000e+05
1.402490000000000000e+05
1.402620000000000000e+05
1.402680000000000000e+05
1.402730000000000000e+05
1.404130000000000000e+05
1.404770000000000000e+05
1.405030000000000000e+05
1.405090000000000000e+05
1.405190000000000000e+05
1.405340000000000000e+05
1.405910000000000000e+05
1.406510000000000000e+05
1.406610000000000000e+05
1.406990000000000000e+05
1.407010000000000000e+05
1.407020000000000000e+05
1.407230000000000000e+05
1.407570000000000000e+05
1.407640000000000000e+05
1.407710000000000000e+05
1.407920000000000000e+05
1.408610000000000000e+05
1.408790000000000000e+05
1.408940000000000000e+05
1.409070000000000000e+05
1.410030000000000000e+05
1.410060000000000000e+05
1.410710000000000000e+05
1.411130000000000000e+05
1.411480000000000000e+05
1.412060000000000000e+05
1.412280000000000000e+05
1.412680000000000000e+05
1.412720000000000000e+05
1.412880000000000000e+05
1.415020000000000000e+05
1.415330000000000000e+05
1.415340000000000000e+05
1.415610000000000000e+05
1.415990000000000000e+05
1.416550000000000000e+05
1.416830000000000000e+05
1.416890000000000000e+05
1.416920000000000000e+05
1.417410000000000000e+05
1.417490000000000000e+05
1.417740000000000000e+05
1.418010000000000000e+05
1.418020000000000000e+05
1.418100000000000000e+05
1.420230000000000000e+05
1.421880000000000000e+05
1.421930000000000000e+05
1.422600000000000000e+05
1.422770000000000000e+05
1.422900000000000000e+05
1.424600000000000000e+05
1.424870000000000000e+05
1.425090000000000000e+05
1.425390000000000000e+05
1.427460000000000000e+05
1.428080000000000000e+05
1.431110000000000000e+05
1.434550000000000000e+05
1.436030000000000000e+05
1.436470000000000000e+05
1.437250000000000000e+05
1.437260000000000000e+05
1.437370000000000000e+05
1.437740000000000000e+05
1.437900000000000000e+05
1.438150000000000000e+05
1.438220000000000000e+05
1.438330000000000000e+05
1.438340000000000000e+05
1.438500000000000000e+05
1.438520000000000000e+05
1.439650000000000000e+05
1.439890000000000000e+05
1.439940000000000000e+05
1.440780000000000000e+05
1.440890000000000000e+05
1.442290000000000000e+05
1.442410000000000000e+05
1.442690000000000000e+05
1.443530000000000000e+05
1.445700000000000000e+05
1.446250000000000000e+05
1.446910000000000000e+05
1.446940000000000000e+05
1.448100000000000000e+05
1.448490000000000000e+05
1.448500000000000000e+05
1.456070000000000000e+05
1.456130000000000000e+05
1.456260000000000000e+05
1.457170000000000000e+05
1.460120000000000000e+05
1.462460000000000000e+05
1.462500000000000000e+05
1.463100000000000000e+05
1.470140000000000000e+05
1.470820000000000000e+05
1.475830000000000000e+05
1.476470000000000000e+05
1.476790000000000000e+05
1.476950000000000000e+05
1.477030000000000000e+05
1.477070000000000000e+05
1.477090000000000000e+05
1.477100000000000000e+05
1.477750000000000000e+05
1.478070000000000000e+05
1.478230000000000000e+05
1.478310000000000000e+05
1.478350000000000000e+05
1.478370000000000000e+05
1.478380000000000000e+05
1.478710000000000000e+05
1.478870000000000000e+05
1.478950000000000000e+05
1.478990000000000000e+05
1.479010000000000000e+05
1.479020000000000000e+05
1.479190000000000000e+05
1.479270000000000000e+05
1.479310000000000000e+05
1.479330000000000000e+05
1.479340000000000000e+05
1.479430000000000000e+05
1.479470000000000000e+05
1.479490000000000000e+05
1.479500000000000000e+05
1.479550000000000000e+05
1.479570000000000000e+05
1.479580000000000000e+05
1.479610000000000000e+05
1.479640000000000000e+05
1.480870000000000000e+05
1.481550000000000000e+05
1.481570000000000000e+05
1.481870000000000000e+05
1.482050000000000000e+05
1.482830000000000000e+05
1.482850000000000000e+05
1.483330000000000000e+05
1.483410000000000000e+05
1.483980000000000000e+05
1.484510000000000000e+05
1.484570000000000000e+05
1.486390000000000000e+05
1.486670000000000000e+05
1.487020000000000000e+05
1.487320000000000000e+05
1.487970000000000000e+05
1.488570000000000000e+05
1.488580000000000000e+05
1.488910000000000000e+05
1.488930000000000000e+05
1.489030000000000000e+05
1.489090000000000000e+05
1.489410000000000000e+05
1.489420000000000000e+05
1.489470000000000000e+05
1.489560000000000000e+05
1.489630000000000000e+05
1.489650000000000000e+05
1.491490000000000000e+05
1.491770000000000000e+05
1.493970000000000000e+05
1.493980000000000000e+05
1.494500000000000000e+05
1.494740000000000000e+05
1.497420000000000000e+05
1.497490000000000000e+05
1.497540000000000000e+05
1.498070000000000000e+05
1.499270000000000000e+05
1.499410000000000000e+05
1.499660000000000000e+05
1.499730000000000000e+05
1.501230000000000000e+05
1.501260000000000000e+05
1.503490000000000000e+05
1.504380000000000000e+05
1.504440000000000000e+05
1.504490000000000000e+05
1.504980000000000000e+05
1.505830000000000000e+05
1.508670000000000000e+05
1.509000000000000000e+05
1.509530000000000000e+05
1.509610000000000000e+05
1.510910000000000000e+05
1.511390000000000000e+05
1.512030000000000000e+05
1.516770000000000000e+05
1.517710000000000000e+05
1.517730000000000000e+05
1.517870000000000000e+05
1.517970000000000000e+05
1.518010000000000000e+05
1.518550000000000000e+05
1.519170000000000000e+05
1.519630000000000000e+05
1.519650000000000000e+05
1.520070000000000000e+05
1.520410000000000000e+05
1.522630000000000000e+05
1.523470000000000000e+05
1.524030000000000000e+05
1.524610000000000000e+05
1.525000000000000000e+05
1.528860000000000000e+05
1.529170000000000000e+05
1.530410000000000000e+05
1.530570000000000000e+05
1.531150000000000000e+05
1.531480000000000000e+05
1.532300000000000000e+05
1.533690000000000000e+05
1.538790000000000000e+05
1.539550000000000000e+05
1.540100000000000000e+05
1.540880000000000000e+05
1.541970000000000000e+05
1.549840000000000000e+05
1.551800000000000000e+05
1.557110000000000000e+05
1.557430000000000000e+05
1.558350000000000000e+05
1.558370000000000000e+05
1.558930000000000000e+05
1.558940000000000000e+05
1.559630000000000000e+05
1.560130000000000000e+05
1.560260000000000000e+05
1.560280000000000000e+05
1.561370000000000000e+05
1.561380000000000000e+05
1.561400000000000000e+05
1.564730000000000000e+05
1.565850000000000000e+05
1.567650000000000000e+05
1.568150000000000000e+05
1.569010000000000000e+05
1.569580000000000000e+05
1.569820000000000000e+05
1.570270000000000000e+05
1.570330000000000000e+05
1.570780000000000000e+05
1.571540000000000000e+05
1.572740000000000000e+05
1.576040000000000000e+05
1.577990000000000000e+05
1.578060000000000000e+05
1.578530000000000000e+05
1.579130000000000000e+05
1.579300000000000000e+05
1.579790000000000000e+05
1.580050000000000000e+05
1.581210000000000000e+05
1.587740000000000000e+05
1.589450000000000000e+05
1.599800000000000000e+05
1.601770000000000000e+05
1.602090000000000000e+05
1.605310000000000000e+05
1.606120000000000000e+05
1.606490000000000000e+05
1.606520000000000000e+05
1.611880000000000000e+05
1.612170000000000000e+05
1.613360000000000000e+05
1.614180000000000000e+05
1.619450000000000000e+05
1.621460000000000000e+05
1.628720000000000000e+05
1.639670000000000000e+05
1.640310000000000000e+05
1.640630000000000000e+05
1.640790000000000000e+05
1.640870000000000000e+05
1.640910000000000000e+05
1.640930000000000000e+05
1.640940000000000000e+05
1.641590000000000000e+05
1.641910000000000000e+05
1.642070000000000000e+05
1.642150000000000000e+05
1.642190000000000000e+05
1.642210000000000000e+05
1.642220000000000000e+05
1.642550000000000000e+05
1.642710000000000000e+05
1.642790000000000000e+05
1.642830000000000000e+05
1.642850000000000000e+05
1.642860000000000000e+05
1.643030000000000000e+05
1.643110000000000000e+05
1.643150000000000000e+05
1.643170000000000000e+05
1.643180000000000000e+05
1.643270000000000000e+05
1.643310000000000000e+05
1.643330000000000000e+05
1.643340000000000000e+05
1.643390000000000000e+05
1.643410000000000000e+05
1.643420000000000000e+05
1.643450000000000000e+05
1.643460000000000000e+05
1.643480000000000000e+05
1.645350000000000000e+05
1.645710000000000000e+05
1.645830000000000000e+05
1.645890000000000000e+05
1.645900000000000000e+05
1.646010000000000000e+05
1.646020000000000000e+05
1.646040000000000000e+05
1.646950000000000000e+05
1.647230000000000000e+05
1.647650000000000000e+05
1.647820000000000000e+05
1.648140000000000000e+05
1.648410000000000000e+05
1.648420000000000000e+05
1.648490000000000000e+05
1.649870000000000000e+05
1.650990000000000000e+05
1.651010000000000000e+05
1.651090000000000000e+05
1.651160000000000000e+05
1.651670000000000000e+05
1.651790000000000000e+05
1.651810000000000000e+05
1.652110000000000000e+05
1.652130000000000000e+05
1.652140000000000000e+05
1.652230000000000000e+05
1.652370000000000000e+05
1.652870000000000000e+05
1.653010000000000000e+05
1.653250000000000000e+05
1.653260000000000000e+05
1.653310000000000000e+05
1.653400000000000000e+05
1.653540000000000000e+05
1.653680000000000000e+05
1.654970000000000000e+05
1.655310000000000000e+05
1.655490000000000000e+05
1.655620000000000000e+05
1.655940000000000000e+05
1.656030000000000000e+05
1.656050000000000000e+05
1.656470000000000000e+05
1.656860000000000000e+05
1.657310000000000000e+05
1.657860000000000000e+05
1.659510000000000000e+05
1.661070000000000000e+05
1.661310000000000000e+05
1.662530000000000000e+05
1.662610000000000000e+05
1.663110000000000000e+05
1.663170000000000000e+05
1.663230000000000000e+05
1.663260000000000000e+05
1.663430000000000000e+05
1.663570000000000000e+05
1.663860000000000000e+05
1.664550000000000000e+05
1.665210000000000000e+05
1.666420000000000000e+05
1.666990000000000000e+05
1.668280000000000000e+05
1.668340000000000000e+05
1.668580000000000000e+05
1.668660000000000000e+05
1.669590000000000000e+05
1.671170000000000000e+05
1.671250000000000000e+05
1.673380000000000000e+05
1.673520000000000000e+05
1.673700000000000000e+05
1.675300000000000000e+05
1.675930000000000000e+05
1.676260000000000000e+05
1.676560000000000000e+05
1.677500000000000000e+05
1.680310000000000000e+05
1.680550000000000000e+05
1.681110000000000000e+05
1.681260000000000000e+05
1.681550000000000000e+05
1.681740000000000000e+05
1.682950000000000000e+05
1.683100000000000000e+05
1.683130000000000000e+05
1.683730000000000000e+05
1.683910000000000000e+05
1.683980000000000000e+05
1.684050000000000000e+05
1.684330000000000000e+05
1.685270000000000000e+05
1.685720000000000000e+05
1.686220000000000000e+05
1.686340000000000000e+05
1.686650000000000000e+05
1.686820000000000000e+05
1.687640000000000000e+05
1.688530000000000000e+05
1.688600000000000000e+05
1.688690000000000000e+05
1.689050000000000000e+05
1.689300000000000000e+05
1.690510000000000000e+05
1.690770000000000000e+05
1.691110000000000000e+05
1.691390000000000000e+05
1.691420000000000000e+05
1.692460000000000000e+05
1.692740000000000000e+05
1.695490000000000000e+05
1.696260000000000000e+05
1.696970000000000000e+05
1.697560000000000000e+05
1.698100000000000000e+05
1.702280000000000000e+05
1.706490000000000000e+05
1.706620000000000000e+05
1.706940000000000000e+05
1.709520000000000000e+05
1.714280000000000000e+05
1.715760000000000000e+05
1.721430000000000000e+05
1.722630000000000000e+05
1.722750000000000000e+05
1.722770000000000000e+05
1.722810000000000000e+05
1.722840000000000000e+05
1.723470000000000000e+05
1.724430000000000000e+05
1.724670000000000000e+05
1.724690000000000000e+05
1.724730000000000000e+05
1.724870000000000000e+05
1.724930000000000000e+05
1.724940000000000000e+05
1.725220000000000000e+05
1.725360000000000000e+05
1.725750000000000000e+05
1.729410000000000000e+05
1.729770000000000000e+05
1.731500000000000000e+05
1.732350000000000000e+05
1.732620000000000000e+05
1.732760000000000000e+05
1.733390000000000000e+05
1.734320000000000000e+05
1.734510000000000000e+05
1.734900000000000000e+05
1.735370000000000000e+05
1.735980000000000000e+05
1.736540000000000000e+05
1.736690000000000000e+05
1.738980000000000000e+05
1.742650000000000000e+05
1.742930000000000000e+05
1.743790000000000000e+05
1.743870000000000000e+05
1.743930000000000000e+05
1.744140000000000000e+05
1.745520000000000000e+05
1.747610000000000000e+05
1.748690000000000000e+05
1.749820000000000000e+05
1.751430000000000000e+05
1.751470000000000000e+05
1.762150000000000000e+05
1.763450000000000000e+05
1.764290000000000000e+05
1.764380000000000000e+05
1.765340000000000000e+05
1.767150000000000000e+05
1.767260000000000000e+05
1.767810000000000000e+05
1.768560000000000000e+05
1.771820000000000000e+05
1.772530000000000000e+05
1.772650000000000000e+05
1.777370000000000000e+05
1.782840000000000000e+05
1.782900000000000000e+05
1.784510000000000000e+05
1.784990000000000000e+05
1.787440000000000000e+05
1.789490000000000000e+05
1.800000000000000000e+05
1.803470000000000000e+05
1.804550000000000000e+05
1.804610000000000000e+05
1.804620000000000000e+05
1.804730000000000000e+05
1.804740000000000000e+05
1.805830000000000000e+05
1.805890000000000000e+05
1.805900000000000000e+05
1.805950000000000000e+05
1.805970000000000000e+05
1.805980000000000000e+05
1.806040000000000000e+05
1.806370000000000000e+05
1.806610000000000000e+05
1.806620000000000000e+05
1.807090000000000000e+05
1.807160000000000000e+05
1.808430000000000000e+05
1.808450000000000000e+05
1.808910000000000000e+05
1.810070000000000000e+05
1.810460000000000000e+05
1.810750000000000000e+05
1.810770000000000000e+05
1.811900000000000000e+05
1.814150000000000000e+05
1.814290000000000000e+05
1.814680000000000000e+05
1.814750000000000000e+05
1.815430000000000000e+05
1.816030000000000000e+05
1.817870000000000000e+05
1.819300000000000000e+05
1.820410000000000000e+05
1.821610000000000000e+05
1.823510000000000000e+05
1.823870000000000000e+05
1.824830000000000000e+05
1.825850000000000000e+05
1.825860000000000000e+05
1.826480000000000000e+05
1.826670000000000000e+05
1.826690000000000000e+05
1.829040000000000000e+05
1.829330000000000000e+05
1.830530000000000000e+05
1.831280000000000000e+05
1.831370000000000000e+05
1.832080000000000000e+05
1.833860000000000000e+05
1.835740000000000000e+05
1.838150000000000000e+05
1.838820000000000000e+05
1.839690000000000000e+05
1.846470000000000000e+05
1.846810000000000000e+05
1.847780000000000000e+05
1.847800000000000000e+05
1.849240000000000000e+05
1.849330000000000000e+05
1.849460000000000000e+05
1.851130000000000000e+05
1.851400000000000000e+05
1.852000000000000000e+05
1.852190000000000000e+05
1.854330000000000000e+05
1.854860000000000000e+05
1.854980000000000000e+05
1.865090000000000000e+05
1.867210000000000000e+05
1.874420000000000000e+05
1.879160000000000000e+05
1.885340000000000000e+05
1.886190000000000000e+05
1.887020000000000000e+05
1.887260000000000000e+05
1.887490000000000000e+05
1.887880000000000000e+05
1.888490000000000000e+05
1.888560000000000000e+05
1.888730000000000000e+05
1.891250000000000000e+05
1.892650000000000000e+05
1.899650000000000000e+05
1.900010000000000000e+05
1.900400000000000000e+05
1.902110000000000000e+05
1.905770000000000000e+05
1.910570000000000000e+05
1.911210000000000000e+05
1.921440000000000000e+05
1.925700000000000000e+05
1.926320000000000000e+05
1.926540000000000000e+05
1.931000000000000000e+05
1.934160000000000000e+05
1.967350000000000000e+05
1.967990000000000000e+05
1.968310000000000000e+05
1.968470000000000000e+05
1.968550000000000000e+05
1.968590000000000000e+05
1.968610000000000000e+05
1.968620000000000000e+05
1.969270000000000000e+05
1.969590000000000000e+05
1.969750000000000000e+05
1.969830000000000000e+05
1.969870000000000000e+05
1.969890000000000000e+05
1.970230000000000000e+05
1.970390000000000000e+05
1.970470000000000000e+05
1.970510000000000000e+05
1.970530000000000000e+05
1.970710000000000000e+05
1.970790000000000000e+05
1.970830000000000000e+05
1.970850000000000000e+05
1.970950000000000000e+05
1.970990000000000000e+05
1.971010000000000000e+05
1.971020000000000000e+05
1.971070000000000000e+05
1.971090000000000000e+05
1.971130000000000000e+05
1.972430000000000000e+05
1.972460000000000000e+05
1.973350000000000000e+05
1.973420000000000000e+05
1.973570000000000000e+05
1.973580000000000000e+05
1.973650000000000000e+05
1.973720000000000000e+05
1.974350000000000000e+05
1.974380000000000000e+05
1.974550000000000000e+05
1.974940000000000000e+05
1.975270000000000000e+05
1.975430000000000000e+05
1.975470000000000000e+05
1.975620000000000000e+05
1.975820000000000000e+05
1.976050000000000000e+05
1.976090000000000000e+05
1.976170000000000000e+05
1.976180000000000000e+05
1.976950000000000000e+05
1.977510000000000000e+05
1.977910000000000000e+05
1.978390000000000000e+05
1.978630000000000000e+05
1.978690000000000000e+05
1.979470000000000000e+05
1.979790000000000000e+05
1.980050000000000000e+05
1.980550000000000000e+05
1.980690000000000000e+05
1.980730000000000000e+05
1.980930000000000000e+05
1.981020000000000000e+05
1.982650000000000000e+05
1.983110000000000000e+05
1.983920000000000000e+05
1.984270000000000000e+05
1.984290000000000000e+05
1.985530000000000000e+05
1.988390000000000000e+05
1.988910000000000000e+05
1.989910000000000000e+05
1.991290000000000000e+05
1.991480000000000000e+05
1.993390000000000000e+05
1.993470000000000000e+05
1.994020000000000000e+05
1.994160000000000000e+05
1.994700000000000000e+05
1.996080000000000000e+05
1.998790000000000000e+05
2.000490000000000000e+05
2.000920000000000000e+05
2.008790000000000000e+05
2.009390000000000000e+05
2.009470000000000000e+05
2.009540000000000000e+05
2.011890000000000000e+05
2.013400000000000000e+05
2.013890000000000000e+05
2.013900000000000000e+05
2.014040000000000000e+05
2.014870000000000000e+05
2.015570000000000000e+05
2.016410000000000000e+05
2.016840000000000000e+05
2.021380000000000000e+05
2.029340000000000000e+05
2.035550000000000000e+05
2.040600000000000000e+05
2.041440000000000000e+05
2.049250000000000000e+05
2.049750000000000000e+05
2.049900000000000000e+05
2.050150000000000000e+05
2.050190000000000000e+05
2.050350000000000000e+05
2.050430000000000000e+05
2.050870000000000000e+05
2.051110000000000000e+05
2.051170000000000000e+05
2.051430000000000000e+05
2.051500000000000000e+05
2.051710000000000000e+05
2.052070000000000000e+05
2.052130000000000000e+05
2.052140000000000000e+05
2.052230000000000000e+05
2.052830000000000000e+05
2.052850000000000000e+05
2.054690000000000000e+05
2.056140000000000000e+05
2.056570000000000000e+05
2.056690000000000000e+05
2.056760000000000000e+05
2.057960000000000000e+05
2.060720000000000000e+05
2.061630000000000000e+05
2.061850000000000000e+05
2.062220000000000000e+05
2.062500000000000000e+05
2.063050000000000000e+05
2.063790000000000000e+05
2.066130000000000000e+05
2.067040000000000000e+05
2.067290000000000000e+05
2.071890000000000000e+05
2.074730000000000000e+05
2.075380000000000000e+05
2.078240000000000000e+05
2.081120000000000000e+05
2.086500000000000000e+05
2.086580000000000000e+05
2.089890000000000000e+05
2.090470000000000000e+05
2.090670000000000000e+05
2.091670000000000000e+05
2.092510000000000000e+05
2.093540000000000000e+05
2.095470000000000000e+05
2.096090000000000000e+05
2.097080000000000000e+05
2.098880000000000000e+05
2.100090000000000000e+05
2.101890000000000000e+05
2.102490000000000000e+05
2.117320000000000000e+05
2.131790000000000000e+05
2.132070000000000000e+05
2.132230000000000000e+05
2.132370000000000000e+05
2.133070000000000000e+05
2.133550000000000000e+05
2.134030000000000000e+05
2.134270000000000000e+05
2.134330000000000000e+05
2.134340000000000000e+05
2.134360000000000000e+05
2.134680000000000000e+05
2.134810000000000000e+05
2.136470000000000000e+05
2.136850000000000000e+05
2.137400000000000000e+05
2.138380000000000000e+05
2.138500000000000000e+05
2.138660000000000000e+05
2.139010000000000000e+05
2.139690000000000000e+05
2.141310000000000000e+05
2.142430000000000000e+05
2.142950000000000000e+05
2.143320000000000000e+05
2.143800000000000000e+05
2.144500000000000000e+05
2.144730000000000000e+05
2.144980000000000000e+05
2.145730000000000000e+05
2.146410000000000000e+05
2.146810000000000000e+05
2.148880000000000000e+05
2.149770000000000000e+05
2.149920000000000000e+05
2.152390000000000000e+05
2.152740000000000000e+05
2.153190000000000000e+05
2.153880000000000000e+05
2.154020000000000000e+05
2.154450000000000000e+05
2.154460000000000000e+05
2.154650000000000000e+05
2.157180000000000000e+05
2.158820000000000000e+05
2.161490000000000000e+05
2.162340000000000000e+05
2.162900000000000000e+05
2.162960000000000000e+05
2.163620000000000000e+05
2.169000000000000000e+05
2.173010000000000000e+05
2.173730000000000000e+05
2.173890000000000000e+05
2.174850000000000000e+05
2.174940000000000000e+05
2.175280000000000000e+05
2.179680000000000000e+05
2.182770000000000000e+05
2.183070000000000000e+05
2.183820000000000000e+05
2.184720000000000000e+05
2.185610000000000000e+05
2.197170000000000000e+05
2.197300000000000000e+05
2.205450000000000000e+05
2.212930000000000000e+05
2.213690000000000000e+05
2.213870000000000000e+05
2.215290000000000000e+05
2.216120000000000000e+05
2.216420000000000000e+05
2.217950000000000000e+05
2.218980000000000000e+05
2.224200000000000000e+05
2.224920000000000000e+05
2.232590000000000000e+05
2.234480000000000000e+05
2.234950000000000000e+05
2.237570000000000000e+05
2.256170000000000000e+05
2.258620000000000000e+05
2.264160000000000000e+05
2.264490000000000000e+05
2.279050000000000000e+05
2.295980000000000000e+05
2.296110000000000000e+05
2.296190000000000000e+05
2.296630000000000000e+05
2.297260000000000000e+05
2.297500000000000000e+05
2.297560000000000000e+05
2.297990000000000000e+05
2.298110000000000000e+05
2.298370000000000000e+05
2.298590000000000000e+05
2.298650000000000000e+05
2.298660000000000000e+05
2.300120000000000000e+05
2.301180000000000000e+05
2.302860000000000000e+05
2.303760000000000000e+05
2.304910000000000000e+05
2.305510000000000000e+05
2.305990000000000000e+05
2.306330000000000000e+05
2.306410000000000000e+05
2.307620000000000000e+05
2.309690000000000000e+05
2.309970000000000000e+05
2.310180000000000000e+05
2.311380000000000000e+05
2.312060000000000000e+05
2.315910000000000000e+05
2.316030000000000000e+05
2.316100000000000000e+05
2.317330000000000000e+05
2.320410000000000000e+05
2.321050000000000000e+05
2.338630000000000000e+05
2.338690000000000000e+05
2.346010000000000000e+05
2.347210000000000000e+05
2.348250000000000000e+05
2.351840000000000000e+05
2.353940000000000000e+05
2.362250000000000000e+05
2.371210000000000000e+05
2.376610000000000000e+05
2.377470000000000000e+05
2.377530000000000000e+05
2.377710000000000000e+05
2.377820000000000000e+05
2.378390000000000000e+05
2.378770000000000000e+05
2.379140000000000000e+05
2.379230000000000000e+05
2.379870000000000000e+05
2.380400000000000000e+05
2.388080000000000000e+05
2.388590000000000000e+05
2.389960000000000000e+05
2.390000000000000000e+05
2.391390000000000000e+05
2.396910000000000000e+05
2.399160000000000000e+05
2.406590000000000000e+05
2.408330000000000000e+05
2.418730000000000000e+05
2.418960000000000000e+05
2.424350000000000000e+05
2.425280000000000000e+05
2.432340000000000000e+05
2.437330000000000000e+05
2.437610000000000000e+05
2.459940000000000000e+05
2.460040000000000000e+05
2.460760000000000000e+05
2.461240000000000000e+05
2.461720000000000000e+05
2.463010000000000000e+05
2.464760000000000000e+05
2.465700000000000000e+05
2.466120000000000000e+05
2.475570000000000000e+05
2.478380000000000000e+05
2.481520000000000000e+05
2.500580000000000000e+05
2.510480000000000000e+05
2.540660000000000000e+05
2.540680000000000000e+05
2.548560000000000000e+05
2.550600000000000000e+05
2.551160000000000000e+05
2.551240000000000000e+05
2.581600000000000000e+05
2.601320000000000000e+05
