0 0 1.999986282341242
0 1 -1.831754405746062e-05
0 2 1.148710817357029e-05
0 3 -6.400924896428693e-06
0 4 -9.809243198236174e-06
0 5 -1.453370870160618e-05
0 6 2.731205897550496e-07
0 7 9.193175445508837e-07
0 8 -1.501465861389224e-05
0 9 3.840468479083164e-06
0 10 9.036891344941313e-06
0 11 1.45911604115855e-06
0 12 7.555214133401497e-07
0 13 2.714059295828334e-06
0 14 2.744576594553265e-06
0 15 -1.209076404070621e-06
0 16 3.695549045729679e-06
0 17 -1.31179575727755e-05
0 18 3.812815939017318e-05
0 19 -3.500427262116724e-06
0 20 -1.280070657315396e-05
0 21 -1.63456689206799e-05
0 22 8.242689556337601e-06
0 23 6.469149468989879e-06
0 24 -2.728903754346833e-05
0 25 -2.73838468079293e-05
0 26 5.202311902750249e-05
0 27 1.714351461897231e-05
1 0 -1.831754405746066e-05
1 1 1.990135916776245
1 2 -0.0005461056011333762
1 3 -0.0004709169855184722
1 4 -0.001597809305315316
1 5 -0.0005317791407316282
1 6 -0.0002411077557855613
1 7 -0.0003762895667540375
1 8 -0.0003619792722578235
1 9 0.0001340559209046065
1 10 0.0004256566960720187
1 11 0.0001794719514417998
1 12 -0.0003517845959647194
1 13 -0.0003086856157386301
1 14 -0.0004588734756174387
1 15 -6.364913015054845e-05
1 16 -0.001501347210679087
1 17 -0.001392258528538918
1 18 -0.002650936483804343
1 19 0.0005130346942068518
1 20 0.0009757817332114044
1 21 0.002538966820583867
1 22 -0.0005282253152119246
1 23 -0.0005277484429252542
1 24 0.0005398896512407856
1 25 0.001991872567496106
1 26 -0.0001315397892728509
1 27 0.0007459433900558623
2 0 1.148710817357034e-05
2 1 -0.0005461056011333734
2 2 1.990441863716347
2 3 0.0006293144131477428
2 4 0.001977530800992515
2 5 0.001894524221461386
2 6 -0.0004104559747596069
2 7 -6.067332801209268e-05
2 8 0.003222043420311986
2 9 0.0002869347830887197
2 10 0.0004324641331269066
2 11 -0.0009464714165299156
2 12 -0.0004415961570123006
2 13 0.001071639043297803
2 14 0.0002103377216270073
2 15 0.0002873742025942775
2 16 -0.001944588940207969
2 17 -0.003985502337397475
2 18 0.00206972186629662
2 19 -0.00290273501252247
2 20 0.001451790158614452
2 21 -0.0006245676243591511
2 22 0.0001057467090866112
2 23 0.001157425548676092
2 24 0.002914227276740835
2 25 0.0004535220517580685
2 26 0.0004555434540955227
2 27 0.004184862251643854
3 0 -6.400924896428489e-06
3 1 -0.0004709169855184739
3 2 0.0006293144131477469
3 3 1.991457001688181
3 4 -9.198404531276081e-05
3 5 0.0002889147108930764
3 6 0.002872779736487442
3 7 0.000913764752464506
3 8 -0.0005558740820999577
3 9 0.001050164518813205
3 10 0.00386745948888474
3 11 0.001034717405391989
3 12 0.0001453890313959041
3 13 0.001418999415045489
3 14 6.205966386827492e-05
3 15 4.936149065552175e-05
3 16 -0.000135338675654681
3 17 -0.0002887961632397177
3 18 -0.001702627141836595
3 19 0.0005871512601784753
3 20 0.001704468123492473
3 21 0.0007890054602497562
3 22 -3.749164839468892e-05
3 23 -0.0007457258255295528
3 24 -0.002022282539666744
3 25 -0.003395926351332569
3 26 -0.0008695433344840584
3 27 0.0002282005549392501
4 0 -9.809243198235944e-06
4 1 -0.00159780930531536
4 2 0.001977530800992508
4 3 -9.198404531276399e-05
4 4 1.988219125598259
4 5 0.002099479351896845
4 6 0.001658135549298998
4 7 0.0004941399273480109
4 8 -0.0004748012956889728
4 9 4.978242538030434e-05
4 10 -0.001232301395588653
4 11 0.0002923444119585593
4 12 0.0003403703858322725
4 13 -0.001057047814510517
4 14 -0.003471918132662175
4 15 -0.0005256855721192024
4 16 0.001387087752175793
4 17 -0.0005440028755207306
4 18 -0.0003748795911547952
4 19 0.001257052254207122
4 20 0.0007964647483992434
4 21 -0.003077585055104645
4 22 -3.509058255121083e-05
4 23 0.001471801425305752
4 24 0.0004066698726425179
4 25 -0.004676833084242226
4 26 -2.784840679330355e-06
4 27 -0.005456652084194708
5 0 -1.453370870160603e-05
5 1 -0.0005317791407316165
5 2 0.001894524221461384
5 3 0.0002889147108930927
5 4 0.002099479351896894
5 5 1.983611945937622
5 6 -0.002078436017269299
5 7 -0.0007343006863679996
5 8 -0.005067989268065128
5 9 0.001311246582731255
5 10 0.001526120482362836
5 11 0.002550790468778756
5 12 0.0001299677457015398
5 13 -0.001585740487989225
5 14 0.005361851816367062
5 15 0.0002948649420845056
5 16 0.0008091346195719504
5 17 0.004117723682655212
5 18 0.001991803734287756
5 19 -0.0005170412635412757
5 20 0.001561396029414611
5 21 -0.0002651285375812141
5 22 0.001094154065795532
5 23 0.0002024131935109388
5 24 0.00238770055607932
5 25 0.0008324275302197065
5 26 0.000253658319160411
5 27 0.005055602087448316
6 0 2.731205897553241e-07
6 1 -0.0002411077557855634
6 2 -0.0004104559747595752
6 3 0.002872779736487461
6 4 0.00165813554929898
6 5 -0.002078436017269314
6 6 1.980922730348021
6 7 -0.001226696880015633
6 8 -0.0005623055879973335
6 9 -0.0001952410895564328
6 10 -0.001311252573837797
6 11 -0.0006054577541426492
6 12 0.002183321494128964
6 13 0.0001033026469385635
6 14 -0.0001372286085446642
6 15 -0.001659430882068764
6 16 -0.01196136743996795
6 17 0.001650363345199605
6 18 -0.001367737335748027
6 19 0.003284110219599571
6 20 -0.0007026790348291295
6 21 0.001317547298813158
6 22 -0.003257927662267705
6 23 -0.00360067069654834
6 24 0.001207392266662519
6 25 4.208649988902871e-05
6 26 0.001524169116179685
6 27 0.01080941952462232
7 0 9.193175445509976e-07
7 1 -0.0003762895667540339
7 2 -6.067332801208069e-05
7 3 0.0009137647524645029
7 4 0.0004941399273480098
7 5 -0.0007343006863680324
7 6 -0.001226696880015626
7 7 1.983075843271465
7 8 0.0002463334798474098
7 9 -0.0001857252698522079
7 10 -0.001066134543332068
7 11 -0.0008440569461592733
7 12 -0.00532597952615883
7 13 -0.000677180057893703
7 14 -0.000242599881231488
7 15 0.004609049923153394
7 16 0.02727142490297125
7 17 0.0001825054140701361
7 18 -0.003116329721867515
7 19 0.0006019497841821589
7 20 0.005160977474417116
7 21 -0.001848769392284096
7 22 0.00821971606666768
7 23 0.00515878449120051
7 24 -0.002230606336466268
7 25 0.002870941813171799
7 26 0.0001525369649791305
7 27 0.003902723145898696
8 0 -1.501465861389199e-05
8 1 -0.0003619792722578166
8 2 0.003222043420311931
8 3 -0.0005558740820999634
8 4 -0.0004748012956889753
8 5 -0.005067989268065104
8 6 -0.0005623055879973118
8 7 0.0002463334798474101
8 8 1.985419538967914
8 9 -0.0002736493023758978
8 10 0.0004061208474837543
8 11 -0.004346162024065361
8 12 4.202498427160514e-05
8 13 0.004868402723242495
8 14 0.002491747419304005
8 15 -0.0004228199165032609
8 16 -0.0004556162794107999
8 17 0.001001560977780411
8 18 0.003752159774856981
8 19 -0.00260482047460422
8 20 -0.001278793408774225
8 21 -0.002751697669929345
8 22 -9.843676140381441e-05
8 23 0.0007749430399378962
8 24 0.001001122469857175
8 25 -0.0003965193121915298
8 26 -0.0021859687124168
8 27 0.0007133029346701237
9 0 3.840468479083351e-06
9 1 0.0001340559209046004
9 2 0.0002869347830887125
9 3 0.001050164518813224
9 4 4.978242538033233e-05
9 5 0.001311246582731232
9 6 -0.0001952410895564432
9 7 -0.0001857252698522117
9 8 -0.0002736493023758864
9 9 1.982169591232242
9 10 -0.002124125450522552
9 11 0.0004812354462682132
9 12 0.003922548582701644
9 13 -0.0006724846757562469
9 14 -0.0002162905393964372
9 15 -0.002677762814099463
9 16 -0.009927745687601179
9 17 0.0002252061793693968
9 18 5.310390506346564e-05
9 19 -0.0003113502197189785
9 20 -0.0008820785878559422
9 21 0.002237644437669245
9 22 0.001072760868905963
9 23 -0.003590465103491223
9 24 0.001950017570227883
9 25 -0.003295054913524109
9 26 0.0006309927682791762
9 27 -0.003638090593076275
10 0 9.036891344940754e-06
10 1 0.0004256566960719865
10 2 0.0004324641331269063
10 3 0.003867459488884718
10 4 -0.001232301395588666
10 5 0.001526120482362816
10 6 -0.001311252573837853
10 7 -0.001066134543332055
10 8 0.0004061208474837633
10 9 -0.002124125450522578
10 10 1.976129537514043
10 11 -9.654223391163028e-05
10 12 -0.001212900642751035
10 13 -0.003077635434947594
10 14 5.978014908276791e-06
10 15 0.001072549822375559
10 16 0.002866776588537271
10 17 0.0006342694003424443
10 18 -0.0007584723516661665
10 19 -0.0041134191598409
10 20 0.004044625311446907
10 21 -0.0009419127920894759
10 22 0.0004169423806449751
10 23 -0.001757849146257831
10 24 -0.0006017658801076933
10 25 -0.001408634086138079
10 26 0.0004540088891651175
10 27 -0.007885076050659509
11 0 1.4591160411583e-06
11 1 0.0001794719514417925
11 2 -0.0009464714165299307
11 3 0.001034717405392018
11 4 0.0002923444119585781
11 5 0.002550790468778683
11 6 -0.0006054577541426571
11 7 -0.0008440569461592694
11 8 -0.004346162024065325
11 9 0.0004812354462681817
11 10 -9.654223391164779e-05
11 11 1.983646434681192
11 12 0.001094043932989806
11 13 -0.004048783955121534
11 14 0.001178521848720367
11 15 0.0001224827011972425
11 16 -0.0006418337774281907
11 17 0.002493043328972731
11 18 -0.001556900389514977
11 19 -0.0001725445917466654
11 20 -0.0001521784924893959
11 21 -4.608582655495782e-05
11 22 -0.001733610336567602
11 23 0.001421431429210592
11 24 0.004371654461620765
11 25 0.001584355332970265
11 26 -0.00206114319088831
11 27 -0.001249248969643017
12 0 7.55521413340242e-07
12 1 -0.0003517845959647238
12 2 -0.0004415961570122887
12 3 0.0001453890313959037
12 4 0.0003403703858322677
12 5 0.0001299677457015461
12 6 0.002183321494129412
12 7 -0.005325979526159038
12 8 4.20249842715734e-05
12 9 0.003922548582701728
12 10 -0.001212900642751237
12 11 0.001094043932989838
12 12 1.950955896554189
12 13 -0.002829161707339432
12 14 0.0005086851450133446
12 15 0.02784068914852926
12 16 0.05468074463154383
12 17 -0.0003227332561525606
12 18 -0.003425598790862709
12 19 -0.002216823406733155
12 20 0.004960811145655995
12 21 -8.372965022741383e-06
12 22 0.005949092719880881
12 23 0.002830583149518647
12 24 -0.0009220374338023098
12 25 0.000612108197275737
12 26 0.0001525364418091507
12 27 0.002143897055134363
13 0 2.714059295828594e-06
13 1 -0.0003086856157386059
13 2 0.001071639043297832
13 3 0.001418999415045485
13 4 -0.00105704781451055
13 5 -0.001585740487989212
13 6 0.0001033026469385641
13 7 -0.000677180057893706
13 8 0.004868402723242422
13 9 -0.0006724846757562202
13 10 -0.00307763543494757
13 11 -0.004048783955121519
13 12 -0.002829161707339393
13 13 1.984097506113064
13 14 -0.0009365419115648422
13 15 0.002597595478930296
13 16 0.00397957507264806
13 17 -0.0001331021484487157
13 18 0.00617104514681858
13 19 -0.006314498993082568
13 20 -0.001782770226672172
13 21 -0.000363212389219301
13 22 0.001002304727882961
13 23 0.002347141545878448
13 24 -0.001011504564849951
13 25 -0.002796608178711396
13 26 0.0003865148117045447
13 27 -0.00171073198717941
14 0 2.744576594553941e-06
14 1 -0.000458873475617475
14 2 0.0002103377216269756
14 3 6.205966386829917e-05
14 4 -0.003471918132662176
14 5 0.00536185181636703
14 6 -0.0001372286085446407
14 7 -0.0002425998812314542
14 8 0.002491747419303944
14 9 -0.0002162905393964376
14 10 5.978014908253156e-06
14 11 0.00117852184872035
14 12 0.0005086851450133464
14 13 -0.0009365419115648432
14 14 1.984985798289826
14 15 -0.0004566112637805146
14 16 -0.002479822159048022
14 17 -0.004547686685107253
14 18 0.01298218255142572
14 19 -0.02341416878212405
14 20 -0.01007919508476417
14 21 -0.01659843915090566
14 22 0.003940147791019235
14 23 -0.003572469728737038
14 24 -0.006283332434969375
14 25 -0.0046949399539385
14 26 -0.0255601636815089
14 27 -0.001715492092551752
15 0 -1.209076404070659e-06
15 1 -6.364913015053751e-05
15 2 0.000287374202594285
15 3 4.936149065552611e-05
15 4 -0.0005256855721191994
15 5 0.0002948649420844749
15 6 -0.001659430882068703
15 7 0.004609049923153261
15 8 -0.0004228199165032711
15 9 -0.002677762814099353
15 10 0.001072549822375554
15 11 0.0001224827011972364
15 12 0.02784068914852927
15 13 0.002597595478930338
15 14 -0.0004566112637805363
15 15 1.948061246309658
15 16 0.02266439505087104
15 17 0.001187400865482285
15 18 -0.005560382011698945
15 19 -0.003497631437814355
15 20 0.008195471101995287
15 21 -0.002160695330087078
15 22 0.01222779643590604
15 23 0.007023068937793213
15 24 -0.003494244701897779
15 25 0.000594349736085272
15 26 -0.0007995164070838465
15 27 5.892765337998825e-05
16 0 3.695549045729566e-06
16 1 -0.001501347210679065
16 2 -0.001944588940208042
16 3 -0.0001353386756546755
16 4 0.001387087752175626
16 5 0.0008091346195719616
16 6 -0.01196136743996859
16 7 0.02727142490297367
16 8 -0.000455616279410825
16 9 -0.009927745687600995
16 10 0.002866776588537259
16 11 -0.0006418337774282183
16 12 0.05468074463155161
16 13 0.003979575072647998
16 14 -0.002479822159048038
16 15 0.02266439505087089
16 16 0.09461467903589435
16 17 -0.001613425305926822
16 18 -0.001991972215495425
16 19 -0.002271425924088252
16 20 0.005461044353507361
16 21 0.0001398007726572102
16 22 0.006142534758467055
16 23 0.003409187640277562
16 24 -0.0009732498231767208
16 25 0.001136169522926364
16 26 0.0005773429722203858
16 27 0.0003683337810095169
17 0 -1.311795757277671e-05
17 1 -0.001392258528538918
17 2 -0.003985502337397558
17 3 -0.0002887961632397245
17 4 -0.0005440028755207566
17 5 0.004117723682654949
17 6 0.00165036334519962
17 7 0.0001825054140701414
17 8 0.001001560977780399
17 9 0.0002252061793694348
17 10 0.0006342694003424042
17 11 0.002493043328972572
17 12 -0.0003227332561525326
17 13 -0.0001331021484487079
17 14 -0.004547686685107178
17 15 0.001187400865482221
17 16 -0.001613425305926803
17 17 0.02160504094234681
17 18 -0.0004805613273806892
17 19 0.001866060609548081
17 20 -0.0008275667221939695
17 21 -4.750033728033273e-05
17 22 -0.001014464128769592
17 23 0.0009207341141758545
17 24 0.002272430584203893
17 25 0.003342466946804039
17 26 0.002641087837131454
17 27 -0.0004733171039022153
18 0 3.81281593901747e-05
18 1 -0.002650936483804252
18 2 0.002069721866296767
18 3 -0.001702627141836528
18 4 -0.0003748795911547868
18 5 0.001991803734287817
18 6 -0.001367737335748044
18 7 -0.00311632972186729
18 8 0.003752159774856941
18 9 5.310390506346587e-05
18 10 -0.000758472351666188
18 11 -0.001556900389514961
18 12 -0.003425598790862847
18 13 0.006171045146818214
18 14 0.01298218255142663
18 15 -0.005560382011698757
18 16 -0.00199197221549548
18 17 -0.000480561327380682
18 18 0.02422918709890353
18 19 -0.004352774118431707
18 20 0.0001157620281781826
18 21 -0.00131015096537203
18 22 0.0006958038007970436
18 23 -0.001397844307607607
18 24 -0.0008700314162658957
18 25 -0.001199418073818795
18 26 -6.039359243912847e-05
18 27 0.0003301917319193417
19 0 -3.500427262114419e-06
19 1 0.0005130346942068559
19 2 -0.00290273501252237
19 3 0.000587151260178477
19 4 0.001257052254207083
19 5 -0.0005170412635412723
19 6 0.003284110219599524
19 7 0.0006019497841821817
19 8 -0.002604820474604419
19 9 -0.0003113502197189999
19 10 -0.004113419159841005
19 11 -0.0001725445917466728
19 12 -0.002216823406733206
19 13 -0.006314498993082432
19 14 -0.02341416878212332
19 15 -0.00349763143781441
19 16 -0.002271425924088472
19 17 0.001866060609548081
19 18 -0.004352774118431747
19 19 0.02533265667233423
19 20 0.002840060683189117
19 21 0.003247296765473769
19 22 -0.0006690546383057796
19 23 -0.0006036605268196446
19 24 -0.0008237163658040899
19 25 -0.003293178008567262
19 26 0.002911490394241969
19 27 0.0002113803503407246
20 0 -1.280070657315335e-05
20 1 0.0009757817332114358
20 2 0.001451790158614444
20 3 0.00170446812349253
20 4 0.0007964647483992694
20 5 0.001561396029414565
20 6 -0.0007026790348291296
20 7 0.00516097747441692
20 8 -0.001278793408774222
20 9 -0.0008820785878559765
20 10 0.004044625311446819
20 11 -0.0001521784924893904
20 12 0.004960811145656355
20 13 -0.001782770226672086
20 14 -0.010079195084763
20 15 0.008195471101996046
20 16 0.00546104435350742
20 17 -0.0008275667221940127
20 18 0.0001157620281782037
20 19 0.002840060683189094
20 20 0.01464837685339551
20 21 -0.0006908721529625679
20 22 -0.0001876674048859541
20 23 0.001559586312525317
20 24 -0.0006741234496655212
20 25 0.00435773898627172
20 26 -0.0004634215997924826
20 27 -0.001623578209597842
21 0 -1.634566892067908e-05
21 1 0.002538966820583756
21 2 -0.0006245676243591501
21 3 0.0007890054602497851
21 4 -0.003077585055104652
21 5 -0.0002651285375811757
21 6 0.001317547298813045
21 7 -0.001848769392284123
21 8 -0.002751697669929437
21 9 0.002237644437669113
21 10 -0.0009419127920895262
21 11 -4.608582655496185e-05
21 12 -8.372965022735408e-06
21 13 -0.0003632123892193116
21 14 -0.0165984391509057
21 15 -0.002160695330087202
21 16 0.0001398007726571614
21 17 -4.750033728035976e-05
21 18 -0.001310150965371944
21 19 0.003247296765473818
21 20 -0.0006908721529625881
21 21 0.01658682210076546
21 22 -0.001274534052024575
21 23 0.002122188776169135
21 24 0.001274305549089177
21 25 0.0003287111681007575
21 26 0.0002586949746485482
21 27 -0.0006992037824024939
22 0 8.242689556337252e-06
22 1 -0.0005282253152118917
22 2 0.0001057467090866125
22 3 -3.749164839468348e-05
22 4 -3.509058255120654e-05
22 5 0.001094154065795429
22 6 -0.00325792766226768
22 7 0.008219716066667652
22 8 -9.843676140381259e-05
22 9 0.001072760868905955
22 10 0.0004169423806449849
22 11 -0.001733610336567649
22 12 0.005949092719881355
22 13 0.001002304727882923
22 14 0.003940147791019429
22 15 0.0122277964359061
22 16 0.006142534758467568
22 17 -0.001014464128769615
22 18 0.0006958038007970353
22 19 -0.0006690546383057913
22 20 -0.0001876674048859335
22 21 -0.001274534052024556
22 22 0.01827998051920165
22 23 0.001553734822951923
22 24 0.0004195621715050802
22 25 0.0009479885916123921
22 26 -0.0003989672157003649
22 27 3.824491747381344e-05
23 0 6.469149468989886e-06
23 1 -0.0005277484429252581
23 2 0.001157425548676118
23 3 -0.0007457258255295343
23 4 0.001471801425305829
23 5 0.0002024131935109357
23 6 -0.003600670696548283
23 7 0.005158784491200313
23 8 0.0007749430399378828
23 9 -0.003590465103491165
23 10 -0.001757849146257756
23 11 0.00142143142921063
23 12 0.002830583149518472
23 13 0.002347141545878402
23 14 -0.003572469728736862
23 15 0.00702306893779359
23 16 0.003409187640277771
23 17 0.000920734114175893
23 18 -0.001397844307607612
23 19 -0.0006036605268196515
23 20 0.001559586312525328
23 21 0.002122188776169121
23 22 0.001553734822951864
23 23 0.01580357645818912
23 24 -0.002081386636669895
23 25 -0.001113927922829765
23 26 0.0003244794438032083
23 27 0.0003272332751507348
24 0 -2.728903754346695e-05
24 1 0.0005398896512408273
24 2 0.002914227276740817
24 3 -0.002022282539666904
24 4 0.0004066698726424834
24 5 0.002387700556079229
24 6 0.001207392266662535
24 7 -0.002230606336466252
24 8 0.001001122469857198
24 9 0.001950017570227887
24 10 -0.0006017658801076757
24 11 0.004371654461620851
24 12 -0.0009220374338023247
24 13 -0.001011504564849918
24 14 -0.006283332434969329
24 15 -0.003494244701897754
24 16 -0.0009732498231766946
24 17 0.0022724305842039
24 18 -0.0008700314162658974
24 19 -0.000823716365804067
24 20 -0.0006741234496655064
24 21 0.001274305549089165
24 22 0.0004195621715050721
24 23 -0.002081386636669896
24 24 0.01507823731812753
24 25 0.002859126455342674
24 26 -0.0005707678137251684
24 27 -0.0007388929254884465
25 0 -2.738384680792794e-05
25 1 0.001991872567496212
25 2 0.0004535220517581357
25 3 -0.003395926351332667
25 4 -0.004676833084242073
25 5 0.0008324275302197267
25 6 4.208649988908633e-05
25 7 0.002870941813171584
25 8 -0.0003965193121915256
25 9 -0.003295054913524183
25 10 -0.00140863408613808
25 11 0.001584355332970268
25 12 0.000612108197275775
25 13 -0.002796608178711347
25 14 -0.00469493995393843
25 15 0.0005943497360852813
25 16 0.001136169522926349
25 17 0.003342466946804029
25 18 -0.001199418073818805
25 19 -0.00329317800856715
25 20 0.004357738986271833
25 21 0.000328711168100753
25 22 0.0009479885916123722
25 23 -0.001113927922829824
25 24 0.002859126455342571
25 25 0.01264158310264689
25 26 -0.0003216798711104467
25 27 0.00141360735104488
26 0 5.202311902750258e-05
26 1 -0.0001315397892728248
26 2 0.0004555434540955551
26 3 -0.000869543334484068
26 4 -2.784840679294982e-06
26 5 0.0002536583191603597
26 6 0.001524169116179612
26 7 0.0001525369649791141
26 8 -0.002185968712416922
26 9 0.0006309927682791666
26 10 0.0004540088891651112
26 11 -0.002061143190888262
26 12 0.0001525364418091528
26 13 0.000386514811704543
26 14 -0.02556016368150879
26 15 -0.0007995164070838241
26 16 0.0005773429722203846
26 17 0.002641087837131352
26 18 -6.039359243918834e-05
26 19 0.002911490394242136
26 20 -0.0004634215997924918
26 21 0.0002586949746485392
26 22 -0.0003989672157003696
26 23 0.0003244794438032032
26 24 -0.0005707678137251645
26 25 -0.0003216798711104525
26 26 0.02074762052783398
26 27 -0.001061996636886433
27 0 1.714351461897168e-05
27 1 0.0007459433900558611
27 2 0.004184862251643908
27 3 0.0002282005549392543
27 4 -0.005456652084194741
27 5 0.005055602087448085
27 6 0.01080941952462253
27 7 0.003902723145898689
27 8 0.0007133029346700977
27 9 -0.003638090593076238
27 10 -0.007885076050659922
27 11 -0.001249248969643
27 12 0.002143897055134372
27 13 -0.001710731987179395
27 14 -0.001715492092551667
27 15 5.892765337997952e-05
27 16 0.0003683337810095335
27 17 -0.0004733171039022064
27 18 0.0003301917319193436
27 19 0.0002113803503406897
27 20 -0.001623578209597709
27 21 -0.0006992037824025003
27 22 3.824491747382353e-05
27 23 0.0003272332751507127
27 24 -0.0007388929254884435
27 25 0.00141360735104482
27 26 -0.001061996636886541
27 27 0.01711597963137485
