0 0 1.999964513617704
0 1 -7.272987658560369e-06
0 2 -5.293589124540782e-05
0 3 -7.067863181602492e-05
0 4 1.052203729987212e-06
0 5 -3.815094253747886e-05
0 6 7.66090256852814e-06
0 7 1.541734828428775e-05
0 8 -1.209149591486455e-05
0 9 1.955637198274437e-05
0 10 5.736386542436741e-06
0 11 1.277073398950952e-05
0 12 1.527885047979952e-06
0 13 -4.201053456907446e-05
0 14 9.883184914876887e-05
0 15 8.477146469080984e-05
0 16 0.0001813213530045449
0 17 7.24081338921743e-05
0 18 0.0002553729174805763
0 19 -0.0001534408624880984
0 20 9.094382565469692e-05
0 21 -6.540250286129213e-05
0 22 4.486410299670904e-05
1 0 -7.272987658560277e-06
1 1 1.992469594326784
1 2 -0.0005518364747605928
1 3 -0.0008359511893267629
1 4 0.002339437106009625
1 5 0.001915006064087251
1 6 0.0009984978834751644
1 7 -0.00056047684231217
1 8 -2.11441993434966e-05
1 9 -0.0009738467998264534
1 10 -0.0001639587460133703
1 11 8.422381945059307e-05
1 12 -0.002931551197011929
1 13 -0.00182444473421313
1 14 -0.001474463444916574
1 15 0.0003106034551896751
1 16 0.0009979714250138564
1 17 0.001248860974699064
1 18 0.0005750266289634637
1 19 0.0005121454665986617
1 20 5.208198231498981e-05
1 21 0.0006768967282789039
1 22 -0.002706817521121127
2 0 -5.29358912454075e-05
2 1 -0.000551836474760595
2 2 1.987496748223229
2 3 -0.0006794674991418332
2 4 -0.0002528978959394428
2 5 -0.0004488377760823206
2 6 -8.352899001064446e-07
2 7 0.002137634549039041
2 8 0.001202500726668914
2 9 0.001437767441398992
2 10 0.0006262558654920511
2 11 0.0007334448963996555
2 12 0.001069182154569029
2 13 -0.0004105558074944095
2 14 -0.001268063571586184
2 15 -0.0006929212560652907
2 16 -0.0008527865259226848
2 17 -0.002243684811016017
2 18 -0.0002077563102453089
2 19 0.002047649585577394
2 20 -0.00104072723502413
2 21 0.000265181332328366
2 22 0.001240568749142482
3 0 -7.067863181602459e-05
3 1 -0.0008359511893267993
3 2 -0.0006794674991418299
3 3 1.984616976528892
3 4 -0.0001895068465645245
3 5 -0.0006680690186883851
3 6 -6.397400995338673e-05
3 7 -0.0008039657919284275
3 8 -0.0005476464886654787
3 9 0.000504358255617698
3 10 2.829983893673315e-05
3 11 0.002753006157667282
3 12 0.0003663858927947102
3 13 4.196748050667205e-05
3 14 -6.402973082603049e-05
3 15 0.001185903163493136
3 16 -0.0004190884606987831
3 17 -0.000998282778588887
3 18 -0.003204580153566992
3 19 -0.0006432723652776142
3 20 -0.0002247433549595525
3 21 -0.0009275036536968728
3 22 0.002702139194623471
4 0 1.052203729987093e-06
4 1 0.002339437106009595
4 2 -0.0002528978959394494
4 3 -0.0001895068465645195
4 4 1.985682478650824
4 5 -0.0004759978956640991
4 6 0.002017350554640094
4 7 0.001022093041845441
4 8 -0.00108586220986368
4 9 -0.0001812452538418452
4 10 -0.0002481786661855287
4 11 0.001438082055368202
4 12 0.002548994009289866
4 13 0.002159010148992127
4 14 -0.002134750319817318
4 15 -0.002093843708894626
4 16 -0.0001721817056490558
4 17 0.001352616281261134
4 18 -0.0004439481959646317
4 19 -0.001034739682255876
4 20 0.0005384698937406408
4 21 -0.004491663201613396
4 22 0.001463502101402004
5 0 -3.815094253747842e-05
5 1 0.001915006064087304
5 2 -0.0004488377760823204
5 3 -0.0006680690186883498
5 4 -0.000475997895664179
5 5 1.979486739605024
5 6 -0.001158288771023132
5 7 -0.001351652845003999
5 8 0.0003671600035632246
5 9 -0.000315899593835749
5 10 0.001576338806716918
5 11 -0.008166374709753045
5 12 -0.002623327697552547
5 13 -0.0009883826629162758
5 14 -0.001726940439710545
5 15 -0.0005202587031093191
5 16 0.001397830784097383
5 17 0.004813650384835212
5 18 0.00124658824478722
5 19 0.001242981237228319
5 20 0.001328721400262663
5 21 -0.00209058069635357
5 22 -0.005072455688979708
6 0 7.660902568527429e-06
6 1 0.0009984978834751532
6 2 -8.352899001282913e-07
6 3 -6.397400995339093e-05
6 4 0.002017350554640119
6 5 -0.001158288771023126
6 6 1.976257540785079
6 7 -0.004680581878576843
6 8 0.0002242010183616975
6 9 0.001821229621553617
6 10 0.002966177358458198
6 11 0.0005066420229501496
6 12 -0.005870771196439206
6 13 0.0007926069722313693
6 14 -3.917646870332069e-05
6 15 -0.001511435238981853
6 16 0.001994519710445985
6 17 0.000557361270492615
6 18 -0.001278124014925576
6 19 0.0007129020884667672
6 20 0.00133963712908746
6 21 -0.0006979161212561545
6 22 0.001212056876034236
7 0 1.541734828428683e-05
7 1 -0.0005604768423122007
7 2 0.002137634549039082
7 3 -0.0008039657919284707
7 4 0.001022093041845424
7 5 -0.001351652845003971
7 6 -0.004680581878576904
7 7 1.966677410618517
7 8 -0.001239261445908892
7 9 0.00239406988626708
7 10 0.008829991477857178
7 11 0.002404510788090534
7 12 -0.01175679368307875
7 13 -0.0004883951493670468
7 14 0.003623531729130942
7 15 0.0006497550198402012
7 16 0.0009563222787023855
7 17 -0.001259184613453926
7 18 -0.001888186088545278
7 19 0.0003379128341619477
7 20 0.001694224651761377
7 21 0.000581762479335834
7 22 0.001291315217908942
8 0 -1.209149591486414e-05
8 1 -2.114419934349971e-05
8 2 0.001202500726668931
8 3 -0.0005476464886654431
8 4 -0.001085862209863704
8 5 0.0003671600035632217
8 6 0.0002242010183616863
8 7 -0.001239261445908903
8 8 1.975522311895635
8 9 -0.001832519194468367
8 10 -0.0009394174919128668
8 11 -0.002272615134482003
8 12 -0.0008022945990348169
8 13 -0.002749840768067901
8 14 0.001164526212995857
8 15 0.001597124356065009
8 16 0.001900850044309317
8 17 0.001519215356398133
8 18 0.0006825315491686202
8 19 0.0005678670383381407
8 20 -0.0004689499698302857
8 21 -0.002991457288425091
8 22 -0.001999908436849923
9 0 1.955637198274467e-05
9 1 -0.0009738467998264522
9 2 0.001437767441399005
9 3 0.000504358255617716
9 4 -0.0001812452538418227
9 5 -0.0003158995938357772
9 6 0.001821229621553615
9 7 0.002394069886267189
9 8 -0.001832519194468346
9 9 1.973053874529215
9 10 -0.004550880969796454
9 11 0.00406452019005942
9 12 0.003816668045295154
9 13 0.003179196360236163
9 14 0.005666694165128737
9 15 0.002714582861843955
9 16 -0.0001187576813767737
9 17 -0.00327036478763249
9 18 -0.0004582567449533854
9 19 0.0002762729025315084
9 20 -0.0009907209557252247
9 21 0.002634348552836987
9 22 -0.0004690080553866389
10 0 5.736386542436459e-06
10 1 -0.0001639587460133592
10 2 0.0006262558654920956
10 3 2.829983893673309e-05
10 4 -0.0002481786661854919
10 5 0.00157633880671692
10 6 0.002966177358458113
10 7 0.008829991477857693
10 8 -0.000939417491912892
10 9 -0.004550880969796433
10 10 1.963705978004041
10 11 -0.0005153400009038547
10 12 0.01036861238055571
10 13 -0.001071622321504803
10 14 0.0005452437670359004
10 15 0.0008599796912024332
10 16 0.0002673037984048072
10 17 0.001594831362851279
10 18 -5.143566222612256e-05
10 19 0.0002930739854123443
10 20 0.001410064371268535
10 21 -0.0001130799610477265
10 22 -0.0007900391978828089
11 0 1.277073398950934e-05
11 1 8.422381945061554e-05
11 2 0.0007334448963996357
11 3 0.002753006157667237
11 4 0.001438082055368184
11 5 -0.008166374709753035
11 6 0.0005066420229501837
11 7 0.0024045107880906
11 8 -0.002272615134482027
11 9 0.004064520190059482
11 10 -0.0005153400009038568
11 11 1.98468433380612
11 12 0.003855426408923073
11 13 0.01621271768842766
11 14 0.01038331838546869
11 15 -0.002334435000255877
11 16 -0.003058344199196517
11 17 -0.0203027653291169
11 18 -0.004134921535564457
11 19 -0.001032076394665065
11 20 -0.003475874041006697
11 21 0.01847523987585032
11 22 -0.001640608485322406
12 0 1.52788504797997e-06
12 1 -0.002931551197011934
12 2 0.00106918215456908
12 3 0.0003663858927947026
12 4 0.002548994009289791
12 5 -0.002623327697552582
12 6 -0.005870771196439254
12 7 -0.01175679368307951
12 8 -0.0008022945990348331
12 9 0.003816668045295167
12 10 0.01036861238055635
12 11 0.003855426408923328
12 12 0.04864529961206313
12 13 0.0006540484254605127
12 14 -0.0002098436614366672
12 15 0.0004461104844359613
12 16 -0.0005985838530400211
12 17 -0.0001054024627077052
12 18 0.0009898810021377936
12 19 -0.0002541591139790624
12 20 -0.0008737792702931096
12 21 0.0005722688625828103
12 22 -0.0006018019206457054
13 0 -4.201053456907287e-05
13 1 -0.001824444734213096
13 2 -0.0004105558074944072
13 3 4.196748050667804e-05
13 4 0.002159010148992137
13 5 -0.000988382662916289
13 6 0.0007926069722313792
13 7 -0.0004883951493670382
13 8 -0.002749840768067971
13 9 0.003179196360236158
13 10 -0.001071622321504795
13 11 0.01621271768842843
13 12 0.000654048425460513
13 13 0.02189858371057677
13 14 0.006052384660478024
13 15 0.002284670997323188
13 16 -0.004765937433055826
13 17 -0.0006529022815397224
13 18 0.001743584592636111
13 19 0.002463133163612029
13 20 -0.001015471793013074
13 21 0.003807651173622326
13 22 0.0009785647614764608
14 0 9.883184914876786e-05
14 1 -0.00147446344491661
14 2 -0.001268063571586186
14 3 -6.402973082603346e-05
14 4 -0.002134750319817289
14 5 -0.001726940439710492
14 6 -3.91764687033294e-05
14 7 0.003623531729130813
14 8 0.001164526212995866
14 9 0.005666694165128685
14 10 0.0005452437670359039
14 11 0.01038331838546879
14 12 -0.0002098436614366843
14 13 0.006052384660478009
14 14 0.01756502301718622
14 15 -0.002343909011545214
14 16 0.008326134763617422
14 17 -0.005223713000149492
14 18 -0.001950944325103439
14 19 -0.003556054642097165
14 20 0.001218675860974559
14 21 0.001052625584483389
14 22 -0.001605889375275908
15 0 8.477146469081097e-05
15 1 0.0003106034551896788
15 2 -0.000692921256065292
15 3 0.001185903163493109
15 4 -0.002093843708894651
15 5 -0.0005202587031093008
15 6 -0.001511435238981867
15 7 0.0006497550198402051
15 8 0.001597124356064997
15 9 0.002714582861843916
15 10 0.0008599796912024183
15 11 -0.00233443500025591
15 12 0.0004461104844359736
15 13 0.002284670997323141
15 14 -0.002343909011545213
15 15 0.02176477767267847
15 16 0.002820752676034306
15 17 -0.001568959729140898
15 18 -0.0004933252814768958
15 19 -0.0009968255784557074
15 20 0.0008264713631774797
15 21 -0.003127544345641995
15 22 -0.0004650512195125946
16 0 0.0001813213530045449
16 1 0.0009979714250138516
16 2 -0.0008527865259226888
16 3 -0.0004190884606987721
16 4 -0.0001721817056490666
16 5 0.001397830784097367
16 6 0.001994519710445984
16 7 0.0009563222787023775
16 8 0.001900850044309288
16 9 -0.000118757681376787
16 10 0.0002673037984047932
16 11 -0.003058344199196484
16 12 -0.0005985838530400371
16 13 -0.004765937433055815
16 14 0.008326134763617311
16 15 0.0028207526760344
16 16 0.0177474296264695
16 17 0.003424997927931249
16 18 0.0005463924826637749
16 19 0.002496157236833396
16 20 0.0006924052977290256
16 21 -0.00273631782102458
16 22 0.001526740815957243
17 0 7.240813389217663e-05
17 1 0.001248860974699062
17 2 -0.002243684811016007
17 3 -0.0009982827785888989
17 4 0.001352616281261155
17 5 0.004813650384834991
17 6 0.0005573612704926143
17 7 -0.001259184613453937
17 8 0.001519215356398085
17 9 -0.00327036478763255
17 10 0.001594831362851216
17 11 -0.02030276532911636
17 12 -0.0001054024627077121
17 13 -0.0006529022815397459
17 14 -0.005223713000149535
17 15 -0.001568959729140962
17 16 0.003424997927931294
17 17 0.02092050331116189
17 18 0.001349143844737834
17 19 0.00131150127573284
17 20 0.001030609349092622
17 21 -0.0008337408128585081
17 22 -0.0007013129169115648
18 0 0.0002553729174805771
18 1 0.0005750266289634543
18 2 -0.0002077563102453141
18 3 -0.003204580153566981
18 4 -0.0004439481959646141
18 5 0.00124658824478723
18 6 -0.00127812401492558
18 7 -0.001888186088545261
18 8 0.0006825315491685979
18 9 -0.0004582567449533859
18 10 -5.143566222612453e-05
18 11 -0.004134921535564766
18 12 0.0009898810021377515
18 13 0.001743584592636142
18 14 -0.001950944325103473
18 15 -0.0004933252814769363
18 16 0.0005463924826637641
18 17 0.001349143844737876
18 18 0.01918059883976448
18 19 -0.002099366486959524
18 20 7.005545474774279e-05
18 21 -0.001924942840286753
18 22 -0.0002985128612666043
19 0 -0.0001534408624880946
19 1 0.000512145466598673
19 2 0.002047649585577423
19 3 -0.0006432723652776073
19 4 -0.00103473968225589
19 5 0.001242981237228303
19 6 0.0007129020884667895
19 7 0.0003379128341619431
19 8 0.0005678670383381388
19 9 0.0002762729025315023
19 10 0.0002930739854123392
19 11 -0.00103207639466507
19 12 -0.0002541591139790916
19 13 0.002463133163612039
19 14 -0.003556054642097134
19 15 -0.0009968255784556629
19 16 0.002496157236833441
19 17 0.001311501275732819
19 18 -0.002099366486959479
19 19 0.01733401083949869
19 20 0.0002673241848960663
19 21 -0.0005148571348202729
19 22 -0.0004952732701942672
20 0 9.094382565469835e-05
20 1 5.208198231498965e-05
20 2 -0.001040727235024138
20 3 -0.0002247433549595485
20 4 0.0005384698937406612
20 5 0.001328721400262671
20 6 0.001339637129087477
20 7 0.001694224651761385
20 8 -0.0004689499698302865
20 9 -0.0009907209557252126
20 10 0.001410064371268535
20 11 -0.003475874041006724
20 12 -0.00087377927029313
20 13 -0.00101547179301307
20 14 0.001218675860974583
20 15 0.0008264713631774566
20 16 0.0006924052977290444
20 17 0.001030609349092641
20 18 7.005545474772412e-05
20 19 0.0002673241848960608
20 20 0.01923344842086816
20 21 0.001847583482968795
20 22 -0.0001799349328266632
21 0 -6.540250286128933e-05
21 1 0.0006768967282788953
21 2 0.000265181332328368
21 3 -0.0009275036536968691
21 4 -0.004491663201613138
21 5 -0.002090580696353585
21 6 -0.0006979161212561602
21 7 0.0005817624793358614
21 8 -0.002991457288425102
21 9 0.002634348552837005
21 10 -0.0001130799610477193
21 11 0.0184752398758511
21 12 0.000572268862582818
21 13 0.003807651173622329
21 14 0.001052625584483393
21 15 -0.003127544345641926
21 16 -0.002736317821024606
21 17 -0.0008337408128585378
21 18 -0.001924942840286733
21 19 -0.0005148571348202506
21 20 0.001847583482968837
21 21 0.01195127943134853
21 22 0.002072475990552372
22 0 4.48641029967075e-05
22 1 -0.002706817521121085
22 2 0.001240568749142445
22 3 0.002702139194623434
22 4 0.001463502101401981
22 5 -0.005072455688979688
22 6 0.001212056876034218
22 7 0.00129131521790894
22 8 -0.00199990843684996
22 9 -0.0004690080553866286
22 10 -0.0007900391978828634
22 11 -0.001640608485322412
22 12 -0.0006018019206456987
22 13 0.0009785647614764716
22 14 -0.001605889375275937
22 15 -0.0004650512195125969
22 16 0.00152674081595724
22 17 -0.0007013129169116279
22 18 -0.0002985128612666075
22 19 -0.000495273270194275
22 20 -0.0001799349328266724
22 21 0.002072475990552483
22 22 0.01414054481808288
