0 0 1.999996835389436
0 1 -2.767375588930338e-06
0 2 -1.695005116494121e-05
0 3 -1.701440020446158e-06
0 4 2.529602461294036e-05
0 5 -1.939867550215925e-05
0 6 -2.303055159807983e-06
0 7 6.404586094392734e-05
0 8 3.227795605310244e-05
0 9 -3.450784968799391e-06
0 10 1.570035483869706e-06
0 11 8.92090666832202e-06
0 12 -6.681423102758103e-06
0 13 -9.963813702311541e-06
0 14 8.216174226463775e-05
0 15 3.754260917206238e-05
0 16 -0.0001295710739637654
1 0 -2.767375588930339e-06
1 1 1.997764571253584
1 2 -0.0005584138657405253
1 3 0.001228282148641386
1 4 -0.003394520947479546
1 5 -0.0006555541711002989
1 6 -0.000122948650458253
1 7 0.001202872131596475
1 8 0.0005523757911309347
1 9 0.000838040550767756
1 10 0.0001331411763314681
1 11 -0.0002474101203680364
1 12 -0.00227941154928185
1 13 -0.0002502172878207767
1 14 -0.001317996743995002
1 15 -0.001006213892398858
1 16 -0.00242444224144758
2 0 -1.695005116494116e-05
2 1 -0.000558413865740525
2 2 1.992350551363423
2 3 0.000568450850689234
2 4 -0.001897728491277903
2 5 0.002502191621958993
2 6 -5.362664867519115e-05
2 7 -0.008037142021622416
2 8 -0.004501371612059693
2 9 -0.0001115820078889834
2 10 0.0001250712677534708
2 11 -0.003975444410867869
2 12 -0.0008058627925610798
2 13 0.001570050905769214
2 14 -0.007810785094541529
2 15 -0.002324906631218248
2 16 0.01198008352419915
3 0 -1.701440020446167e-06
3 1 0.001228282148641389
3 2 0.0005684508506892316
3 3 1.994293800658497
3 4 0.001725488703778715
3 5 -0.005141723096820152
3 6 0.0002581799721634494
3 7 -0.001786261994587451
3 8 -0.001519128099090265
3 9 0.003184860527546335
3 10 0.0003895547906518803
3 11 0.0004209064865289281
3 12 0.004456433718038591
3 13 0.001379596665824228
3 14 -0.0003429337079241912
3 15 0.001263110157714663
3 16 0.001781195417277496
4 0 2.529602461294041e-05
4 1 -0.003394520947479551
4 2 -0.001897728491277897
4 3 0.001725488703778716
4 4 1.989772311587
4 5 8.458404395056616e-05
4 6 -0.001005774161222846
4 7 0.001406475699363244
4 8 -0.0004501082418014172
4 9 0.0001038921408631468
4 10 0.001417624966552819
4 11 -0.001226913011670204
4 12 -0.0008059671878512091
4 13 -0.0006414504592975018
4 14 0.0002712918885969213
4 15 0.005982358621107284
4 16 -0.004781940790053417
5 0 -1.939867550215922e-05
5 1 -0.0006555541711003012
5 2 0.002502191621958989
5 3 -0.005141723096820127
5 4 8.458404395058501e-05
5 5 1.986083647439112
5 6 0.00131389022749623
5 7 0.0006471757417562153
5 8 -0.0001188070230553276
5 9 0.003970191287890047
5 10 -0.0002206031789840328
5 11 0.0004309541103405193
5 12 0.0008056948554223766
5 13 -0.001998787118028502
5 14 0.0004020044140279943
5 15 0.007178669063192603
5 16 1.010762952107638e-05
6 0 -2.303055159808032e-06
6 1 -0.0001229486504582541
6 2 -5.362664867518928e-05
6 3 0.0002581799721634564
6 4 -0.001005774161222853
6 5 0.001313890227496231
6 6 1.984636549070514
6 7 0.006495321891807125
6 8 -0.01461961210493804
6 9 -0.001718041626399856
6 10 0.02179622599200579
6 11 0.0208429704523231
6 12 0.002413909027204967
6 13 -0.005651498520641907
6 14 -0.001087586551103125
6 15 -0.001202115722394984
6 16 0.001238242553224294
7 0 6.404586094392755e-05
7 1 0.001202872131596483
7 2 -0.00803714202162242
7 3 -0.00178626199458747
7 4 0.001406475699363237
7 5 0.000647175741756218
7 6 0.006495321891807119
7 7 1.979099866697236
7 8 0.001553195180131789
7 9 0.001299780197532369
7 10 -0.01096962024422602
7 11 -0.03021872056526603
7 12 -0.002015015899338941
7 13 0.002837698345472046
7 14 -0.002331831202795593
7 15 0.00090688548494822
7 16 0.01684909660575203
8 0 3.227795605310253e-05
8 1 0.0005523757911309329
8 2 -0.004501371612059711
8 3 -0.001519128099090261
8 4 -0.0004501082418014432
8 5 -0.0001188070230553094
8 6 -0.01461961210493799
8 7 0.001553195180131921
8 8 1.969347023407233
8 9 -0.0006637706424111917
8 10 0.03009737345304608
8 11 0.04876329745933113
8 12 0.002259190463897676
8 13 -0.003808321377420318
8 14 -0.005464929305503317
8 15 -0.0005221555989214008
8 16 0.01245786018278374
9 0 -3.450784968799379e-06
9 1 0.0008380405507677639
9 2 -0.0001115820078889818
9 3 0.003184860527546399
9 4 0.0001038921408631507
9 5 0.003970191287890069
9 6 -0.001718041626399846
9 7 0.001299780197532358
9 8 -0.0006637706424112324
9 9 1.983568430225261
9 10 0.002493915595530913
9 11 0.004928309731223776
9 12 -0.007175363256104041
9 13 0.005860515060433962
9 14 -0.01125094402215966
9 15 0.03833589707985379
9 16 0.0009703603510216065
10 0 1.570035483869725e-06
10 1 0.0001331411763314676
10 2 0.000125071267753464
10 3 0.0003895547906518773
10 4 0.001417624966552821
10 5 -0.000220603178984023
10 6 0.02179622599200538
10 7 -0.01096962024422605
10 8 0.0300973734530464
10 9 0.002493915595530883
10 10 1.930747983425986
10 11 -0.005964106912505856
10 12 -0.0003151027646636184
10 13 -0.001340150551318364
10 14 -0.0002040578425702387
10 15 0.0002299739580963463
10 16 -0.001151357787929484
11 0 8.920906668322041e-06
11 1 -0.0002474101203680392
11 2 -0.00397544441086784
11 3 0.0004209064865289102
11 4 -0.001226913011670171
11 5 0.0004309541103405305
11 6 0.02084297045232252
11 7 -0.03021872056526568
11 8 0.04876329745933139
11 9 0.004928309731223842
11 10 -0.005964106912505875
11 11 0.1069803421036063
11 12 0.008401005175793258
11 13 -0.01663199423310299
11 14 -0.005748556603428517
11 15 0.0005169694394751024
11 16 -0.001495535053237768
12 0 -6.681423102758105e-06
12 1 -0.002279411549281843
12 2 -0.0008058627925610887
12 3 0.004456433718038586
12 4 -0.0008059671878512027
12 5 0.0008056948554223905
12 6 0.002413909027204972
12 7 -0.002015015899338933
12 8 0.002259190463897631
12 9 -0.007175363256104138
12 10 -0.0003151027646636143
12 11 0.008401005175793275
12 12 0.01442588650625689
12 13 -0.002284713322759408
12 14 0.007496840826950453
12 15 0.000280315429618295
12 16 0.002766640378288194
13 0 -9.963813702311663e-06
13 1 -0.0002502172878207751
13 2 0.001570050905769209
13 3 0.001379596665824233
13 4 -0.0006414504592974935
13 5 -0.001998787118028485
13 6 -0.005651498520641886
13 7 0.002837698345472046
13 8 -0.003808321377420466
13 9 0.005860515060433838
13 10 -0.001340150551318373
13 11 -0.01663199423310283
13 12 -0.002284713322759381
13 13 0.007071400112257246
13 14 0.0007085513176986183
13 15 0.001400139954561031
13 16 0.00179240030984979
14 0 8.216174226463757e-05
14 1 -0.001317996743995022
14 2 -0.007810785094541657
14 3 -0.0003429337079242027
14 4 0.0002712918885969501
14 5 0.0004020044140279698
14 6 -0.001087586551103132
14 7 -0.00233183120279561
14 8 -0.005464929305503383
14 9 -0.01125094402215944
14 10 -0.0002040578425702596
14 11 -0.005748556603428506
14 12 0.007496840826950501
14 13 0.0007085513176986254
14 14 0.01902999186248587
14 15 -0.001089071516262207
14 16 -0.008145272692324165
15 0 3.754260917206301e-05
15 1 -0.001006213892398858
15 2 -0.002324906631218233
15 3 0.00126311015771467
15 4 0.005982358621107237
15 5 0.007178669063192701
15 6 -0.001202115722394975
15 7 0.0009068854849482345
15 8 -0.0005221555989214102
15 9 0.03833589707985352
15 10 0.00022997395809633
15 11 0.0005169694394750809
15 12 0.0002803154296183098
15 13 0.00140013995456105
15 14 -0.001089071516262149
15 15 0.02533164175580857
15 16 -0.002963498793698466
16 0 -0.0001295710739637641
16 1 -0.002424442241447523
16 2 0.01198008352419909
16 3 0.001781195417277522
16 4 -0.004781940790053413
16 5 1.010762952106663e-05
16 6 0.001238242553224285
16 7 0.01684909660575223
16 8 0.01245786018278382
16 9 0.0009703603510216299
16 10 -0.001151357787929462
16 11 -0.00149553505323782
16 12 0.002766640378288195
16 13 0.001792400309849811
16 14 -0.008145272692324179
16 15 -0.002963498793698499
16 16 0.01949916711363109
