 &FCI NORB=   8,NELEC=10,MS2=0,
  ORBSYM=1,1,1,1,1,1,1,1
  ISYM=1,
 &END
 0.549037964284137    1    1    1    1
 -0.05021265001743863    2    1    1    1
 0.08552496285473153    2    1    2    1
 0.4300800158441239    2    2    1    1
 -0.05331346325722533    2    2    2    1
 0.4181346141064936    2    2    2    2
 -0.05685932697990227    3    1    1    1
 -0.03649985700628353    3    1    2    1
 -0.008785149926312517    3    1    2    2
 0.08424572907169112    3    1    3    1
 -0.1173383142633518    3    2    1    1
 0.01665707008217978    3    2    2    1
 -0.04546069666568928    3    2    2    2
 0.04808408774669561    3    2    3    1
 0.09436648812805562    3    2    3    2
 0.3955213879571127    3    3    1    1
 0.005651783369741305    3    3    2    1
 0.3560309825719862    3    3    2    2
 -0.04149449341913772    3    3    3    1
 -0.04272355216604232    3    3    3    2
 0.3634994983779775    3    3    3    3
 -0.02455845519128307    4    1    1    1
 -0.02215949485570246    4    1    2    1
 0.02761569858961806    4    1    2    2
 -0.01875657339916941    4    1    3    1
 0.02348606128468987    4    1    3    2
 0.003384570502858319    4    1    3    3
 0.09905114682668006    4    1    4    1
 -0.08267462019789712    4    2    1    1
 0.0365618611182    4    2    2    1
 -0.05212092680465851    4    2    2    2
 0.01933167629842762    4    2    3    1
 0.04613109281917999    4    2    3    2
 -0.01737241607726996    4    2    3    3
 -0.01006342172996335    4    2    4    1
 0.05469673100011899    4    2    4    2
 -0.07973954631333317    4    3    1    1
 0.01498999728038521    4    3    2    1
 -0.01161023096304409    4    3    2    2
 0.01743964607033601    4    3    3    1
 0.05258374877139679    4    3    3    2
 -0.02494261517862708    4    3    3    3
 0.03825256703326907    4    3    4    1
 0.02071603320060712    4    3    4    2
 0.0588601660201483    4    3    4    3
 0.4626738691953757    4    4    1    1
 -0.05093108396139104    4    4    2    1
 0.3783958268646483    4    4    2    2
 0.003092563022764179    4    4    3    1
 -0.0673095606532155    4    4    3    2
 0.3447491121947776    4    4    3    3
 -0.05156080869866133    4    4    4    1
 -0.06077665367066421    4    4    4    2
 -0.0711638476830012    4    4    4    3
 0.4566773582046058    4    4    4    4
 0.0007227960779834798    5    1    1    1
 0.001099317941318254    5    1    2    1
 0.001745049167887492    5    1    2    2
 0.0006793646132570751    5    1    3    1
 0.0006128144103760466    5    1    3    2
 0.001607895688432588    5    1    3    3
 0.0004233019090483746    5    1    4    1
 0.0001603623141251754    5    1    4    2
 0.0007022350542010109    5    1    4    3
 0.001132619666430462    5    1    4    4
 0.1064300481865327    5    1    5    1
 0.002344929403018841    5    2    1    1
 -0.0007528982263614139    5    2    2    1
 0.000643012787051359    5    2    2    2
 -0.0006815148201427781    5    2    3    1
 -0.001464050614672751    5    2    3    2
 -5.267765627957745e-05    5    2    3    3
 -0.0009087164691467515    5    2    4    1
 -0.001442012035625984    5    2    4    2
 -0.001070385093157367    5    2    4    3
 0.001907033949834869    5    2    4    4
 -0.01495611277057165    5    2    5    1
 0.0191575045720144    5    2    5    2
 0.0008543914631785144    5    3    1    1
 -0.0001599963559110855    5    3    2    1
 -0.0002402297948637129    5    3    2    2
 -0.001119688501345555    5    3    3    1
 -0.00135599019360258    5    3    3    2
 0.0001759649355366188    5    3    3    3
 -0.0002064468828722942    5    3    4    1
 -0.0004487276982313089    5    3    4    2
 -0.0004628560575374454    5    3    4    3
 -0.0005472326815691438    5    3    4    4
 -0.01921323030147206    5    3    5    1
 -0.00772688155818231    5    3    5    2
 0.01741057875505641    5    3    5    3
 0.0001020168683663186    5    4    1    1
 -0.0002815805837991976    5    4    2    1
 -0.0007842459448293419    5    4    2    2
 9.722108868444086e-05    5    4    3    1
 -0.0001191724686944017    5    4    3    2
 5.528884413077822e-05    5    4    3    3
 -0.0004185121649127234    5    4    4    1
 0.0004818473893137491    5    4    4    2
 -0.0008642989791255472    5    4    4    3
 0.0007388822802654782    5    4    4    4
 -0.01337666308585206    5    4    5    1
 -0.003904316764616396    5    4    5    2
 -0.004816338626864758    5    4    5    3
 0.0202739076334249    5    4    5    4
 0.5747404609939045    5    5    1    1
 -0.0537177465934174    5    5    2    1
 0.4210012640865818    5    5    2    2
 -0.06712857973362718    5    5    3    1
 -0.1262220516808725    5    5    3    2
 0.3901654705070214    5    5    3    3
 -0.03867168368886187    5    5    4    1
 -0.08445022183685968    5    5    4    2
 -0.08679144962263459    5    5    4    3
 0.4596317544049553    5    5    4    4
 0.01092190438556995    5    5    5    1
 0.001759105009944029    5    5    5    2
 -0.0002267185644230684    5    5    5    3
 -0.00145122467575467    5    5    5    4
 0.6700278358500448    5    5    5    5
 0.05319481065428171    6    1    1    1
 -0.008729260264979243    6    1    2    1
 0.02927515687779371    6    1    2    2
 -0.004477268622077753    6    1    3    1
 -0.01773879751787182    6    1    3    2
 0.01449414460090729    6    1    3    3
 -0.01747171919576718    6    1    4    1
 -0.01473799381459469    6    1    4    2
 -0.006702422339652982    6    1    4    3
 0.03196614115708127    6    1    4    4
 -0.006795693069804177    6    1    5    1
 0.002777499302230944    6    1    5    2
 0.0009962067521482191    6    1    5    3
 -1.893517370675006e-06    6    1    5    4
 0.07465498469242025    6    1    5    5
 0.03058680405083158    6    1    6    1
 -0.02164293529819524    6    2    1    1
 0.008383324788509798    6    2    2    1
 -0.02432155108397417    6    2    2    2
 -0.000419985367607915    6    2    3    1
 0.001950832936359846    6    2    3    2
 -0.02259270789249308    6    2    3    3
 -0.009064146168829331    6    2    4    1
 -0.003019646464988682    6    2    4    2
 0.001681656973992497    6    2    4    3
 -0.0122293862522744    6    2    4    4
 0.003905381269639143    6    2    5    1
 -0.0009711649517205293    6    2    5    2
 -0.000795973913704787    6    2    5    3
 0.0003329840173990712    6    2    5    4
 -0.02267167106378632    6    2    5    5
 0.001719816853944247    6    2    6    1
 0.01368701933858015    6    2    6    2
 0.00187284651137317    6    3    1    1
 0.0006400684029067369    6    3    2    1
 -0.003035765865139193    6    3    2    2
 -0.02040439599125389    6    3    3    1
 -0.01469159746329966    6    3    3    2
 0.0005684043142572538    6    3    3    3
 0.01567271758065987    6    3    4    1
 -0.003412232317574298    6    3    4    2
 -0.002376567423351443    6    3    4    3
 -0.02135054582528476    6    3    4    4
 0.0004410306379691718    6    3    5    1
 -0.0003873457571938267    6    3    5    2
 0.0007468706045135816    6    3    5    3
 -0.0007390644542829248    6    3    5    4
 0.003011023949186003    6    3    5    5
 0.002212554585165736    6    3    6    1
 -0.003645968179336307    6    3    6    2
 0.0267321270365082    6    3    6    3
 -0.04228657700312387    6    4    1    1
 -0.006287721629703895    6    4    2    1
 -0.03614619853063473    6    4    2    2
 0.0192778512022403    6    4    3    1
 0.008759356699348294    6    4    3    2
 -0.02993297618267924    6    4    3    3
 -0.009947920053263981    6    4    4    1
 0.009710390923872624    6    4    4    2
 -0.01031995358862247    6    4    4    3
 -0.01328162983929592    6    4    4    4
 -0.001108574079833219    6    4    5    1
 0.0006697026449711693    6    4    5    2
 -0.0005883634198470103    6    4    5    3
 0.00049798822268348    6    4    5    4
 -0.05101044117342905    6    4    5    5
 -0.02012262132903869    6    4    6    1
 0.005577061611361965    6    4    6    2
 -0.01433843881983886    6    4    6    3
 0.04010871326792895    6    4    6    4
 -0.02495277464269623    6    5    1    1
 0.0076455576624138    6    5    2    1
 -0.01604409755758122    6    5    2    2
 0.001300808508901117    6    5    3    1
 0.005056862372321161    6    5    3    2
 -0.009424043198277967    6    5    3    3
 0.0006964136530868347    6    5    4    1
 0.005884821896748658    6    5    4    2
 0.003987602023769842    6    5    4    3
 -0.01683805182702723    6    5    4    4
 0.03630559945857625    6    5    5    1
 -0.00552436559613293    6    5    5    2
 -0.00315221149755982    6    5    5    3
 -0.009851975937919139    6    5    5    4
 -0.02979855496092806    6    5    5    5
 -0.01095365235041283    6    5    6    1
 0.00201180865257811    6    5    6    2
 0.0006478820099814461    6    5    6    3
 0.004692735522716943    6    5    6    4
 0.02073054371566953    6    5    6    5
 0.3333709762173728    6    6    1    1
 -0.00727255058440892    6    6    2    1
 0.2834905428504134    6    6    2    2
 -0.008620476686061845    6    6    3    1
 -0.04233880929906548    6    6    3    2
 0.2896428553078886    6    6    3    3
 -0.0407489566917814    6    6    4    1
 -0.01629058411309262    6    6    4    2
 -0.04505725828144005    6    6    4    3
 0.3277549160371849    6    6    4    4
 -0.01152555329019128    6    6    5    1
 0.002063444562315325    6    6    5    2
 0.001560931599609544    6    6    5    3
 0.003854204421979666    6    6    5    4
 0.334226625713647    6    6    5    5
 0.007334375210044965    6    6    6    1
 -0.008349292830217297    6    6    6    2
 -0.008501091507506562    6    6    6    3
 0.007681022941006202    6    6    6    4
 -0.008847136127045963    6    6    6    5
 0.3093382011832781    6    6    6    6
 -0.04773367994877206    7    1    1    1
 0.02465238015761272    7    1    2    1
 -0.02361313037619052    7    1    2    2
 0.01075698442106734    7    1    3    1
 0.007128978743239975    7    1    3    2
 -0.02334043276923072    7    1    3    3
 -0.01437188013819117    7    1    4    1
 0.001071402677831399    7    1    4    2
 0.02150109234106918    7    1    4    3
 -0.02043741720378992    7    1    4    4
 0.0004153599882489259    7    1    5    1
 0.0004107350773205769    7    1    5    2
 -0.0002150341613064595    7    1    5    3
 -0.001412059076974517    7    1    5    4
 -0.06872738882442568    7    1    5    5
 -0.008332593135280869    7    1    6    1
 0.01275435157527795    7    1    6    2
 -0.005158647835877957    7    1    6    3
 -0.003533128882738552    7    1    6    4
 0.007553415643977842    7    1    6    5
 -0.01319520555573433    7    1    6    6
 0.05876057896776223    7    1    7    1
 0.07374331687049802    7    2    1    1
 0.004515916256502299    7    2    2    1
 0.01779064276894343    7    2    2    2
 -0.0289038124482754    7    2    3    1
 -0.03848053923587531    7    2    3    2
 0.02980859100967258    7    2    3    3
 -0.03363561807171127    7    2    4    1
 -0.007625774034615466    7    2    4    2
 -0.03604269509961046    7    2    4    3
 0.03787085283810762    7    2    4    4
 0.001794271002329485    7    2    5    1
 -2.566532936103983e-05    7    2    5    2
 0.0005895210302327693    7    2    5    3
 0.0004840508963797475    7    2    5    4
 0.09818204839631806    7    2    5    5
 0.02436414174688142    7    2    6    1
 -0.005866724342820319    7    2    6    2
 0.006995273323925934    7    2    6    3
 -0.006233406528168923    7    2    6    4
 -0.00586446938443541    7    2    6    5
 0.03152462988507596    7    2    6    6
 -0.04259892977654221    7    2    7    1
 0.07761473971850269    7    2    7    2
 0.02412596557084835    7    3    1    1
 -0.01840737967470198    7    3    2    1
 0.01730588305657459    7    3    2    2
 -0.008322250891931598    7    3    3    1
 -0.005342005935113196    7    3    3    2
 0.006770756578325545    7    3    3    3
 0.02422807039672079    7    3    4    1
 -0.01832339152542596    7    3    4    2
 -0.00442336847962016    7    3    4    3
 0.01819550053496931    7    3    4    4
 -0.0002718641136357275    7    3    5    1
 0.0004285978830121967    7    3    5    2
 1.794193939785563e-05    7    3    5    3
 -0.0002025923900039359    7    3    5    4
 0.02282237105090972    7    3    5    5
 -0.0003614810284866278    7    3    6    1
 0.0007327154863951015    7    3    6    2
 0.002763559483187698    7    3    6    3
 -0.00436754198138541    7    3    6    4
 -0.003263480426406695    7    3    6    5
 -0.003254397712279012    7    3    6    6
 -0.005038723606077466    7    3    7    1
 -0.01378908465115298    7    3    7    2
 0.02155781844801785    7    3    7    3
 -0.05365029179544258    7    4    1    1
 -0.02130509454813685    7    4    2    1
 -0.008087024319439423    7    4    2    2
 0.03375278633017999    7    4    3    1
 0.01406072280834218    7    4    3    2
 -0.02990736869276696    7    4    3    3
 0.02122300615739943    7    4    4    1
 0.000372877108295291    7    4    4    2
 0.02272618685862314    7    4    4    3
 -0.02662976193803081    7    4    4    4
 -0.00305537986101463    7    4    5    1
 0.0002639714099796516    7    4    5    2
 -0.0001697083868060673    7    4    5    3
 0.000203717873432208    7    4    5    4
 -0.07221292123922998    7    4    5    5
 -0.02010243378683877    7    4    6    1
 0.002396941760210493    7    4    6    2
 -0.005045075774189935    7    4    6    3
 0.01299876346241148    7    4    6    4
 0.004353033423829236    7    4    6    5
 -0.01848480007467344    7    4    6    6
 0.0366365864970717    7    4    7    1
 -0.06149643015660566    7    4    7    2
 0.006641899627150205    7    4    7    3
 0.06621662299023495    7    4    7    4
 0.001691235230928629    7    5    1    1
 0.001312178682003157    7    5    2    1
 -0.0008073731337026813    7    5    2    2
 -0.0005988044679339936    7    5    3    1
 -0.0006067849704116666    7    5    3    2
 0.0004516050075866759    7    5    3    3
 -0.00323307957066957    7    5    4    1
 0.0004815909924877723    7    5    4    2
 -0.001139831191679526    7    5    4    3
 0.001267136028126923    7    5    4    4
 -0.0363469209296613    7    5    5    1
 0.01585923411893436    7    5    5    2
 0.005498040535338611    7    5    5    3
 -0.006748812685077506    7    5    5    4
 -0.0003829329112996727    7    5    5    5
 0.004504325924583703    7    5    6    1
 -0.001661460871388003    7    5    6    2
 -0.0008707800841433518    7    5    6    3
 0.0007857180153112155    7    5    6    4
 -0.01103405645552707    7    5    6    5
 0.004667578867809828    7    5    6    6
 -0.00015523149985985    7    5    7    1
 0.001733440543575285    7    5    7    2
 -0.0007234171801676032    7    5    7    3
 -0.00125492620197423    7    5    7    4
 0.02809664094764666    7    5    7    5
 -0.009853201601136305    7    6    1    1
 0.02046962024119085    7    6    2    1
 -0.01897919148816662    7    6    2    2
 -0.002406370977327173    7    6    3    1
 0.003625635823135711    7    6    3    2
 -0.003263841534128389    7    6    3    3
 -0.02184544401416121    7    6    4    1
 0.007864563037360149    7    6    4    2
 -0.004182430263783311    7    6    4    3
 0.0007948099250658535    7    6    4    4
 0.005571202620601049    7    6    5    1
 -0.001386848682804335    7    6    5    2
 -0.001376858225960038    7    6    5    3
 0.0007340429500902085    7    6    5    4
 -0.01158530030408708    7    6    5    5
 -0.0004132235432942949    7    6    6    1
 0.005851211197975596    7    6    6    2
 -0.006871127772069378    7    6    6    3
 0.003594638486226228    7    6    6    4
 0.003641490546785716    7    6    6    5
 0.00605869084313411    7    6    6    6
 0.006405413861644226    7    6    7    1
 0.007419732280451153    7    6    7    2
 -0.007480084694744607    7    6    7    3
 -0.01227854187097353    7    6    7    4
 -0.002327168706177989    7    6    7    5
 0.01212646773201742    7    6    7    6
 0.5172188938773542    7    7    1    1
 -0.1129713857043565    7    7    2    1
 0.4718710310686758    7    7    2    2
 -0.02163359137146971    7    7    3    1
 -0.08995392454923282    7    7    3    2
 0.3692936811702827    7    7    3    3
 0.05627824041693322    7    7    4    1
 -0.1184981839979466    7    7    4    2
 -0.03640880780268661    7    7    4    3
 0.454947381492222    7    7    4    4
 0.000612396806893747    7    7    5    1
 0.002978454031447207    7    7    5    2
 -0.0001464616941865427    7    7    5    3
 -0.001230207380786181    7    7    5    4
 0.5134138838742264    7    7    5    5
 0.03934514199487498    7    7    6    1
 -0.02010018473036327    7    7    6    2
 -0.001511248999336196    7    7    6    3
 -0.04578118130139439    7    7    6    4
 -0.0243143523439884    7    7    6    5
 0.2968380801948086    7    7    6    6
 -0.0229418162125617    7    7    7    1
 -0.004730511406750025    7    7    7    2
 0.06130475004710648    7    7    7    3
 0.01755644403663442    7    7    7    4
 -0.002358644700587159    7    7    7    5
 -0.03856412826676223    7    7    7    6
 0.6723109242398105    7    7    7    7
 0.009833168255728717    8    1    1    1
 0.01365193460098756    8    1    2    1
 -0.004001269553288842    8    1    2    2
 -0.02605065200990182    8    1    3    1
 0.004636500180251341    8    1    3    2
 0.005744971359255315    8    1    3    3
 0.01655740901723245    8    1    4    1
 -0.01215920819304563    8    1    4    2
 -0.001512143620756499    8    1    4    3
 0.008094072657138452    8    1    4    4
 -0.001542676553300043    8    1    5    1
 0.001707988335368598    8    1    5    2
 -0.001446034565649172    8    1    5    3
 0.001107750281959294    8    1    5    4
 0.007851398863195866    8    1    5    5
 -0.00457899283265093    8    1    6    1
 0.01094219373427276    8    1    6    2
 -0.0124507726357055    8    1    6    3
 0.007742781035891357    8    1    6    4
 -0.002712666923508738    8    1    6    5
 -0.00203675886436302    8    1    6    6
 -0.003216752834785831    8    1    7    1
 -0.007686516815126613    8    1    7    2
 0.01669708203358363    8    1    7    3
 -0.009016074576127039    8    1    7    4
 0.0007043137259748372    8    1    7    5
 0.005243576717987853    8    1    7    6
 0.02043376404856855    8    1    7    7
 0.04928816147191023    8    1    8    1
 0.05244503696487983    8    2    1    1
 -0.02427987809068956    8    2    2    1
 0.03052366838241353    8    2    2    2
 0.01516265147691537    8    2    3    1
 -0.01887336545160026    8    2    3    2
 0.01394230812645033    8    2    3    3
 -0.02717534085718269    8    2    4    1
 -0.008026816965673134    8    2    4    2
 -0.017432458651011    8    2    4    3
 0.04279739089744571    8    2    4    4
 0.003179060739264526    8    2    5    1
 0.0002483654569107855    8    2    5    2
 -0.0007198850163965195    8    2    5    3
 -3.115763236232644e-05    8    2    5    4
 0.0655044413217835    8    2    5    5
 0.02351177526335594    8    2    6    1
 -0.0004931187535585557    8    2    6    2
 -0.006310756240761598    8    2    6    3
 -0.00171937221121573    8    2    6    4
 -0.00696974229137032    8    2    6    5
 0.01718001263690496    8    2    6    6
 -0.0188952517542649    8    2    7    1
 0.02630589545714363    8    2    7    2
 -0.002964227253129938    8    2    7    3
 -0.01387029004380386    8    2    7    4
 9.43259043245329e-05    8    2    7    5
 -0.000213743057558113    8    2    7    6
 0.03360163233508128    8    2    7    7
 -0.005811442232727546    8    2    8    1
 0.043398066722707    8    2    8    2
 -0.08759038795854666    8    3    1    1
 0.02703999192984896    8    3    2    1
 -0.06202884057607181    8    3    2    2
 0.0023526320549618    8    3    3    1
 0.01616136318166603    8    3    3    2
 -0.04081523908988965    8    3    3    3
 0.0001828279634707187    8    3    4    1
 0.01644718020637241    8    3    4    2
 0.0130307031881437    8    3    4    3
 -0.06010993590985823    8    3    4    4
 -0.003495334449139901    8    3    5    1
 -0.000705459492261961    8    3    5    2
 0.0008706027676363117    8    3    5    3
 0.0008097376407748272    8    3    5    4
 -0.1023556957852018    8    3    5    5
 -0.03060030438692387    8    3    6    1
 0.003598787534390285    8    3    6    2
 0.003601325800087901    8    3    6    3
 0.0201228727965524    8    3    6    4
 0.01145206854175688    8    3    6    5
 -0.01106549634806645    8    3    6    6
 0.02993111302446662    8    3    7    1
 -0.02331858688398203    8    3    7    2
 -0.01252246826920123    8    3    7    3
 0.02339612436400859    8    3    7    4
 7.255350085983497e-05    8    3    7    5
 0.004640726984220179    8    3    7    6
 -0.08690980833702668    8    3    7    7
 -0.009780047744395049    8    3    8    1
 -0.04035161929655542    8    3    8    2
 0.06479350757672972    8    3    8    3
 0.0591989180965822    8    4    1    1
 -0.02612189178485097    8    4    2    1
 0.04539591654911625    8    4    2    2
 -0.00921468919402123    8    4    3    1
 -0.01472575299848386    8    4    3    2
 0.02839841507075386    8    4    3    3
 0.01976264999181445    8    4    4    1
 -0.0179106425206652    8    4    4    2
 -0.005991552025834005    8    4    4    3
 0.03262317616866263    8    4    4    4
 0.002393273978044494    8    4    5    1
 0.000267225766716662    8    4    5    2
 0.0002888198957763746    8    4    5    3
 -0.001628591350882209    8    4    5    4
 0.06761106111638539    8    4    5    5
 0.01971223817474486    8    4    6    1
 -0.00528815605644547    8    4    6    2
 0.01387687539382185    8    4    6    3
 -0.02720778497469793    8    4    6    4
 -0.006478107010202157    8    4    6    5
 -0.001712816716961831    8    4    6    6
 -0.01680704498502822    8    4    7    1
 0.005976119894805177    8    4    7    2
 0.01616107245297568    8    4    7    3
 -0.008019361847333605    8    4    7    4
 -0.0007571300254240031    8    4    7    5
 -0.01077225701716086    8    4    7    6
 0.08130763134990385    8    4    7    7
 -0.004038674630061503    8    4    8    1
 0.01244751865741492    8    4    8    2
 -0.03705145206557606    8    4    8    3
 0.04309455759116765    8    4    8    4
 -0.005528094282394275    8    5    1    1
 0.00420756215113201    8    5    2    1
 -0.003845027466933591    8    5    2    2
 -0.003779179004616664    8    5    3    1
 0.0002602540995547677    8    5    3    2
 -0.000959969963894829    8    5    3    3
 0.00262557622771797    8    5    4    1
 0.001221345902737356    8    5    4    2
 0.001744550953356406    8    5    4    3
 -0.006718897252080658    8    5    4    4
 0.001392324172428905    8    5    5    1
 0.008047298723281863    8    5    5    2
 -0.01268543280039434    8    5    5    3
 0.007631517571618245    8    5    5    4
 -0.007062236759459254    8    5    5    5
 -0.00224590137527267    8    5    6    1
 -0.0008772930700642485    8    5    6    2
 0.002793767003413241    8    5    6    3
 -0.001139305026771049    8    5    6    4
 -0.001243583180153532    8    5    6    5
 -0.001638790869006814    8    5    6    6
 0.001476808218295714    8    5    7    1
 -0.0008379490888096851    8    5    7    2
 -0.0005103071560286094    8    5    7    3
 2.877321253347123e-06    8    5    7    4
 -0.001378116412073456    8    5    7    5
 0.0002764204263420657    8    5    7    6
 -0.006078773512081934    8    5    7    7
 0.001048960991372019    8    5    8    1
 -0.003622076036053763    8    5    8    2
 0.003630251850221591    8    5    8    3
 -0.001432058952478289    8    5    8    4
 0.01998093808626407    8    5    8    5
 -0.03802402565994979    8    6    1    1
 0.03359521783777755    8    6    2    1
 -0.01870196485286781    8    6    2    2
 -0.03711613840588797    8    6    3    1
 0.007867806425263578    8    6    3    2
 -0.001828008562093356    8    6    3    3
 0.03691586978061197    8    6    4    1
 0.008809426309310805    8    6    4    2
 0.02698789894350576    8    6    4    3
 -0.06546055977192902    8    6    4    4
 -0.003096380458973256    8    6    5    1
 -0.002126444490803177    8    6    5    2
 0.003673695440979356    8    6    5    3
 -0.001894117432838926    8    6    5    4
 -0.04085495090088897    8    6    5    5
 -0.008031169214438963    8    6    6    1
 -0.001577694081653549    8    6    6    2
 0.02349259291980374    8    6    6    3
 -0.02085803008988682    8    6    6    4
 0.004243805689126824    8    6    6    5
 -0.0286343069985911    8    6    6    6
 0.009563816903703637    8    6    7    1
 -0.008596083735346224    8    6    7    2
 0.000425532637175798    8    6    7    3
 -0.003514355085058918    8    6    7    4
 -4.482473066122286e-05    8    6    7    5
 -0.003629776433260233    8    6    7    6
 -0.03656534616702806    8    6    7    7
 0.00287964085369902    8    6    8    1
 -0.02965018143479321    8    6    8    2
 0.02025036552967854    8    6    8    3
 0.001694107413013321    8    6    8    4
 0.003143974758514956    8    6    8    5
 0.05769894038250574    8    6    8    6
 -0.006285244733569228    8    7    1    1
 -0.02499917937627204    8    7    2    1
 0.01903969642809267    8    7    2    2
 0.03428921185053582    8    7    3    1
 0.005314390140777244    8    7    3    2
 -0.01313428677513457    8    7    3    3
 -0.003171839983694815    8    7    4    1
 -0.00504728763202301    8    7    4    2
 0.01446899619426123    8    7    4    3
 0.005411070445801563    8    7    4    4
 0.0009069434317129135    8    7    5    1
 -5.991703743200855e-05    8    7    5    2
 -0.0003764959992342261    8    7    5    3
 -0.0005454361653322508    8    7    5    4
 -0.009800316712107236    8    7    5    5
 0.006480244812842145    8    7    6    1
 -0.000181899959271198    8    7    6    2
 -0.005020657804923203    8    7    6    3
 -0.002335261501939793    8    7    6    4
 -0.001106107599775482    8    7    6    5
 -0.007121327045340276    8    7    6    6
 0.01514509478662085    8    7    7    1
 -0.01726775666115333    8    7    7    2
 -0.003952536873002071    8    7    7    3
 0.02792698610869791    8    7    7    4
 -0.001008051601924579    8    7    7    5
 -0.007304014961952298    8    7    7    6
 0.02920100805940503    8    7    7    7
 -0.01768063559096529    8    7    8    1
 0.01527235335783013    8    7    8    2
 -0.006422799773551267    8    7    8    3
 0.001874409643844166    8    7    8    4
 -0.001993048889870631    8    7    8    5
 -0.01379452465770151    8    7    8    6
 0.0338961341089835    8    7    8    7
 0.5171630875547985    8    8    1    1
 -0.03286531061739982    8    8    2    1
 0.3976842899380607    8    8    2    2
 -0.06378656593616314    8    8    3    1
 -0.1273924607496384    8    8    3    2
 0.3935871379003152    8    8    3    3
 -0.03692960679929165    8    8    4    1
 -0.06125055487146198    8    8    4    2
 -0.09394215645309829    8    8    4    3
 0.437619809059757    8    8    4    4
 0.001691773294002924    8    8    5    1
 0.0003326660266598615    8    8    5    2
 0.002383771029067409    8    8    5    3
 -0.0001778785590722587    8    8    5    4
 0.5308219604034808    8    8    5    5
 0.03739651637747725    8    8    6    1
 -0.02828030051841505    8    8    6    2
 0.01147199155252257    8    8    6    3
 -0.02838391230611852    8    8    6    4
 -0.0168512629373311    8    8    6    5
 0.3498418499574978    8    8    6    6
 -0.0512213661475901    8    8    7    1
 0.08379677654028855    8    8    7    2
 0.0120262239940204    8    8    7    3
 -0.05443288431146202    8    8    7    4
 0.0008113615702994845    8    8    7    5
 -0.007323802346666024    8    8    7    6
 0.4629761306072167    8    8    7    7
 -0.005007010301794516    8    8    8    1
 0.04651376475347081    8    8    8    2
 -0.06743438192137739    8    8    8    3
 0.04600867235897351    8    8    8    4
 -0.004169359447914531    8    8    8    5
 -0.03369827874847505    8    8    8    6
 -0.01855035856522042    8    8    8    7
 0.5496818302408679    8    8    8    8
 -5.03666156207478    1    1  0  0
 0.324584760890959    2    1  0  0
 -3.924949581250938    2    2  0  0
 0.279692560487368    3    1  0  0
 0.6864133966627524    3    2  0  0
 -3.65081284000023    3    3  0  0
 0.1320869371853994    4    1  0  0
 0.5084120338504543    4    2  0  0
 0.4749470974527977    4    3  0  0
 -4.052254892765528    4    4  0  0
 -0.02290692840167435    5    1  0  0
 -0.01057551405311427    5    2  0  0
 -0.001732089325146069    5    3  0  0
 0.0004846566760386886    5    4  0  0
 -4.520571044658828    5    5  0  0
 -0.3396391022102531    6    1  0  0
 0.1633601593429292    6    2  0  0
 0.02243796038849526    6    3  0  0
 0.2993141155456677    6    4  0  0
 0.157794504009917    6    5  0  0
 -2.407310782304813    6    6  0  0
 0.3010402478489515    7    1  0  0
 -0.4614578830062526    7    2  0  0
 -0.1711695454820552    7    3  0  0
 0.3211751988948822    7    4  0  0
 -0.004210918484439954    7    5  0  0
 0.07630239901687565    7    6  0  0
 -3.657800976904502    7    7  0  0
 -0.04598382922600894    8    1  0  0
 -0.3599521290940265    8    2  0  0
 0.6013840659420512    8    3  0  0
 -0.404638978950848    8    4  0  0
 0.03911394200867021    8    5  0  0
 0.2998168655544852    8    6  0  0
 0.01070735878758299    8    7  0  0
 -3.496372498336211    8    8  0  0
 0  0  0  0  0
