1.023000000000000000e+03
1.535000000000000000e+03
1.791000000000000000e+03
1.919000000000000000e+03
1.983000000000000000e+03
2.015000000000000000e+03
2.031000000000000000e+03
2.039000000000000000e+03
2.043000000000000000e+03
2.045000000000000000e+03
2.046000000000000000e+03
2.559000000000000000e+03
2.815000000000000000e+03
2.943000000000000000e+03
3.007000000000000000e+03
3.039000000000000000e+03
3.055000000000000000e+03
3.063000000000000000e+03
3.067000000000000000e+03
3.069000000000000000e+03
3.070000000000000000e+03
3.327000000000000000e+03
3.455000000000000000e+03
3.519000000000000000e+03
3.551000000000000000e+03
3.567000000000000000e+03
3.575000000000000000e+03
3.579000000000000000e+03
3.581000000000000000e+03
3.582000000000000000e+03
3.711000000000000000e+03
3.775000000000000000e+03
3.807000000000000000e+03
3.823000000000000000e+03
3.831000000000000000e+03
3.835000000000000000e+03
3.837000000000000000e+03
3.838000000000000000e+03
3.903000000000000000e+03
3.935000000000000000e+03
3.951000000000000000e+03
3.959000000000000000e+03
3.963000000000000000e+03
3.965000000000000000e+03
3.966000000000000000e+03
3.999000000000000000e+03
4.015000000000000000e+03
4.023000000000000000e+03
4.027000000000000000e+03
4.029000000000000000e+03
4.030000000000000000e+03
4.047000000000000000e+03
4.055000000000000000e+03
4.059000000000000000e+03
4.061000000000000000e+03
4.062000000000000000e+03
4.071000000000000000e+03
4.075000000000000000e+03
4.077000000000000000e+03
4.078000000000000000e+03
4.083000000000000000e+03
4.085000000000000000e+03
4.086000000000000000e+03
4.089000000000000000e+03
4.090000000000000000e+03
4.092000000000000000e+03
4.607000000000000000e+03
4.863000000000000000e+03
4.991000000000000000e+03
5.055000000000000000e+03
5.087000000000000000e+03
5.103000000000000000e+03
5.111000000000000000e+03
5.115000000000000000e+03
5.117000000000000000e+03
5.118000000000000000e+03
5.375000000000000000e+03
5.503000000000000000e+03
5.567000000000000000e+03
5.599000000000000000e+03
5.615000000000000000e+03
5.623000000000000000e+03
5.627000000000000000e+03
5.629000000000000000e+03
5.630000000000000000e+03
5.759000000000000000e+03
5.823000000000000000e+03
5.855000000000000000e+03
5.871000000000000000e+03
5.879000000000000000e+03
5.883000000000000000e+03
5.885000000000000000e+03
5.886000000000000000e+03
5.951000000000000000e+03
5.983000000000000000e+03
5.999000000000000000e+03
6.007000000000000000e+03
6.011000000000000000e+03
6.013000000000000000e+03
6.014000000000000000e+03
6.047000000000000000e+03
6.063000000000000000e+03
6.071000000000000000e+03
6.075000000000000000e+03
6.077000000000000000e+03
6.078000000000000000e+03
6.095000000000000000e+03
6.103000000000000000e+03
6.107000000000000000e+03
6.109000000000000000e+03
6.110000000000000000e+03
6.119000000000000000e+03
6.123000000000000000e+03
6.125000000000000000e+03
6.126000000000000000e+03
6.131000000000000000e+03
6.133000000000000000e+03
6.137000000000000000e+03
6.138000000000000000e+03
6.140000000000000000e+03
6.399000000000000000e+03
6.527000000000000000e+03
6.591000000000000000e+03
6.623000000000000000e+03
6.639000000000000000e+03
6.647000000000000000e+03
6.651000000000000000e+03
6.653000000000000000e+03
6.654000000000000000e+03
6.783000000000000000e+03
6.847000000000000000e+03
6.879000000000000000e+03
6.895000000000000000e+03
6.903000000000000000e+03
6.907000000000000000e+03
6.909000000000000000e+03
6.910000000000000000e+03
6.975000000000000000e+03
7.007000000000000000e+03
7.023000000000000000e+03
7.031000000000000000e+03
7.035000000000000000e+03
7.037000000000000000e+03
7.038000000000000000e+03
7.071000000000000000e+03
7.087000000000000000e+03
7.095000000000000000e+03
7.099000000000000000e+03
7.101000000000000000e+03
7.102000000000000000e+03
7.119000000000000000e+03
7.127000000000000000e+03
7.131000000000000000e+03
7.133000000000000000e+03
7.134000000000000000e+03
7.143000000000000000e+03
7.147000000000000000e+03
7.149000000000000000e+03
7.150000000000000000e+03
7.155000000000000000e+03
7.157000000000000000e+03
7.158000000000000000e+03
7.161000000000000000e+03
7.164000000000000000e+03
7.295000000000000000e+03
7.359000000000000000e+03
7.391000000000000000e+03
7.407000000000000000e+03
7.415000000000000000e+03
7.419000000000000000e+03
7.421000000000000000e+03
7.422000000000000000e+03
7.487000000000000000e+03
7.519000000000000000e+03
7.535000000000000000e+03
7.543000000000000000e+03
7.549000000000000000e+03
7.550000000000000000e+03
7.583000000000000000e+03
7.607000000000000000e+03
7.611000000000000000e+03
7.614000000000000000e+03
7.631000000000000000e+03
7.639000000000000000e+03
7.643000000000000000e+03
7.645000000000000000e+03
7.646000000000000000e+03
7.655000000000000000e+03
7.661000000000000000e+03
7.662000000000000000e+03
7.667000000000000000e+03
7.669000000000000000e+03
7.670000000000000000e+03
7.674000000000000000e+03
7.676000000000000000e+03
7.743000000000000000e+03
7.775000000000000000e+03
7.805000000000000000e+03
7.806000000000000000e+03
7.839000000000000000e+03
7.855000000000000000e+03
7.867000000000000000e+03
7.869000000000000000e+03
7.870000000000000000e+03
7.899000000000000000e+03
7.902000000000000000e+03
7.911000000000000000e+03
7.915000000000000000e+03
7.923000000000000000e+03
7.925000000000000000e+03
7.926000000000000000e+03
7.932000000000000000e+03
7.967000000000000000e+03
7.983000000000000000e+03
7.991000000000000000e+03
7.995000000000000000e+03
7.997000000000000000e+03
8.015000000000000000e+03
8.023000000000000000e+03
8.029000000000000000e+03
8.030000000000000000e+03
8.039000000000000000e+03
8.043000000000000000e+03
8.046000000000000000e+03
8.051000000000000000e+03
8.053000000000000000e+03
8.057000000000000000e+03
8.060000000000000000e+03
8.079000000000000000e+03
8.087000000000000000e+03
8.093000000000000000e+03
8.103000000000000000e+03
8.107000000000000000e+03
8.109000000000000000e+03
8.117000000000000000e+03
8.118000000000000000e+03
8.121000000000000000e+03
8.122000000000000000e+03
8.124000000000000000e+03
8.139000000000000000e+03
8.149000000000000000e+03
8.154000000000000000e+03
8.156000000000000000e+03
8.166000000000000000e+03
8.169000000000000000e+03
8.170000000000000000e+03
8.178000000000000000e+03
8.180000000000000000e+03
8.184000000000000000e+03
8.703000000000000000e+03
8.959000000000000000e+03
9.087000000000000000e+03
9.151000000000000000e+03
9.183000000000000000e+03
9.199000000000000000e+03
9.207000000000000000e+03
9.211000000000000000e+03
9.213000000000000000e+03
9.214000000000000000e+03
9.471000000000000000e+03
9.599000000000000000e+03
9.663000000000000000e+03
9.695000000000000000e+03
9.711000000000000000e+03
9.719000000000000000e+03
9.723000000000000000e+03
9.725000000000000000e+03
9.726000000000000000e+03
9.855000000000000000e+03
9.919000000000000000e+03
9.951000000000000000e+03
9.967000000000000000e+03
9.975000000000000000e+03
9.979000000000000000e+03
9.981000000000000000e+03
9.982000000000000000e+03
1.004700000000000000e+04
1.007900000000000000e+04
1.009500000000000000e+04
1.010300000000000000e+04
1.010700000000000000e+04
1.010900000000000000e+04
1.011000000000000000e+04
1.014300000000000000e+04
1.015900000000000000e+04
1.016700000000000000e+04
1.017100000000000000e+04
1.017300000000000000e+04
1.017400000000000000e+04
1.019100000000000000e+04
1.019900000000000000e+04
1.020300000000000000e+04
1.020500000000000000e+04
1.020600000000000000e+04
1.021500000000000000e+04
1.021900000000000000e+04
1.022100000000000000e+04
1.022200000000000000e+04
1.022700000000000000e+04
1.022900000000000000e+04
1.023000000000000000e+04
1.023300000000000000e+04
1.023400000000000000e+04
1.023600000000000000e+04
1.049500000000000000e+04
1.062300000000000000e+04
1.068700000000000000e+04
1.071900000000000000e+04
1.073500000000000000e+04
1.074300000000000000e+04
1.074700000000000000e+04
1.074900000000000000e+04
1.075000000000000000e+04
1.087900000000000000e+04
1.094300000000000000e+04
1.097500000000000000e+04
1.099100000000000000e+04
1.099900000000000000e+04
1.100300000000000000e+04
1.100500000000000000e+04
1.100600000000000000e+04
1.107100000000000000e+04
1.110300000000000000e+04
1.111900000000000000e+04
1.112700000000000000e+04
1.113100000000000000e+04
1.113300000000000000e+04
1.113400000000000000e+04
1.116700000000000000e+04
1.118300000000000000e+04
1.119100000000000000e+04
1.119500000000000000e+04
1.119700000000000000e+04
1.119800000000000000e+04
1.121500000000000000e+04
1.122300000000000000e+04
1.122700000000000000e+04
1.122900000000000000e+04
1.123000000000000000e+04
1.123900000000000000e+04
1.124300000000000000e+04
1.124500000000000000e+04
1.124600000000000000e+04
1.125100000000000000e+04
1.125300000000000000e+04
1.125400000000000000e+04
1.125700000000000000e+04
1.125800000000000000e+04
1.126000000000000000e+04
1.139100000000000000e+04
1.145500000000000000e+04
1.148700000000000000e+04
1.150300000000000000e+04
1.151100000000000000e+04
1.151500000000000000e+04
1.151700000000000000e+04
1.151800000000000000e+04
1.158300000000000000e+04
1.161500000000000000e+04
1.163100000000000000e+04
1.163900000000000000e+04
1.164300000000000000e+04
1.164500000000000000e+04
1.164600000000000000e+04
1.167900000000000000e+04
1.169500000000000000e+04
1.170900000000000000e+04
1.172700000000000000e+04
1.173500000000000000e+04
1.173900000000000000e+04
1.174100000000000000e+04
1.174200000000000000e+04
1.175100000000000000e+04
1.175500000000000000e+04
1.175700000000000000e+04
1.176300000000000000e+04
1.176500000000000000e+04
1.176600000000000000e+04
1.176900000000000000e+04
1.177000000000000000e+04
1.183900000000000000e+04
1.189500000000000000e+04
1.190100000000000000e+04
1.190200000000000000e+04
1.193500000000000000e+04
1.195100000000000000e+04
1.195900000000000000e+04
1.196300000000000000e+04
1.196500000000000000e+04
1.198300000000000000e+04
1.199100000000000000e+04
1.199500000000000000e+04
1.199700000000000000e+04
1.199800000000000000e+04
1.200700000000000000e+04
1.201100000000000000e+04
1.201900000000000000e+04
1.202200000000000000e+04
1.202500000000000000e+04
1.202600000000000000e+04
1.202800000000000000e+04
1.206300000000000000e+04
1.207900000000000000e+04
1.208700000000000000e+04
1.209100000000000000e+04
1.209300000000000000e+04
1.211100000000000000e+04
1.212300000000000000e+04
1.212500000000000000e+04
1.213500000000000000e+04
1.214100000000000000e+04
1.214700000000000000e+04
1.214900000000000000e+04
1.215300000000000000e+04
1.217500000000000000e+04
1.218300000000000000e+04
1.218700000000000000e+04
1.218900000000000000e+04
1.219000000000000000e+04
1.219900000000000000e+04
1.220500000000000000e+04
1.221100000000000000e+04
1.221300000000000000e+04
1.221400000000000000e+04
1.221700000000000000e+04
1.223700000000000000e+04
1.225900000000000000e+04
1.226200000000000000e+04
1.226500000000000000e+04
1.227300000000000000e+04
1.227400000000000000e+04
1.254300000000000000e+04
1.267100000000000000e+04
1.273500000000000000e+04
1.276700000000000000e+04
1.278300000000000000e+04
1.279100000000000000e+04
1.279500000000000000e+04
1.279700000000000000e+04
1.279800000000000000e+04
1.292700000000000000e+04
1.299100000000000000e+04
1.302300000000000000e+04
1.303900000000000000e+04
1.304700000000000000e+04
1.305100000000000000e+04
1.305300000000000000e+04
1.305400000000000000e+04
1.311900000000000000e+04
1.315100000000000000e+04
1.316700000000000000e+04
1.317500000000000000e+04
1.317900000000000000e+04
1.318100000000000000e+04
1.318200000000000000e+04
1.321500000000000000e+04
1.323100000000000000e+04
1.323900000000000000e+04
1.324300000000000000e+04
1.324500000000000000e+04
1.326300000000000000e+04
1.327100000000000000e+04
1.327500000000000000e+04
1.327700000000000000e+04
1.327800000000000000e+04
1.328700000000000000e+04
1.329100000000000000e+04
1.329300000000000000e+04
1.329400000000000000e+04
1.329900000000000000e+04
1.330100000000000000e+04
1.330200000000000000e+04
1.330500000000000000e+04
1.330600000000000000e+04
1.330800000000000000e+04
1.343900000000000000e+04
1.350300000000000000e+04
1.353500000000000000e+04
1.355100000000000000e+04
1.355900000000000000e+04
1.356300000000000000e+04
1.356500000000000000e+04
1.356600000000000000e+04
1.363100000000000000e+04
1.366300000000000000e+04
1.367900000000000000e+04
1.368700000000000000e+04
1.369100000000000000e+04
1.369300000000000000e+04
1.369400000000000000e+04
1.372700000000000000e+04
1.374300000000000000e+04
1.375100000000000000e+04
1.375500000000000000e+04
1.375700000000000000e+04
1.375800000000000000e+04
1.377500000000000000e+04
1.378300000000000000e+04
1.378700000000000000e+04
1.378900000000000000e+04
1.379000000000000000e+04
1.379900000000000000e+04
1.380300000000000000e+04
1.380500000000000000e+04
1.381100000000000000e+04
1.381300000000000000e+04
1.381400000000000000e+04
1.381800000000000000e+04
1.382000000000000000e+04
1.388700000000000000e+04
1.391900000000000000e+04
1.393500000000000000e+04
1.394300000000000000e+04
1.394700000000000000e+04
1.398300000000000000e+04
1.399900000000000000e+04
1.400700000000000000e+04
1.401100000000000000e+04
1.401300000000000000e+04
1.401400000000000000e+04
1.403100000000000000e+04
1.403900000000000000e+04
1.404300000000000000e+04
1.404500000000000000e+04
1.404600000000000000e+04
1.405500000000000000e+04
1.405900000000000000e+04
1.406100000000000000e+04
1.406700000000000000e+04
1.406900000000000000e+04
1.407000000000000000e+04
1.407300000000000000e+04
1.407400000000000000e+04
1.407600000000000000e+04
1.411100000000000000e+04
1.412700000000000000e+04
1.413500000000000000e+04
1.413900000000000000e+04
1.414100000000000000e+04
1.414200000000000000e+04
1.415900000000000000e+04
1.416700000000000000e+04
1.417100000000000000e+04
1.418300000000000000e+04
1.418700000000000000e+04
1.419700000000000000e+04
1.419800000000000000e+04
1.422300000000000000e+04
1.423100000000000000e+04
1.423500000000000000e+04
1.423700000000000000e+04
1.423800000000000000e+04
1.424700000000000000e+04
1.425100000000000000e+04
1.425300000000000000e+04
1.425400000000000000e+04
1.425900000000000000e+04
1.426100000000000000e+04
1.426600000000000000e+04
1.426800000000000000e+04
1.427900000000000000e+04
1.428300000000000000e+04
1.428600000000000000e+04
1.429400000000000000e+04
1.432200000000000000e+04
1.432800000000000000e+04
1.446300000000000000e+04
1.452700000000000000e+04
1.455900000000000000e+04
1.457500000000000000e+04
1.458300000000000000e+04
1.458900000000000000e+04
1.459000000000000000e+04
1.468700000000000000e+04
1.471100000000000000e+04
1.471700000000000000e+04
1.477900000000000000e+04
1.479900000000000000e+04
1.480700000000000000e+04
1.481100000000000000e+04
1.481300000000000000e+04
1.482300000000000000e+04
1.483000000000000000e+04
1.491100000000000000e+04
1.494300000000000000e+04
1.495900000000000000e+04
1.496700000000000000e+04
1.497100000000000000e+04
1.497300000000000000e+04
1.497400000000000000e+04
1.502300000000000000e+04
1.503500000000000000e+04
1.506300000000000000e+04
1.506700000000000000e+04
1.506900000000000000e+04
1.507900000000000000e+04
1.508500000000000000e+04
1.509300000000000000e+04
1.509400000000000000e+04
1.510000000000000000e+04
1.513500000000000000e+04
1.515100000000000000e+04
1.515900000000000000e+04
1.516300000000000000e+04
1.516500000000000000e+04
1.518300000000000000e+04
1.519100000000000000e+04
1.519700000000000000e+04
1.520700000000000000e+04
1.521100000000000000e+04
1.521900000000000000e+04
1.522200000000000000e+04
1.522500000000000000e+04
1.522600000000000000e+04
1.522800000000000000e+04
1.525500000000000000e+04
1.526100000000000000e+04
1.526200000000000000e+04
1.527100000000000000e+04
1.527500000000000000e+04
1.527700000000000000e+04
1.527800000000000000e+04
1.528600000000000000e+04
1.529000000000000000e+04
1.529200000000000000e+04
1.530300000000000000e+04
1.530900000000000000e+04
1.532100000000000000e+04
1.533100000000000000e+04
1.534000000000000000e+04
1.534600000000000000e+04
1.545500000000000000e+04
1.547100000000000000e+04
1.548300000000000000e+04
1.548500000000000000e+04
1.554700000000000000e+04
1.556700000000000000e+04
1.557500000000000000e+04
1.558100000000000000e+04
1.559100000000000000e+04
1.559500000000000000e+04
1.560900000000000000e+04
1.572300000000000000e+04
1.572500000000000000e+04
1.572600000000000000e+04
1.573100000000000000e+04
1.577300000000000000e+04
1.579700000000000000e+04
1.582900000000000000e+04
1.584300000000000000e+04
1.586000000000000000e+04
1.592700000000000000e+04
1.593100000000000000e+04
1.596600000000000000e+04
1.597500000000000000e+04
1.601500000000000000e+04
1.602300000000000000e+04
1.604600000000000000e+04
1.607800000000000000e+04
1.608600000000000000e+04
1.609900000000000000e+04
1.610600000000000000e+04
1.614300000000000000e+04
1.615500000000000000e+04
1.618600000000000000e+04
1.620300000000000000e+04
1.626700000000000000e+04
1.626900000000000000e+04
1.627000000000000000e+04
1.627700000000000000e+04
1.628100000000000000e+04
1.629700000000000000e+04
1.629800000000000000e+04
1.632300000000000000e+04
1.633200000000000000e+04
1.634000000000000000e+04
1.636800000000000000e+04
1.689500000000000000e+04
1.715100000000000000e+04
1.727900000000000000e+04
1.734300000000000000e+04
1.737500000000000000e+04
1.739100000000000000e+04
1.739900000000000000e+04
1.740300000000000000e+04
1.740500000000000000e+04
1.740600000000000000e+04
1.766300000000000000e+04
1.779100000000000000e+04
1.785500000000000000e+04
1.788700000000000000e+04
1.790300000000000000e+04
1.791100000000000000e+04
1.791500000000000000e+04
1.791700000000000000e+04
1.791800000000000000e+04
1.804700000000000000e+04
1.811100000000000000e+04
1.814300000000000000e+04
1.815900000000000000e+04
1.816700000000000000e+04
1.817100000000000000e+04
1.817300000000000000e+04
1.817400000000000000e+04
1.823900000000000000e+04
1.827100000000000000e+04
1.828700000000000000e+04
1.829500000000000000e+04
1.829900000000000000e+04
1.830100000000000000e+04
1.830200000000000000e+04
1.833500000000000000e+04
1.835100000000000000e+04
1.835900000000000000e+04
1.836300000000000000e+04
1.836500000000000000e+04
1.836600000000000000e+04
1.838300000000000000e+04
1.839100000000000000e+04
1.839500000000000000e+04
1.839700000000000000e+04
1.839800000000000000e+04
1.840700000000000000e+04
1.841100000000000000e+04
1.841300000000000000e+04
1.841400000000000000e+04
1.841900000000000000e+04
1.842100000000000000e+04
1.842200000000000000e+04
1.842500000000000000e+04
1.842600000000000000e+04
1.842800000000000000e+04
1.868700000000000000e+04
1.881500000000000000e+04
1.887900000000000000e+04
1.891100000000000000e+04
1.892700000000000000e+04
1.893500000000000000e+04
1.893900000000000000e+04
1.894100000000000000e+04
1.894200000000000000e+04
1.907100000000000000e+04
1.913500000000000000e+04
1.916700000000000000e+04
1.918300000000000000e+04
1.919100000000000000e+04
1.919500000000000000e+04
1.919700000000000000e+04
1.919800000000000000e+04
1.926300000000000000e+04
1.929500000000000000e+04
1.931100000000000000e+04
1.931900000000000000e+04
1.932300000000000000e+04
1.932500000000000000e+04
1.932600000000000000e+04
1.935900000000000000e+04
1.937500000000000000e+04
1.938300000000000000e+04
1.938700000000000000e+04
1.938900000000000000e+04
1.940700000000000000e+04
1.941500000000000000e+04
1.941900000000000000e+04
1.942100000000000000e+04
1.943100000000000000e+04
1.943500000000000000e+04
1.943700000000000000e+04
1.944300000000000000e+04
1.944500000000000000e+04
1.944900000000000000e+04
1.945000000000000000e+04
1.945200000000000000e+04
1.958300000000000000e+04
1.964700000000000000e+04
1.967900000000000000e+04
1.969500000000000000e+04
1.970300000000000000e+04
1.970700000000000000e+04
1.970900000000000000e+04
1.971000000000000000e+04
1.977500000000000000e+04
1.980700000000000000e+04
1.982300000000000000e+04
1.983100000000000000e+04
1.983500000000000000e+04
1.983700000000000000e+04
1.983800000000000000e+04
1.987100000000000000e+04
1.988700000000000000e+04
1.990200000000000000e+04
1.991900000000000000e+04
1.992700000000000000e+04
1.993100000000000000e+04
1.993300000000000000e+04
1.994300000000000000e+04
1.994700000000000000e+04
1.994900000000000000e+04
1.995000000000000000e+04
1.995500000000000000e+04
1.995700000000000000e+04
1.995800000000000000e+04
1.996400000000000000e+04
2.003100000000000000e+04
2.006300000000000000e+04
2.008700000000000000e+04
2.009400000000000000e+04
2.012700000000000000e+04
2.014300000000000000e+04
2.015100000000000000e+04
2.015500000000000000e+04
2.015700000000000000e+04
2.017500000000000000e+04
2.018300000000000000e+04
2.018700000000000000e+04
2.018900000000000000e+04
2.019000000000000000e+04
2.019900000000000000e+04
2.020300000000000000e+04
2.020600000000000000e+04
2.021300000000000000e+04
2.021400000000000000e+04
2.021700000000000000e+04
2.025500000000000000e+04
2.027100000000000000e+04
2.027900000000000000e+04
2.028300000000000000e+04
2.028500000000000000e+04
2.028600000000000000e+04
2.030300000000000000e+04
2.031100000000000000e+04
2.031500000000000000e+04
2.031700000000000000e+04
2.032700000000000000e+04
2.033100000000000000e+04
2.033300000000000000e+04
2.033400000000000000e+04
2.033900000000000000e+04
2.034100000000000000e+04
2.034200000000000000e+04
2.034500000000000000e+04
2.034600000000000000e+04
2.034800000000000000e+04
2.036700000000000000e+04
2.037500000000000000e+04
2.037900000000000000e+04
2.038100000000000000e+04
2.039100000000000000e+04
2.039500000000000000e+04
2.039700000000000000e+04
2.039800000000000000e+04
2.040300000000000000e+04
2.040500000000000000e+04
2.040900000000000000e+04
2.041000000000000000e+04
2.041200000000000000e+04
2.043700000000000000e+04
2.044400000000000000e+04
2.045100000000000000e+04
2.045300000000000000e+04
2.045700000000000000e+04
2.046600000000000000e+04
2.046800000000000000e+04
2.073500000000000000e+04
2.086300000000000000e+04
2.092700000000000000e+04
2.095900000000000000e+04
2.097500000000000000e+04
2.098300000000000000e+04
2.098700000000000000e+04
2.098900000000000000e+04
2.111900000000000000e+04
2.118300000000000000e+04
2.121500000000000000e+04
2.123100000000000000e+04
2.123900000000000000e+04
2.124300000000000000e+04
2.124500000000000000e+04
2.124600000000000000e+04
2.131100000000000000e+04
2.134300000000000000e+04
2.135900000000000000e+04
2.136700000000000000e+04
2.137100000000000000e+04
2.137300000000000000e+04
2.137400000000000000e+04
2.140700000000000000e+04
2.142300000000000000e+04
2.143100000000000000e+04
2.143500000000000000e+04
2.143700000000000000e+04
2.143800000000000000e+04
2.145500000000000000e+04
2.146300000000000000e+04
2.146700000000000000e+04
2.146900000000000000e+04
2.147000000000000000e+04
2.147900000000000000e+04
2.148300000000000000e+04
2.148500000000000000e+04
2.148600000000000000e+04
2.149100000000000000e+04
2.149300000000000000e+04
2.149400000000000000e+04
2.149700000000000000e+04
2.149800000000000000e+04
2.150000000000000000e+04
2.163100000000000000e+04
2.169500000000000000e+04
2.172700000000000000e+04
2.174300000000000000e+04
2.175100000000000000e+04
2.175500000000000000e+04
2.175700000000000000e+04
2.182300000000000000e+04
2.185500000000000000e+04
2.187100000000000000e+04
2.187900000000000000e+04
2.188300000000000000e+04
2.188500000000000000e+04
2.188600000000000000e+04
2.191900000000000000e+04
2.193500000000000000e+04
2.194300000000000000e+04
2.194700000000000000e+04
2.194900000000000000e+04
2.195000000000000000e+04
2.196700000000000000e+04
2.197500000000000000e+04
2.197900000000000000e+04
2.198100000000000000e+04
2.199100000000000000e+04
2.199500000000000000e+04
2.199700000000000000e+04
2.199800000000000000e+04
2.200300000000000000e+04
2.200500000000000000e+04
2.200900000000000000e+04
2.201000000000000000e+04
2.207900000000000000e+04
2.212700000000000000e+04
2.213500000000000000e+04
2.213900000000000000e+04
2.214100000000000000e+04
2.217500000000000000e+04
2.219100000000000000e+04
2.219900000000000000e+04
2.220300000000000000e+04
2.220500000000000000e+04
2.223100000000000000e+04
2.223500000000000000e+04
2.223700000000000000e+04
2.224700000000000000e+04
2.225300000000000000e+04
2.225400000000000000e+04
2.226100000000000000e+04
2.226500000000000000e+04
2.226600000000000000e+04
2.230300000000000000e+04
2.231900000000000000e+04
2.232700000000000000e+04
2.233100000000000000e+04
2.233300000000000000e+04
2.235100000000000000e+04
2.235900000000000000e+04
2.236300000000000000e+04
2.236500000000000000e+04
2.236600000000000000e+04
2.237500000000000000e+04
2.238100000000000000e+04
2.238200000000000000e+04
2.238900000000000000e+04
2.239600000000000000e+04
2.241500000000000000e+04
2.242300000000000000e+04
2.242700000000000000e+04
2.242900000000000000e+04
2.243000000000000000e+04
2.243900000000000000e+04
2.244300000000000000e+04
2.244500000000000000e+04
2.245100000000000000e+04
2.245300000000000000e+04
2.245700000000000000e+04
2.245800000000000000e+04
2.246000000000000000e+04
2.247100000000000000e+04
2.247500000000000000e+04
2.247800000000000000e+04
2.248300000000000000e+04
2.249000000000000000e+04
2.249200000000000000e+04
2.250100000000000000e+04
2.250200000000000000e+04
2.250500000000000000e+04
2.251400000000000000e+04
2.251600000000000000e+04
2.252000000000000000e+04
2.271900000000000000e+04
2.277900000000000000e+04
2.289500000000000000e+04
2.290300000000000000e+04
2.290900000000000000e+04
2.295900000000000000e+04
2.297100000000000000e+04
2.297300000000000000e+04
2.299100000000000000e+04
2.299900000000000000e+04
2.300300000000000000e+04
2.300500000000000000e+04
2.301500000000000000e+04
2.302100000000000000e+04
2.302200000000000000e+04
2.302700000000000000e+04
2.302900000000000000e+04
2.303300000000000000e+04
2.303400000000000000e+04
2.310300000000000000e+04
2.313500000000000000e+04
2.316300000000000000e+04
2.316500000000000000e+04
2.316600000000000000e+04
2.321500000000000000e+04
2.322300000000000000e+04
2.322700000000000000e+04
2.322900000000000000e+04
2.324700000000000000e+04
2.326100000000000000e+04
2.326200000000000000e+04
2.327100000000000000e+04
2.327700000000000000e+04
2.328500000000000000e+04
2.328900000000000000e+04
2.329000000000000000e+04
2.329200000000000000e+04
2.335100000000000000e+04
2.335500000000000000e+04
2.335700000000000000e+04
2.335800000000000000e+04
2.337500000000000000e+04
2.338300000000000000e+04
2.339000000000000000e+04
2.339900000000000000e+04
2.340300000000000000e+04
2.341100000000000000e+04
2.341300000000000000e+04
2.341700000000000000e+04
2.343900000000000000e+04
2.344700000000000000e+04
2.345100000000000000e+04
2.345300000000000000e+04
2.346300000000000000e+04
2.347000000000000000e+04
2.347500000000000000e+04
2.347800000000000000e+04
2.349900000000000000e+04
2.350100000000000000e+04
2.350200000000000000e+04
2.351300000000000000e+04
2.351600000000000000e+04
2.352500000000000000e+04
2.352600000000000000e+04
2.353200000000000000e+04
2.354000000000000000e+04
2.354400000000000000e+04
2.361500000000000000e+04
2.367800000000000000e+04
2.374100000000000000e+04
2.374200000000000000e+04
2.375900000000000000e+04
2.379000000000000000e+04
2.379500000000000000e+04
2.379700000000000000e+04
2.385500000000000000e+04
2.388700000000000000e+04
2.389500000000000000e+04
2.393000000000000000e+04
2.395100000000000000e+04
2.396500000000000000e+04
2.399000000000000000e+04
2.399300000000000000e+04
2.401300000000000000e+04
2.401900000000000000e+04
2.403800000000000000e+04
2.412300000000000000e+04
2.415100000000000000e+04
2.416700000000000000e+04
2.423100000000000000e+04
2.424600000000000000e+04
2.424900000000000000e+04
2.427800000000000000e+04
2.428200000000000000e+04
2.434700000000000000e+04
2.434900000000000000e+04
2.436500000000000000e+04
2.439800000000000000e+04
2.440600000000000000e+04
2.440900000000000000e+04
2.442200000000000000e+04
2.443300000000000000e+04
2.443400000000000000e+04
2.444000000000000000e+04
2.445900000000000000e+04
2.447000000000000000e+04
2.448500000000000000e+04
2.448600000000000000e+04
2.449700000000000000e+04
2.452100000000000000e+04
2.483100000000000000e+04
2.495900000000000000e+04
2.502300000000000000e+04
2.505500000000000000e+04
2.507100000000000000e+04
2.507900000000000000e+04
2.508300000000000000e+04
2.508500000000000000e+04
2.508600000000000000e+04
2.521500000000000000e+04
2.527900000000000000e+04
2.531100000000000000e+04
2.532700000000000000e+04
2.533500000000000000e+04
2.533900000000000000e+04
2.534100000000000000e+04
2.534200000000000000e+04
2.540700000000000000e+04
2.543900000000000000e+04
2.545500000000000000e+04
2.546300000000000000e+04
2.546700000000000000e+04
2.546900000000000000e+04
2.547000000000000000e+04
2.550300000000000000e+04
2.551900000000000000e+04
2.552700000000000000e+04
2.553100000000000000e+04
2.553300000000000000e+04
2.553400000000000000e+04
2.555100000000000000e+04
2.555900000000000000e+04
2.556300000000000000e+04
2.556500000000000000e+04
2.556600000000000000e+04
2.557500000000000000e+04
2.557900000000000000e+04
2.558100000000000000e+04
2.558200000000000000e+04
2.558700000000000000e+04
2.558900000000000000e+04
2.559000000000000000e+04
2.559300000000000000e+04
2.559400000000000000e+04
2.572700000000000000e+04
2.579100000000000000e+04
2.582300000000000000e+04
2.583900000000000000e+04
2.584700000000000000e+04
2.585100000000000000e+04
2.585300000000000000e+04
2.585400000000000000e+04
2.591900000000000000e+04
2.595100000000000000e+04
2.596700000000000000e+04
2.597500000000000000e+04
2.597900000000000000e+04
2.598100000000000000e+04
2.598200000000000000e+04
2.601500000000000000e+04
2.603100000000000000e+04
2.603900000000000000e+04
2.604300000000000000e+04
2.604500000000000000e+04
2.606300000000000000e+04
2.607100000000000000e+04
2.607500000000000000e+04
2.607700000000000000e+04
2.608700000000000000e+04
2.609100000000000000e+04
2.609300000000000000e+04
2.609900000000000000e+04
2.610100000000000000e+04
2.610200000000000000e+04
2.610500000000000000e+04
2.610600000000000000e+04
2.617500000000000000e+04
2.620700000000000000e+04
2.622300000000000000e+04
2.623100000000000000e+04
2.623700000000000000e+04
2.627100000000000000e+04
2.628700000000000000e+04
2.629500000000000000e+04
2.629900000000000000e+04
2.630100000000000000e+04
2.630200000000000000e+04
2.631900000000000000e+04
2.632700000000000000e+04
2.633300000000000000e+04
2.634700000000000000e+04
2.635000000000000000e+04
2.635500000000000000e+04
2.636100000000000000e+04
2.639900000000000000e+04
2.641500000000000000e+04
2.642300000000000000e+04
2.642700000000000000e+04
2.642900000000000000e+04
2.643000000000000000e+04
2.644700000000000000e+04
2.645500000000000000e+04
2.645900000000000000e+04
2.646100000000000000e+04
2.646200000000000000e+04
2.647100000000000000e+04
2.647500000000000000e+04
2.648300000000000000e+04
2.648600000000000000e+04
2.649000000000000000e+04
2.651100000000000000e+04
2.651900000000000000e+04
2.652300000000000000e+04
2.652500000000000000e+04
2.653500000000000000e+04
2.653900000000000000e+04
2.654100000000000000e+04
2.654200000000000000e+04
2.654700000000000000e+04
2.654900000000000000e+04
2.655300000000000000e+04
2.655600000000000000e+04
2.656700000000000000e+04
2.657100000000000000e+04
2.657300000000000000e+04
2.657400000000000000e+04
2.657900000000000000e+04
2.658100000000000000e+04
2.658800000000000000e+04
2.659500000000000000e+04
2.660100000000000000e+04
2.660900000000000000e+04
2.661600000000000000e+04
2.675100000000000000e+04
2.681500000000000000e+04
2.684700000000000000e+04
2.686300000000000000e+04
2.687100000000000000e+04
2.687700000000000000e+04
2.687800000000000000e+04
2.694300000000000000e+04
2.697500000000000000e+04
2.699100000000000000e+04
2.700300000000000000e+04
2.700600000000000000e+04
2.705500000000000000e+04
2.706900000000000000e+04
2.709500000000000000e+04
2.709900000000000000e+04
2.710100000000000000e+04
2.711100000000000000e+04
2.711800000000000000e+04
2.712600000000000000e+04
2.712900000000000000e+04
2.719900000000000000e+04
2.723100000000000000e+04
2.724700000000000000e+04
2.725500000000000000e+04
2.725900000000000000e+04
2.726100000000000000e+04
2.729500000000000000e+04
2.732600000000000000e+04
2.734300000000000000e+04
2.735700000000000000e+04
2.735800000000000000e+04
2.737100000000000000e+04
2.737300000000000000e+04
2.737400000000000000e+04
2.738100000000000000e+04
2.738800000000000000e+04
2.742300000000000000e+04
2.745300000000000000e+04
2.747100000000000000e+04
2.747900000000000000e+04
2.748500000000000000e+04
2.749500000000000000e+04
2.749900000000000000e+04
2.750100000000000000e+04
2.750200000000000000e+04
2.751000000000000000e+04
2.751400000000000000e+04
2.753500000000000000e+04
2.754300000000000000e+04
2.754900000000000000e+04
2.755900000000000000e+04
2.756500000000000000e+04
2.756600000000000000e+04
2.757100000000000000e+04
2.757300000000000000e+04
2.757700000000000000e+04
2.759100000000000000e+04
2.759500000000000000e+04
2.759700000000000000e+04
2.759800000000000000e+04
2.760300000000000000e+04
2.760500000000000000e+04
2.761900000000000000e+04
2.762600000000000000e+04
2.762800000000000000e+04
2.763600000000000000e+04
2.774300000000000000e+04
2.775900000000000000e+04
2.777100000000000000e+04
2.777300000000000000e+04
2.780700000000000000e+04
2.783700000000000000e+04
2.785500000000000000e+04
2.789800000000000000e+04
2.795100000000000000e+04
2.798300000000000000e+04
2.800700000000000000e+04
2.807800000000000000e+04
2.810300000000000000e+04
2.811700000000000000e+04
2.812400000000000000e+04
2.813300000000000000e+04
2.814600000000000000e+04
2.819100000000000000e+04
2.822100000000000000e+04
2.825100000000000000e+04
2.825400000000000000e+04
2.830300000000000000e+04
2.833400000000000000e+04
2.836300000000000000e+04
2.837300000000000000e+04
2.840100000000000000e+04
2.843100000000000000e+04
2.849300000000000000e+04
2.850200000000000000e+04
2.853000000000000000e+04
2.855100000000000000e+04
2.856600000000000000e+04
2.857000000000000000e+04
2.858600000000000000e+04
2.859300000000000000e+04
2.861100000000000000e+04
2.861300000000000000e+04
2.862500000000000000e+04
2.879900000000000000e+04
2.886300000000000000e+04
2.889500000000000000e+04
2.892300000000000000e+04
2.892500000000000000e+04
2.902300000000000000e+04
2.905300000000000000e+04
2.908700000000000000e+04
2.910300000000000000e+04
2.911700000000000000e+04
2.911800000000000000e+04
2.914900000000000000e+04
2.915900000000000000e+04
2.916500000000000000e+04
2.924700000000000000e+04
2.927900000000000000e+04
2.929500000000000000e+04
2.930300000000000000e+04
2.930700000000000000e+04
2.930900000000000000e+04
2.934300000000000000e+04
2.936700000000000000e+04
2.937100000000000000e+04
2.937400000000000000e+04
2.939100000000000000e+04
2.939900000000000000e+04
2.940300000000000000e+04
2.940500000000000000e+04
2.941500000000000000e+04
2.941900000000000000e+04
2.942200000000000000e+04
2.942700000000000000e+04
2.942900000000000000e+04
2.943000000000000000e+04
2.943300000000000000e+04
2.947100000000000000e+04
2.948700000000000000e+04
2.949900000000000000e+04
2.950100000000000000e+04
2.951900000000000000e+04
2.952700000000000000e+04
2.953300000000000000e+04
2.954300000000000000e+04
2.954700000000000000e+04
2.954900000000000000e+04
2.955500000000000000e+04
2.956100000000000000e+04
2.956200000000000000e+04
2.956400000000000000e+04
2.958300000000000000e+04
2.959100000000000000e+04
2.959700000000000000e+04
2.959800000000000000e+04
2.960700000000000000e+04
2.961300000000000000e+04
2.962600000000000000e+04
2.963900000000000000e+04
2.964300000000000000e+04
2.964500000000000000e+04
2.965100000000000000e+04
2.965300000000000000e+04
2.965800000000000000e+04
2.966700000000000000e+04
2.966900000000000000e+04
2.967300000000000000e+04
2.967400000000000000e+04
2.968100000000000000e+04
2.979100000000000000e+04
2.980700000000000000e+04
2.981500000000000000e+04
2.981900000000000000e+04
2.982100000000000000e+04
2.987900000000000000e+04
2.988500000000000000e+04
2.990300000000000000e+04
2.991100000000000000e+04
2.991500000000000000e+04
2.991700000000000000e+04
2.993100000000000000e+04
2.993300000000000000e+04
2.993400000000000000e+04
2.998300000000000000e+04
3.000700000000000000e+04
3.003100000000000000e+04
3.004500000000000000e+04
3.004600000000000000e+04
3.005500000000000000e+04
3.006700000000000000e+04
3.007000000000000000e+04
3.007300000000000000e+04
3.010300000000000000e+04
3.010700000000000000e+04
3.013100000000000000e+04
3.015100000000000000e+04
3.015800000000000000e+04
3.016300000000000000e+04
3.016900000000000000e+04
3.017900000000000000e+04
3.018100000000000000e+04
3.019600000000000000e+04
3.023900000000000000e+04
3.026900000000000000e+04
3.029500000000000000e+04
3.030200000000000000e+04
3.031100000000000000e+04
3.032300000000000000e+04
3.035100000000000000e+04
3.036500000000000000e+04
3.037900000000000000e+04
3.041900000000000000e+04
3.042100000000000000e+04
3.042600000000000000e+04
3.044100000000000000e+04
3.045200000000000000e+04
3.047900000000000000e+04
3.048700000000000000e+04
3.049100000000000000e+04
3.049300000000000000e+04
3.050300000000000000e+04
3.050700000000000000e+04
3.050900000000000000e+04
3.055300000000000000e+04
3.056900000000000000e+04
3.057700000000000000e+04
3.059900000000000000e+04
3.060300000000000000e+04
3.060600000000000000e+04
3.061300000000000000e+04
3.061400000000000000e+04
3.062000000000000000e+04
3.062700000000000000e+04
3.062900000000000000e+04
3.063300000000000000e+04
3.063400000000000000e+04
3.069200000000000000e+04
3.069600000000000000e+04
3.078300000000000000e+04
3.083100000000000000e+04
3.090700000000000000e+04
3.093900000000000000e+04
3.095500000000000000e+04
3.102300000000000000e+04
3.107000000000000000e+04
3.109300000000000000e+04
3.114900000000000000e+04
3.131900000000000000e+04
3.132500000000000000e+04
3.133500000000000000e+04
3.135300000000000000e+04
3.137500000000000000e+04
3.140300000000000000e+04
3.140600000000000000e+04
3.141300000000000000e+04
3.143500000000000000e+04
3.145000000000000000e+04
3.145200000000000000e+04
3.146100000000000000e+04
3.151500000000000000e+04
3.154200000000000000e+04
3.154600000000000000e+04
3.154800000000000000e+04
3.158700000000000000e+04
3.163000000000000000e+04
3.163700000000000000e+04
3.164200000000000000e+04
3.165800000000000000e+04
3.168300000000000000e+04
3.169800000000000000e+04
3.177500000000000000e+04
3.183500000000000000e+04
3.183700000000000000e+04
3.202700000000000000e+04
3.204500000000000000e+04
3.216900000000000000e+04
3.223200000000000000e+04
3.228300000000000000e+04
3.228500000000000000e+04
3.234200000000000000e+04
3.235700000000000000e+04
3.240500000000000000e+04
3.248400000000000000e+04
3.264900000000000000e+04
3.265000000000000000e+04
