0000000000111111111111
0000000001011111111111
0000000001101111111111
0000000001110111111111
0000000001111011111111
0000000001111101111111
0000000001111110111111
0000000001111111011111
0000000001111111101111
0000000001111111110111
0000000001111111111011
0000000001111111111101
0000000001111111111110
0000000010011111111111
0000000010101111111111
0000000010110111111111
0000000010111011111111
0000000010111101111111
0000000010111110111111
0000000010111111011111
0000000010111111101111
0000000010111111110111
0000000010111111111011
0000000010111111111101
0000000010111111111110
0000000011001111111111
0000000011010111111111
0000000011011011111111
0000000011011101111111
0000000011011110111111
0000000011011111011111
0000000011011111101111
0000000011011111110111
0000000011011111111011
0000000011011111111101
0000000011011111111110
0000000011100111111111
0000000011101011111111
0000000011101101111111
0000000011101110111111
0000000011101111011111
0000000011101111101111
0000000011101111110111
0000000011101111111011
0000000011101111111101
0000000011101111111110
0000000011110011111111
0000000011110101111111
0000000011110110111111
0000000011110111011111
0000000011110111101111
0000000011110111110111
0000000011110111111011
0000000011110111111101
0000000011110111111110
0000000011111001111111
0000000011111010111111
0000000011111011011111
0000000011111011101111
0000000011111011110111
0000000011111011111011
0000000011111011111101
0000000011111011111110
0000000011111100111111
0000000011111101011111
0000000011111101101111
0000000011111101110111
0000000011111101111011
0000000011111101111101
0000000011111101111110
0000000011111110011111
0000000011111110101111
0000000011111110110111
0000000011111110111011
0000000011111110111101
0000000011111110111110
0000000011111111001111
0000000011111111010111
0000000011111111011011
0000000011111111011101
0000000011111111011110
0000000011111111100111
0000000011111111101011
0000000011111111101101
0000000011111111101110
0000000011111111110011
0000000011111111110101
0000000011111111110110
0000000011111111111001
0000000011111111111010
0000000011111111111100
0000000100011111111111
0000000100101111111111
0000000100110111111111
0000000100111011111111
0000000100111101111111
0000000100111110111111
0000000100111111011111
0000000100111111101111
0000000100111111110111
0000000100111111111011
0000000100111111111101
0000000100111111111110
0000000101001111111111
0000000101010111111111
0000000101011011111111
0000000101011101111111
0000000101011110111111
0000000101011111011111
0000000101011111101111
0000000101011111110111
0000000101011111111011
0000000101011111111101
0000000101011111111110
0000000101100111111111
0000000101101011111111
0000000101101101111111
0000000101101110111111
0000000101101111011111
0000000101101111101111
0000000101101111110111
0000000101101111111011
0000000101101111111101
0000000101101111111110
0000000101110011111111
0000000101110101111111
0000000101110110111111
0000000101110111011111
0000000101110111101111
0000000101110111110111
0000000101110111111011
0000000101110111111101
0000000101110111111110
0000000101111001111111
0000000101111010111111
0000000101111011011111
0000000101111011101111
0000000101111011110111
0000000101111011111011
0000000101111011111101
0000000101111011111110
0000000101111100111111
0000000101111101011111
0000000101111101101111
0000000101111101110111
0000000101111101111011
0000000101111101111101
0000000101111101111110
0000000101111110011111
0000000101111110101111
0000000101111110110111
0000000101111110111011
0000000101111110111101
0000000101111110111110
0000000101111111001111
0000000101111111010111
0000000101111111011011
0000000101111111011101
0000000101111111011110
0000000101111111100111
0000000101111111101011
0000000101111111101101
0000000101111111101110
0000000101111111110011
0000000101111111110101
0000000101111111110110
0000000101111111111001
0000000101111111111010
0000000101111111111100
0000000110001111111111
0000000110010111111111
0000000110011011111111
0000000110011101111111
0000000110011110111111
0000000110011111011111
0000000110011111101111
0000000110011111110111
0000000110011111111011
0000000110011111111101
0000000110011111111110
0000000110100111111111
0000000110101011111111
0000000110101101111111
0000000110101110111111
0000000110101111011111
0000000110101111101111
0000000110101111110111
0000000110101111111011
0000000110101111111101
0000000110101111111110
0000000110110011111111
0000000110110101111111
0000000110110110111111
0000000110110111011111
0000000110110111101111
0000000110110111110111
0000000110110111111011
0000000110110111111101
0000000110110111111110
0000000110111001111111
0000000110111010111111
0000000110111011011111
0000000110111011101111
0000000110111011110111
0000000110111011111011
0000000110111011111101
0000000110111011111110
0000000110111100111111
0000000110111101011111
0000000110111101101111
0000000110111101110111
0000000110111101111011
0000000110111101111101
0000000110111101111110
0000000110111110011111
0000000110111110101111
0000000110111110110111
0000000110111110111011
0000000110111110111101
0000000110111110111110
0000000110111111001111
0000000110111111010111
0000000110111111011011
0000000110111111011101
0000000110111111011110
0000000110111111100111
0000000110111111101011
0000000110111111101101
0000000110111111101110
0000000110111111110011
0000000110111111110101
0000000110111111110110
0000000110111111111001
0000000110111111111010
0000000110111111111100
0000000111011010111111
0000000111011011101111
0000000111101010111111
0000000111101011101111
0000000111110010111111
0000000111110011101111
0000000111111000111111
0000000111111001101111
0000000111111010011111
0000000111111010101111
0000000111111010110111
0000000111111010111011
0000000111111010111101
0000000111111010111110
0000000111111011001111
0000000111111011100111
0000000111111011101011
0000000111111011101101
0000000111111011101110
0000001000011111111111
0000001000101111111111
0000001000110111111111
0000001000111011111111
0000001000111101111111
0000001000111110111111
0000001000111111011111
0000001000111111101111
0000001000111111110111
0000001000111111111011
0000001000111111111101
0000001000111111111110
0000001001001111111111
0000001001010111111111
0000001001011011111111
0000001001011101111111
0000001001011110111111
0000001001011111011111
0000001001011111101111
0000001001011111110111
0000001001011111111011
0000001001011111111101
0000001001011111111110
0000001001100111111111
0000001001101011111111
0000001001101101111111
0000001001101110111111
0000001001101111011111
0000001001101111101111
0000001001101111110111
0000001001101111111011
0000001001101111111101
0000001001101111111110
0000001001110011111111
0000001001110101111111
0000001001110110111111
0000001001110111011111
0000001001110111101111
0000001001110111110111
0000001001110111111011
0000001001110111111101
0000001001110111111110
0000001001111001111111
0000001001111010111111
0000001001111011011111
0000001001111011101111
0000001001111011110111
0000001001111011111011
0000001001111011111101
0000001001111011111110
0000001001111100111111
0000001001111101011111
0000001001111101101111
0000001001111101110111
0000001001111101111011
0000001001111101111101
0000001001111101111110
0000001001111110011111
0000001001111110101111
0000001001111110110111
0000001001111110111011
0000001001111110111101
0000001001111110111110
0000001001111111001111
0000001001111111010111
0000001001111111011011
0000001001111111011101
0000001001111111011110
0000001001111111100111
0000001001111111101011
0000001001111111101101
0000001001111111101110
0000001001111111110011
0000001001111111110101
0000001001111111110110
0000001001111111111001
0000001001111111111010
0000001001111111111100
0000001010001111111111
0000001010010111111111
0000001010011011111111
0000001010011101111111
0000001010011110111111
0000001010011111011111
0000001010011111101111
0000001010011111110111
0000001010011111111011
0000001010011111111101
0000001010011111111110
0000001010100111111111
0000001010101011111111
0000001010101101111111
0000001010101110111111
0000001010101111011111
0000001010101111101111
0000001010101111110111
0000001010101111111011
0000001010101111111101
0000001010101111111110
0000001010110011111111
0000001010110101111111
0000001010110110111111
0000001010110111011111
0000001010110111101111
0000001010110111110111
0000001010110111111011
0000001010110111111101
0000001010110111111110
0000001010111001111111
0000001010111010111111
0000001010111011011111
0000001010111011101111
0000001010111011110111
0000001010111011111011
0000001010111011111101
0000001010111011111110
0000001010111100111111
0000001010111101011111
0000001010111101101111
0000001010111101110111
0000001010111101111011
0000001010111101111101
0000001010111101111110
0000001010111110011111
0000001010111110101111
0000001010111110110111
0000001010111110111011
0000001010111110111101
0000001010111110111110
0000001010111111001111
0000001010111111010111
0000001010111111011011
0000001010111111011101
0000001010111111011110
0000001010111111100111
0000001010111111101011
0000001010111111101101
0000001010111111101110
0000001010111111110011
0000001010111111110101
0000001010111111110110
0000001010111111111001
0000001010111111111010
0000001010111111111100
0000001011001011111111
0000001011010011111111
0000001011011001111111
0000001011011010111111
0000001011011011011111
0000001011011011101111
0000001011011011110111
0000001011011011111011
0000001011011011111101
0000001011011011111110
0000001011101010111111
0000001011101011111101
0000001011110010111111
0000001011110011111101
0000001011111000111111
0000001011111001111101
0000001011111010011111
0000001011111010101111
0000001011111010110111
0000001011111010111011
0000001011111010111101
0000001011111010111110
0000001011111011011101
0000001011111011101101
0000001011111011110101
0000001011111011111001
0000001011111011111100
0000001100001111111111
0000001100010111111111
0000001100011011111111
0000001100011101111111
0000001100011110111111
0000001100011111011111
0000001100011111101111
0000001100011111110111
0000001100011111111011
0000001100011111111101
0000001100011111111110
0000001100100111111111
0000001100101011111111
0000001100101101111111
0000001100101110111111
0000001100101111011111
0000001100101111101111
0000001100101111110111
0000001100101111111011
0000001100101111111101
0000001100101111111110
0000001100110011111111
0000001100110101111111
0000001100110110111111
0000001100110111011111
0000001100110111101111
0000001100110111110111
0000001100110111111011
0000001100110111111101
0000001100110111111110
0000001100111001111111
0000001100111010111111
0000001100111011011111
0000001100111011101111
0000001100111011110111
0000001100111011111011
0000001100111011111101
0000001100111011111110
0000001100111100111111
0000001100111101011111
0000001100111101101111
0000001100111101110111
0000001100111101111011
0000001100111101111101
0000001100111101111110
0000001100111110011111
0000001100111110101111
0000001100111110110111
0000001100111110111011
0000001100111110111101
0000001100111110111110
0000001100111111001111
0000001100111111010111
0000001100111111011011
0000001100111111011101
0000001100111111011110
0000001100111111100111
0000001100111111101011
0000001100111111101101
0000001100111111101110
0000001100111111110011
0000001100111111110101
0000001100111111110110
0000001100111111111001
0000001100111111111010
0000001100111111111100
0000001101001011111111
0000001101010011111111
0000001101011001111111
0000001101011010111111
0000001101011011011111
0000001101011011101111
0000001101011011110111
0000001101011011111011
0000001101011011111101
0000001101011011111110
0000001101101011101111
0000001101110011101111
0000001101111001101111
0000001101111010101111
0000001101111011001111
0000001101111011100111
0000001101111011101011
0000001101111011101101
0000001101111011101110
0000001110011011111101
0000001110101011111101
0000001110110011111101
0000001110111001111101
0000001110111010111101
0000001110111011011101
0000001110111011101101
0000001110111011110101
0000001110111011111001
0000001110111011111100
0000010000011111111111
0000010000101111111111
0000010000110111111111
0000010000111011111111
0000010000111101111111
0000010000111110111111
0000010000111111011111
0000010000111111101111
0000010000111111110111
0000010000111111111011
0000010000111111111101
0000010000111111111110
0000010001001111111111
0000010001010111111111
0000010001011011111111
0000010001011101111111
0000010001011110111111
0000010001011111011111
0000010001011111101111
0000010001011111110111
0000010001011111111011
0000010001011111111101
0000010001011111111110
0000010001100111111111
0000010001101011111111
0000010001101101111111
0000010001101110111111
0000010001101111011111
0000010001101111101111
0000010001101111110111
0000010001101111111011
0000010001101111111101
0000010001101111111110
0000010001110011111111
0000010001110101111111
0000010001110110111111
0000010001110111011111
0000010001110111101111
0000010001110111110111
0000010001110111111011
0000010001110111111101
0000010001110111111110
0000010001111001111111
0000010001111010111111
0000010001111011011111
0000010001111011101111
0000010001111011110111
0000010001111011111011
0000010001111011111101
0000010001111011111110
0000010001111100111111
0000010001111101011111
0000010001111101101111
0000010001111101110111
0000010001111101111011
0000010001111101111101
0000010001111101111110
0000010001111110011111
0000010001111110101111
0000010001111110110111
0000010001111110111011
0000010001111110111101
0000010001111110111110
0000010001111111001111
0000010001111111010111
0000010001111111011011
0000010001111111011101
0000010001111111011110
0000010001111111100111
0000010001111111101011
0000010001111111101101
0000010001111111101110
0000010001111111110011
0000010001111111110101
0000010001111111110110
0000010001111111111001
0000010001111111111010
0000010001111111111100
0000010010001111111111
0000010010010111111111
0000010010011011111111
0000010010011101111111
0000010010011110111111
0000010010011111011111
0000010010011111101111
0000010010011111110111
0000010010011111111011
0000010010011111111101
0000010010011111111110
0000010010100111111111
0000010010101011111111
0000010010101101111111
0000010010101110111111
0000010010101111011111
0000010010101111101111
0000010010101111110111
0000010010101111111011
0000010010101111111101
0000010010101111111110
0000010010110011111111
0000010010110101111111
0000010010110110111111
0000010010110111011111
0000010010110111101111
0000010010110111110111
0000010010110111111011
0000010010110111111101
0000010010110111111110
0000010010111001111111
0000010010111010111111
0000010010111011011111
0000010010111011101111
0000010010111011110111
0000010010111011111011
0000010010111011111101
0000010010111011111110
0000010010111100111111
0000010010111101011111
0000010010111101101111
0000010010111101110111
0000010010111101111011
0000010010111101111101
0000010010111101111110
0000010010111110011111
0000010010111110101111
0000010010111110110111
0000010010111110111011
0000010010111110111101
0000010010111110111110
0000010010111111001111
0000010010111111010111
0000010010111111011011
0000010010111111011101
0000010010111111011110
0000010010111111100111
0000010010111111101011
0000010010111111101101
0000010010111111101110
0000010010111111110011
0000010010111111110101
0000010010111111110110
0000010010111111111001
0000010010111111111010
0000010010111111111100
0000010011011010111111
0000010011101010111111
0000010011110010111111
0000010011111000111111
0000010011111010011111
0000010011111010101111
0000010011111010110111
0000010011111010111011
0000010011111010111101
0000010011111010111110
0000010100001111111111
0000010100010111111111
0000010100011011111111
0000010100011101111111
0000010100011110111111
0000010100011111011111
0000010100011111101111
0000010100011111110111
0000010100011111111011
0000010100011111111101
0000010100011111111110
0000010100100111111111
0000010100101011111111
0000010100101101111111
0000010100101110111111
0000010100101111011111
0000010100101111101111
0000010100101111110111
0000010100101111111011
0000010100101111111101
0000010100101111111110
0000010100110011111111
0000010100110101111111
0000010100110110111111
0000010100110111011111
0000010100110111101111
0000010100110111110111
0000010100110111111011
0000010100110111111101
0000010100110111111110
0000010100111001111111
0000010100111010111111
0000010100111011011111
0000010100111011101111
0000010100111011110111
0000010100111011111011
0000010100111011111101
0000010100111011111110
0000010100111100111111
0000010100111101011111
0000010100111101101111
0000010100111101110111
0000010100111101111011
0000010100111101111101
0000010100111101111110
0000010100111110011111
0000010100111110101111
0000010100111110110111
0000010100111110111011
0000010100111110111101
0000010100111110111110
0000010100111111001111
0000010100111111010111
0000010100111111011011
0000010100111111011101
0000010100111111011110
0000010100111111100111
0000010100111111101011
0000010100111111101101
0000010100111111101110
0000010100111111110011
0000010100111111110101
0000010100111111110110
0000010100111111111001
0000010100111111111010
0000010100111111111100
0000010101011010111111
0000010101011011101111
0000010101101010111111
0000010101101011101111
0000010101110010111111
0000010101110011101111
0000010101111000111111
0000010101111001101111
0000010101111010011111
0000010101111010101111
0000010101111010110111
0000010101111010111011
0000010101111010111101
0000010101111010111110
0000010101111011001111
0000010101111011100111
0000010101111011101011
0000010101111011101101
0000010101111011101110
0000011000001111111111
0000011000010111111111
0000011000011011111111
0000011000011101111111
0000011000011110111111
0000011000011111011111
0000011000011111101111
0000011000011111110111
0000011000011111111011
0000011000011111111101
0000011000011111111110
0000011000100111111111
0000011000101011111111
0000011000101101111111
0000011000101110111111
0000011000101111011111
0000011000101111101111
0000011000101111110111
0000011000101111111011
0000011000101111111101
0000011000101111111110
0000011000110011111111
0000011000110101111111
0000011000110110111111
0000011000110111011111
0000011000110111101111
0000011000110111110111
0000011000110111111011
0000011000110111111101
0000011000110111111110
0000011000111001111111
0000011000111010111111
0000011000111011011111
0000011000111011101111
0000011000111011110111
0000011000111011111011
0000011000111011111101
0000011000111011111110
0000011000111100111111
0000011000111101011111
0000011000111101101111
0000011000111101110111
0000011000111101111011
0000011000111101111101
0000011000111101111110
0000011000111110011111
0000011000111110101111
0000011000111110110111
0000011000111110111011
0000011000111110111101
0000011000111110111110
0000011000111111001111
0000011000111111010111
0000011000111111011011
0000011000111111011101
0000011000111111011110
0000011000111111100111
0000011000111111101011
0000011000111111101101
0000011000111111101110
0000011000111111110011
0000011000111111110101
0000011000111111110110
0000011000111111111001
0000011000111111111010
0000011000111111111100
0000011001001011111111
0000011001010011111111
0000011001011001111111
0000011001011010111111
0000011001011011011111
0000011001011011101111
0000011001011011110111
0000011001011011111011
0000011001011011111101
0000011001011011111110
0000011001101010111111
0000011001110010111111
0000011001111000111111
0000011001111010011111
0000011001111010101111
0000011001111010110111
0000011001111010111011
0000011001111010111101
0000011001111010111110
0000011010011011111101
0000011010101011111101
0000011010110011111101
0000011010111001111101
0000011010111010111101
0000011010111011011101
0000011010111011101101
0000011010111011110101
0000011010111011111001
0000011010111011111100
0000100000011111111111
0000100000101111111111
0000100000110111111111
0000100000111011111111
0000100000111101111111
0000100000111110111111
0000100000111111011111
0000100000111111101111
0000100000111111110111
0000100000111111111011
0000100000111111111101
0000100000111111111110
0000100001001111111111
0000100001010111111111
0000100001011011111111
0000100001011101111111
0000100001011110111111
0000100001011111011111
0000100001011111101111
0000100001011111110111
0000100001011111111011
0000100001011111111101
0000100001011111111110
0000100001100111111111
0000100001101011111111
0000100001101101111111
0000100001101110111111
0000100001101111011111
0000100001101111101111
0000100001101111110111
0000100001101111111011
0000100001101111111101
0000100001101111111110
0000100001110011111111
0000100001110101111111
0000100001110110111111
0000100001110111011111
0000100001110111101111
0000100001110111110111
0000100001110111111011
0000100001110111111101
0000100001110111111110
0000100001111001111111
0000100001111010111111
0000100001111011011111
0000100001111011101111
0000100001111011110111
0000100001111011111011
0000100001111011111101
0000100001111011111110
0000100001111100111111
0000100001111101011111
0000100001111101101111
0000100001111101110111
0000100001111101111011
0000100001111101111101
0000100001111101111110
0000100001111110011111
0000100001111110101111
0000100001111110110111
0000100001111110111011
0000100001111110111101
0000100001111110111110
0000100001111111001111
0000100001111111010111
0000100001111111011011
0000100001111111011101
0000100001111111011110
0000100001111111100111
0000100001111111101011
0000100001111111101101
0000100001111111101110
0000100001111111110011
0000100001111111110101
0000100001111111110110
0000100001111111111001
0000100001111111111010
0000100001111111111100
0000100010001111111111
0000100010010111111111
0000100010011011111111
0000100010011101111111
0000100010011110111111
0000100010011111011111
0000100010011111101111
0000100010011111110111
0000100010011111111011
0000100010011111111101
0000100010011111111110
0000100010100111111111
0000100010101011111111
0000100010101101111111
0000100010101110111111
0000100010101111011111
0000100010101111101111
0000100010101111110111
0000100010101111111011
0000100010101111111101
0000100010101111111110
0000100010110011111111
0000100010110101111111
0000100010110110111111
0000100010110111011111
0000100010110111101111
0000100010110111110111
0000100010110111111011
0000100010110111111101
0000100010110111111110
0000100010111001111111
0000100010111010111111
0000100010111011011111
0000100010111011101111
0000100010111011110111
0000100010111011111011
0000100010111011111101
0000100010111011111110
0000100010111100111111
0000100010111101011111
0000100010111101101111
0000100010111101110111
0000100010111101111011
0000100010111101111101
0000100010111101111110
0000100010111110011111
0000100010111110101111
0000100010111110110111
0000100010111110111011
0000100010111110111101
0000100010111110111110
0000100010111111001111
0000100010111111010111
0000100010111111011011
0000100010111111011101
0000100010111111011110
0000100010111111100111
0000100010111111101011
0000100010111111101101
0000100010111111101110
0000100010111111110011
0000100010111111110101
0000100010111111110110
0000100010111111111001
0000100010111111111010
0000100010111111111100
0000100011001111011111
0000100011010111011111
0000100011011010111111
0000100011011011011111
0000100011011101011111
0000100011011110011111
0000100011011111001111
0000100011011111010111
0000100011011111011011
0000100011011111011101
0000100011011111011110
0000100011101010111111
0000100011101011011111
0000100011110010111111
0000100011110011011111
0000100011111000111111
0000100011111001011111
0000100011111010011111
0000100011111010101111
0000100011111010110111
0000100011111010111011
0000100011111010111101
0000100011111010111110
0000100011111011001111
0000100011111011010111
0000100011111011011011
0000100011111011011101
0000100011111011011110
0000100100001111111111
0000100100010111111111
0000100100011011111111
0000100100011101111111
0000100100011110111111
0000100100011111011111
0000100100011111101111
0000100100011111110111
0000100100011111111011
0000100100011111111101
0000100100011111111110
0000100100100111111111
0000100100101011111111
0000100100101101111111
0000100100101110111111
0000100100101111011111
0000100100101111101111
0000100100101111110111
0000100100101111111011
0000100100101111111101
0000100100101111111110
0000100100110011111111
0000100100110101111111
0000100100110110111111
0000100100110111011111
0000100100110111101111
0000100100110111110111
0000100100110111111011
0000100100110111111101
0000100100110111111110
0000100100111001111111
0000100100111010111111
0000100100111011011111
0000100100111011101111
0000100100111011110111
0000100100111011111011
0000100100111011111101
0000100100111011111110
0000100100111100111111
0000100100111101011111
0000100100111101101111
0000100100111101110111
0000100100111101111011
0000100100111101111101
0000100100111101111110
0000100100111110011111
0000100100111110101111
0000100100111110110111
0000100100111110111011
0000100100111110111101
0000100100111110111110
0000100100111111001111
0000100100111111010111
0000100100111111011011
0000100100111111011101
0000100100111111011110
0000100100111111100111
0000100100111111101011
0000100100111111101101
0000100100111111101110
0000100100111111110011
0000100100111111110101
0000100100111111110110
0000100100111111111001
0000100100111111111010
0000100100111111111100
0000100101001111011111
0000100101010111011111
0000100101011011011111
0000100101011011101111
0000100101011101011111
0000100101011110011111
0000100101011111001111
0000100101011111010111
0000100101011111011011
0000100101011111011101
0000100101011111011110
0000100101101011011111
0000100101101011101111
0000100101110011011111
0000100101110011101111
0000100101111001011111
0000100101111001101111
0000100101111010011111
0000100101111010101111
0000100101111011001111
0000100101111011010111
0000100101111011011011
0000100101111011011101
0000100101111011011110
0000100101111011100111
0000100101111011101011
0000100101111011101101
0000100101111011101110
0000101000001111111111
0000101000010111111111
0000101000011011111111
0000101000011101111111
0000101000011110111111
0000101000011111011111
0000101000011111101111
0000101000011111110111
0000101000011111111011
0000101000011111111101
0000101000011111111110
0000101000100111111111
0000101000101011111111
0000101000101101111111
0000101000101110111111
0000101000101111011111
0000101000101111101111
0000101000101111110111
0000101000101111111011
0000101000101111111101
0000101000101111111110
0000101000110011111111
0000101000110101111111
0000101000110110111111
0000101000110111011111
0000101000110111101111
0000101000110111110111
0000101000110111111011
0000101000110111111101
0000101000110111111110
0000101000111001111111
0000101000111010111111
0000101000111011011111
0000101000111011101111
0000101000111011110111
0000101000111011111011
0000101000111011111101
0000101000111011111110
0000101000111100111111
0000101000111101011111
0000101000111101101111
0000101000111101110111
0000101000111101111011
0000101000111101111101
0000101000111101111110
0000101000111110011111
0000101000111110101111
0000101000111110110111
0000101000111110111011
0000101000111110111101
0000101000111110111110
0000101000111111001111
0000101000111111010111
0000101000111111011011
0000101000111111011101
0000101000111111011110
0000101000111111100111
0000101000111111101011
0000101000111111101101
0000101000111111101110
0000101000111111110011
0000101000111111110101
0000101000111111110110
0000101000111111111001
0000101000111111111010
0000101000111111111100
0000101001001011111111
0000101001001111011111
0000101001010011111111
0000101001010111011111
0000101001011001111111
0000101001011010111111
0000101001011011011111
0000101001011011101111
0000101001011011110111
0000101001011011111011
0000101001011011111101
0000101001011011111110
0000101001011101011111
0000101001011110011111
0000101001011111001111
0000101001011111010111
0000101001011111011011
0000101001011111011101
0000101001011111011110
0000101001101011011111
0000101001110011011111
0000101001111001011111
0000101001111010011111
0000101001111011001111
0000101001111011010111
0000101001111011011011
0000101001111011011101
0000101001111011011110
0000101010011011111101
0000101010101011111101
0000101010110011111101
0000101010111001111101
0000101010111010111101
0000101010111011011101
0000101010111011101101
0000101010111011110101
0000101010111011111001
0000101010111011111100
0000110000001111111111
0000110000010111111111
0000110000011011111111
0000110000011101111111
0000110000011110111111
0000110000011111011111
0000110000011111101111
0000110000011111110111
0000110000011111111011
0000110000011111111101
0000110000011111111110
0000110000100111111111
0000110000101011111111
0000110000101101111111
0000110000101110111111
0000110000101111011111
0000110000101111101111
0000110000101111110111
0000110000101111111011
0000110000101111111101
0000110000101111111110
0000110000110011111111
0000110000110101111111
0000110000110110111111
0000110000110111011111
0000110000110111101111
0000110000110111110111
0000110000110111111011
0000110000110111111101
0000110000110111111110
0000110000111001111111
0000110000111010111111
0000110000111011011111
0000110000111011101111
0000110000111011110111
0000110000111011111011
0000110000111011111101
0000110000111011111110
0000110000111100111111
0000110000111101011111
0000110000111101101111
0000110000111101110111
0000110000111101111011
0000110000111101111101
0000110000111101111110
0000110000111110011111
0000110000111110101111
0000110000111110110111
0000110000111110111011
0000110000111110111101
0000110000111110111110
0000110000111111001111
0000110000111111010111
0000110000111111011011
0000110000111111011101
0000110000111111011110
0000110000111111100111
0000110000111111101011
0000110000111111101101
0000110000111111101110
0000110000111111110011
0000110000111111110101
0000110000111111110110
0000110000111111111001
0000110000111111111010
0000110000111111111100
0000110001001111011111
0000110001010111011111
0000110001011010111111
0000110001011011011111
0000110001011101011111
0000110001011110011111
0000110001011111001111
0000110001011111010111
0000110001011111011011
0000110001011111011101
0000110001011111011110
0000110001101010111111
0000110001101011011111
0000110001110010111111
0000110001110011011111
0000110001111000111111
0000110001111001011111
0000110001111010011111
0000110001111010101111
0000110001111010110111
0000110001111010111011
0000110001111010111101
0000110001111010111110
0000110001111011001111
0000110001111011010111
0000110001111011011011
0000110001111011011101
0000110001111011011110
0001000000011111111111
0001000000101111111111
0001000000110111111111
0001000000111011111111
0001000000111101111111
0001000000111110111111
0001000000111111011111
0001000000111111101111
0001000000111111110111
0001000000111111111011
0001000000111111111101
0001000000111111111110
0001000001001111111111
0001000001010111111111
0001000001011011111111
0001000001011101111111
0001000001011110111111
0001000001011111011111
0001000001011111101111
0001000001011111110111
0001000001011111111011
0001000001011111111101
0001000001011111111110
0001000001100111111111
0001000001101011111111
0001000001101101111111
0001000001101110111111
0001000001101111011111
0001000001101111101111
0001000001101111110111
0001000001101111111011
0001000001101111111101
0001000001101111111110
0001000001110011111111
0001000001110101111111
0001000001110110111111
0001000001110111011111
0001000001110111101111
0001000001110111110111
0001000001110111111011
0001000001110111111101
0001000001110111111110
0001000001111001111111
0001000001111010111111
0001000001111011011111
0001000001111011101111
0001000001111011110111
0001000001111011111011
0001000001111011111101
0001000001111011111110
0001000001111100111111
0001000001111101011111
0001000001111101101111
0001000001111101110111
0001000001111101111011
0001000001111101111101
0001000001111101111110
0001000001111110011111
0001000001111110101111
0001000001111110110111
0001000001111110111011
0001000001111110111101
0001000001111110111110
0001000001111111001111
0001000001111111010111
0001000001111111011011
0001000001111111011101
0001000001111111011110
0001000001111111100111
0001000001111111101011
0001000001111111101101
0001000001111111101110
0001000001111111110011
0001000001111111110101
0001000001111111110110
0001000001111111111001
0001000001111111111010
0001000001111111111100
0001000010001111111111
0001000010010111111111
0001000010011011111111
0001000010011101111111
0001000010011110111111
0001000010011111011111
0001000010011111101111
0001000010011111110111
0001000010011111111011
0001000010011111111101
0001000010011111111110
0001000010100111111111
0001000010101011111111
0001000010101101111111
0001000010101110111111
0001000010101111011111
0001000010101111101111
0001000010101111110111
0001000010101111111011
0001000010101111111101
0001000010101111111110
0001000010110011111111
0001000010110101111111
0001000010110110111111
0001000010110111011111
0001000010110111101111
0001000010110111110111
0001000010110111111011
0001000010110111111101
0001000010110111111110
0001000010111001111111
0001000010111010111111
0001000010111011011111
0001000010111011101111
0001000010111011110111
0001000010111011111011
0001000010111011111101
0001000010111011111110
0001000010111100111111
0001000010111101011111
0001000010111101101111
0001000010111101110111
0001000010111101111011
0001000010111101111101
0001000010111101111110
0001000010111110011111
0001000010111110101111
0001000010111110110111
0001000010111110111011
0001000010111110111101
0001000010111110111110
0001000010111111001111
0001000010111111010111
0001000010111111011011
0001000010111111011101
0001000010111111011110
0001000010111111100111
0001000010111111101011
0001000010111111101101
0001000010111111101110
0001000010111111110011
0001000010111111110101
0001000010111111110110
0001000010111111111001
0001000010111111111010
0001000010111111111100
0001000011001011111111
0001000011010011111111
0001000011011001111111
0001000011011010111111
0001000011011011011111
0001000011011011101111
0001000011011011110111
0001000011011011111011
0001000011011011111101
0001000011011011111110
0001000011101010111111
0001000011101011110111
0001000011110010111111
0001000011110011110111
0001000011111000111111
0001000011111001110111
0001000011111010011111
0001000011111010101111
0001000011111010110111
0001000011111010111011
0001000011111010111101
0001000011111010111110
0001000011111011010111
0001000011111011100111
0001000011111011110011
0001000011111011110101
0001000011111011110110
0001000100001111111111
0001000100010111111111
0001000100011011111111
0001000100011101111111
0001000100011110111111
0001000100011111011111
0001000100011111101111
0001000100011111110111
0001000100011111111011
0001000100011111111101
0001000100011111111110
0001000100100111111111
0001000100101011111111
0001000100101101111111
0001000100101110111111
0001000100101111011111
0001000100101111101111
0001000100101111110111
0001000100101111111011
0001000100101111111101
0001000100101111111110
0001000100110011111111
0001000100110101111111
0001000100110110111111
0001000100110111011111
0001000100110111101111
0001000100110111110111
0001000100110111111011
0001000100110111111101
0001000100110111111110
0001000100111001111111
0001000100111010111111
0001000100111011011111
0001000100111011101111
0001000100111011110111
0001000100111011111011
0001000100111011111101
0001000100111011111110
0001000100111100111111
0001000100111101011111
0001000100111101101111
0001000100111101110111
0001000100111101111011
0001000100111101111101
0001000100111101111110
0001000100111110011111
0001000100111110101111
0001000100111110110111
0001000100111110111011
0001000100111110111101
0001000100111110111110
0001000100111111001111
0001000100111111010111
0001000100111111011011
0001000100111111011101
0001000100111111011110
0001000100111111100111
0001000100111111101011
0001000100111111101101
0001000100111111101110
0001000100111111110011
0001000100111111110101
0001000100111111110110
0001000100111111111001
0001000100111111111010
0001000100111111111100
0001000101001011111111
0001000101010011111111
0001000101011001111111
0001000101011010111111
0001000101011011011111
0001000101011011101111
0001000101011011110111
0001000101011011111011
0001000101011011111101
0001000101011011111110
0001000101101011101111
0001000101110011101111
0001000101111001101111
0001000101111010101111
0001000101111011001111
0001000101111011100111
0001000101111011101011
0001000101111011101101
0001000101111011101110
0001000110011011110111
0001000110101011110111
0001000110110011110111
0001000110111001110111
0001000110111010110111
0001000110111011010111
0001000110111011100111
0001000110111011110011
0001000110111011110101
0001000110111011110110
0001001000001111111111
0001001000010111111111
0001001000011011111111
0001001000011101111111
0001001000011110111111
0001001000011111011111
0001001000011111101111
0001001000011111110111
0001001000011111111011
0001001000011111111101
0001001000011111111110
0001001000100111111111
0001001000101011111111
0001001000101101111111
0001001000101110111111
0001001000101111011111
0001001000101111101111
0001001000101111110111
0001001000101111111011
0001001000101111111101
0001001000101111111110
0001001000110011111111
0001001000110101111111
0001001000110110111111
0001001000110111011111
0001001000110111101111
0001001000110111110111
0001001000110111111011
0001001000110111111101
0001001000110111111110
0001001000111001111111
0001001000111010111111
0001001000111011011111
0001001000111011101111
0001001000111011110111
0001001000111011111011
0001001000111011111101
0001001000111011111110
0001001000111100111111
0001001000111101011111
0001001000111101101111
0001001000111101110111
0001001000111101111011
0001001000111101111101
0001001000111101111110
0001001000111110011111
0001001000111110101111
0001001000111110110111
0001001000111110111011
0001001000111110111101
0001001000111110111110
0001001000111111001111
0001001000111111010111
0001001000111111011011
0001001000111111011101
0001001000111111011110
0001001000111111100111
0001001000111111101011
0001001000111111101101
0001001000111111101110
0001001000111111110011
0001001000111111110101
0001001000111111110110
0001001000111111111001
0001001000111111111010
0001001000111111111100
0001001001001011111111
0001001001010011111111
0001001001011001111111
0001001001011010111111
0001001001011011011111
0001001001011011101111
0001001001011011110111
0001001001011011111011
0001001001011011111101
0001001001011011111110
0001001010011011110111
0001001010011011111101
0001001010101011110111
0001001010101011111101
0001001010110011110111
0001001010110011111101
0001001010111001110111
0001001010111001111101
0001001010111010110111
0001001010111010111101
0001001010111011010111
0001001010111011011101
0001001010111011100111
0001001010111011101101
0001001010111011110011
0001001010111011110101
0001001010111011110110
0001001010111011111001
0001001010111011111100
0001010000001111111111
0001010000010111111111
0001010000011011111111
0001010000011101111111
0001010000011110111111
0001010000011111011111
0001010000011111101111
0001010000011111110111
0001010000011111111011
0001010000011111111101
0001010000011111111110
0001010000100111111111
0001010000101011111111
0001010000101101111111
0001010000101110111111
0001010000101111011111
0001010000101111101111
0001010000101111110111
0001010000101111111011
0001010000101111111101
0001010000101111111110
0001010000110011111111
0001010000110101111111
0001010000110110111111
0001010000110111011111
0001010000110111101111
0001010000110111110111
0001010000110111111011
0001010000110111111101
0001010000110111111110
0001010000111001111111
0001010000111010111111
0001010000111011011111
0001010000111011101111
0001010000111011110111
0001010000111011111011
0001010000111011111101
0001010000111011111110
0001010000111100111111
0001010000111101011111
0001010000111101101111
0001010000111101110111
0001010000111101111011
0001010000111101111101
0001010000111101111110
0001010000111110011111
0001010000111110101111
0001010000111110110111
0001010000111110111011
0001010000111110111101
0001010000111110111110
0001010000111111001111
0001010000111111010111
0001010000111111011011
0001010000111111011101
0001010000111111011110
0001010000111111100111
0001010000111111101011
0001010000111111101101
0001010000111111101110
0001010000111111110011
0001010000111111110101
0001010000111111110110
0001010000111111111001
0001010000111111111010
0001010000111111111100
0001010001001011111111
0001010001010011111111
0001010001011001111111
0001010001011010111111
0001010001011011011111
0001010001011011101111
0001010001011011110111
0001010001011011111011
0001010001011011111101
0001010001011011111110
0001010001101010111111
0001010001110010111111
0001010001111000111111
0001010001111010011111
0001010001111010101111
0001010001111010110111
0001010001111010111011
0001010001111010111101
0001010001111010111110
0001010010011011110111
0001010010101011110111
0001010010110011110111
0001010010111001110111
0001010010111010110111
0001010010111011010111
0001010010111011100111
0001010010111011110011
0001010010111011110101
0001010010111011110110
0001100000001111111111
0001100000010111111111
0001100000011011111111
0001100000011101111111
0001100000011110111111
0001100000011111011111
0001100000011111101111
0001100000011111110111
0001100000011111111011
0001100000011111111101
0001100000011111111110
0001100000100111111111
0001100000101011111111
0001100000101101111111
0001100000101110111111
0001100000101111011111
0001100000101111101111
0001100000101111110111
0001100000101111111011
0001100000101111111101
0001100000101111111110
0001100000110011111111
0001100000110101111111
0001100000110110111111
0001100000110111011111
0001100000110111101111
0001100000110111110111
0001100000110111111011
0001100000110111111101
0001100000110111111110
0001100000111001111111
0001100000111010111111
0001100000111011011111
0001100000111011101111
0001100000111011110111
0001100000111011111011
0001100000111011111101
0001100000111011111110
0001100000111100111111
0001100000111101011111
0001100000111101101111
0001100000111101110111
0001100000111101111011
0001100000111101111101
0001100000111101111110
0001100000111110011111
0001100000111110101111
0001100000111110110111
0001100000111110111011
0001100000111110111101
0001100000111110111110
0001100000111111001111
0001100000111111010111
0001100000111111011011
0001100000111111011101
0001100000111111011110
0001100000111111100111
0001100000111111101011
0001100000111111101101
0001100000111111101110
0001100000111111110011
0001100000111111110101
0001100000111111110110
0001100000111111111001
0001100000111111111010
0001100000111111111100
0001100001001011111111
0001100001001111011111
0001100001010011111111
0001100001010111011111
0001100001011001111111
0001100001011010111111
0001100001011011011111
0001100001011011101111
0001100001011011110111
0001100001011011111011
0001100001011011111101
0001100001011011111110
0001100001011101011111
0001100001011110011111
0001100001011111001111
0001100001011111010111
0001100001011111011011
0001100001011111011101
0001100001011111011110
0001100001101011011111
0001100001110011011111
0001100001111001011111
0001100001111010011111
0001100001111011001111
0001100001111011010111
0001100001111011011011
0001100001111011011101
0001100001111011011110
0001100010011011110111
0001100010101011110111
0001100010110011110111
0001100010111001110111
0001100010111010110111
0001100010111011010111
0001100010111011100111
0001100010111011110011
0001100010111011110101
0001100010111011110110
0010000000011111111111
0010000000101111111111
0010000000110111111111
0010000000111011111111
0010000000111101111111
0010000000111110111111
0010000000111111011111
0010000000111111101111
0010000000111111110111
0010000000111111111011
0010000000111111111101
0010000000111111111110
0010000001001111111111
0010000001010111111111
0010000001011011111111
0010000001011101111111
0010000001011110111111
0010000001011111011111
0010000001011111101111
0010000001011111110111
0010000001011111111011
0010000001011111111101
0010000001011111111110
0010000001100111111111
0010000001101011111111
0010000001101101111111
0010000001101110111111
0010000001101111011111
0010000001101111101111
0010000001101111110111
0010000001101111111011
0010000001101111111101
0010000001101111111110
0010000001110011111111
0010000001110101111111
0010000001110110111111
0010000001110111011111
0010000001110111101111
0010000001110111110111
0010000001110111111011
0010000001110111111101
0010000001110111111110
0010000001111001111111
0010000001111010111111
0010000001111011011111
0010000001111011101111
0010000001111011110111
0010000001111011111011
0010000001111011111101
0010000001111011111110
0010000001111100111111
0010000001111101011111
0010000001111101101111
0010000001111101110111
0010000001111101111011
0010000001111101111101
0010000001111101111110
0010000001111110011111
0010000001111110101111
0010000001111110110111
0010000001111110111011
0010000001111110111101
0010000001111110111110
0010000001111111001111
0010000001111111010111
0010000001111111011011
0010000001111111011101
0010000001111111011110
0010000001111111100111
0010000001111111101011
0010000001111111101101
0010000001111111101110
0010000001111111110011
0010000001111111110101
0010000001111111110110
0010000001111111111001
0010000001111111111010
0010000001111111111100
0010000010001111111111
0010000010010111111111
0010000010011011111111
0010000010011101111111
0010000010011110111111
0010000010011111011111
0010000010011111101111
0010000010011111110111
0010000010011111111011
0010000010011111111101
0010000010011111111110
0010000010100111111111
0010000010101011111111
0010000010101101111111
0010000010101110111111
0010000010101111011111
0010000010101111101111
0010000010101111110111
0010000010101111111011
0010000010101111111101
0010000010101111111110
0010000010110011111111
0010000010110101111111
0010000010110110111111
0010000010110111011111
0010000010110111101111
0010000010110111110111
0010000010110111111011
0010000010110111111101
0010000010110111111110
0010000010111001111111
0010000010111010111111
0010000010111011011111
0010000010111011101111
0010000010111011110111
0010000010111011111011
0010000010111011111101
0010000010111011111110
0010000010111100111111
0010000010111101011111
0010000010111101101111
0010000010111101110111
0010000010111101111011
0010000010111101111101
0010000010111101111110
0010000010111110011111
0010000010111110101111
0010000010111110110111
0010000010111110111011
0010000010111110111101
0010000010111110111110
0010000010111111001111
0010000010111111010111
0010000010111111011011
0010000010111111011101
0010000010111111011110
0010000010111111100111
0010000010111111101011
0010000010111111101101
0010000010111111101110
0010000010111111110011
0010000010111111110101
0010000010111111110110
0010000010111111111001
0010000010111111111010
0010000010111111111100
0010000011011001111111
0010000011011010111111
0010000011101001111111
0010000011101010111111
0010000011110001111111
0010000011110010111111
0010000011111000111111
0010000011111001011111
0010000011111001101111
0010000011111001110111
0010000011111001111011
0010000011111001111101
0010000011111001111110
0010000011111010011111
0010000011111010101111
0010000011111010110111
0010000011111010111011
0010000011111010111101
0010000011111010111110
0010000100001111111111
0010000100010111111111
0010000100011011111111
0010000100011101111111
0010000100011110111111
0010000100011111011111
0010000100011111101111
0010000100011111110111
0010000100011111111011
0010000100011111111101
0010000100011111111110
0010000100100111111111
0010000100101011111111
0010000100101101111111
0010000100101110111111
0010000100101111011111
0010000100101111101111
0010000100101111110111
0010000100101111111011
0010000100101111111101
0010000100101111111110
0010000100110011111111
0010000100110101111111
0010000100110110111111
0010000100110111011111
0010000100110111101111
0010000100110111110111
0010000100110111111011
0010000100110111111101
0010000100110111111110
0010000100111001111111
0010000100111010111111
0010000100111011011111
0010000100111011101111
0010000100111011110111
0010000100111011111011
0010000100111011111101
0010000100111011111110
0010000100111100111111
0010000100111101011111
0010000100111101101111
0010000100111101110111
0010000100111101111011
0010000100111101111101
0010000100111101111110
0010000100111110011111
0010000100111110101111
0010000100111110110111
0010000100111110111011
0010000100111110111101
0010000100111110111110
0010000100111111001111
0010000100111111010111
0010000100111111011011
0010000100111111011101
0010000100111111011110
0010000100111111100111
0010000100111111101011
0010000100111111101101
0010000100111111101110
0010000100111111110011
0010000100111111110101
0010000100111111110110
0010000100111111111001
0010000100111111111010
0010000100111111111100
0010000101011001111111
0010000101011011101111
0010000101101001111111
0010000101101011101111
0010000101110001111111
0010000101110011101111
0010000101111000111111
0010000101111001011111
0010000101111001101111
0010000101111001110111
0010000101111001111011
0010000101111001111101
0010000101111001111110
0010000101111010101111
0010000101111011001111
0010000101111011100111
0010000101111011101011
0010000101111011101101
0010000101111011101110
0010001000001111111111
0010001000010111111111
0010001000011011111111
0010001000011101111111
0010001000011110111111
0010001000011111011111
0010001000011111101111
0010001000011111110111
0010001000011111111011
0010001000011111111101
0010001000011111111110
0010001000100111111111
0010001000101011111111
0010001000101101111111
0010001000101110111111
0010001000101111011111
0010001000101111101111
0010001000101111110111
0010001000101111111011
0010001000101111111101
0010001000101111111110
0010001000110011111111
0010001000110101111111
0010001000110110111111
0010001000110111011111
0010001000110111101111
0010001000110111110111
0010001000110111111011
0010001000110111111101
0010001000110111111110
0010001000111001111111
0010001000111010111111
0010001000111011011111
0010001000111011101111
0010001000111011110111
0010001000111011111011
0010001000111011111101
0010001000111011111110
0010001000111100111111
0010001000111101011111
0010001000111101101111
0010001000111101110111
0010001000111101111011
0010001000111101111101
0010001000111101111110
0010001000111110011111
0010001000111110101111
0010001000111110110111
0010001000111110111011
0010001000111110111101
0010001000111110111110
0010001000111111001111
0010001000111111010111
0010001000111111011011
0010001000111111011101
0010001000111111011110
0010001000111111100111
0010001000111111101011
0010001000111111101101
0010001000111111101110
0010001000111111110011
0010001000111111110101
0010001000111111110110
0010001000111111111001
0010001000111111111010
0010001000111111111100
0010001001001011111111
0010001001010011111111
0010001001011001111111
0010001001011010111111
0010001001011011011111
0010001001011011101111
0010001001011011110111
0010001001011011111011
0010001001011011111101
0010001001011011111110
0010001001101001111111
0010001001110001111111
0010001001111000111111
0010001001111001011111
0010001001111001101111
0010001001111001110111
0010001001111001111011
0010001001111001111101
0010001001111001111110
0010001010011011111101
0010001010101011111101
0010001010110011111101
0010001010111001111101
0010001010111010111101
0010001010111011011101
0010001010111011101101
0010001010111011110101
0010001010111011111001
0010001010111011111100
0010010000001111111111
0010010000010111111111
0010010000011011111111
0010010000011101111111
0010010000011110111111
0010010000011111011111
0010010000011111101111
0010010000011111110111
0010010000011111111011
0010010000011111111101
0010010000011111111110
0010010000100111111111
0010010000101011111111
0010010000101101111111
0010010000101110111111
0010010000101111011111
0010010000101111101111
0010010000101111110111
0010010000101111111011
0010010000101111111101
0010010000101111111110
0010010000110011111111
0010010000110101111111
0010010000110110111111
0010010000110111011111
0010010000110111101111
0010010000110111110111
0010010000110111111011
0010010000110111111101
0010010000110111111110
0010010000111001111111
0010010000111010111111
0010010000111011011111
0010010000111011101111
0010010000111011110111
0010010000111011111011
0010010000111011111101
0010010000111011111110
0010010000111100111111
0010010000111101011111
0010010000111101101111
0010010000111101110111
0010010000111101111011
0010010000111101111101
0010010000111101111110
0010010000111110011111
0010010000111110101111
0010010000111110110111
0010010000111110111011
0010010000111110111101
0010010000111110111110
0010010000111111001111
0010010000111111010111
0010010000111111011011
0010010000111111011101
0010010000111111011110
0010010000111111100111
0010010000111111101011
0010010000111111101101
0010010000111111101110
0010010000111111110011
0010010000111111110101
0010010000111111110110
0010010000111111111001
0010010000111111111010
0010010000111111111100
0010010001011001111111
0010010001011010111111
0010010001101001111111
0010010001101010111111
0010010001110001111111
0010010001110010111111
0010010001111000111111
0010010001111001011111
0010010001111001101111
0010010001111001110111
0010010001111001111011
0010010001111001111101
0010010001111001111110
0010010001111010011111
0010010001111010101111
0010010001111010110111
0010010001111010111011
0010010001111010111101
0010010001111010111110
0010100000001111111111
0010100000010111111111
0010100000011011111111
0010100000011101111111
0010100000011110111111
0010100000011111011111
0010100000011111101111
0010100000011111110111
0010100000011111111011
0010100000011111111101
0010100000011111111110
0010100000100111111111
0010100000101011111111
0010100000101101111111
0010100000101110111111
0010100000101111011111
0010100000101111101111
0010100000101111110111
0010100000101111111011
0010100000101111111101
0010100000101111111110
0010100000110011111111
0010100000110101111111
0010100000110110111111
0010100000110111011111
0010100000110111101111
0010100000110111110111
0010100000110111111011
0010100000110111111101
0010100000110111111110
0010100000111001111111
0010100000111010111111
0010100000111011011111
0010100000111011101111
0010100000111011110111
0010100000111011111011
0010100000111011111101
0010100000111011111110
0010100000111100111111
0010100000111101011111
0010100000111101101111
0010100000111101110111
0010100000111101111011
0010100000111101111101
0010100000111101111110
0010100000111110011111
0010100000111110101111
0010100000111110110111
0010100000111110111011
0010100000111110111101
0010100000111110111110
0010100000111111001111
0010100000111111010111
0010100000111111011011
0010100000111111011101
0010100000111111011110
0010100000111111100111
0010100000111111101011
0010100000111111101101
0010100000111111101110
0010100000111111110011
0010100000111111110101
0010100000111111110110
0010100000111111111001
0010100000111111111010
0010100000111111111100
0010100001001111011111
0010100001010111011111
0010100001011001111111
0010100001011011011111
0010100001011101011111
0010100001011110011111
0010100001011111001111
0010100001011111010111
0010100001011111011011
0010100001011111011101
0010100001011111011110
0010100001101001111111
0010100001101011011111
0010100001110001111111
0010100001110011011111
0010100001111000111111
0010100001111001011111
0010100001111001101111
0010100001111001110111
0010100001111001111011
0010100001111001111101
0010100001111001111110
0010100001111010011111
0010100001111011001111
0010100001111011010111
0010100001111011011011
0010100001111011011101
0010100001111011011110
0011000000001111111111
0011000000010111111111
0011000000011011111111
0011000000011101111111
0011000000011110111111
0011000000011111011111
0011000000011111101111
0011000000011111110111
0011000000011111111011
0011000000011111111101
0011000000011111111110
0011000000100111111111
0011000000101011111111
0011000000101101111111
0011000000101110111111
0011000000101111011111
0011000000101111101111
0011000000101111110111
0011000000101111111011
0011000000101111111101
0011000000101111111110
0011000000110011111111
0011000000110101111111
0011000000110110111111
0011000000110111011111
0011000000110111101111
0011000000110111110111
0011000000110111111011
0011000000110111111101
0011000000110111111110
0011000000111001111111
0011000000111010111111
0011000000111011011111
0011000000111011101111
0011000000111011110111
0011000000111011111011
0011000000111011111101
0011000000111011111110
0011000000111100111111
0011000000111101011111
0011000000111101101111
0011000000111101110111
0011000000111101111011
0011000000111101111101
0011000000111101111110
0011000000111110011111
0011000000111110101111
0011000000111110110111
0011000000111110111011
0011000000111110111101
0011000000111110111110
0011000000111111001111
0011000000111111010111
0011000000111111011011
0011000000111111011101
0011000000111111011110
0011000000111111100111
0011000000111111101011
0011000000111111101101
0011000000111111101110
0011000000111111110011
0011000000111111110101
0011000000111111110110
0011000000111111111001
0011000000111111111010
0011000000111111111100
0011000001001011111111
0011000001010011111111
0011000001011001111111
0011000001011010111111
0011000001011011011111
0011000001011011101111
0011000001011011110111
0011000001011011111011
0011000001011011111101
0011000001011011111110
0011000001101001111111
0011000001110001111111
0011000001111000111111
0011000001111001011111
0011000001111001101111
0011000001111001110111
0011000001111001111011
0011000001111001111101
0011000001111001111110
0011000010011011110111
0011000010101011110111
0011000010110011110111
0011000010111001110111
0011000010111010110111
0011000010111011010111
0011000010111011100111
0011000010111011110011
0011000010111011110101
0011000010111011110110
0100000000011111111111
0100000000101111111111
0100000000110111111111
0100000000111011111111
0100000000111101111111
0100000000111110111111
0100000000111111011111
0100000000111111101111
0100000000111111110111
0100000000111111111011
0100000000111111111101
0100000000111111111110
0100000001001111111111
0100000001010111111111
0100000001011011111111
0100000001011101111111
0100000001011110111111
0100000001011111011111
0100000001011111101111
0100000001011111110111
0100000001011111111011
0100000001011111111101
0100000001011111111110
0100000001100111111111
0100000001101011111111
0100000001101101111111
0100000001101110111111
0100000001101111011111
0100000001101111101111
0100000001101111110111
0100000001101111111011
0100000001101111111101
0100000001101111111110
0100000001110011111111
0100000001110101111111
0100000001110110111111
0100000001110111011111
0100000001110111101111
0100000001110111110111
0100000001110111111011
0100000001110111111101
0100000001110111111110
0100000001111001111111
0100000001111010111111
0100000001111011011111
0100000001111011101111
0100000001111011110111
0100000001111011111011
0100000001111011111101
0100000001111011111110
0100000001111100111111
0100000001111101011111
0100000001111101101111
0100000001111101110111
0100000001111101111011
0100000001111101111101
0100000001111101111110
0100000001111110011111
0100000001111110101111
0100000001111110110111
0100000001111110111011
0100000001111110111101
0100000001111110111110
0100000001111111001111
0100000001111111010111
0100000001111111011011
0100000001111111011101
0100000001111111011110
0100000001111111100111
0100000001111111101011
0100000001111111101101
0100000001111111101110
0100000001111111110011
0100000001111111110101
0100000001111111110110
0100000001111111111001
0100000001111111111010
0100000001111111111100
0100000010001111111111
0100000010010111111111
0100000010011011111111
0100000010011101111111
0100000010011110111111
0100000010011111011111
0100000010011111101111
0100000010011111110111
0100000010011111111011
0100000010011111111101
0100000010011111111110
0100000010100111111111
0100000010101011111111
0100000010101101111111
0100000010101110111111
0100000010101111011111
0100000010101111101111
0100000010101111110111
0100000010101111111011
0100000010101111111101
0100000010101111111110
0100000010110011111111
0100000010110101111111
0100000010110110111111
0100000010110111011111
0100000010110111101111
0100000010110111110111
0100000010110111111011
0100000010110111111101
0100000010110111111110
0100000010111001111111
0100000010111010111111
0100000010111011011111
0100000010111011101111
0100000010111011110111
0100000010111011111011
0100000010111011111101
0100000010111011111110
0100000010111100111111
0100000010111101011111
0100000010111101101111
0100000010111101110111
0100000010111101111011
0100000010111101111101
0100000010111101111110
0100000010111110011111
0100000010111110101111
0100000010111110110111
0100000010111110111011
0100000010111110111101
0100000010111110111110
0100000010111111001111
0100000010111111010111
0100000010111111011011
0100000010111111011101
0100000010111111011110
0100000010111111100111
0100000010111111101011
0100000010111111101101
0100000010111111101110
0100000010111111110011
0100000010111111110101
0100000010111111110110
0100000010111111111001
0100000010111111111010
0100000010111111111100
0100000011001011111111
0100000011010011111111
0100000011011001111111
0100000011011010111111
0100000011011011011111
0100000011011011101111
0100000011011011110111
0100000011011011111011
0100000011011011111101
0100000011011011111110
0100000011101010111111
0100000011110010111111
0100000011111000111111
0100000011111010011111
0100000011111010101111
0100000011111010110111
0100000011111010111011
0100000011111010111101
0100000011111010111110
0100000100001111111111
0100000100010111111111
0100000100011011111111
0100000100011101111111
0100000100011110111111
0100000100011111011111
0100000100011111101111
0100000100011111110111
0100000100011111111011
0100000100011111111101
0100000100011111111110
0100000100100111111111
0100000100101011111111
0100000100101101111111
0100000100101110111111
0100000100101111011111
0100000100101111101111
0100000100101111110111
0100000100101111111011
0100000100101111111101
0100000100101111111110
0100000100110011111111
0100000100110101111111
0100000100110110111111
0100000100110111011111
0100000100110111101111
0100000100110111110111
0100000100110111111011
0100000100110111111101
0100000100110111111110
0100000100111001111111
0100000100111010111111
0100000100111011011111
0100000100111011101111
0100000100111011110111
0100000100111011111011
0100000100111011111101
0100000100111011111110
0100000100111100111111
0100000100111101011111
0100000100111101101111
0100000100111101110111
0100000100111101111011
0100000100111101111101
0100000100111101111110
0100000100111110011111
0100000100111110101111
0100000100111110110111
0100000100111110111011
0100000100111110111101
0100000100111110111110
0100000100111111001111
0100000100111111010111
0100000100111111011011
0100000100111111011101
0100000100111111011110
0100000100111111100111
0100000100111111101011
0100000100111111101101
0100000100111111101110
0100000100111111110011
0100000100111111110101
0100000100111111110110
0100000100111111111001
0100000100111111111010
0100000100111111111100
0100000101001011111111
0100000101010011111111
0100000101011001111111
0100000101011010111111
0100000101011011011111
0100000101011011101111
0100000101011011110111
0100000101011011111011
0100000101011011111101
0100000101011011111110
0100000101101010111111
0100000101101011101111
0100000101110010111111
0100000101110011101111
0100000101111000111111
0100000101111001101111
0100000101111010011111
0100000101111010101111
0100000101111010110111
0100000101111010111011
0100000101111010111101
0100000101111010111110
0100000101111011001111
0100000101111011100111
0100000101111011101011
0100000101111011101101
0100000101111011101110
0100001000001111111111
0100001000010111111111
0100001000011011111111
0100001000011101111111
0100001000011110111111
0100001000011111011111
0100001000011111101111
0100001000011111110111
0100001000011111111011
0100001000011111111101
0100001000011111111110
0100001000100111111111
0100001000101011111111
0100001000101101111111
0100001000101110111111
0100001000101111011111
0100001000101111101111
0100001000101111110111
0100001000101111111011
0100001000101111111101
0100001000101111111110
0100001000110011111111
0100001000110101111111
0100001000110110111111
0100001000110111011111
0100001000110111101111
0100001000110111110111
0100001000110111111011
0100001000110111111101
0100001000110111111110
0100001000111001111111
0100001000111010111111
0100001000111011011111
0100001000111011101111
0100001000111011110111
0100001000111011111011
0100001000111011111101
0100001000111011111110
0100001000111100111111
0100001000111101011111
0100001000111101101111
0100001000111101110111
0100001000111101111011
0100001000111101111101
0100001000111101111110
0100001000111110011111
0100001000111110101111
0100001000111110110111
0100001000111110111011
0100001000111110111101
0100001000111110111110
0100001000111111001111
0100001000111111010111
0100001000111111011011
0100001000111111011101
0100001000111111011110
0100001000111111100111
0100001000111111101011
0100001000111111101101
0100001000111111101110
0100001000111111110011
0100001000111111110101
0100001000111111110110
0100001000111111111001
0100001000111111111010
0100001000111111111100
0100001001001011111111
0100001001010011111111
0100001001011001111111
0100001001011010111111
0100001001011011011111
0100001001011011101111
0100001001011011110111
0100001001011011111011
0100001001011011111101
0100001001011011111110
0100001001101010111111
0100001001110010111111
0100001001111000111111
0100001001111010011111
0100001001111010101111
0100001001111010110111
0100001001111010111011
0100001001111010111101
0100001001111010111110
0100001010011011111101
0100001010101011111101
0100001010110011111101
0100001010111001111101
0100001010111010111101
0100001010111011011101
0100001010111011101101
0100001010111011110101
0100001010111011111001
0100001010111011111100
0100010000001111111111
0100010000010111111111
0100010000011011111111
0100010000011101111111
0100010000011110111111
0100010000011111011111
0100010000011111101111
0100010000011111110111
0100010000011111111011
0100010000011111111101
0100010000011111111110
0100010000100111111111
0100010000101011111111
0100010000101101111111
0100010000101110111111
0100010000101111011111
0100010000101111101111
0100010000101111110111
0100010000101111111011
0100010000101111111101
0100010000101111111110
0100010000110011111111
0100010000110101111111
0100010000110110111111
0100010000110111011111
0100010000110111101111
0100010000110111110111
0100010000110111111011
0100010000110111111101
0100010000110111111110
0100010000111001111111
0100010000111010111111
0100010000111011011111
0100010000111011101111
0100010000111011110111
0100010000111011111011
0100010000111011111101
0100010000111011111110
0100010000111100111111
0100010000111101011111
0100010000111101101111
0100010000111101110111
0100010000111101111011
0100010000111101111101
0100010000111101111110
0100010000111110011111
0100010000111110101111
0100010000111110110111
0100010000111110111011
0100010000111110111101
0100010000111110111110
0100010000111111001111
0100010000111111010111
0100010000111111011011
0100010000111111011101
0100010000111111011110
0100010000111111100111
0100010000111111101011
0100010000111111101101
0100010000111111101110
0100010000111111110011
0100010000111111110101
0100010000111111110110
0100010000111111111001
0100010000111111111010
0100010000111111111100
0100010001001011111111
0100010001010011111111
0100010001011001111111
0100010001011010111111
0100010001011011011111
0100010001011011101111
0100010001011011110111
0100010001011011111011
0100010001011011111101
0100010001011011111110
0100010001101010111111
0100010001110010111111
0100010001111000111111
0100010001111010011111
0100010001111010101111
0100010001111010110111
0100010001111010111011
0100010001111010111101
0100010001111010111110
0100100000001111111111
0100100000010111111111
0100100000011011111111
0100100000011101111111
0100100000011110111111
0100100000011111011111
0100100000011111101111
0100100000011111110111
0100100000011111111011
0100100000011111111101
0100100000011111111110
0100100000100111111111
0100100000101011111111
0100100000101101111111
0100100000101110111111
0100100000101111011111
0100100000101111101111
0100100000101111110111
0100100000101111111011
0100100000101111111101
0100100000101111111110
0100100000110011111111
0100100000110101111111
0100100000110110111111
0100100000110111011111
0100100000110111101111
0100100000110111110111
0100100000110111111011
0100100000110111111101
0100100000110111111110
0100100000111001111111
0100100000111010111111
0100100000111011011111
0100100000111011101111
0100100000111011110111
0100100000111011111011
0100100000111011111101
0100100000111011111110
0100100000111100111111
0100100000111101011111
0100100000111101101111
0100100000111101110111
0100100000111101111011
0100100000111101111101
0100100000111101111110
0100100000111110011111
0100100000111110101111
0100100000111110110111
0100100000111110111011
0100100000111110111101
0100100000111110111110
0100100000111111001111
0100100000111111010111
0100100000111111011011
0100100000111111011101
0100100000111111011110
0100100000111111100111
0100100000111111101011
0100100000111111101101
0100100000111111101110
0100100000111111110011
0100100000111111110101
0100100000111111110110
0100100000111111111001
0100100000111111111010
0100100000111111111100
0100100001001011111111
0100100001001111011111
0100100001010011111111
0100100001010111011111
0100100001011001111111
0100100001011010111111
0100100001011011011111
0100100001011011101111
0100100001011011110111
0100100001011011111011
0100100001011011111101
0100100001011011111110
0100100001011101011111
0100100001011110011111
0100100001011111001111
0100100001011111010111
0100100001011111011011
0100100001011111011101
0100100001011111011110
0100100001101010111111
0100100001101011011111
0100100001110010111111
0100100001110011011111
0100100001111000111111
0100100001111001011111
0100100001111010011111
0100100001111010101111
0100100001111010110111
0100100001111010111011
0100100001111010111101
0100100001111010111110
0100100001111011001111
0100100001111011010111
0100100001111011011011
0100100001111011011101
0100100001111011011110
0101000000001111111111
0101000000010111111111
0101000000011011111111
0101000000011101111111
0101000000011110111111
0101000000011111011111
0101000000011111101111
0101000000011111110111
0101000000011111111011
0101000000011111111101
0101000000011111111110
0101000000100111111111
0101000000101011111111
0101000000101101111111
0101000000101110111111
0101000000101111011111
0101000000101111101111
0101000000101111110111
0101000000101111111011
0101000000101111111101
0101000000101111111110
0101000000110011111111
0101000000110101111111
0101000000110110111111
0101000000110111011111
0101000000110111101111
0101000000110111110111
0101000000110111111011
0101000000110111111101
0101000000110111111110
0101000000111001111111
0101000000111010111111
0101000000111011011111
0101000000111011101111
0101000000111011110111
0101000000111011111011
0101000000111011111101
0101000000111011111110
0101000000111100111111
0101000000111101011111
0101000000111101101111
0101000000111101110111
0101000000111101111011
0101000000111101111101
0101000000111101111110
0101000000111110011111
0101000000111110101111
0101000000111110110111
0101000000111110111011
0101000000111110111101
0101000000111110111110
0101000000111111001111
0101000000111111010111
0101000000111111011011
0101000000111111011101
0101000000111111011110
0101000000111111100111
0101000000111111101011
0101000000111111101101
0101000000111111101110
0101000000111111110011
0101000000111111110101
0101000000111111110110
0101000000111111111001
0101000000111111111010
0101000000111111111100
0101000001001011111111
0101000001010011111111
0101000001011001111111
0101000001011010111111
0101000001011011011111
0101000001011011101111
0101000001011011110111
0101000001011011111011
0101000001011011111101
0101000001011011111110
0101000001101010111111
0101000001110010111111
0101000001111000111111
0101000001111010011111
0101000001111010101111
0101000001111010110111
0101000001111010111011
0101000001111010111101
0101000001111010111110
0101000010011011110111
0101000010101011110111
0101000010110011110111
0101000010111001110111
0101000010111010110111
0101000010111011010111
0101000010111011100111
0101000010111011110011
0101000010111011110101
0101000010111011110110
0110000000001111111111
0110000000010111111111
0110000000011011111111
0110000000011101111111
0110000000011110111111
0110000000011111011111
0110000000011111101111
0110000000011111110111
0110000000011111111011
0110000000011111111101
0110000000011111111110
0110000000100111111111
0110000000101011111111
0110000000101101111111
0110000000101110111111
0110000000101111011111
0110000000101111101111
0110000000101111110111
0110000000101111111011
0110000000101111111101
0110000000101111111110
0110000000110011111111
0110000000110101111111
0110000000110110111111
0110000000110111011111
0110000000110111101111
0110000000110111110111
0110000000110111111011
0110000000110111111101
0110000000110111111110
0110000000111001111111
0110000000111010111111
0110000000111011011111
0110000000111011101111
0110000000111011110111
0110000000111011111011
0110000000111011111101
0110000000111011111110
0110000000111100111111
0110000000111101011111
0110000000111101101111
0110000000111101110111
0110000000111101111011
0110000000111101111101
0110000000111101111110
0110000000111110011111
0110000000111110101111
0110000000111110110111
0110000000111110111011
0110000000111110111101
0110000000111110111110
0110000000111111001111
0110000000111111010111
0110000000111111011011
0110000000111111011101
0110000000111111011110
0110000000111111100111
0110000000111111101011
0110000000111111101101
0110000000111111101110
0110000000111111110011
0110000000111111110101
0110000000111111110110
0110000000111111111001
0110000000111111111010
0110000000111111111100
0110000001001011111111
0110000001010011111111
0110000001011001111111
0110000001011010111111
0110000001011011011111
0110000001011011101111
0110000001011011110111
0110000001011011111011
0110000001011011111101
0110000001011011111110
0110000001101001111111
0110000001101010111111
0110000001110001111111
0110000001110010111111
0110000001111000111111
0110000001111001011111
0110000001111001101111
0110000001111001110111
0110000001111001111011
0110000001111001111101
0110000001111001111110
0110000001111010011111
0110000001111010101111
0110000001111010110111
0110000001111010111011
0110000001111010111101
0110000001111010111110
1000000000011111111111
1000000000101111111111
1000000000110111111111
1000000000111011111111
1000000000111101111111
1000000000111110111111
1000000000111111011111
1000000000111111101111
1000000000111111110111
1000000000111111111011
1000000000111111111101
1000000000111111111110
1000000001001111111111
1000000001010111111111
1000000001011011111111
1000000001011101111111
1000000001011110111111
1000000001011111011111
1000000001011111101111
1000000001011111110111
1000000001011111111011
1000000001011111111101
1000000001011111111110
1000000001100111111111
1000000001101011111111
1000000001101101111111
1000000001101110111111
1000000001101111011111
1000000001101111101111
1000000001101111110111
1000000001101111111011
1000000001101111111101
1000000001101111111110
1000000001110011111111
1000000001110101111111
1000000001110110111111
1000000001110111011111
1000000001110111101111
1000000001110111110111
1000000001110111111011
1000000001110111111101
1000000001110111111110
1000000001111001111111
1000000001111010111111
1000000001111011011111
1000000001111011101111
1000000001111011110111
1000000001111011111011
1000000001111011111101
1000000001111011111110
1000000001111100111111
1000000001111101011111
1000000001111101101111
1000000001111101110111
1000000001111101111011
1000000001111101111101
1000000001111101111110
1000000001111110011111
1000000001111110101111
1000000001111110110111
1000000001111110111011
1000000001111110111101
1000000001111110111110
1000000001111111001111
1000000001111111010111
1000000001111111011011
1000000001111111011101
1000000001111111011110
1000000001111111100111
1000000001111111101011
1000000001111111101101
1000000001111111101110
1000000001111111110011
1000000001111111110101
1000000001111111110110
1000000001111111111001
1000000001111111111010
1000000001111111111100
1000000010001111111111
1000000010010111111111
1000000010011011111111
1000000010011101111111
1000000010011110111111
1000000010011111011111
1000000010011111101111
1000000010011111110111
1000000010011111111011
1000000010011111111101
1000000010011111111110
1000000010100111111111
1000000010101011111111
1000000010101101111111
1000000010101110111111
1000000010101111011111
1000000010101111101111
1000000010101111110111
1000000010101111111011
1000000010101111111101
1000000010101111111110
1000000010110011111111
1000000010110101111111
1000000010110110111111
1000000010110111011111
1000000010110111101111
1000000010110111110111
1000000010110111111011
1000000010110111111101
1000000010110111111110
1000000010111001111111
1000000010111010111111
1000000010111011011111
1000000010111011101111
1000000010111011110111
1000000010111011111011
1000000010111011111101
1000000010111011111110
1000000010111100111111
1000000010111101011111
1000000010111101101111
1000000010111101110111
1000000010111101111011
1000000010111101111101
1000000010111101111110
1000000010111110011111
1000000010111110101111
1000000010111110110111
1000000010111110111011
1000000010111110111101
1000000010111110111110
1000000010111111001111
1000000010111111010111
1000000010111111011011
1000000010111111011101
1000000010111111011110
1000000010111111100111
1000000010111111101011
1000000010111111101101
1000000010111111101110
1000000010111111110011
1000000010111111110101
1000000010111111110110
1000000010111111111001
1000000010111111111010
1000000010111111111100
1000000011001101111111
1000000011001111101111
1000000011010101111111
1000000011011001111111
1000000011011010111111
1000000011011100111111
1000000011011101011111
1000000011011101101111
1000000011011101110111
1000000011011101111011
1000000011011101111101
1000000011011101111110
1000000011100111101111
1000000011101001111111
1000000011101010111111
1000000011101011101111
1000000011101101101111
1000000011101110101111
1000000011101111001111
1000000011101111100111
1000000011101111101011
1000000011101111101101
1000000011101111101110
1000000011110001111111
1000000011110010111111
1000000011111000111111
1000000011111001011111
1000000011111001101111
1000000011111001110111
1000000011111001111011
1000000011111001111101
1000000011111001111110
1000000011111010011111
1000000011111010101111
1000000011111010110111
1000000011111010111011
1000000011111010111101
1000000011111010111110
1000000100001111111111
1000000100010111111111
1000000100011011111111
1000000100011101111111
1000000100011110111111
1000000100011111011111
1000000100011111101111
1000000100011111110111
1000000100011111111011
1000000100011111111101
1000000100011111111110
1000000100100111111111
1000000100101011111111
1000000100101101111111
1000000100101110111111
1000000100101111011111
1000000100101111101111
1000000100101111110111
1000000100101111111011
1000000100101111111101
1000000100101111111110
1000000100110011111111
1000000100110101111111
1000000100110110111111
1000000100110111011111
1000000100110111101111
1000000100110111110111
1000000100110111111011
1000000100110111111101
1000000100110111111110
1000000100111001111111
1000000100111010111111
1000000100111011011111
1000000100111011101111
1000000100111011110111
1000000100111011111011
1000000100111011111101
1000000100111011111110
1000000100111100111111
1000000100111101011111
1000000100111101101111
1000000100111101110111
1000000100111101111011
1000000100111101111101
1000000100111101111110
1000000100111110011111
1000000100111110101111
1000000100111110110111
1000000100111110111011
1000000100111110111101
1000000100111110111110
1000000100111111001111
1000000100111111010111
1000000100111111011011
1000000100111111011101
1000000100111111011110
1000000100111111100111
1000000100111111101011
1000000100111111101101
1000000100111111101110
1000000100111111110011
1000000100111111110101
1000000100111111110110
1000000100111111111001
1000000100111111111010
1000000100111111111100
1000000101001101111111
1000000101001111101111
1000000101010101111111
1000000101010111101111
1000000101011001111111
1000000101011011101111
1000000101011100111111
1000000101011101011111
1000000101011101101111
1000000101011101110111
1000000101011101111011
1000000101011101111101
1000000101011101111110
1000000101100111101111
1000000101101001111111
1000000101101011101111
1000000101101101101111
1000000101101110101111
1000000101101111001111
1000000101101111100111
1000000101101111101011
1000000101101111101101
1000000101101111101110
1000000101110001111111
1000000101110011101111
1000000101110101101111
1000000101110110101111
1000000101110111001111
1000000101110111100111
1000000101110111101011
1000000101110111101101
1000000101110111101110
1000000101111000111111
1000000101111001011111
1000000101111001101111
1000000101111001110111
1000000101111001111011
1000000101111001111101
1000000101111001111110
1000000101111010101111
1000000101111011001111
1000000101111011100111
1000000101111011101011
1000000101111011101101
1000000101111011101110
1000000110010111101111
1000000110100111101111
1000000110110011101111
1000000110110101101111
1000000110110110101111
1000000110110111001111
1000000110110111100111
1000000110110111101011
1000000110110111101101
1000000110110111101110
1000001000001111111111
1000001000010111111111
1000001000011011111111
1000001000011101111111
1000001000011110111111
1000001000011111011111
1000001000011111101111
1000001000011111110111
1000001000011111111011
1000001000011111111101
1000001000011111111110
1000001000100111111111
1000001000101011111111
1000001000101101111111
1000001000101110111111
1000001000101111011111
1000001000101111101111
1000001000101111110111
1000001000101111111011
1000001000101111111101
1000001000101111111110
1000001000110011111111
1000001000110101111111
1000001000110110111111
1000001000110111011111
1000001000110111101111
1000001000110111110111
1000001000110111111011
1000001000110111111101
1000001000110111111110
1000001000111001111111
1000001000111010111111
1000001000111011011111
1000001000111011101111
1000001000111011110111
1000001000111011111011
1000001000111011111101
1000001000111011111110
1000001000111100111111
1000001000111101011111
1000001000111101101111
1000001000111101110111
1000001000111101111011
1000001000111101111101
1000001000111101111110
1000001000111110011111
1000001000111110101111
1000001000111110110111
1000001000111110111011
1000001000111110111101
1000001000111110111110
1000001000111111001111
1000001000111111010111
1000001000111111011011
1000001000111111011101
1000001000111111011110
1000001000111111100111
1000001000111111101011
1000001000111111101101
1000001000111111101110
1000001000111111110011
1000001000111111110101
1000001000111111110110
1000001000111111111001
1000001000111111111010
1000001000111111111100
1000001001001011111111
1000001001001101111111
1000001001001111101111
1000001001010011111111
1000001001010101111111
1000001001011001111111
1000001001011010111111
1000001001011011011111
1000001001011011101111
1000001001011011110111
1000001001011011111011
1000001001011011111101
1000001001011011111110
1000001001011100111111
1000001001011101011111
1000001001011101101111
1000001001011101110111
1000001001011101111011
1000001001011101111101
1000001001011101111110
1000001001100111101111
1000001001101001111111
1000001001101011101111
1000001001101101101111
1000001001101110101111
1000001001101111001111
1000001001101111100111
1000001001101111101011
1000001001101111101101
1000001001101111101110
1000001001110001111111
1000001001111000111111
1000001001111001011111
1000001001111001101111
1000001001111001110111
1000001001111001111011
1000001001111001111101
1000001001111001111110
1000001010011011111101
1000001010101011111101
1000001010110011111101
1000001010111001111101
1000001010111010111101
1000001010111011011101
1000001010111011101101
1000001010111011110101
1000001010111011111001
1000001010111011111100
1000001100010111101111
1000001100100111101111
1000001100110011101111
1000001100110101101111
1000001100110110101111
1000001100110111001111
1000001100110111100111
1000001100110111101011
1000001100110111101101
1000001100110111101110
1000010000001111111111
1000010000010111111111
1000010000011011111111
1000010000011101111111
1000010000011110111111
1000010000011111011111
1000010000011111101111
1000010000011111110111
1000010000011111111011
1000010000011111111101
1000010000011111111110
1000010000100111111111
1000010000101011111111
1000010000101101111111
1000010000101110111111
1000010000101111011111
1000010000101111101111
1000010000101111110111
1000010000101111111011
1000010000101111111101
1000010000101111111110
1000010000110011111111
1000010000110101111111
1000010000110110111111
1000010000110111011111
1000010000110111101111
1000010000110111110111
1000010000110111111011
1000010000110111111101
1000010000110111111110
1000010000111001111111
1000010000111010111111
1000010000111011011111
1000010000111011101111
1000010000111011110111
1000010000111011111011
1000010000111011111101
1000010000111011111110
1000010000111100111111
1000010000111101011111
1000010000111101101111
1000010000111101110111
1000010000111101111011
1000010000111101111101
1000010000111101111110
1000010000111110011111
1000010000111110101111
1000010000111110110111
1000010000111110111011
1000010000111110111101
1000010000111110111110
1000010000111111001111
1000010000111111010111
1000010000111111011011
1000010000111111011101
1000010000111111011110
1000010000111111100111
1000010000111111101011
1000010000111111101101
1000010000111111101110
1000010000111111110011
1000010000111111110101
1000010000111111110110
1000010000111111111001
1000010000111111111010
1000010000111111111100
1000010001001101111111
1000010001001111101111
1000010001010101111111
1000010001011001111111
1000010001011010111111
1000010001011100111111
1000010001011101011111
1000010001011101101111
1000010001011101110111
1000010001011101111011
1000010001011101111101
1000010001011101111110
1000010001100111101111
1000010001101001111111
1000010001101010111111
1000010001101011101111
1000010001101101101111
1000010001101110101111
1000010001101111001111
1000010001101111100111
1000010001101111101011
1000010001101111101101
1000010001101111101110
1000010001110001111111
1000010001110010111111
1000010001111000111111
1000010001111001011111
1000010001111001101111
1000010001111001110111
1000010001111001111011
1000010001111001111101
1000010001111001111110
1000010001111010011111
1000010001111010101111
1000010001111010110111
1000010001111010111011
1000010001111010111101
1000010001111010111110
1000010100010111101111
1000010100100111101111
1000010100110011101111
1000010100110101101111
1000010100110110101111
1000010100110111001111
1000010100110111100111
1000010100110111101011
1000010100110111101101
1000010100110111101110
1000100000001111111111
1000100000010111111111
1000100000011011111111
1000100000011101111111
1000100000011110111111
1000100000011111011111
1000100000011111101111
1000100000011111110111
1000100000011111111011
1000100000011111111101
1000100000011111111110
1000100000100111111111
1000100000101011111111
1000100000101101111111
1000100000101110111111
1000100000101111011111
1000100000101111101111
1000100000101111110111
1000100000101111111011
1000100000101111111101
1000100000101111111110
1000100000110011111111
1000100000110101111111
1000100000110110111111
1000100000110111011111
1000100000110111101111
1000100000110111110111
1000100000110111111011
1000100000110111111101
1000100000110111111110
1000100000111001111111
1000100000111010111111
1000100000111011011111
1000100000111011101111
1000100000111011110111
1000100000111011111011
1000100000111011111101
1000100000111011111110
1000100000111100111111
1000100000111101011111
1000100000111101101111
1000100000111101110111
1000100000111101111011
1000100000111101111101
1000100000111101111110
1000100000111110011111
1000100000111110101111
1000100000111110110111
1000100000111110111011
1000100000111110111101
1000100000111110111110
1000100000111111001111
1000100000111111010111
1000100000111111011011
1000100000111111011101
1000100000111111011110
1000100000111111100111
1000100000111111101011
1000100000111111101101
1000100000111111101110
1000100000111111110011
1000100000111111110101
1000100000111111110110
1000100000111111111001
1000100000111111111010
1000100000111111111100
1000100001001101111111
1000100001001111011111
1000100001001111101111
1000100001010101111111
1000100001010111011111
1000100001011001111111
1000100001011011011111
1000100001011100111111
1000100001011101011111
1000100001011101101111
1000100001011101110111
1000100001011101111011
1000100001011101111101
1000100001011101111110
1000100001011110011111
1000100001011111001111
1000100001011111010111
1000100001011111011011
1000100001011111011101
1000100001011111011110
1000100001100111101111
1000100001101001111111
1000100001101011011111
1000100001101011101111
1000100001101101101111
1000100001101110101111
1000100001101111001111
1000100001101111100111
1000100001101111101011
1000100001101111101101
1000100001101111101110
1000100001110001111111
1000100001110011011111
1000100001111000111111
1000100001111001011111
1000100001111001101111
1000100001111001110111
1000100001111001111011
1000100001111001111101
1000100001111001111110
1000100001111010011111
1000100001111011001111
1000100001111011010111
1000100001111011011011
1000100001111011011101
1000100001111011011110
1000100100010111101111
1000100100100111101111
1000100100110011101111
1000100100110101101111
1000100100110110101111
1000100100110111001111
1000100100110111100111
1000100100110111101011
1000100100110111101101
1000100100110111101110
1001000000001111111111
1001000000010111111111
1001000000011011111111
1001000000011101111111
1001000000011110111111
1001000000011111011111
1001000000011111101111
1001000000011111110111
1001000000011111111011
1001000000011111111101
1001000000011111111110
1001000000100111111111
1001000000101011111111
1001000000101101111111
1001000000101110111111
1001000000101111011111
1001000000101111101111
1001000000101111110111
1001000000101111111011
1001000000101111111101
1001000000101111111110
1001000000110011111111
1001000000110101111111
1001000000110110111111
1001000000110111011111
1001000000110111101111
1001000000110111110111
1001000000110111111011
1001000000110111111101
1001000000110111111110
1001000000111001111111
1001000000111010111111
1001000000111011011111
1001000000111011101111
1001000000111011110111
1001000000111011111011
1001000000111011111101
1001000000111011111110
1001000000111100111111
1001000000111101011111
1001000000111101101111
1001000000111101110111
1001000000111101111011
1001000000111101111101
1001000000111101111110
1001000000111110011111
1001000000111110101111
1001000000111110110111
1001000000111110111011
1001000000111110111101
1001000000111110111110
1001000000111111001111
1001000000111111010111
1001000000111111011011
1001000000111111011101
1001000000111111011110
1001000000111111100111
1001000000111111101011
1001000000111111101101
1001000000111111101110
1001000000111111110011
1001000000111111110101
1001000000111111110110
1001000000111111111001
1001000000111111111010
1001000000111111111100
1001000001001011111111
1001000001001101111111
1001000001001111101111
1001000001010011111111
1001000001010101111111
1001000001011001111111
1001000001011010111111
1001000001011011011111
1001000001011011101111
1001000001011011110111
1001000001011011111011
1001000001011011111101
1001000001011011111110
1001000001011100111111
1001000001011101011111
1001000001011101101111
1001000001011101110111
1001000001011101111011
1001000001011101111101
1001000001011101111110
1001000001100111101111
1001000001101001111111
1001000001101011101111
1001000001101101101111
1001000001101110101111
1001000001101111001111
1001000001101111100111
1001000001101111101011
1001000001101111101101
1001000001101111101110
1001000001110001111111
1001000001111000111111
1001000001111001011111
1001000001111001101111
1001000001111001110111
1001000001111001111011
1001000001111001111101
1001000001111001111110
1001000010011011110111
1001000010101011110111
1001000010110011110111
1001000010111001110111
1001000010111010110111
1001000010111011010111
1001000010111011100111
1001000010111011110011
1001000010111011110101
1001000010111011110110
1001000100010111101111
1001000100100111101111
1001000100110011101111
1001000100110101101111
1001000100110110101111
1001000100110111001111
1001000100110111100111
1001000100110111101011
1001000100110111101101
1001000100110111101110
1010000000001111111111
1010000000010111111111
1010000000011011111111
1010000000011101111111
1010000000011110111111
1010000000011111011111
1010000000011111101111
1010000000011111110111
1010000000011111111011
1010000000011111111101
1010000000011111111110
1010000000100111111111
1010000000101011111111
1010000000101101111111
1010000000101110111111
1010000000101111011111
1010000000101111101111
1010000000101111110111
1010000000101111111011
1010000000101111111101
1010000000101111111110
1010000000110011111111
1010000000110101111111
1010000000110110111111
1010000000110111011111
1010000000110111101111
1010000000110111110111
1010000000110111111011
1010000000110111111101
1010000000110111111110
1010000000111001111111
1010000000111010111111
1010000000111011011111
1010000000111011101111
1010000000111011110111
1010000000111011111011
1010000000111011111101
1010000000111011111110
1010000000111100111111
1010000000111101011111
1010000000111101101111
1010000000111101110111
1010000000111101111011
1010000000111101111101
1010000000111101111110
1010000000111110011111
1010000000111110101111
1010000000111110110111
1010000000111110111011
1010000000111110111101
1010000000111110111110
1010000000111111001111
1010000000111111010111
1010000000111111011011
1010000000111111011101
1010000000111111011110
1010000000111111100111
1010000000111111101011
1010000000111111101101
1010000000111111101110
1010000000111111110011
1010000000111111110101
1010000000111111110110
1010000000111111111001
1010000000111111111010
1010000000111111111100
1010000001001101111111
1010000001001111101111
1010000001010101111111
1010000001011001111111
1010000001011100111111
1010000001011101011111
1010000001011101101111
1010000001011101110111
1010000001011101111011
1010000001011101111101
1010000001011101111110
1010000001100111101111
1010000001101001111111
1010000001101011101111
1010000001101101101111
1010000001101110101111
1010000001101111001111
1010000001101111100111
1010000001101111101011
1010000001101111101101
1010000001101111101110
1010000001110001111111
1010000001111000111111
1010000001111001011111
1010000001111001101111
1010000001111001110111
1010000001111001111011
1010000001111001111101
1010000001111001111110
1010000100010111101111
1010000100100111101111
1010000100110011101111
1010000100110101101111
1010000100110110101111
1010000100110111001111
1010000100110111100111
1010000100110111101011
1010000100110111101101
1010000100110111101110
1100000000001111111111
1100000000010111111111
1100000000011011111111
1100000000011101111111
1100000000011110111111
1100000000011111011111
1100000000011111101111
1100000000011111110111
1100000000011111111011
1100000000011111111101
1100000000011111111110
1100000000100111111111
1100000000101011111111
1100000000101101111111
1100000000101110111111
1100000000101111011111
1100000000101111101111
1100000000101111110111
1100000000101111111011
1100000000101111111101
1100000000101111111110
1100000000110011111111
1100000000110101111111
1100000000110110111111
1100000000110111011111
1100000000110111101111
1100000000110111110111
1100000000110111111011
1100000000110111111101
1100000000110111111110
1100000000111001111111
1100000000111010111111
1100000000111011011111
1100000000111011101111
1100000000111011110111
1100000000111011111011
1100000000111011111101
1100000000111011111110
1100000000111100111111
1100000000111101011111
1100000000111101101111
1100000000111101110111
1100000000111101111011
1100000000111101111101
1100000000111101111110
1100000000111110011111
1100000000111110101111
1100000000111110110111
1100000000111110111011
1100000000111110111101
1100000000111110111110
1100000000111111001111
1100000000111111010111
1100000000111111011011
1100000000111111011101
1100000000111111011110
1100000000111111100111
1100000000111111101011
1100000000111111101101
1100000000111111101110
1100000000111111110011
1100000000111111110101
1100000000111111110110
1100000000111111111001
1100000000111111111010
1100000000111111111100
1100000001001011111111
1100000001001101111111
1100000001001111101111
1100000001010011111111
1100000001010101111111
1100000001011001111111
1100000001011010111111
1100000001011011011111
1100000001011011101111
1100000001011011110111
1100000001011011111011
1100000001011011111101
1100000001011011111110
1100000001011100111111
1100000001011101011111
1100000001011101101111
1100000001011101110111
1100000001011101111011
1100000001011101111101
1100000001011101111110
1100000001100111101111
1100000001101001111111
1100000001101010111111
1100000001101011101111
1100000001101101101111
1100000001101110101111
1100000001101111001111
1100000001101111100111
1100000001101111101011
1100000001101111101101
1100000001101111101110
1100000001110001111111
1100000001110010111111
1100000001111000111111
1100000001111001011111
1100000001111001101111
1100000001111001110111
1100000001111001111011
1100000001111001111101
1100000001111001111110
1100000001111010011111
1100000001111010101111
1100000001111010110111
1100000001111010111011
1100000001111010111101
1100000001111010111110
1100000100010111101111
1100000100100111101111
1100000100110011101111
1100000100110101101111
1100000100110110101111
1100000100110111001111
1100000100110111100111
1100000100110111101011
1100000100110111101101
1100000100110111101110
