0 0 1.999963076417707
0 1 -1.09132706441188e-05
0 2 -9.968209501299643e-06
0 3 -1.92127827697241e-05
0 4 -3.815443567327948e-05
0 5 7.87107412770057e-06
0 6 1.692623920412791e-05
0 7 -9.142246545969753e-06
0 8 6.753791070959068e-06
0 9 7.086368573823077e-06
0 10 5.08132113591613e-06
0 11 -2.879613378016421e-06
0 12 -1.230680637823762e-06
0 13 -1.864084626180946e-06
0 14 -0.0003092556678024053
0 15 -4.307478534236826e-05
0 16 6.077793299919902e-05
0 17 3.233098063265351e-05
0 18 6.400420128367764e-05
0 19 5.504927624881315e-05
0 20 -0.000119340552434734
0 21 0.0006286549805457013
0 22 7.519297922186007e-05
0 23 -0.0001423787360801107
1 0 -1.091327064411865e-05
1 1 1.991283169696592
1 2 0.0003152269478435791
1 3 0.0003324811885193528
1 4 2.761113827203421e-05
1 5 0.0002028102033125069
1 6 6.771570821922105e-05
1 7 -1.51897136812695e-05
1 8 -0.0001208307244995544
1 9 2.150047113790142e-05
1 10 -0.0001930537580228248
1 11 -0.000138363061383887
1 12 -0.000127379798465388
1 13 0.0006668757359869734
1 14 -0.001551450190415645
1 15 -0.00177432672754989
1 16 0.003235555759467722
1 17 -0.0002512814987960221
1 18 -0.0016540508970711
1 19 -0.0002926528144837483
1 20 0.0003939620389605266
1 21 -0.001894689499850814
1 22 -0.000338451994221935
1 23 0.002182177238667434
2 0 -9.968209501299574e-06
2 1 0.0003152269478435809
2 2 1.990251254540594
2 3 0.0001082689922803176
2 4 -0.0001884678899613311
2 5 0.0001681453492213805
2 6 -4.768036001340294e-05
2 7 0.0003584209224652098
2 8 0.0005490284856070447
2 9 0.0002370935397952595
2 10 0.0001559758853171313
2 11 -1.88320924174661e-05
2 12 3.488561975657054e-06
2 13 -0.0004044843095227378
2 14 -0.00127442501068611
2 15 0.001338736858752397
2 16 0.0007957210486155766
2 17 -0.002294996689497056
2 18 0.002533606619420895
2 19 0.0001573478607932537
2 20 0.0005303404111290265
2 21 -0.001431218087267468
2 22 -0.002396089842086736
2 23 -0.001356256003634626
3 0 -1.921278276972378e-05
3 1 0.000332481188519355
3 2 0.0001082689922803295
3 3 1.989999371306028
3 4 -0.0006716765893337571
3 5 8.439426839471668e-05
3 6 0.001128002796725681
3 7 -0.001355330978768493
3 8 0.0003912398567687685
3 9 0.0002817935931858081
3 10 0.0009357218000084547
3 11 0.0001127644557384983
3 12 -3.216088642438854e-05
3 13 -0.0001200826370406053
3 14 -0.0005506824613527525
3 15 -0.001308117772861634
3 16 -0.0003862457181472876
3 17 0.003053029761600262
3 18 0.002172879980952302
3 19 2.196573102466198e-05
3 20 0.0002568594570025254
3 21 -0.003399790742938747
3 22 0.002927971772683974
3 23 -0.001787650950749109
4 0 -3.815443567327881e-05
4 1 2.761113827201418e-05
4 2 -0.0001884678899613277
4 3 -0.000671676589333795
4 4 1.982609833402761
4 5 0.0002486323405616885
4 6 -0.0002740283959622669
4 7 0.0001493901274214983
4 8 0.0001788173140436865
4 9 0.0001232912780435026
4 10 -0.0001563663672272597
4 11 4.51133173480361e-05
4 12 -9.292907195723518e-05
4 13 0.0005106952760646007
4 14 0.005511654093209755
4 15 0.001157235428446057
4 16 -0.003772067929272746
4 17 -0.0002307629220434603
4 18 -0.0006976872967479853
4 19 -3.826395613265069e-05
4 20 0.0009180553409430509
4 21 -0.003512680019487269
4 22 -0.001784441695070615
4 23 0.002200919274169901
5 0 7.871074127701412e-06
5 1 0.000202810203312503
5 2 0.0001681453492213705
5 3 8.439426839472511e-05
5 4 0.0002486323405617096
5 5 1.978783349955265
5 6 -4.289942336575133e-05
5 7 -0.0003250538933539604
5 8 -0.001309887173020914
5 9 -0.000702120457944292
5 10 -0.0007895088943919428
5 11 -8.44903205973984e-05
5 12 -2.897843758933843e-05
5 13 -0.0004106398158098869
5 14 -0.003248891863311796
5 15 0.005956112020352204
5 16 -0.001457978710135741
5 17 -0.000168227742558159
5 18 0.001836380485228066
5 19 -0.001131523750090834
5 20 -0.001078603094696701
5 21 0.0005949873758255514
5 22 0.004409546701648861
5 23 0.007163689708310455
6 0 1.692623920412781e-05
6 1 6.771570821920587e-05
6 2 -4.768036001338003e-05
6 3 0.001128002796725669
6 4 -0.0002740283959622249
6 5 -4.289942336573545e-05
6 6 1.979174852892192
6 7 0.002092581944925742
6 8 -0.0001864944057119637
6 9 0.0002852710729135434
6 10 -0.0003287982767674436
6 11 -6.313212111003447e-05
6 12 -8.038366878555655e-05
6 13 0.0003693624594449295
6 14 -0.005271359135973666
6 15 -0.003376062259282785
6 16 -0.005041897664451735
6 17 -0.0003729059135918503
6 18 -0.0007168133909951201
6 19 0.002032034785812298
6 20 0.00020418056527286
6 21 0.002581424478378591
6 22 -0.006472883772514662
6 23 0.003545032068795351
7 0 -9.142246545969151e-06
7 1 -1.518971368128432e-05
7 2 0.0003584209224652261
7 3 -0.001355330978768414
7 4 0.000149390127421462
7 5 -0.0003250538933540037
7 6 0.002092581944925861
7 7 1.976714589773939
7 8 9.437652577528433e-05
7 9 0.0004302764265891889
7 10 0.001030481116271381
7 11 7.207469072566041e-05
7 12 0.0002603534945232914
7 13 -0.008168529385983034
7 14 0.001059907712977643
7 15 0.002604154213337699
7 16 0.00251462258890708
7 17 -0.005653487364628914
7 18 -0.001437216070681029
7 19 -0.003148110284404716
7 20 0.0006842971037001281
7 21 -0.004712957461564627
7 22 0.01303958207395041
7 23 -0.005555802738894211
8 0 6.753791070958996e-06
8 1 -0.0001208307244995805
8 2 0.0005490284856070557
8 3 0.0003912398567687532
8 4 0.0001788173140437009
8 5 -0.001309887173020931
8 6 -0.0001864944057119431
8 7 9.437652577536071e-05
8 8 1.977000187164284
8 9 0.0001254587738896593
8 10 -3.491378528060478e-05
8 11 -7.80161387822829e-05
8 12 0.0002681937305578715
8 13 -0.008704059320382431
8 14 -0.0004139514734320975
8 15 0.0004007724922017485
8 16 -0.002002988395721813
8 17 -0.002195396058181994
8 18 0.004055515353395634
8 19 0.004273541751375979
8 20 0.00190270812619401
8 21 0.002196600844513619
8 22 0.003777790032920494
8 23 0.007943892463619893
9 0 7.086368573822681e-06
9 1 2.150047113790712e-05
9 2 0.0002370935397952507
9 3 0.0002817935931857975
9 4 0.0001232912780435248
9 5 -0.0007021204579443443
9 6 0.0002852710729135237
9 7 0.0004302764265892063
9 8 0.0001254587738896365
9 9 1.975960055572718
9 10 0.001676503184559166
9 11 -0.0002467798298301996
9 12 -0.002039071176703364
9 13 0.07920867017394317
9 14 -0.001723216785063078
9 15 0.002210268590361466
9 16 -0.0003219637461697091
9 17 0.001900756417158463
9 18 0.003299397770089401
9 19 -0.003753957574632179
9 20 0.002738848830286844
9 21 0.001441316713684799
9 22 0.0009952694996629068
9 23 0.001965188816187708
10 0 5.081321135916036e-06
10 1 -0.000193053758022808
10 2 0.0001559758853171167
10 3 0.0009357218000084036
10 4 -0.0001563663672272385
10 5 -0.0007895088943919691
10 6 -0.0003287982767674364
10 7 0.001030481116271335
10 8 -3.491378528062663e-05
10 9 0.001676503184559133
10 10 1.977710128592985
10 11 5.385486445085765e-05
10 12 0.001071615849808932
10 13 -0.04053796081804258
10 14 -0.00316875943841819
10 15 -0.0007823713728151837
10 16 -0.002656746229137524
10 17 0.002575881837840201
10 18 0.002196315761386952
10 19 -0.0003178249020681936
10 20 -0.003800888066976804
10 21 0.0007247944641896051
10 22 -0.00245705669491586
10 23 0.004580813570963612
11 0 -2.879613378016215e-06
11 1 -0.0001383630613838858
11 2 -1.883209241746573e-05
11 3 0.0001127644557384993
11 4 4.511331734802615e-05
11 5 -8.449032059740533e-05
11 6 -6.313212111003721e-05
11 7 7.207469072564456e-05
11 8 -7.801613878228228e-05
11 9 -0.000246779829830191
11 10 5.385486445081071e-05
11 11 1.976861415078275
11 12 -0.0003404533664562863
11 13 0.005738365484566889
11 14 -0.0008390889210115084
11 15 -0.0003777811477160743
11 16 0.0002579073539867688
11 17 -4.027687235569593e-06
11 18 -0.0003536344431594532
11 19 0.0009732024915026493
11 20 -0.001652508856251694
11 21 0.0002462175343076029
11 22 -0.0007462864898674286
11 23 2.160837653149927e-06
12 0 -1.230680637823642e-06
12 1 -0.0001273797984653904
12 2 3.488561975666378e-06
12 3 -3.216088642438266e-05
12 4 -9.29290719572057e-05
12 5 -2.89784375893377e-05
12 6 -8.03836687855205e-05
12 7 0.0002603534945232902
12 8 0.000268193730557885
12 9 -0.00203907117670327
12 10 0.001071615849809016
12 11 -0.0003404533664563816
12 12 1.974660348276452
12 13 0.0203858665601734
12 14 -0.001148366528048697
12 15 -0.001642948085747088
12 16 -0.000772509189991093
12 17 0.002106645408726906
12 18 0.0009824268903732183
12 19 -0.006814504149106656
12 20 0.008516904246752242
12 21 0.001342289899356381
12 22 -0.0006730105601126952
12 23 0.000564021650194255
13 0 -1.864084626181244e-06
13 1 0.0006668757359869822
13 2 -0.0004044843095227572
13 3 -0.0001200826370405958
13 4 0.0005106952760645632
13 5 -0.0004106398158099647
13 6 0.0003693624594449426
13 7 -0.008168529385984098
13 8 -0.008704059320381399
13 9 0.07920867017394431
13 10 -0.04053796081803772
13 11 0.005738365484566823
13 12 0.02038586656017471
13 13 0.06485050314880911
13 14 -0.0002073314006056623
13 15 0.001013309816334867
13 16 0.0003952015369333208
13 17 0.001283963464831104
13 18 0.001104746473312594
13 19 -0.003481834657240035
13 20 0.004452854850074657
13 21 0.00099046231341724
13 22 -0.0001451222354838058
13 23 -5.764172371936884e-05
14 0 -0.0003092556678024244
14 1 -0.001551450190415606
14 2 -0.0012744250106861
14 3 -0.0005506824613528147
14 4 0.005511654093210337
14 5 -0.003248891863311956
14 6 -0.005271359135973845
14 7 0.001059907712977597
14 8 -0.0004139514734321027
14 9 -0.001723216785063093
14 10 -0.003168759438417992
14 11 -0.0008390889210115155
14 12 -0.00114836652804882
14 13 -0.0002073314006056626
14 14 0.02128735706624345
14 15 -0.0007444123789144761
14 16 0.0006889301251797031
14 17 0.0005048487024717971
14 18 0.001424867888407271
14 19 -0.0002535820716959352
14 20 0.001176992996492186
14 21 -0.003524584585262085
14 22 0.0002056509693332868
14 23 -0.0008489130939922009
15 0 -4.307478534237009e-05
15 1 -0.001774326727549942
15 2 0.0013387368587524
15 3 -0.001308117772861696
15 4 0.001157235428446068
15 5 0.005956112020352415
15 6 -0.00337606225928281
15 7 0.002604154213337671
15 8 0.0004007724922017533
15 9 0.002210268590361302
15 10 -0.0007823713728151464
15 11 -0.0003777811477160813
15 12 -0.001642948085747064
15 13 0.001013309816334877
15 14 -0.0007444123789146311
15 15 0.01894995728506444
15 16 0.0004055560511589175
15 17 0.001554739927190556
15 18 -0.0003511147555364451
15 19 -0.0009108072736339928
15 20 0.0008059196365482082
15 21 -0.0003554925808070362
15 22 0.001288086077366575
15 23 0.0005592644711234818
16 0 6.077793299920008e-05
16 1 0.003235555759467692
16 2 0.0007957210486155702
16 3 -0.0003862457181473032
16 4 -0.003772067929272755
16 5 -0.001457978710135774
16 6 -0.005041897664451604
16 7 0.002514622588907034
16 8 -0.002002988395721876
16 9 -0.0003219637461697122
16 10 -0.002656746229137531
16 11 0.000257907353986773
16 12 -0.0007725091899911729
16 13 0.0003952015369332943
16 14 0.0006889301251796944
16 15 0.0004055560511588541
16 16 0.01844278206330046
16 17 0.0008280913589099628
16 18 0.0005737020584384988
16 19 -0.0002461796162980389
16 20 0.0006834796802750993
16 21 -7.840534941529301e-05
16 22 0.0008183381865117926
16 23 -0.0007867568027276965
17 0 3.233098063265212e-05
17 1 -0.0002512814987960238
17 2 -0.002294996689497124
17 3 0.003053029761600203
17 4 -0.0002307629220434569
17 5 -0.0001682277425581443
17 6 -0.0003729059135918306
17 7 -0.005653487364628861
17 8 -0.002195396058181945
17 9 0.001900756417158493
17 10 0.002575881837840022
17 11 -4.027687235561177e-06
17 12 0.002106645408726755
17 13 0.001283963464831161
17 14 0.0005048487024718662
17 15 0.001554739927190556
17 16 0.0008280913589099835
17 17 0.01734187439165107
17 18 -0.0008100513095083469
17 19 0.0008582276625256594
17 20 -0.001920597937372415
17 21 2.494354423193207e-05
17 22 -0.000233981807392477
17 23 3.867022725517573e-05
18 0 6.400420128367956e-05
18 1 -0.001654050897071068
18 2 0.002533606619420991
18 3 0.00217287998095248
18 4 -0.0006976872967479895
18 5 0.001836380485228366
18 6 -0.0007168133909951149
18 7 -0.001437216070680985
18 8 0.004055515353395346
18 9 0.00329939777008943
18 10 0.002196315761386887
18 11 -0.0003536344431594438
18 12 0.0009824268903730481
18 13 0.001104746473312583
18 14 0.001424867888407262
18 15 -0.0003511147555364163
18 16 0.0005737020584384383
18 17 -0.0008100513095082781
18 18 0.01744225669652866
18 19 0.0007590320630192619
18 20 -0.001190966698353625
18 21 0.0005393199388519314
18 22 0.0002093816377600975
18 23 0.0004757229171503643
19 0 5.504927624881411e-05
19 1 -0.0002926528144837472
19 2 0.0001573478607932615
19 3 2.196573102467139e-05
19 4 -3.826395613265446e-05
19 5 -0.001131523750090847
19 6 0.002032034785812308
19 7 -0.003148110284404814
19 8 0.004273541751375794
19 9 -0.003753957574631679
19 10 -0.0003178249020680316
19 11 0.0009732024915026626
19 12 -0.006814504149106389
19 13 -0.003481834657239972
19 14 -0.0002535820716959353
19 15 -0.0009108072736340175
19 16 -0.0002461796162980934
19 17 0.0008582276625256782
19 18 0.0007590320630192614
19 19 0.01234353122746338
19 20 0.007348675126886999
19 21 0.002021753968692988
19 22 -0.001070207847494728
19 23 2.504548093081056e-05
20 0 -0.000119340552434727
20 1 0.0003939620389605026
20 2 0.0005303404111290406
20 3 0.000256859457002527
20 4 0.0009180553409430293
20 5 -0.001078603094696668
20 6 0.0002041805652728773
20 7 0.0006842971037001276
20 8 0.001902708126193962
20 9 0.002738848830286906
20 10 -0.003800888066976692
20 11 -0.001652508856251759
20 12 0.008516904246751788
20 13 0.004452854850074684
20 14 0.001176992996492173
20 15 0.0008059196365481809
20 16 0.0006834796802751119
20 17 -0.001920597937372395
20 18 -0.001190966698353705
20 19 0.007348675126886807
20 20 0.008148219942435128
20 21 -0.002602841970663359
20 22 0.0003378069107346782
20 23 -1.377060946634009e-05
21 0 0.0006286549805456926
21 1 -0.001894689499850742
21 2 -0.001431218087267425
21 3 -0.003399790742938819
21 4 -0.003512680019487228
21 5 0.000594987375825529
21 6 0.002581424478378494
21 7 -0.00471295746156468
21 8 0.002196600844513667
21 9 0.001441316713684817
21 10 0.0007247944641896515
21 11 0.0002462175343076209
21 12 0.001342289899356358
21 13 0.0009904623134171734
21 14 -0.003524584585262188
21 15 -0.0003554925808070187
21 16 -7.840534941530019e-05
21 17 2.494354423188052e-05
21 18 0.0005393199388520275
21 19 0.002021753968692887
21 20 -0.002602841970663362
21 21 0.01938960758754825
21 22 -0.0001083630430909949
21 23 -0.0001099704782191856
22 0 7.519297922186822e-05
22 1 -0.0003384519942219317
22 2 -0.002396089842086765
22 3 0.002927971772683779
22 4 -0.001784441695070581
22 5 0.004409546701649066
22 6 -0.006472883772514322
22 7 0.01303958207395076
22 8 0.003777790032920537
22 9 0.0009952694996629412
22 10 -0.002457056694915847
22 11 -0.0007462864898674504
22 12 -0.000673010560112691
22 13 -0.0001451222354837913
22 14 0.0002056509693333059
22 15 0.001288086077366575
22 16 0.0008183381865117505
22 17 -0.0002339818073924693
22 18 0.0002093816377601013
22 19 -0.001070207847494727
22 20 0.0003378069107346932
22 21 -0.0001083630430910554
22 22 0.01563098013586514
22 23 -0.0002169059569615607
23 0 -0.0001423787360801117
23 1 0.002182177238667421
23 2 -0.001356256003634626
23 3 -0.001787650950749093
23 4 0.002200919274169903
23 5 0.007163689708310342
23 6 0.003545032068795487
23 7 -0.005555802738893957
23 8 0.00794389246361938
23 9 0.001965188816187643
23 10 0.004580813570964399
23 11 2.160837653166346e-06
23 12 0.0005640216501941871
23 13 -5.764172371936903e-05
23 14 -0.0008489130939921691
23 15 0.000559264471123445
23 16 -0.000786756802727727
23 17 3.867022725520335e-05
23 18 0.0004757229171503262
23 19 2.50454809308137e-05
23 20 -1.377060946629871e-05
23 21 -0.0001099704782192784
23 22 -0.0002169059569615875
23 23 0.01520129734530205
