0 0 1.999968816578813
0 1 -2.111561956941442e-05
0 2 -1.436140860304089e-05
0 3 -5.098722631622824e-05
0 4 -6.376877553597579e-05
0 5 4.046066778242465e-05
0 6 1.138856430232478e-05
0 7 1.417681730493065e-05
0 8 -6.014241805469991e-06
0 9 -2.566644718243603e-06
0 10 -1.240763779195844e-05
0 11 8.073606096778535e-06
0 12 2.69114391573554e-05
0 13 -2.096156179625937e-06
0 14 -6.314496269617889e-06
0 15 1.528988218407428e-05
0 16 1.387503209250981e-06
0 17 4.575840397003565e-06
0 18 -1.312475973068369e-05
0 19 -0.0001940399341309148
0 20 -1.97698235670504e-05
0 21 -8.998638650965954e-05
0 22 0.000332332224535975
0 23 -0.0001224294468407982
0 24 1.396829887412169e-05
0 25 -0.0001305968458879691
0 26 3.219955087780729e-05
0 27 9.001898326703363e-06
0 28 0.0001359282013302856
1 0 -2.11156195694144e-05
1 1 1.992458706828317
1 2 -0.0004527422341232084
1 3 0.0001746463526261754
1 4 -0.0009379916206729046
1 5 0.0002628206146272895
1 6 0.001447541001070662
1 7 -0.00163529565595865
1 8 -0.0003706444860055241
1 9 0.00118370856274161
1 10 -0.0007900341421225774
1 11 0.003880909934323833
1 12 0.006072782442086373
1 13 -0.0007721225774432938
1 14 9.797889148243901e-06
1 15 -0.0001229893869547186
1 16 0.0001020077200036769
1 17 -0.00032194294675252
1 18 -0.0001344102534126359
1 19 0.0006629070826067795
1 20 0.0003906555584789409
1 21 0.0001191969096145352
1 22 5.969689271312259e-06
1 23 0.0008836982220720011
1 24 -0.0004712144695668515
1 25 0.0005166144594141739
1 26 -0.0004126439328652502
1 27 0.000686272687141159
1 28 0.0006086686158784348
2 0 -1.436140860304055e-05
2 1 -0.0004527422341232076
2 2 1.988803429386177
2 3 0.0001878933079199274
2 4 0.000185354127411508
2 5 0.0003976405026957911
2 6 -0.0001770690429882703
2 7 0.0005166873855628365
2 8 0.002105124235495899
2 9 0.0001504084769438299
2 10 7.423988406788507e-05
2 11 -0.0006369373832099982
2 12 -0.001409243839189777
2 13 0.000120207378982513
2 14 0.000195983879273682
2 15 0.0001166704899348152
2 16 -0.0001283781942244082
2 17 -9.061476499560569e-05
2 18 -0.0003615773085978172
2 19 -0.0005865566979795281
2 20 0.001577837155228103
2 21 8.356867658312309e-05
2 22 -0.0001504270450610682
2 23 0.001198329395925161
2 24 -0.0002251791110427471
2 25 -0.0008432068081828011
2 26 0.000343289667977918
2 27 0.0001237952902074107
2 28 -0.000962507623778706
3 0 -5.098722631622822e-05
3 1 0.0001746463526261687
3 2 0.000187893307919956
3 3 1.987871342829946
3 4 -0.0003618030331386878
3 5 0.001207244650317164
3 6 2.822588774172676e-05
3 7 0.0007970968134446146
3 8 -0.0008446110966967588
3 9 -0.001406410288901177
3 10 7.117833985590372e-05
3 11 0.0002162564245873811
3 12 0.0005925836402952846
3 13 -0.0002676598601698269
3 14 -0.000231176307439881
3 15 0.0002661585477917961
3 16 3.775231612091766e-06
3 17 -0.0003705653852782707
3 18 -0.0002793512905006698
3 19 0.001498937119201027
3 20 0.0004059054620588324
3 21 -0.0007203630741243394
3 22 -0.002031975092573376
3 23 -0.0005858319758613109
3 24 0.0009593510224595543
3 25 -0.0009068202491388274
3 26 0.000444242369557304
3 27 -0.0008654502199081364
3 28 -0.001783464857370135
4 0 -6.376877553597569e-05
4 1 -0.0009379916206728973
4 2 0.0001853541274115137
4 3 -0.0003618030331387341
4 4 1.983119443301713
4 5 0.00410203980545241
4 6 -0.0006420953977279732
4 7 -0.0001201159331621369
4 8 0.0002383283084573977
4 9 -0.0002307093680424777
4 10 -0.0001387288422086453
4 11 -0.0004679651255022455
4 12 0.0001215434777496917
4 13 -0.0001110059213308976
4 14 -0.0001107743110314909
4 15 0.0005595552586308438
4 16 0.0002570172581703656
4 17 -0.0008469106981526691
4 18 -0.0006806351389147477
4 19 -0.001198788526252109
4 20 0.0005253109401955148
4 21 -0.00026357735246726
4 22 -0.001555286981795601
4 23 -0.001393351573163597
4 24 -0.001112551131415119
4 25 -0.0004873209135974056
4 26 0.0002959912655215593
4 27 -0.0002834445465336459
4 28 0.0006749243009764488
5 0 4.046066778242431e-05
5 1 0.0002628206146272904
5 2 0.0003976405026957571
5 3 0.0012072446503172
5 4 0.004102039805452436
5 5 1.98701896900125
5 6 0.003066097827019558
5 7 0.002543864849064898
5 8 0.0006697076998855421
5 9 -0.001107582959141055
5 10 0.0004074442953791803
5 11 0.0005377318290613619
5 12 0.000564020635185665
5 13 -0.0006563405159297035
5 14 -0.0001756518749131602
5 15 0.0001565665331038456
5 16 -5.295013597306154e-05
5 17 0.00122340000645194
5 18 0.0005606957470218127
5 19 0.003929695491762615
5 20 0.0008780338489915718
5 21 -0.000629683283177833
5 22 -0.0003700080053194486
5 23 0.0002655024759269155
5 24 -0.0006839271908018703
5 25 0.0008380069639613014
5 26 -9.285057357326275e-05
5 27 0.0004777736634705242
5 28 -0.0005870765438473003
6 0 1.138856430232424e-05
6 1 0.001447541001070668
6 2 -0.0001770690429882694
6 3 2.82258877417396e-05
6 4 -0.000642095397728026
6 5 0.003066097827019536
6 6 1.980738932006954
6 7 -0.001130226247038451
6 8 0.001463665153823077
6 9 -0.0005544086987501091
6 10 2.080793842019219e-05
6 11 0.001094094852259371
6 12 0.005528025234741321
6 13 -0.0008875482300499947
6 14 0.0001943795557343874
6 15 -3.076079397671843e-05
6 16 0.0002868392347018861
6 17 0.001154522311391386
6 18 0.001025213369173371
6 19 0.005795120932268787
6 20 -0.0008284371776989265
6 21 -0.0001253568059677578
6 22 -0.0001047240140598021
6 23 0.001824161886516947
6 24 -0.0004317112859683759
6 25 0.003683315487363971
6 26 -0.0002227905120147161
6 27 -1.815785384261785e-05
6 28 0.001058034041749866
7 0 1.417681730493075e-05
7 1 -0.001635295655958696
7 2 0.0005166873855628098
7 3 0.000797096813444605
7 4 -0.0001201159331621102
7 5 0.002543864849064873
7 6 -0.001130226247038461
7 7 1.97827293572827
7 8 0.0005483738351781647
7 9 -0.002818774243035988
7 10 0.000565174650750067
7 11 0.003175326799951248
7 12 -0.001517162002868777
7 13 -0.000507559487916627
7 14 -0.0003966349055106705
7 15 8.282409043507507e-05
7 16 -0.0003469810714680122
7 17 0.0002656640428731708
7 18 -0.0004571403628370367
7 19 -0.0006944383826476908
7 20 -0.0002157048584154805
7 21 0.0002116365049999805
7 22 0.00124129278310489
7 23 0.001415989847844809
7 24 -0.001060757602456247
7 25 0.002660392051423511
7 26 -0.002092014807127923
7 27 0.001713881778341059
7 28 0.001296128247112457
8 0 -6.014241805470102e-06
8 1 -0.0003706444860055215
8 2 0.00210512423549595
8 3 -0.0008446110966967102
8 4 0.000238328308457399
8 5 0.0006697076998855261
8 6 0.001463665153823083
8 7 0.0005483738351781605
8 8 1.981730315597272
8 9 -1.943158220476686e-06
8 10 0.0004057639449035615
8 11 -0.004506160979523
8 12 0.001044987906373599
8 13 -0.0008082723830342092
8 14 0.0002755125419121817
8 15 -8.905086621539284e-06
8 16 0.0004138129720691344
8 17 -0.0008532268421007214
8 18 -0.0009657297587999205
8 19 -0.003844920594201544
8 20 -0.003092892420003011
8 21 -0.0007692776648295185
8 22 -0.00336629097917546
8 23 -0.005363508101679011
8 24 0.003193904723494988
8 25 0.0002762886053164223
8 26 0.003406375729435208
8 27 -0.002362160073228807
8 28 -0.001609721212157858
9 0 -2.566644718244166e-06
9 1 0.001183708562741622
9 2 0.000150408476943858
9 3 -0.001406410288901159
9 4 -0.0002307093680424629
9 5 -0.001107582959140976
9 6 -0.0005544086987501785
9 7 -0.002818774243036011
9 8 -1.943158220490347e-06
9 9 1.979017661765728
9 10 -0.001639953558076279
9 11 0.001393758290476023
9 12 0.00242438057687055
9 13 0.002407662307808686
9 14 8.214396494748521e-05
9 15 0.001419068545652149
9 16 -0.001033053053323757
9 17 0.003555637812157788
9 18 0.003280982466863052
9 19 0.008510119129532895
9 20 -0.0006294444242497916
9 21 -0.0008913195006888691
9 22 0.00238109155379949
9 23 0.002154205143647759
9 24 0.0007557227938665334
9 25 0.00270508800491402
9 26 -7.393012198851063e-05
9 27 0.000749486884446271
9 28 0.003182558217596255
10 0 -1.240763779195857e-05
10 1 -0.0007900341421226099
10 2 7.423988406789374e-05
10 3 7.117833985590908e-05
10 4 -0.0001387288422086413
10 5 0.000407444295379175
10 6 2.080793842018242e-05
10 7 0.0005651746507500546
10 8 0.0004057639449036304
10 9 -0.001639953558076299
10 10 1.970168585266109
10 11 -0.0006186409817063016
10 12 0.0013063140074466
10 13 0.01691998555449721
10 14 -0.004415367142059753
10 15 0.01617588615901075
10 16 -0.01078748009060283
10 17 0.02899715751791469
10 18 0.01653544191587396
10 19 -0.004552329202017357
10 20 -0.0001406193637615851
10 21 0.0007487742491834211
10 22 -0.00156137541049909
10 23 -0.0001850443856525
10 24 -0.000148342695232364
10 25 0.0001081938248529506
10 26 3.0807364904523e-05
10 27 -0.0002356189290728388
10 28 -0.0007323657622603212
11 0 8.073606096778464e-06
11 1 0.003880909934323591
11 2 -0.0006369373832100253
11 3 0.0002162564245873189
11 4 -0.0004679651255022117
11 5 0.0005377318290613635
11 6 0.001094094852259366
11 7 0.003175326799951119
11 8 -0.004506160979522915
11 9 0.001393758290476005
11 10 -0.000618640981706305
11 11 1.983332268628143
11 12 -0.0002094917005575787
11 13 0.0008579289489797279
11 14 0.0004684250899800307
11 15 0.0005523428909400786
11 16 0.0003694818463554864
11 17 -0.0003485912340118069
11 18 0.0009222795800277852
11 19 0.004289514628241699
11 20 0.001530481567778511
11 21 -0.0004710161511132265
11 22 7.621901868530372e-05
11 23 0.004424443531848128
11 24 -0.004757697634243269
11 25 -0.0001243469586833737
11 26 0.00268171627228019
11 27 0.0006694679721677831
11 28 -0.001931307143375674
12 0 2.69114391573551e-05
12 1 0.006072782442086855
12 2 -0.00140924383918974
12 3 0.000592583640295364
12 4 0.0001215434777496735
12 5 0.0005640206351856055
12 6 0.005528025234741358
12 7 -0.001517162002868739
12 8 0.001044987906373742
12 9 0.002424380576870677
12 10 0.001306314007446635
12 11 -0.0002094917005575582
12 12 1.980565785329253
12 13 -0.001784846544409176
12 14 -0.00175848234427146
12 15 0.002837907737353187
12 16 -0.002867313164507613
12 17 0.005900332959632069
12 18 0.004867180286958677
12 19 0.01538472957032828
12 20 0.0002368308262883686
12 21 0.001234407544078003
12 22 0.002661878863371199
12 23 0.004673282871331248
12 24 -0.00470415474596376
12 25 -0.002542074304725946
12 26 -0.003295627809282941
12 27 0.005458692600292187
12 28 -0.001423473157256293
13 0 -2.096156179625507e-06
13 1 -0.000772122577443299
13 2 0.0001202073789825124
13 3 -0.0002676598601698401
13 4 -0.0001110059213308888
13 5 -0.0006563405159297075
13 6 -0.0008875482300499739
13 7 -0.0005075594879166461
13 8 -0.0008082723830342381
13 9 0.002407662307808644
13 10 0.01691998555449701
13 11 0.0008579289489797433
13 12 -0.001784846544409285
13 13 1.956421394448776
13 14 -0.004335202585149047
13 15 0.01804536259926993
13 16 -0.008001278109028637
13 17 0.02906731795317635
13 18 0.0110809314885316
13 19 -0.003272193161968884
13 20 0.0001882772517200068
13 21 0.000266673079427336
13 22 -0.0005655120470512696
13 23 0.0002351555101113016
13 24 0.0004032144242745391
13 25 0.0003253683490047866
13 26 0.0004235241822613492
13 27 -0.0005836730433135826
13 28 0.0002441048936027568
14 0 -6.31449626961777e-06
14 1 9.797889148242887e-06
14 2 0.0001959838792736458
14 3 -0.0002311763074398583
14 4 -0.0001107743110314941
14 5 -0.0001756518749131509
14 6 0.0001943795557344153
14 7 -0.0003966349055106591
14 8 0.0002755125419121766
14 9 8.21439649474668e-05
14 10 -0.004415367142059676
14 11 0.0004684250899800278
14 12 -0.001758482344271409
14 13 -0.004335202585149339
14 14 1.888162502801518
14 15 -0.009190062421822288
14 16 0.01549140668901553
14 17 -0.002847717881819403
14 18 0.000498430166302195
14 19 -0.000117593815915465
14 20 -0.0004591626595280256
14 21 -0.0005363466145793406
14 22 -9.105381102621094e-05
14 23 3.547389983773964e-05
14 24 0.0002680310477062591
14 25 0.0002020292210729663
14 26 0.0001379992862287964
14 27 0.0002796367132809037
14 28 -0.0001342894865592962
15 0 1.528988218407405e-05
15 1 -0.0001229893869546809
15 2 0.0001166704899348112
15 3 0.0002661585477917976
15 4 0.0005595552586308533
15 5 0.0001565665331038289
15 6 -3.076079397673558e-05
15 7 8.282409043513206e-05
15 8 -8.905086621546528e-06
15 9 0.001419068545652166
15 10 0.01617588615900992
15 11 0.0005523428909400766
15 12 0.002837907737353234
15 13 0.01804536259927036
15 14 -0.009190062421823124
15 15 1.897780970326779
15 16 -0.0009296311395184955
15 17 0.007961897288428124
15 18 0.002097751408262342
15 19 -0.0006514373225604052
15 20 -2.245820295640354e-05
15 21 -0.0003527662763487715
15 22 -0.0002325585899096089
15 23 -0.0002467965589548617
15 24 -0.0002189106894384589
15 25 0.0005123977667038447
15 26 -5.731528779749381e-05
15 27 0.000149102258102432
15 28 0.0002335496491292827
16 0 1.387503209250979e-06
16 1 0.0001020077200036766
16 2 -0.0001283781942244102
16 3 3.77523161209171e-06
16 4 0.0002570172581703702
16 5 -5.295013597306158e-05
16 6 0.0002868392347018805
16 7 -0.0003469810714680177
16 8 0.0004138129720691346
16 9 -0.001033053053323728
16 10 -0.01078748009060371
16 11 0.0003694818463554747
16 12 -0.002867313164507543
16 13 -0.008001278109028741
16 14 0.015491406689016
16 15 -0.0009296311395185181
16 16 0.1222323142302329
16 17 -0.002521341934870546
16 18 -0.001205899803695717
16 19 0.001169388755034419
16 20 0.00033910063736336
16 21 -0.0004172388566229436
16 22 -0.0002281036733734483
16 23 -0.000762876473364258
16 24 -8.758500147460367e-06
16 25 -1.600775814914287e-05
16 26 0.0003425067811050191
16 27 -0.0001132625837912788
16 28 0.0001109515265413529
17 0 4.575840397003451e-06
17 1 -0.0003219429467525311
17 2 -9.061476499560478e-05
17 3 -0.0003705653852782741
17 4 -0.0008469106981526549
17 5 0.001223400006451906
17 6 0.001154522311391327
17 7 0.0002656640428731701
17 8 -0.0008532268421007243
17 9 0.003555637812157742
17 10 0.02899715751791467
17 11 -0.0003485912340118133
17 12 0.005900332959632094
17 13 0.02906731795317657
17 14 -0.002847717881819472
17 15 0.007961897288428358
17 16 -0.002521341934870413
17 17 0.1078497163483684
17 18 0.00336607040484591
17 19 -0.001038483964954915
17 20 -0.0006013731133988412
17 21 0.0005124989276323758
17 22 -0.0001832999892632893
17 23 0.0003932234688130121
17 24 0.0001061060712458492
17 25 0.0002321004232600304
17 26 -7.436736244953688e-05
17 27 -0.0001856275707066095
17 28 2.30577936052972e-05
18 0 -1.312475973068393e-05
18 1 -0.0001344102534126285
18 2 -0.0003615773085978226
18 3 -0.0002793512905006628
18 4 -0.0006806351389147325
18 5 0.0005606957470218486
18 6 0.001025213369173384
18 7 -0.0004571403628370442
18 8 -0.0009657297587999259
18 9 0.003280982466863102
18 10 0.0165354419158729
18 11 0.0009222795800277823
18 12 0.00486718028695868
18 13 0.01108093148853197
18 14 0.0004984301663021702
18 15 0.002097751408262338
18 16 -0.001205899803695441
18 17 0.003366070404845831
18 18 0.05540742329078735
18 19 -0.00347069935408529
18 20 0.0002195010976937921
18 21 0.0009682429791812012
18 22 -0.0006284388335140413
18 23 0.0003590163452714054
18 24 -0.0003827640933807994
18 25 0.0006069445881200398
18 26 -0.0002983451695466164
18 27 -4.096048415818095e-05
18 28 0.0001445947720906294
19 0 -0.0001940399341309052
19 1 0.000662907082606766
19 2 -0.0005865566979795411
19 3 0.00149893711920102
19 4 -0.001198788526252158
19 5 0.003929695491762595
19 6 0.005795120932268416
19 7 -0.0006944383826476909
19 8 -0.003844920594201537
19 9 0.008510119129532808
19 10 -0.004552329202017364
19 11 0.004289514628241444
19 12 0.01538472957032829
19 13 -0.003272193161968892
19 14 -0.000117593815915458
19 15 -0.0006514373225603991
19 16 0.00116938875503436
19 17 -0.001038483964954738
19 18 -0.00347069935408531
19 19 0.02868773592149386
19 20 0.001019873693529204
19 21 0.0006378992192348026
19 22 -0.001695937993286344
19 23 0.002842605993700698
19 24 0.001705446605570978
19 25 0.002623273406021397
19 26 -0.001310686162838676
19 27 -1.057997299161128e-05
19 28 7.483659363380113e-05
20 0 -1.976982356705106e-05
20 1 0.0003906555584789431
20 2 0.001577837155228141
20 3 0.0004059054620588375
20 4 0.0005253109401955242
20 5 0.0008780338489915278
20 6 -0.0008284371776989268
20 7 -0.0002157048584155259
20 8 -0.003092892420002947
20 9 -0.0006294444242497752
20 10 -0.0001406193637615927
20 11 0.001530481567778576
20 12 0.0002368308262883875
20 13 0.0001882772517200092
20 14 -0.000459162659528041
20 15 -2.24582029564074e-05
20 16 0.0003391006373633674
20 17 -0.000601373113398817
20 18 0.0002195010976937721
20 19 0.001019873693529252
20 20 0.01758764714441524
20 21 -0.001854415236159704
20 22 -0.0002280212265456082
20 23 0.001648407433020514
20 24 0.002092908228656307
20 25 0.001862569567577637
20 26 -0.0002782895851034298
20 27 0.001576901138992022
20 28 0.0005023752731297061
21 0 -8.998638650965684e-05
21 1 0.0001191969096145417
21 2 8.356867658311902e-05
21 3 -0.0007203630741243023
21 4 -0.0002635773524672577
21 5 -0.0006296832831778492
21 6 -0.0001253568059677721
21 7 0.0002116365049999742
21 8 -0.0007692776648294917
21 9 -0.0008913195006888808
21 10 0.0007487742491834261
21 11 -0.0004710161511132528
21 12 0.001234407544077958
21 13 0.0002666730794273507
21 14 -0.0005363466145793647
21 15 -0.0003527662763487806
21 16 -0.0004172388566229415
21 17 0.0005124989276323636
21 18 0.0009682429791811756
21 19 0.0006378992192348238
21 20 -0.001854415236159701
21 21 0.01710130977960726
21 22 -0.002051570191970007
21 23 -0.001739603150314449
21 24 0.00043672344599568
21 25 -9.129374802050684e-05
21 26 0.0007415407352117946
21 27 0.001276893566932483
21 28 -0.0009236303313628462
22 0 0.0003323322245359753
22 1 5.969689271310746e-06
22 2 -0.0001504270450610614
22 3 -0.002031975092573409
22 4 -0.00155528698179562
22 5 -0.0003700080053194718
22 6 -0.0001047240140597949
22 7 0.00124129278310491
22 8 -0.003366290979175503
22 9 0.002381091553799336
22 10 -0.001561375410499025
22 11 7.621901868530986e-05
22 12 0.002661878863371169
22 13 -0.000565512047051278
22 14 -9.105381102620977e-05
22 15 -0.0002325585899096147
22 16 -0.0002281036733734567
22 17 -0.0001832999892633002
22 18 -0.0006284388335140725
22 19 -0.001695937993286342
22 20 -0.0002280212265456087
22 21 -0.002051570191969925
22 22 0.01983820115988799
22 23 -0.00129002557713828
22 24 -0.001269869711708554
22 25 -0.0030887449112437
22 26 0.00133103878116518
22 27 0.001272293145870147
22 28 0.00215253179309197
23 0 -0.0001224294468407978
23 1 0.0008836982220720604
23 2 0.001198329395925146
23 3 -0.0005858319758613551
23 4 -0.001393351573163598
23 5 0.0002655024759269137
23 6 0.001824161886516876
23 7 0.001415989847844793
23 8 -0.005363508101678928
23 9 0.002154205143647798
23 10 -0.0001850443856525048
23 11 0.004424443531848293
23 12 0.004673282871331294
23 13 0.0002351555101113062
23 14 3.547389983773971e-05
23 15 -0.0002467965589548659
23 16 -0.0007628764733642768
23 17 0.0003932234688129712
23 18 0.0003590163452714099
23 19 0.002842605993700716
23 20 0.001648407433020455
23 21 -0.00173960315031449
23 22 -0.001290025577138276
23 23 0.02049988094624337
23 24 -0.001150154575233797
23 25 0.0005075521487911598
23 26 0.0006227017492109449
23 27 0.001438397363246428
23 28 -0.0002659134179096393
24 0 1.396829887412194e-05
24 1 -0.0004712144695668543
24 2 -0.0002251791110427547
24 3 0.0009593510224595813
24 4 -0.001112551131415103
24 5 -0.0006839271908018962
24 6 -0.0004317112859683831
24 7 -0.001060757602456284
24 8 0.003193904723495065
24 9 0.000755722793866531
24 10 -0.0001483426952323504
24 11 -0.004757697634243096
24 12 -0.004704154745963625
24 13 0.0004032144242745409
24 14 0.0002680310477062482
24 15 -0.0002189106894384719
24 16 -8.758500147429467e-06
24 17 0.0001061060712458373
24 18 -0.000382764093380776
24 19 0.001705446605570909
24 20 0.002092908228656294
24 21 0.0004367234459958674
24 22 -0.001269869711708521
24 23 -0.001150154575233784
24 24 0.01914964794806158
24 25 -0.0008896967465314606
24 26 -0.0002655841027369626
24 27 -0.001339549357084408
24 28 0.0006557241138625534
25 0 -0.0001305968458879685
25 1 0.0005166144594141763
25 2 -0.0008432068081828093
25 3 -0.0009068202491388391
25 4 -0.0004873209135974274
25 5 0.0008380069639612525
25 6 0.003683315487363935
25 7 0.002660392051423479
25 8 0.0002762886053164252
25 9 0.002705088004914136
25 10 0.0001081938248529495
25 11 -0.0001243469586833838
25 12 -0.002542074304725872
25 13 0.0003253683490048155
25 14 0.0002020292210729692
25 15 0.0005123977667038544
25 16 -1.600775814912938e-05
25 17 0.0002321004232599796
25 18 0.0006069445881200173
25 19 0.002623273406021494
25 20 0.001862569567577619
25 21 -9.129374802050148e-05
25 22 -0.003088744911243638
25 23 0.0005075521487911425
25 24 -0.0008896967465314455
25 25 0.01581254617340095
25 26 -0.0006988742223363784
25 27 -0.0005450172066142326
25 28 0.001969923069529326
26 0 3.219955087780761e-05
26 1 -0.0004126439328652507
26 2 0.0003432896679779211
26 3 0.000444242369557322
26 4 0.0002959912655215128
26 5 -9.285057357326626e-05
26 6 -0.0002227905120147185
26 7 -0.002092014807127917
26 8 0.003406375729435252
26 9 -7.393012198850916e-05
26 10 3.080736490452345e-05
26 11 0.002681716272280074
26 12 -0.003295627809282923
26 13 0.0004235241822613513
26 14 0.0001379992862287946
26 15 -5.731528779749371e-05
26 16 0.0003425067811050358
26 17 -7.436736244954584e-05
26 18 -0.0002983451695465943
26 19 -0.001310686162838585
26 20 -0.0002782895851034371
26 21 0.0007415407352118237
26 22 0.001331038781165169
26 23 0.0006227017492110335
26 24 -0.0002655841027369708
26 25 -0.0006988742223364135
26 26 0.01361248788405904
26 27 -0.001948086161951288
26 28 -0.0007517044355665694
27 0 9.001898326703304e-06
27 1 0.0006862726871411722
27 2 0.000123795290207418
27 3 -0.0008654502199080963
27 4 -0.0002834445465336473
27 5 0.0004777736634705301
27 6 -1.815785384262706e-05
27 7 0.001713881778341103
27 8 -0.002362160073228802
27 9 0.0007494868844462816
27 10 -0.0002356189290728476
27 11 0.0006694679721677434
27 12 0.005458692600292261
27 13 -0.0005836730433135574
27 14 0.0002796367132809118
27 15 0.000149102258102428
27 16 -0.0001132625837912682
27 17 -0.0001856275707066064
27 18 -4.096048415818669e-05
27 19 -1.057997299162749e-05
27 20 0.001576901138992092
27 21 0.001276893566932439
27 22 0.001272293145870143
27 23 0.00143839736324643
27 24 -0.001339549357084375
27 25 -0.0005450172066142399
27 26 -0.001948086161951321
27 27 0.01397002034083063
27 28 -0.0001993688406851814
28 0 0.0001359282013302854
28 1 0.000608668615878451
28 2 -0.0009625076237787003
28 3 -0.001783464857370108
28 4 0.0006749243009764617
28 5 -0.0005870765438472996
28 6 0.001058034041749866
28 7 0.001296128247112518
28 8 -0.001609721212157783
28 9 0.003182558217596257
28 10 -0.0007323657622602846
28 11 -0.001931307143375691
28 12 -0.001423473157256321
28 13 0.0002441048936027568
28 14 -0.0001342894865592914
28 15 0.0002335496491292845
28 16 0.000110951526541334
28 17 2.30577936052912e-05
28 18 0.0001445947720906277
28 19 7.483659363379381e-05
28 20 0.0005023752731295064
28 21 -0.0009236303313628605
28 22 0.002152531793091963
28 23 -0.0002659134179097797
28 24 0.0006557241138625835
28 25 0.001969923069529281
28 26 -0.0007517044355665398
28 27 -0.0001993688406851849
28 28 0.01281900833299127
