0 0 1.99996946093972
0 1 -1.726393265915281e-05
0 2 -1.529564965012116e-05
0 3 -4.261736736850699e-05
0 4 -7.712184569766319e-05
0 5 1.871767752820545e-05
0 6 -2.684554599178398e-05
0 7 2.989517299201998e-05
0 8 4.007376568839711e-05
0 9 4.463050477861377e-05
0 10 3.959157298413867e-05
0 11 4.448180860315975e-05
0 12 -7.542784288091752e-05
0 13 -4.330954025428838e-06
0 14 9.64816672177798e-06
0 15 3.660010052620358e-05
0 16 0.0002109185058869207
0 17 -0.0001276932198027319
0 18 5.77836431940439e-05
0 19 -0.0001528961085386986
0 20 0.0004325522867974946
0 21 -6.09847873751382e-05
0 22 -5.169383174795817e-05
0 23 0.0003747348482400481
0 24 0.0002567823232633697
1 0 -1.726393265915239e-05
1 1 1.991452510698444
1 2 0.0002754456545454203
1 3 -6.172503904829522e-05
1 4 -0.0008045917448557973
1 5 -0.0004843758055173384
1 6 -6.933648456826556e-05
1 7 0.0005265316517213034
1 8 0.0007148819145053991
1 9 -0.0003703236731258403
1 10 -0.000482631697744906
1 11 0.000533140773567746
1 12 0.001022676219298893
1 13 1.070604137272623e-05
1 14 -0.0006056325921554716
1 15 -0.00125317749841441
1 16 0.000900025319617644
1 17 0.001512649130494586
1 18 -0.002883577966721439
1 19 -0.003013433206586623
1 20 -0.0006520609345519404
1 21 0.0009559756779939989
1 22 -0.0001794415919972801
1 23 -0.00189919622589443
1 24 -0.0003675938602848278
2 0 -1.52956496501212e-05
2 1 0.0002754456545454186
2 2 1.992769935658227
2 3 -0.0006992531878892963
2 4 -0.002410314005509641
2 5 -0.0006801929686972108
2 6 -0.001509847539224536
2 7 0.00249175791042102
2 8 0.00351111672403166
2 9 -0.005749623724196901
2 10 -0.005485754813564309
2 11 -0.0004188031090307698
2 12 -0.0003354839072833616
2 13 7.249036069994224e-05
2 14 -0.001778499453454767
2 15 -0.001362908113130798
2 16 -0.001046578364150162
2 17 0.003316063191239602
2 18 2.801683943718506e-05
2 19 0.00387688809251212
2 20 -0.00954355548611141
2 21 0.0002608402359234974
2 22 0.001361983110942251
2 23 -0.005466522396845841
2 24 -0.01059615623013159
3 0 -4.261736736850719e-05
3 1 -6.172503904829567e-05
3 2 -0.0006992531878892977
3 3 1.987673358340602
3 4 -0.000680866561335186
3 5 0.0007553119995315986
3 6 -5.658702128554758e-05
3 7 0.0003287943807672285
3 8 0.0004139407177630248
3 9 0.001804382018466481
3 10 0.001899323239364253
3 11 0.0001021364483358116
3 12 -0.002551363214414561
3 13 -8.005572175680843e-05
3 14 0.0003667483302537976
3 15 0.0001584027958204002
3 16 -0.000719832747748817
3 17 0.001323758485961318
3 18 -0.0005889879483774234
3 19 -0.0007860065035441946
3 20 0.0007038922556144762
3 21 -0.002695857428418197
3 22 0.0005822198552157837
3 23 0.001268409940133135
3 24 0.003158672373849427
4 0 -7.712184569766094e-05
4 1 -0.0008045917448557977
4 2 -0.002410314005509626
4 3 -0.0006808665613351925
4 4 1.982419470392701
4 5 0.000543942302087369
4 6 -3.131477412943363e-05
4 7 -0.00077997754745627
4 8 -0.0007353962479336294
4 9 0.002465236919201517
4 10 0.002156481234314081
4 11 0.003594469043039922
4 12 -0.001728984287463486
4 13 -0.000122718784134809
4 14 0.001161293312782371
4 15 0.001399394555430688
4 16 -0.007959807817321394
4 17 0.0005697855072937367
4 18 -0.000677652836532051
4 19 0.0003570296081942241
4 20 0.0007481729097245233
4 21 0.0002250693546166339
4 22 -0.0001529551900980276
4 23 0.0009060375555200593
4 24 0.005260687943383217
5 0 1.87176775282061e-05
5 1 -0.0004843758055173202
5 2 -0.000680192968697231
5 3 0.0007553119995315882
5 4 0.0005439423020874082
5 5 1.982541459004515
5 6 0.0004457196231040181
5 7 -0.000139197145070825
5 8 -0.00103803488759552
5 9 0.001187087631665865
5 10 0.0006251284641535986
5 11 -0.002906462469913904
5 12 0.004449569045061309
5 13 -0.0007493070829553835
5 14 -0.0007663978539152766
5 15 -0.004001576033500372
5 16 0.001820073078396465
5 17 8.062046333749749e-07
5 18 -6.638526726438133e-05
5 19 -0.0003270829342062937
5 20 0.001998308396933848
5 21 -0.0003954544154442304
5 22 -0.0002820593085053014
5 23 0.001545800127884847
5 24 0.002599516095977494
6 0 -2.684554599178493e-05
6 1 -6.933648456828123e-05
6 2 -0.001509847539224544
6 3 -5.658702128555107e-05
6 4 -3.131477412951782e-05
6 5 0.0004457196231040151
6 6 1.979969229255068
6 7 -0.0001282149656313444
6 8 0.0002070332232981589
6 9 0.0007560864282865738
6 10 0.001251743246452419
6 11 -0.0003431866781121122
6 12 -0.004453251377637538
6 13 0.0009610967028377373
6 14 -0.001915375867029142
6 15 -0.002278667460111833
6 16 -0.0003545874967107549
6 17 -0.003912418473311644
6 18 -0.0005397623805673305
6 19 0.0002934373041660061
6 20 -0.001494171309093432
6 21 -0.001144091862591089
6 22 4.839932142602845e-05
6 23 -0.000254916442063517
6 24 0.0003210543868716255
7 0 2.989517299202034e-05
7 1 0.000526531651721266
7 2 0.002491757910421024
7 3 0.0003287943807672554
7 4 -0.0007799775474562943
7 5 -0.0001391971450708291
7 6 -0.0001282149656314455
7 7 1.977494776915753
7 8 0.0006286878136510189
7 9 -0.003093398020668501
7 10 0.003827683377277622
7 11 -0.001498198349391448
7 12 0.004244176143766135
7 13 0.01117145700911857
7 14 -0.01805559012719845
7 15 7.82863982595873e-05
7 16 -0.002066287749803211
7 17 0.0003256921018187943
7 18 0.003539440322683603
7 19 -0.001172153262530959
7 20 0.003056133218211272
7 21 -0.002234596690436606
7 22 -0.006054596996752238
7 23 0.0008369361910137319
7 24 0.004615352015403168
8 0 4.007376568839539e-05
8 1 0.0007148819145054203
8 2 0.003511116724031727
8 3 0.0004139407177630635
8 4 -0.0007353962479336365
8 5 -0.001038034887595552
8 6 0.0002070332232981968
8 7 0.0006286878136509609
8 8 1.977705215910545
8 9 0.001611027082476718
8 10 -0.002604617741042735
8 11 -0.0003097971589097431
8 12 0.004414324629856062
8 13 -0.007091291307509356
8 14 0.01281357352745198
8 15 -0.003183223079063278
8 16 -0.001644013671203886
8 17 -0.000484396765581127
8 18 0.001130597339462365
8 19 0.0008512632442621453
8 20 0.005779445117749338
8 21 -0.0005174763433311135
8 22 0.004154807284060018
8 23 0.000753446431550439
8 24 0.006100199098107752
9 0 4.463050477861314e-05
9 1 -0.0003703236731258599
9 2 -0.00574962372419663
9 3 0.001804382018466412
9 4 0.00246523691920152
9 5 0.001187087631665855
9 6 0.0007560864282865347
9 7 -0.003093398020668266
9 8 0.001611027082476743
9 9 1.97180831235949
9 10 0.003580708356533241
9 11 -0.001817709854624651
9 12 0.00346372733745811
9 13 0.01807211914339525
9 14 -0.04895522752799288
9 15 0.006449869066348611
9 16 -0.001673923118478168
9 17 0.00382296869353658
9 18 0.007260539971689631
9 19 -0.004134827721740367
9 20 -0.005789091589668656
9 21 0.0001309813986668536
9 22 3.91951286410671e-05
9 23 -0.005269473018728918
9 24 -0.01496612026328486
10 0 3.95915729841394e-05
10 1 -0.0004826316977449415
10 2 -0.005485754813564437
10 3 0.00189932323936425
10 4 0.002156481234314099
10 5 0.0006251284641535947
10 6 0.001251743246452417
10 7 0.003827683377278081
10 8 -0.00260461774104281
10 9 0.003580708356533017
10 10 1.968634605391315
10 11 -0.002510982328148787
10 12 0.003044907211934703
10 13 -0.02199629690539042
10 14 0.04982837968533015
10 15 -0.008340118946253895
10 16 0.003732497244488314
10 17 0.00300686996305176
10 18 -0.005961399304202523
10 19 0.008061739645114963
10 20 -0.002444290012175568
10 21 0.0006785428524545925
10 22 0.002349922765375516
10 23 -0.006585190592184528
10 24 -0.01659206286291397
11 0 4.448180860315921e-05
11 1 0.0005331407735677425
11 2 -0.0004188031090307777
11 3 0.0001021364483358102
11 4 0.003594469043039934
11 5 -0.002906462469913909
11 6 -0.0003431866781121562
11 7 -0.001498198349391406
11 8 -0.0003097971589097422
11 9 -0.001817709854624656
11 10 -0.00251098232814879
11 11 1.988993862963419
11 12 0.0004842090375888715
11 13 0.000361859190260896
11 14 0.004348432018575441
11 15 0.01952519644382637
11 16 -0.007491005229135757
11 17 0.01458539743778378
11 18 -0.008185180072331625
11 19 -0.008631801823001158
11 20 -0.0007384031526932924
11 21 -0.0002772720659149947
11 22 -0.000663514348202324
11 23 0.003179684977079986
11 24 -0.006921880674537255
12 0 -7.542784288091743e-05
12 1 0.00102267621929895
12 2 -0.000335483907283371
12 3 -0.002551363214414517
12 4 -0.001728984287463555
12 5 0.004449569045061309
12 6 -0.004453251377637444
12 7 0.004244176143766137
12 8 0.004414324629856121
12 9 0.003463727337458134
12 10 0.00304490721193467
12 11 0.0004842090375889211
12 12 1.979799057319305
12 13 -0.001508754467048192
12 14 -0.003184867584414122
12 15 -0.02585239706206614
12 16 -0.005873513466029864
12 17 0.01737678806749132
12 18 -0.01338693319964703
12 19 -0.02230764587113281
12 20 0.001605364273888116
12 21 0.004473951279254694
12 22 -0.001780375715523552
12 23 0.02384615455772862
12 24 -0.006989612644091107
13 0 -4.3309540254286e-06
13 1 1.070604137270844e-05
13 2 7.249036069994394e-05
13 3 -8.005572175678259e-05
13 4 -0.0001227187841348003
13 5 -0.0007493070829553792
13 6 0.0009610967028376741
13 7 0.01117145700911924
13 8 -0.007091291307509798
13 9 0.01807211914339611
13 10 -0.02199629690539221
13 11 0.0003618591902608516
13 12 -0.001508754467048097
13 13 1.921655824642307
13 14 0.01916515560458144
13 15 0.0003430772588953438
13 16 -0.001961120193869803
13 17 0.0003043310295811729
13 18 0.007149037025173723
13 19 -0.005195294705749536
13 20 -0.002672432178005261
13 21 0.0002828523533531574
13 22 0.0007140280087078734
13 23 -0.0002845926556443996
13 24 0.0003335715826479489
14 0 9.648166721777996e-06
14 1 -0.0006056325921554519
14 2 -0.001778499453454745
14 3 0.0003667483302537897
14 4 0.001161293312782247
14 5 -0.0007663978539152636
14 6 -0.001915375867029133
14 7 -0.01805559012719895
14 8 0.01281357352745203
14 9 -0.04895522752799136
14 10 0.04982837968533296
14 11 0.004348432018575495
14 12 -0.003184867584414288
14 13 0.01916515560457827
14 14 0.1097067396498457
14 15 -0.01337439770138727
14 16 0.002962438167896062
14 17 -0.001205403649757694
14 18 -0.005706238499556386
14 19 0.004099302391026905
14 20 0.001768980082943608
14 21 0.001804740008135377
14 22 0.007416245185461532
14 23 0.0002622189437045983
14 24 0.0002754483433388974
15 0 3.660010052620451e-05
15 1 -0.001253177498414373
15 2 -0.001362908113130768
15 3 0.0001584027958203972
15 4 0.001399394555430645
15 5 -0.004001576033500756
15 6 -0.002278667460111865
15 7 7.8286398259597e-05
15 8 -0.003183223079063297
15 9 0.006449869066348087
15 10 -0.008340118946252556
15 11 0.01952519644382664
15 12 -0.02585239706206669
15 13 0.0003430772588952666
15 14 -0.013374397701387
15 15 0.009055077224688745
15 16 0.0009398657547566576
15 17 -0.002927587170607534
15 18 0.002099558153968443
15 19 0.0006811790498807934
15 20 0.00151569817977389
15 21 -0.0008946412747377207
15 22 -0.001995147522678317
15 23 -0.001823454346234339
15 24 0.0005929127961123908
16 0 0.0002109185058869203
16 1 0.0009000253196176246
16 2 -0.001046578364150152
16 3 -0.0007198327477488316
16 4 -0.00795980781732122
16 5 0.001820073078396483
16 6 -0.0003545874967107911
16 7 -0.002066287749803209
16 8 -0.001644013671203935
16 9 -0.001673923118478021
16 10 0.00373249724448835
16 11 -0.00749100522913556
16 12 -0.005873513466029873
16 13 -0.001961120193869858
16 14 0.002962438167895978
16 15 0.0009398657547567011
16 16 0.02820215346460875
16 17 -0.003656174320715828
16 18 0.004059133409078952
16 19 0.002412347735051858
16 20 0.003390927961869664
16 21 -0.001495456184112551
16 22 0.000325146097022691
16 23 0.0001882640875970028
16 24 -0.001191863696976373
17 0 -0.0001276932198027355
17 1 0.001512649130494564
17 2 0.003316063191239566
17 3 0.001323758485961301
17 4 0.0005697855072937457
17 5 8.062046333885003e-07
17 6 -0.003912418473311779
17 7 0.0003256921018188139
17 8 -0.0004843967655811751
17 9 0.003822968693536726
17 10 0.003006869963051701
17 11 0.01458539743778326
17 12 0.01737678806749034
17 13 0.0003043310295811685
17 14 -0.001205403649757739
17 15 -0.002927587170607493
17 16 -0.003656174320715719
17 17 0.02450750825975338
17 18 -0.002304288144992284
17 19 -0.001984479459677804
17 20 -0.003268460500055886
17 21 0.0007667349448837156
17 22 -1.954362727819515e-05
17 23 0.001425179227327478
17 24 -0.003145498987506527
18 0 5.7783643194044e-05
18 1 -0.002883577966721508
18 2 2.801683943717576e-05
18 3 -0.0005889879483774306
18 4 -0.0006776528365320799
18 5 -6.638526726433742e-05
18 6 -0.0005397623805673341
18 7 0.003539440322683652
18 8 0.001130597339462359
18 9 0.007260539971689326
18 10 -0.005961399304202461
18 11 -0.008185180072331542
18 12 -0.01338693319964724
18 13 0.007149037025173227
18 14 -0.005706238499556341
18 15 0.002099558153968385
18 16 0.004059133409079183
18 17 -0.00230428814499235
18 18 0.01050425129370214
18 19 0.008200022082127162
18 20 0.005051792337343965
18 21 -0.0001226231748389295
18 22 0.0004298425412574409
18 23 -0.001896818529232725
18 24 0.0002557923447167865
19 0 -0.0001528961085387024
19 1 -0.003013433206586573
19 2 0.003876888092512158
19 3 -0.0007860065035441951
19 4 0.0003570296081942368
19 5 -0.0003270829342063109
19 6 0.0002934373041659902
19 7 -0.001172153262530948
19 8 0.0008512632442621546
19 9 -0.004134827721740303
19 10 0.008061739645115175
19 11 -0.008631801823001387
19 12 -0.02230764587113308
19 13 -0.005195294705749177
19 14 0.004099302391026733
19 15 0.0006811790498807886
19 16 0.002412347735051903
19 17 -0.001984479459677787
19 18 0.008200022082127117
19 19 0.01441825930643374
19 20 -0.004357535502295809
19 21 1.031130444810913e-05
19 22 -7.815085443208192e-06
19 23 -0.005700340243386897
19 24 -0.0001867691556241367
20 0 0.0004325522867975055
20 1 -0.0006520609345519369
20 2 -0.009543555486111716
20 3 0.0007038922556144806
20 4 0.0007481729097247099
20 5 0.001998308396933783
20 6 -0.00149417130909335
20 7 0.00305613321821118
20 8 0.005779445117749315
20 9 -0.005789091589668637
20 10 -0.002444290012175598
20 11 -0.0007384031526932825
20 12 0.001605364273888059
20 13 -0.002672432178005127
20 14 0.001768980082943596
20 15 0.001515698179773928
20 16 0.003390927961869734
20 17 -0.003268460500055831
20 18 0.005051792337344032
20 19 -0.004357535502295778
20 20 0.02325131933746618
20 21 -0.001102436849702657
20 22 -0.0007444798351635075
20 23 0.003916088095769337
20 24 0.004166516270816878
21 0 -6.098478737513909e-05
21 1 0.0009559756779939834
21 2 0.0002608402359234957
21 3 -0.002695857428418266
21 4 0.0002250693546166293
21 5 -0.0003954544154442354
21 6 -0.001144091862591046
21 7 -0.002234596690436613
21 8 -0.0005174763433311143
21 9 0.0001309813986668636
21 10 0.0006785428524546048
21 11 -0.000277272065914989
21 12 0.004473951279254861
21 13 0.000282852353353133
21 14 0.001804740008135396
21 15 -0.0008946412747377218
21 16 -0.001495456184112541
21 17 0.0007667349448836601
21 18 -0.0001226231748389222
21 19 1.031130444811169e-05
21 20 -0.001102436849702596
21 21 0.01648300598334957
21 22 0.0008426507597259125
21 23 0.0004270991202298297
21 24 -0.0004379396622800774
22 0 -5.169383174795748e-05
22 1 -0.0001794415919972886
22 2 0.001361983110942276
22 3 0.0005822198552157894
22 4 -0.0001529551900980247
22 5 -0.0002820593085052891
22 6 4.839932142600807e-05
22 7 -0.006054596996751822
22 8 0.004154807284060121
22 9 3.919512864114408e-05
22 10 0.00234992276537552
22 11 -0.0006635143482023212
22 12 -0.001780375715523435
22 13 0.0007140280087078953
22 14 0.007416245185461327
22 15 -0.001995147522678257
22 16 0.000325146097022652
22 17 -1.954362727813188e-05
22 18 0.0004298425412574415
22 19 -7.815085443160812e-06
22 20 -0.0007444798351635256
22 21 0.0008426507597258896
22 22 0.01902806917732592
22 23 -0.0008579834193337603
22 24 -0.0004675432164600375
23 0 0.000374734848240046
23 1 -0.001899196225894411
23 2 -0.005466522396845881
23 3 0.001268409940133121
23 4 0.0009060375555201005
23 5 0.001545800127884891
23 6 -0.0002549164420636624
23 7 0.0008369361910137644
23 8 0.0007534464315504095
23 9 -0.005269473018728923
23 10 -0.006585190592184865
23 11 0.003179684977080169
23 12 0.0238461545577283
23 13 -0.0002845926556444357
23 14 0.0002622189437045856
23 15 -0.001823454346234277
23 16 0.0001882640875969778
23 17 0.001425179227327481
23 18 -0.001896818529232669
23 19 -0.005700340243386967
23 20 0.00391608809576927
23 21 0.0004270991202298322
23 22 -0.0008579834193337511
23 23 0.02187425162827148
23 24 0.001775926468964504
24 0 0.0002567823232633714
24 1 -0.0003675938602848296
24 2 -0.01059615623013132
24 3 0.003158672373849332
24 4 0.005260687943383155
24 5 0.002599516095977435
24 6 0.0003210543868716659
24 7 0.004615352015403117
24 8 0.006100199098107786
24 9 -0.01496612026328492
24 10 -0.01659206286291393
24 11 -0.006921880674537041
24 12 -0.006989612644091322
24 13 0.0003335715826479245
24 14 0.0002754483433388031
24 15 0.0005929127961123676
24 16 -0.001191863696976345
24 17 -0.003145498987506533
24 18 0.0002557923447167726
24 19 -0.0001867691556241665
24 20 0.004166516270816811
24 21 -0.0004379396622800662
24 22 -0.0004675432164600355
24 23 0.001775926468964479
24 24 0.02008228442066311
