000000000011111111111
000000000101111111111
000000000110111111111
000000000111011111111
000000000111101111111
000000000111110111111
000000000111111011111
000000000111111101111
000000000111111110111
000000000111111111011
000000000111111111101
000000000111111111110
000000001001111111111
000000001010111111111
000000001011011111111
000000001011101111111
000000001011110111111
000000001011111011111
000000001011111101111
000000001011111110111
000000001011111111011
000000001011111111101
000000001011111111110
000000001100111111111
000000001101011111111
000000001101101111111
000000001101110111111
000000001101111011111
000000001101111101111
000000001101111110111
000000001101111111011
000000001101111111101
000000001101111111110
000000001110011111111
000000001110101111111
000000001110110111111
000000001110111011111
000000001110111101111
000000001110111110111
000000001110111111011
000000001110111111101
000000001110111111110
000000001111001111111
000000001111010111111
000000001111011011111
000000001111011101111
000000001111011110111
000000001111011111011
000000001111011111101
000000001111011111110
000000001111100111111
000000001111101011111
000000001111101101111
000000001111101110111
000000001111101111011
000000001111101111101
000000001111101111110
000000001111110011111
000000001111110101111
000000001111110110111
000000001111110111011
000000001111110111101
000000001111110111110
000000001111111001111
000000001111111010111
000000001111111011011
000000001111111011101
000000001111111011110
000000001111111100111
000000001111111101011
000000001111111101101
000000001111111101110
000000001111111110011
000000001111111110101
000000001111111110110
000000001111111111001
000000001111111111010
000000001111111111100
000000010001111111111
000000010010111111111
000000010011011111111
000000010011101111111
000000010011110111111
000000010011111011111
000000010011111101111
000000010011111110111
000000010011111111011
000000010011111111101
000000010011111111110
000000010100111111111
000000010101011111111
000000010101101111111
000000010101110111111
000000010101111011111
000000010101111101111
000000010101111110111
000000010101111111011
000000010101111111101
000000010101111111110
000000010110011111111
000000010110101111111
000000010110110111111
000000010110111011111
000000010110111101111
000000010110111110111
000000010110111111011
000000010110111111101
000000010110111111110
000000010111001111111
000000010111010111111
000000010111011011111
000000010111011101111
000000010111011110111
000000010111011111011
000000010111011111101
000000010111011111110
000000010111100111111
000000010111101011111
000000010111101101111
000000010111101110111
000000010111101111011
000000010111101111101
000000010111101111110
000000010111110011111
000000010111110101111
000000010111110110111
000000010111110111011
000000010111110111101
000000010111110111110
000000010111111001111
000000010111111010111
000000010111111011011
000000010111111011101
000000010111111011110
000000010111111100111
000000010111111101011
000000010111111101101
000000010111111101110
000000010111111110011
000000010111111110101
000000010111111110110
000000010111111111001
000000010111111111010
000000010111111111100
000000011000111111111
000000011001011111111
000000011001101111111
000000011001110111111
000000011001111011111
000000011001111101111
000000011001111110111
000000011001111111011
000000011001111111101
000000011001111111110
000000011010011111111
000000011010101111111
000000011010110111111
000000011010111011111
000000011010111101111
000000011010111110111
000000011010111111011
000000011010111111101
000000011010111111110
000000011011001111111
000000011011010111111
000000011011011011111
000000011011011101111
000000011011011110111
000000011011011111011
000000011011011111101
000000011011011111110
000000011011100111111
000000011011101011111
000000011011101101111
000000011011101110111
000000011011101111011
000000011011101111101
000000011011101111110
000000011011110011111
000000011011110101111
000000011011110110111
000000011011110111011
000000011011110111101
000000011011110111110
000000011011111001111
000000011011111010111
000000011011111011011
000000011011111011101
000000011011111011110
000000011011111100111
000000011011111101011
000000011011111101101
000000011011111101110
000000011011111110011
000000011011111110101
000000011011111110110
000000011011111111001
000000011011111111010
000000011011111111100
000000011101101011111
000000011110101011111
000000011111001011111
000000011111100011111
000000011111101001111
000000011111101010111
000000011111101011011
000000011111101011101
000000011111101011110
000000100001111111111
000000100010111111111
000000100011011111111
000000100011101111111
000000100011110111111
000000100011111011111
000000100011111101111
000000100011111110111
000000100011111111011
000000100011111111101
000000100011111111110
000000100100111111111
000000100101011111111
000000100101101111111
000000100101110111111
000000100101111011111
000000100101111101111
000000100101111110111
000000100101111111011
000000100101111111101
000000100101111111110
000000100110011111111
000000100110101111111
000000100110110111111
000000100110111011111
000000100110111101111
000000100110111110111
000000100110111111011
000000100110111111101
000000100110111111110
000000100111001111111
000000100111010111111
000000100111011011111
000000100111011101111
000000100111011110111
000000100111011111011
000000100111011111101
000000100111011111110
000000100111100111111
000000100111101011111
000000100111101101111
000000100111101110111
000000100111101111011
000000100111101111101
000000100111101111110
000000100111110011111
000000100111110101111
000000100111110110111
000000100111110111011
000000100111110111101
000000100111110111110
000000100111111001111
000000100111111010111
000000100111111011011
000000100111111011101
000000100111111011110
000000100111111100111
000000100111111101011
000000100111111101101
000000100111111101110
000000100111111110011
000000100111111110101
000000100111111110110
000000100111111111001
000000100111111111010
000000100111111111100
000000101000111111111
000000101001011111111
000000101001101111111
000000101001110111111
000000101001111011111
000000101001111101111
000000101001111110111
000000101001111111011
000000101001111111101
000000101001111111110
000000101010011111111
000000101010101111111
000000101010110111111
000000101010111011111
000000101010111101111
000000101010111110111
000000101010111111011
000000101010111111101
000000101010111111110
000000101011001111111
000000101011010111111
000000101011011011111
000000101011011101111
000000101011011110111
000000101011011111011
000000101011011111101
000000101011011111110
000000101011100111111
000000101011101011111
000000101011101101111
000000101011101110111
000000101011101111011
000000101011101111101
000000101011101111110
000000101011110011111
000000101011110101111
000000101011110110111
000000101011110111011
000000101011110111101
000000101011110111110
000000101011111001111
000000101011111010111
000000101011111011011
000000101011111011101
000000101011111011110
000000101011111100111
000000101011111101011
000000101011111101101
000000101011111101110
000000101011111110011
000000101011111110101
000000101011111110110
000000101011111111001
000000101011111111010
000000101011111111100
000000101101101011111
000000101110101011111
000000101111001011111
000000101111100011111
000000101111101001111
000000101111101010111
000000101111101011011
000000101111101011101
000000101111101011110
000000110000111111111
000000110001011111111
000000110001101111111
000000110001110111111
000000110001111011111
000000110001111101111
000000110001111110111
000000110001111111011
000000110001111111101
000000110001111111110
000000110010011111111
000000110010101111111
000000110010110111111
000000110010111011111
000000110010111101111
000000110010111110111
000000110010111111011
000000110010111111101
000000110010111111110
000000110011001111111
000000110011010111111
000000110011011011111
000000110011011101111
000000110011011110111
000000110011011111011
000000110011011111101
000000110011011111110
000000110011100111111
000000110011101011111
000000110011101101111
000000110011101110111
000000110011101111011
000000110011101111101
000000110011101111110
000000110011110011111
000000110011110101111
000000110011110110111
000000110011110111011
000000110011110111101
000000110011110111110
000000110011111001111
000000110011111010111
000000110011111011011
000000110011111011101
000000110011111011110
000000110011111100111
000000110011111101011
000000110011111101101
000000110011111101110
000000110011111110011
000000110011111110101
000000110011111110110
000000110011111111001
000000110011111111010
000000110011111111100
000001000001111111111
000001000010111111111
000001000011011111111
000001000011101111111
000001000011110111111
000001000011111011111
000001000011111101111
000001000011111110111
000001000011111111011
000001000011111111101
000001000011111111110
000001000100111111111
000001000101011111111
000001000101101111111
000001000101110111111
000001000101111011111
000001000101111101111
000001000101111110111
000001000101111111011
000001000101111111101
000001000101111111110
000001000110011111111
000001000110101111111
000001000110110111111
000001000110111011111
000001000110111101111
000001000110111110111
000001000110111111011
000001000110111111101
000001000110111111110
000001000111001111111
000001000111010111111
000001000111011011111
000001000111011101111
000001000111011110111
000001000111011111011
000001000111011111101
000001000111011111110
000001000111100111111
000001000111101011111
000001000111101101111
000001000111101110111
000001000111101111011
000001000111101111101
000001000111101111110
000001000111110011111
000001000111110101111
000001000111110110111
000001000111110111011
000001000111110111101
000001000111110111110
000001000111111001111
000001000111111010111
000001000111111011011
000001000111111011101
000001000111111011110
000001000111111100111
000001000111111101011
000001000111111101101
000001000111111101110
000001000111111110011
000001000111111110101
000001000111111110110
000001000111111111001
000001000111111111010
000001000111111111100
000001001000111111111
000001001001011111111
000001001001101111111
000001001001110111111
000001001001111011111
000001001001111101111
000001001001111110111
000001001001111111011
000001001001111111101
000001001001111111110
000001001010011111111
000001001010101111111
000001001010110111111
000001001010111011111
000001001010111101111
000001001010111110111
000001001010111111011
000001001010111111101
000001001010111111110
000001001011001111111
000001001011010111111
000001001011011011111
000001001011011101111
000001001011011110111
000001001011011111011
000001001011011111101
000001001011011111110
000001001011100111111
000001001011101011111
000001001011101101111
000001001011101110111
000001001011101111011
000001001011101111101
000001001011101111110
000001001011110011111
000001001011110101111
000001001011110110111
000001001011110111011
000001001011110111101
000001001011110111110
000001001011111001111
000001001011111010111
000001001011111011011
000001001011111011101
000001001011111011110
000001001011111100111
000001001011111101011
000001001011111101101
000001001011111101110
000001001011111110011
000001001011111110101
000001001011111110110
000001001011111111001
000001001011111111010
000001001011111111100
000001001101101011111
000001001110101011111
000001001111001011111
000001001111100011111
000001001111101001111
000001001111101010111
000001001111101011011
000001001111101011101
000001001111101011110
000001010000111111111
000001010001011111111
000001010001101111111
000001010001110111111
000001010001111011111
000001010001111101111
000001010001111110111
000001010001111111011
000001010001111111101
000001010001111111110
000001010010011111111
000001010010101111111
000001010010110111111
000001010010111011111
000001010010111101111
000001010010111110111
000001010010111111011
000001010010111111101
000001010010111111110
000001010011001111111
000001010011010111111
000001010011011011111
000001010011011101111
000001010011011110111
000001010011011111011
000001010011011111101
000001010011011111110
000001010011100111111
000001010011101011111
000001010011101101111
000001010011101110111
000001010011101111011
000001010011101111101
000001010011101111110
000001010011110011111
000001010011110101111
000001010011110110111
000001010011110111011
000001010011110111101
000001010011110111110
000001010011111001111
000001010011111010111
000001010011111011011
000001010011111011101
000001010011111011110
000001010011111100111
000001010011111101011
000001010011111101101
000001010011111101110
000001010011111110011
000001010011111110101
000001010011111110110
000001010011111111001
000001010011111111010
000001010011111111100
000001011001101011111
000001011010101011111
000001011011001011111
000001011011100011111
000001011011101001111
000001011011101010111
000001011011101011011
000001011011101011101
000001011011101011110
000001100000111111111
000001100001011111111
000001100001101111111
000001100001110111111
000001100001111011111
000001100001111101111
000001100001111110111
000001100001111111011
000001100001111111101
000001100001111111110
000001100010011111111
000001100010101111111
000001100010110111111
000001100010111011111
000001100010111101111
000001100010111110111
000001100010111111011
000001100010111111101
000001100010111111110
000001100011001111111
000001100011010111111
000001100011011011111
000001100011011101111
000001100011011110111
000001100011011111011
000001100011011111101
000001100011011111110
000001100011100111111
000001100011101011111
000001100011101101111
000001100011101110111
000001100011101111011
000001100011101111101
000001100011101111110
000001100011110011111
000001100011110101111
000001100011110110111
000001100011110111011
000001100011110111101
000001100011110111110
000001100011111001111
000001100011111010111
000001100011111011011
000001100011111011101
000001100011111011110
000001100011111100111
000001100011111101011
000001100011111101101
000001100011111101110
000001100011111110011
000001100011111110101
000001100011111110110
000001100011111111001
000001100011111111010
000001100011111111100
000001101001101011111
000001101010101011111
000001101011001011111
000001101011100011111
000001101011101001111
000001101011101010111
000001101011101011011
000001101011101011101
000001101011101011110
000010000001111111111
000010000010111111111
000010000011011111111
000010000011101111111
000010000011110111111
000010000011111011111
000010000011111101111
000010000011111110111
000010000011111111011
000010000011111111101
000010000011111111110
000010000100111111111
000010000101011111111
000010000101101111111
000010000101110111111
000010000101111011111
000010000101111101111
000010000101111110111
000010000101111111011
000010000101111111101
000010000101111111110
000010000110011111111
000010000110101111111
000010000110110111111
000010000110111011111
000010000110111101111
000010000110111110111
000010000110111111011
000010000110111111101
000010000110111111110
000010000111001111111
000010000111010111111
000010000111011011111
000010000111011101111
000010000111011110111
000010000111011111011
000010000111011111101
000010000111011111110
000010000111100111111
000010000111101011111
000010000111101101111
000010000111101110111
000010000111101111011
000010000111101111101
000010000111101111110
000010000111110011111
000010000111110101111
000010000111110110111
000010000111110111011
000010000111110111101
000010000111110111110
000010000111111001111
000010000111111010111
000010000111111011011
000010000111111011101
000010000111111011110
000010000111111100111
000010000111111101011
000010000111111101101
000010000111111101110
000010000111111110011
000010000111111110101
000010000111111110110
000010000111111111001
000010000111111111010
000010000111111111100
000010001000111111111
000010001001011111111
000010001001101111111
000010001001110111111
000010001001111011111
000010001001111101111
000010001001111110111
000010001001111111011
000010001001111111101
000010001001111111110
000010001010011111111
000010001010101111111
000010001010110111111
000010001010111011111
000010001010111101111
000010001010111110111
000010001010111111011
000010001010111111101
000010001010111111110
000010001011001111111
000010001011010111111
000010001011011011111
000010001011011101111
000010001011011110111
000010001011011111011
000010001011011111101
000010001011011111110
000010001011100111111
000010001011101011111
000010001011101101111
000010001011101110111
000010001011101111011
000010001011101111101
000010001011101111110
000010001011110011111
000010001011110101111
000010001011110110111
000010001011110111011
000010001011110111101
000010001011110111110
000010001011111001111
000010001011111010111
000010001011111011011
000010001011111011101
000010001011111011110
000010001011111100111
000010001011111101011
000010001011111101101
000010001011111101110
000010001011111110011
000010001011111110101
000010001011111110110
000010001011111111001
000010001011111111010
000010001011111111100
000010001100011111111
000010001100101111111
000010001100110111111
000010001100111011111
000010001100111101111
000010001100111110111
000010001100111111011
000010001100111111101
000010001100111111110
000010001101001111111
000010001101100111111
000010001101101011111
000010001101101101111
000010001101101110111
000010001101101111011
000010001101101111101
000010001101101111110
000010001110101011111
000010001110101110111
000010001111001011111
000010001111001110111
000010001111100011111
000010001111100110111
000010001111101001111
000010001111101010111
000010001111101011011
000010001111101011101
000010001111101011110
000010001111101100111
000010001111101110011
000010001111101110101
000010001111101110110
000010010000111111111
000010010001011111111
000010010001101111111
000010010001110111111
000010010001111011111
000010010001111101111
000010010001111110111
000010010001111111011
000010010001111111101
000010010001111111110
000010010010011111111
000010010010101111111
000010010010110111111
000010010010111011111
000010010010111101111
000010010010111110111
000010010010111111011
000010010010111111101
000010010010111111110
000010010011001111111
000010010011010111111
000010010011011011111
000010010011011101111
000010010011011110111
000010010011011111011
000010010011011111101
000010010011011111110
000010010011100111111
000010010011101011111
000010010011101101111
000010010011101110111
000010010011101111011
000010010011101111101
000010010011101111110
000010010011110011111
000010010011110101111
000010010011110110111
000010010011110111011
000010010011110111101
000010010011110111110
000010010011111001111
000010010011111010111
000010010011111011011
000010010011111011101
000010010011111011110
000010010011111100111
000010010011111101011
000010010011111101101
000010010011111101110
000010010011111110011
000010010011111110101
000010010011111110110
000010010011111111001
000010010011111111010
000010010011111111100
000010010100011111111
000010010100101111111
000010010100110111111
000010010100111011111
000010010100111101111
000010010100111110111
000010010100111111011
000010010100111111101
000010010100111111110
000010010101001111111
000010010101100111111
000010010101101011111
000010010101101101111
000010010101101110111
000010010101101111011
000010010101101111101
000010010101101111110
000010011001101110111
000010011010101110111
000010011011001110111
000010011011100110111
000010011011101010111
000010011011101100111
000010011011101110011
000010011011101110101
000010011011101110110
000010100000111111111
000010100001011111111
000010100001101111111
000010100001110111111
000010100001111011111
000010100001111101111
000010100001111110111
000010100001111111011
000010100001111111101
000010100001111111110
000010100010011111111
000010100010101111111
000010100010110111111
000010100010111011111
000010100010111101111
000010100010111110111
000010100010111111011
000010100010111111101
000010100010111111110
000010100011001111111
000010100011010111111
000010100011011011111
000010100011011101111
000010100011011110111
000010100011011111011
000010100011011111101
000010100011011111110
000010100011100111111
000010100011101011111
000010100011101101111
000010100011101110111
000010100011101111011
000010100011101111101
000010100011101111110
000010100011110011111
000010100011110101111
000010100011110110111
000010100011110111011
000010100011110111101
000010100011110111110
000010100011111001111
000010100011111010111
000010100011111011011
000010100011111011101
000010100011111011110
000010100011111100111
000010100011111101011
000010100011111101101
000010100011111101110
000010100011111110011
000010100011111110101
000010100011111110110
000010100011111111001
000010100011111111010
000010100011111111100
000010100100011111111
000010100100101111111
000010100100110111111
000010100100111011111
000010100100111101111
000010100100111110111
000010100100111111011
000010100100111111101
000010100100111111110
000010100101001111111
000010100101100111111
000010100101101011111
000010100101101101111
000010100101101110111
000010100101101111011
000010100101101111101
000010100101101111110
000010101001101110111
000010101010101110111
000010101011001110111
000010101011100110111
000010101011101010111
000010101011101100111
000010101011101110011
000010101011101110101
000010101011101110110
000011000000111111111
000011000001011111111
000011000001101111111
000011000001110111111
000011000001111011111
000011000001111101111
000011000001111110111
000011000001111111011
000011000001111111101
000011000001111111110
000011000010011111111
000011000010101111111
000011000010110111111
000011000010111011111
000011000010111101111
000011000010111110111
000011000010111111011
000011000010111111101
000011000010111111110
000011000011001111111
000011000011010111111
000011000011011011111
000011000011011101111
000011000011011110111
000011000011011111011
000011000011011111101
000011000011011111110
000011000011100111111
000011000011101011111
000011000011101101111
000011000011101110111
000011000011101111011
000011000011101111101
000011000011101111110
000011000011110011111
000011000011110101111
000011000011110110111
000011000011110111011
000011000011110111101
000011000011110111110
000011000011111001111
000011000011111010111
000011000011111011011
000011000011111011101
000011000011111011110
000011000011111100111
000011000011111101011
000011000011111101101
000011000011111101110
000011000011111110011
000011000011111110101
000011000011111110110
000011000011111111001
000011000011111111010
000011000011111111100
000011000100011111111
000011000100101111111
000011000100110111111
000011000100111011111
000011000100111101111
000011000100111110111
000011000100111111011
000011000100111111101
000011000100111111110
000011000101001111111
000011000101100111111
000011000101101011111
000011000101101101111
000011000101101110111
000011000101101111011
000011000101101111101
000011000101101111110
000011000110101011111
000011000111001011111
000011000111100011111
000011000111101001111
000011000111101010111
000011000111101011011
000011000111101011101
000011000111101011110
000011001000101111111
000011001001001111111
000011001001100111111
000011001001101011111
000011001001101101111
000011001001101110111
000011001001101111011
000011001001101111101
000011001001101111110
000011001010101011111
000011001010101110111
000011001011001011111
000011001011001110111
000011001011100011111
000011001011100110111
000011001011101001111
000011001011101010111
000011001011101011011
000011001011101011101
000011001011101011110
000011001011101100111
000011001011101110011
000011001011101110101
000011001011101110110
000011010000101111111
000011010001001111111
000011010001100111111
000011010001101011111
000011010001101101111
000011010001101110111
000011010001101111011
000011010001101111101
000011010001101111110
000011010010101011111
000011010011001011111
000011010011100011111
000011010011101001111
000011010011101010111
000011010011101011011
000011010011101011101
000011010011101011110
000011100000101111111
000011100001001111111
000011100001100111111
000011100001101011111
000011100001101101111
000011100001101110111
000011100001101111011
000011100001101111101
000011100001101111110
000011100010101011111
000011100011001011111
000011100011100011111
000011100011101001111
000011100011101010111
000011100011101011011
000011100011101011101
000011100011101011110
000100000001111111111
000100000010111111111
000100000011011111111
000100000011101111111
000100000011110111111
000100000011111011111
000100000011111101111
000100000011111110111
000100000011111111011
000100000011111111101
000100000011111111110
000100000100111111111
000100000101011111111
000100000101101111111
000100000101110111111
000100000101111011111
000100000101111101111
000100000101111110111
000100000101111111011
000100000101111111101
000100000101111111110
000100000110011111111
000100000110101111111
000100000110110111111
000100000110111011111
000100000110111101111
000100000110111110111
000100000110111111011
000100000110111111101
000100000110111111110
000100000111001111111
000100000111010111111
000100000111011011111
000100000111011101111
000100000111011110111
000100000111011111011
000100000111011111101
000100000111011111110
000100000111100111111
000100000111101011111
000100000111101101111
000100000111101110111
000100000111101111011
000100000111101111101
000100000111101111110
000100000111110011111
000100000111110101111
000100000111110110111
000100000111110111011
000100000111110111101
000100000111110111110
000100000111111001111
000100000111111010111
000100000111111011011
000100000111111011101
000100000111111011110
000100000111111100111
000100000111111101011
000100000111111101101
000100000111111101110
000100000111111110011
000100000111111110101
000100000111111110110
000100000111111111001
000100000111111111010
000100000111111111100
000100001000111111111
000100001001011111111
000100001001101111111
000100001001110111111
000100001001111011111
000100001001111101111
000100001001111110111
000100001001111111011
000100001001111111101
000100001001111111110
000100001010011111111
000100001010101111111
000100001010110111111
000100001010111011111
000100001010111101111
000100001010111110111
000100001010111111011
000100001010111111101
000100001010111111110
000100001011001111111
000100001011010111111
000100001011011011111
000100001011011101111
000100001011011110111
000100001011011111011
000100001011011111101
000100001011011111110
000100001011100111111
000100001011101011111
000100001011101101111
000100001011101110111
000100001011101111011
000100001011101111101
000100001011101111110
000100001011110011111
000100001011110101111
000100001011110110111
000100001011110111011
000100001011110111101
000100001011110111110
000100001011111001111
000100001011111010111
000100001011111011011
000100001011111011101
000100001011111011110
000100001011111100111
000100001011111101011
000100001011111101101
000100001011111101110
000100001011111110011
000100001011111110101
000100001011111110110
000100001011111111001
000100001011111111010
000100001011111111100
000100001101101011111
000100001110101011111
000100001111001011111
000100001111100011111
000100001111101001111
000100001111101010111
000100001111101011011
000100001111101011101
000100001111101011110
000100010000111111111
000100010001011111111
000100010001101111111
000100010001110111111
000100010001111011111
000100010001111101111
000100010001111110111
000100010001111111011
000100010001111111101
000100010001111111110
000100010010011111111
000100010010101111111
000100010010110111111
000100010010111011111
000100010010111101111
000100010010111110111
000100010010111111011
000100010010111111101
000100010010111111110
000100010011001111111
000100010011010111111
000100010011011011111
000100010011011101111
000100010011011110111
000100010011011111011
000100010011011111101
000100010011011111110
000100010011100111111
000100010011101011111
000100010011101101111
000100010011101110111
000100010011101111011
000100010011101111101
000100010011101111110
000100010011110011111
000100010011110101111
000100010011110110111
000100010011110111011
000100010011110111101
000100010011110111110
000100010011111001111
000100010011111010111
000100010011111011011
000100010011111011101
000100010011111011110
000100010011111100111
000100010011111101011
000100010011111101101
000100010011111101110
000100010011111110011
000100010011111110101
000100010011111110110
000100010011111111001
000100010011111111010
000100010011111111100
000100100000111111111
000100100001011111111
000100100001101111111
000100100001110111111
000100100001111011111
000100100001111101111
000100100001111110111
000100100001111111011
000100100001111111101
000100100001111111110
000100100010011111111
000100100010101111111
000100100010110111111
000100100010111011111
000100100010111101111
000100100010111110111
000100100010111111011
000100100010111111101
000100100010111111110
000100100011001111111
000100100011010111111
000100100011011011111
000100100011011101111
000100100011011110111
000100100011011111011
000100100011011111101
000100100011011111110
000100100011100111111
000100100011101011111
000100100011101101111
000100100011101110111
000100100011101111011
000100100011101111101
000100100011101111110
000100100011110011111
000100100011110101111
000100100011110110111
000100100011110111011
000100100011110111101
000100100011110111110
000100100011111001111
000100100011111010111
000100100011111011011
000100100011111011101
000100100011111011110
000100100011111100111
000100100011111101011
000100100011111101101
000100100011111101110
000100100011111110011
000100100011111110101
000100100011111110110
000100100011111111001
000100100011111111010
000100100011111111100
000101000000111111111
000101000001011111111
000101000001101111111
000101000001110111111
000101000001111011111
000101000001111101111
000101000001111110111
000101000001111111011
000101000001111111101
000101000001111111110
000101000010011111111
000101000010101111111
000101000010110111111
000101000010111011111
000101000010111101111
000101000010111110111
000101000010111111011
000101000010111111101
000101000010111111110
000101000011001111111
000101000011010111111
000101000011011011111
000101000011011101111
000101000011011110111
000101000011011111011
000101000011011111101
000101000011011111110
000101000011100111111
000101000011101011111
000101000011101101111
000101000011101110111
000101000011101111011
000101000011101111101
000101000011101111110
000101000011110011111
000101000011110101111
000101000011110110111
000101000011110111011
000101000011110111101
000101000011110111110
000101000011111001111
000101000011111010111
000101000011111011011
000101000011111011101
000101000011111011110
000101000011111100111
000101000011111101011
000101000011111101101
000101000011111101110
000101000011111110011
000101000011111110101
000101000011111110110
000101000011111111001
000101000011111111010
000101000011111111100
000101001001101011111
000101001010101011111
000101001011001011111
000101001011100011111
000101001011101001111
000101001011101010111
000101001011101011011
000101001011101011101
000101001011101011110
000110000000111111111
000110000001011111111
000110000001101111111
000110000001110111111
000110000001111011111
000110000001111101111
000110000001111110111
000110000001111111011
000110000001111111101
000110000001111111110
000110000010011111111
000110000010101111111
000110000010110111111
000110000010111011111
000110000010111101111
000110000010111110111
000110000010111111011
000110000010111111101
000110000010111111110
000110000011001111111
000110000011010111111
000110000011011011111
000110000011011101111
000110000011011110111
000110000011011111011
000110000011011111101
000110000011011111110
000110000011100111111
000110000011101011111
000110000011101101111
000110000011101110111
000110000011101111011
000110000011101111101
000110000011101111110
000110000011110011111
000110000011110101111
000110000011110110111
000110000011110111011
000110000011110111101
000110000011110111110
000110000011111001111
000110000011111010111
000110000011111011011
000110000011111011101
000110000011111011110
000110000011111100111
000110000011111101011
000110000011111101101
000110000011111101110
000110000011111110011
000110000011111110101
000110000011111110110
000110000011111111001
000110000011111111010
000110000011111111100
000110000100011111111
000110000100101111111
000110000100110111111
000110000100111011111
000110000100111101111
000110000100111110111
000110000100111111011
000110000100111111101
000110000100111111110
000110000101001111111
000110000101100111111
000110000101101011111
000110000101101101111
000110000101101110111
000110000101101111011
000110000101101111101
000110000101101111110
000110001001101110111
000110001010101110111
000110001011001110111
000110001011100110111
000110001011101010111
000110001011101100111
000110001011101110011
000110001011101110101
000110001011101110110
000111000000101111111
000111000001001111111
000111000001100111111
000111000001101011111
000111000001101101111
000111000001101110111
000111000001101111011
000111000001101111101
000111000001101111110
000111000010101011111
000111000011001011111
000111000011100011111
000111000011101001111
000111000011101010111
000111000011101011011
000111000011101011101
000111000011101011110
001000000001111111111
001000000010111111111
001000000011011111111
001000000011101111111
001000000011110111111
001000000011111011111
001000000011111101111
001000000011111110111
001000000011111111011
001000000011111111101
001000000011111111110
001000000100111111111
001000000101011111111
001000000101101111111
001000000101110111111
001000000101111011111
001000000101111101111
001000000101111110111
001000000101111111011
001000000101111111101
001000000101111111110
001000000110011111111
001000000110101111111
001000000110110111111
001000000110111011111
001000000110111101111
001000000110111110111
001000000110111111011
001000000110111111101
001000000110111111110
001000000111001111111
001000000111010111111
001000000111011011111
001000000111011101111
001000000111011110111
001000000111011111011
001000000111011111101
001000000111011111110
001000000111100111111
001000000111101011111
001000000111101101111
001000000111101110111
001000000111101111011
001000000111101111101
001000000111101111110
001000000111110011111
001000000111110101111
001000000111110110111
001000000111110111011
001000000111110111101
001000000111110111110
001000000111111001111
001000000111111010111
001000000111111011011
001000000111111011101
001000000111111011110
001000000111111100111
001000000111111101011
001000000111111101101
001000000111111101110
001000000111111110011
001000000111111110101
001000000111111110110
001000000111111111001
001000000111111111010
001000000111111111100
001000001000111111111
001000001001011111111
001000001001101111111
001000001001110111111
001000001001111011111
001000001001111101111
001000001001111110111
001000001001111111011
001000001001111111101
001000001001111111110
001000001010011111111
001000001010101111111
001000001010110111111
001000001010111011111
001000001010111101111
001000001010111110111
001000001010111111011
001000001010111111101
001000001010111111110
001000001011001111111
001000001011010111111
001000001011011011111
001000001011011101111
001000001011011110111
001000001011011111011
001000001011011111101
001000001011011111110
001000001011100111111
001000001011101011111
001000001011101101111
001000001011101110111
001000001011101111011
001000001011101111101
001000001011101111110
001000001011110011111
001000001011110101111
001000001011110110111
001000001011110111011
001000001011110111101
001000001011110111110
001000001011111001111
001000001011111010111
001000001011111011011
001000001011111011101
001000001011111011110
001000001011111100111
001000001011111101011
001000001011111101101
001000001011111101110
001000001011111110011
001000001011111110101
001000001011111110110
001000001011111111001
001000001011111111010
001000001011111111100
001000001101101011111
001000001110101011111
001000001111001011111
001000001111100011111
001000001111101001111
001000001111101010111
001000001111101011011
001000001111101011101
001000001111101011110
001000010000111111111
001000010001011111111
001000010001101111111
001000010001110111111
001000010001111011111
001000010001111101111
001000010001111110111
001000010001111111011
001000010001111111101
001000010001111111110
001000010010011111111
001000010010101111111
001000010010110111111
001000010010111011111
001000010010111101111
001000010010111110111
001000010010111111011
001000010010111111101
001000010010111111110
001000010011001111111
001000010011010111111
001000010011011011111
001000010011011101111
001000010011011110111
001000010011011111011
001000010011011111101
001000010011011111110
001000010011100111111
001000010011101011111
001000010011101101111
001000010011101110111
001000010011101111011
001000010011101111101
001000010011101111110
001000010011110011111
001000010011110101111
001000010011110110111
001000010011110111011
001000010011110111101
001000010011110111110
001000010011111001111
001000010011111010111
001000010011111011011
001000010011111011101
001000010011111011110
001000010011111100111
001000010011111101011
001000010011111101101
001000010011111101110
001000010011111110011
001000010011111110101
001000010011111110110
001000010011111111001
001000010011111111010
001000010011111111100
001000100000111111111
001000100001011111111
001000100001101111111
001000100001110111111
001000100001111011111
001000100001111101111
001000100001111110111
001000100001111111011
001000100001111111101
001000100001111111110
001000100010011111111
001000100010101111111
001000100010110111111
001000100010111011111
001000100010111101111
001000100010111110111
001000100010111111011
001000100010111111101
001000100010111111110
001000100011001111111
001000100011010111111
001000100011011011111
001000100011011101111
001000100011011110111
001000100011011111011
001000100011011111101
001000100011011111110
001000100011100111111
001000100011101011111
001000100011101101111
001000100011101110111
001000100011101111011
001000100011101111101
001000100011101111110
001000100011110011111
001000100011110101111
001000100011110110111
001000100011110111011
001000100011110111101
001000100011110111110
001000100011111001111
001000100011111010111
001000100011111011011
001000100011111011101
001000100011111011110
001000100011111100111
001000100011111101011
001000100011111101101
001000100011111101110
001000100011111110011
001000100011111110101
001000100011111110110
001000100011111111001
001000100011111111010
001000100011111111100
001001000000111111111
001001000001011111111
001001000001101111111
001001000001110111111
001001000001111011111
001001000001111101111
001001000001111110111
001001000001111111011
001001000001111111101
001001000001111111110
001001000010011111111
001001000010101111111
001001000010110111111
001001000010111011111
001001000010111101111
001001000010111110111
001001000010111111011
001001000010111111101
001001000010111111110
001001000011001111111
001001000011010111111
001001000011011011111
001001000011011101111
001001000011011110111
001001000011011111011
001001000011011111101
001001000011011111110
001001000011100111111
001001000011101011111
001001000011101101111
001001000011101110111
001001000011101111011
001001000011101111101
001001000011101111110
001001000011110011111
001001000011110101111
001001000011110110111
001001000011110111011
001001000011110111101
001001000011110111110
001001000011111001111
001001000011111010111
001001000011111011011
001001000011111011101
001001000011111011110
001001000011111100111
001001000011111101011
001001000011111101101
001001000011111101110
001001000011111110011
001001000011111110101
001001000011111110110
001001000011111111001
001001000011111111010
001001000011111111100
001001001001101011111
001001001010101011111
001001001011001011111
001001001011100011111
001001001011101001111
001001001011101010111
001001001011101011011
001001001011101011101
001001001011101011110
001010000000111111111
001010000001011111111
001010000001101111111
001010000001110111111
001010000001111011111
001010000001111101111
001010000001111110111
001010000001111111011
001010000001111111101
001010000001111111110
001010000010011111111
001010000010101111111
001010000010110111111
001010000010111011111
001010000010111101111
001010000010111110111
001010000010111111011
001010000010111111101
001010000010111111110
001010000011001111111
001010000011010111111
001010000011011011111
001010000011011101111
001010000011011110111
001010000011011111011
001010000011011111101
001010000011011111110
001010000011100111111
001010000011101011111
001010000011101101111
001010000011101110111
001010000011101111011
001010000011101111101
001010000011101111110
001010000011110011111
001010000011110101111
001010000011110110111
001010000011110111011
001010000011110111101
001010000011110111110
001010000011111001111
001010000011111010111
001010000011111011011
001010000011111011101
001010000011111011110
001010000011111100111
001010000011111101011
001010000011111101101
001010000011111101110
001010000011111110011
001010000011111110101
001010000011111110110
001010000011111111001
001010000011111111010
001010000011111111100
001010000100011111111
001010000100101111111
001010000100110111111
001010000100111011111
001010000100111101111
001010000100111110111
001010000100111111011
001010000100111111101
001010000100111111110
001010000101001111111
001010000101100111111
001010000101101011111
001010000101101101111
001010000101101110111
001010000101101111011
001010000101101111101
001010000101101111110
001010001001101110111
001010001010101110111
001010001011001110111
001010001011100110111
001010001011101010111
001010001011101100111
001010001011101110011
001010001011101110101
001010001011101110110
001011000000101111111
001011000001001111111
001011000001100111111
001011000001101011111
001011000001101101111
001011000001101110111
001011000001101111011
001011000001101111101
001011000001101111110
001011000010101011111
001011000011001011111
001011000011100011111
001011000011101001111
001011000011101010111
001011000011101011011
001011000011101011101
001011000011101011110
001100000000111111111
001100000001011111111
001100000001101111111
001100000001110111111
001100000001111011111
001100000001111101111
001100000001111110111
001100000001111111011
001100000001111111101
001100000001111111110
001100000010011111111
001100000010101111111
001100000010110111111
001100000010111011111
001100000010111101111
001100000010111110111
001100000010111111011
001100000010111111101
001100000010111111110
001100000011001111111
001100000011010111111
001100000011011011111
001100000011011101111
001100000011011110111
001100000011011111011
001100000011011111101
001100000011011111110
001100000011100111111
001100000011101011111
001100000011101101111
001100000011101110111
001100000011101111011
001100000011101111101
001100000011101111110
001100000011110011111
001100000011110101111
001100000011110110111
001100000011110111011
001100000011110111101
001100000011110111110
001100000011111001111
001100000011111010111
001100000011111011011
001100000011111011101
001100000011111011110
001100000011111100111
001100000011111101011
001100000011111101101
001100000011111101110
001100000011111110011
001100000011111110101
001100000011111110110
001100000011111111001
001100000011111111010
001100000011111111100
010000000001111111111
010000000010111111111
010000000011011111111
010000000011101111111
010000000011110111111
010000000011111011111
010000000011111101111
010000000011111110111
010000000011111111011
010000000011111111101
010000000011111111110
010000000100111111111
010000000101011111111
010000000101101111111
010000000101110111111
010000000101111011111
010000000101111101111
010000000101111110111
010000000101111111011
010000000101111111101
010000000101111111110
010000000110011111111
010000000110101111111
010000000110110111111
010000000110111011111
010000000110111101111
010000000110111110111
010000000110111111011
010000000110111111101
010000000110111111110
010000000111001111111
010000000111010111111
010000000111011011111
010000000111011101111
010000000111011110111
010000000111011111011
010000000111011111101
010000000111011111110
010000000111100111111
010000000111101011111
010000000111101101111
010000000111101110111
010000000111101111011
010000000111101111101
010000000111101111110
010000000111110011111
010000000111110101111
010000000111110110111
010000000111110111011
010000000111110111101
010000000111110111110
010000000111111001111
010000000111111010111
010000000111111011011
010000000111111011101
010000000111111011110
010000000111111100111
010000000111111101011
010000000111111101101
010000000111111101110
010000000111111110011
010000000111111110101
010000000111111110110
010000000111111111001
010000000111111111010
010000000111111111100
010000001000111111111
010000001001011111111
010000001001101111111
010000001001110111111
010000001001111011111
010000001001111101111
010000001001111110111
010000001001111111011
010000001001111111101
010000001001111111110
010000001010011111111
010000001010101111111
010000001010110111111
010000001010111011111
010000001010111101111
010000001010111110111
010000001010111111011
010000001010111111101
010000001010111111110
010000001011001111111
010000001011010111111
010000001011011011111
010000001011011101111
010000001011011110111
010000001011011111011
010000001011011111101
010000001011011111110
010000001011100111111
010000001011101011111
010000001011101101111
010000001011101110111
010000001011101111011
010000001011101111101
010000001011101111110
010000001011110011111
010000001011110101111
010000001011110110111
010000001011110111011
010000001011110111101
010000001011110111110
010000001011111001111
010000001011111010111
010000001011111011011
010000001011111011101
010000001011111011110
010000001011111100111
010000001011111101011
010000001011111101101
010000001011111101110
010000001011111110011
010000001011111110101
010000001011111110110
010000001011111111001
010000001011111111010
010000001011111111100
010000001101101011111
010000001110101011111
010000001111001011111
010000001111100011111
010000001111101001111
010000001111101010111
010000001111101011011
010000001111101011101
010000001111101011110
010000010000111111111
010000010001011111111
010000010001101111111
010000010001110111111
010000010001111011111
010000010001111101111
010000010001111110111
010000010001111111011
010000010001111111101
010000010001111111110
010000010010011111111
010000010010101111111
010000010010110111111
010000010010111011111
010000010010111101111
010000010010111110111
010000010010111111011
010000010010111111101
010000010010111111110
010000010011001111111
010000010011010111111
010000010011011011111
010000010011011101111
010000010011011110111
010000010011011111011
010000010011011111101
010000010011011111110
010000010011100111111
010000010011101011111
010000010011101101111
010000010011101110111
010000010011101111011
010000010011101111101
010000010011101111110
010000010011110011111
010000010011110101111
010000010011110110111
010000010011110111011
010000010011110111101
010000010011110111110
010000010011111001111
010000010011111010111
010000010011111011011
010000010011111011101
010000010011111011110
010000010011111100111
010000010011111101011
010000010011111101101
010000010011111101110
010000010011111110011
010000010011111110101
010000010011111110110
010000010011111111001
010000010011111111010
010000010011111111100
010000100000111111111
010000100001011111111
010000100001101111111
010000100001110111111
010000100001111011111
010000100001111101111
010000100001111110111
010000100001111111011
010000100001111111101
010000100001111111110
010000100010011111111
010000100010101111111
010000100010110111111
010000100010111011111
010000100010111101111
010000100010111110111
010000100010111111011
010000100010111111101
010000100010111111110
010000100011001111111
010000100011010111111
010000100011011011111
010000100011011101111
010000100011011110111
010000100011011111011
010000100011011111101
010000100011011111110
010000100011100111111
010000100011101011111
010000100011101101111
010000100011101110111
010000100011101111011
010000100011101111101
010000100011101111110
010000100011110011111
010000100011110101111
010000100011110110111
010000100011110111011
010000100011110111101
010000100011110111110
010000100011111001111
010000100011111010111
010000100011111011011
010000100011111011101
010000100011111011110
010000100011111100111
010000100011111101011
010000100011111101101
010000100011111101110
010000100011111110011
010000100011111110101
010000100011111110110
010000100011111111001
010000100011111111010
010000100011111111100
010001000000111111111
010001000001011111111
010001000001101111111
010001000001110111111
010001000001111011111
010001000001111101111
010001000001111110111
010001000001111111011
010001000001111111101
010001000001111111110
010001000010011111111
010001000010101111111
010001000010110111111
010001000010111011111
010001000010111101111
010001000010111110111
010001000010111111011
010001000010111111101
010001000010111111110
010001000011001111111
010001000011010111111
010001000011011011111
010001000011011101111
010001000011011110111
010001000011011111011
010001000011011111101
010001000011011111110
010001000011100111111
010001000011101011111
010001000011101101111
010001000011101110111
010001000011101111011
010001000011101111101
010001000011101111110
010001000011110011111
010001000011110101111
010001000011110110111
010001000011110111011
010001000011110111101
010001000011110111110
010001000011111001111
010001000011111010111
010001000011111011011
010001000011111011101
010001000011111011110
010001000011111100111
010001000011111101011
010001000011111101101
010001000011111101110
010001000011111110011
010001000011111110101
010001000011111110110
010001000011111111001
010001000011111111010
010001000011111111100
010001000101101111011
010001000110101111011
010001000111001111011
010001000111100111011
010001000111101011011
010001000111101101011
010001000111101110011
010001000111101111001
010001000111101111010
010001001001101011111
010001001001101111011
010001001010101011111
010001001010101111011
010001001011001011111
010001001011001111011
010001001011100011111
010001001011100111011
010001001011101001111
010001001011101010111
010001001011101011011
010001001011101011101
010001001011101011110
010001001011101101011
010001001011101110011
010001001011101111001
010001001011101111010
010001010001101111011
010001010010101111011
010001010011001111011
010001010011100111011
010001010011101011011
010001010011101101011
010001010011101110011
010001010011101111001
010001010011101111010
010001100001101111011
010001100010101111011
010001100011001111011
010001100011100111011
010001100011101011011
010001100011101101011
010001100011101110011
010001100011101111001
010001100011101111010
010010000000111111111
010010000001011111111
010010000001101111111
010010000001110111111
010010000001111011111
010010000001111101111
010010000001111110111
010010000001111111011
010010000001111111101
010010000001111111110
010010000010011111111
010010000010101111111
010010000010110111111
010010000010111011111
010010000010111101111
010010000010111110111
010010000010111111011
010010000010111111101
010010000010111111110
010010000011001111111
010010000011010111111
010010000011011011111
010010000011011101111
010010000011011110111
010010000011011111011
010010000011011111101
010010000011011111110
010010000011100111111
010010000011101011111
010010000011101101111
010010000011101110111
010010000011101111011
010010000011101111101
010010000011101111110
010010000011110011111
010010000011110101111
010010000011110110111
010010000011110111011
010010000011110111101
010010000011110111110
010010000011111001111
010010000011111010111
010010000011111011011
010010000011111011101
010010000011111011110
010010000011111100111
010010000011111101011
010010000011111101101
010010000011111101110
010010000011111110011
010010000011111110101
010010000011111110110
010010000011111111001
010010000011111111010
010010000011111111100
010010000100011111111
010010000100101111111
010010000100110111111
010010000100111011111
010010000100111101111
010010000100111110111
010010000100111111011
010010000100111111101
010010000100111111110
010010000101001111111
010010000101100111111
010010000101101011111
010010000101101101111
010010000101101110111
010010000101101111011
010010000101101111101
010010000101101111110
010010001001101110111
010010001010101110111
010010001011001110111
010010001011100110111
010010001011101010111
010010001011101100111
010010001011101110011
010010001011101110101
010010001011101110110
010011000000101111111
010011000001001111111
010011000001100111111
010011000001101011111
010011000001101101111
010011000001101110111
010011000001101111011
010011000001101111101
010011000001101111110
010011000010101011111
010011000010101111011
010011000011001011111
010011000011001111011
010011000011100011111
010011000011100111011
010011000011101001111
010011000011101010111
010011000011101011011
010011000011101011101
010011000011101011110
010011000011101101011
010011000011101110011
010011000011101111001
010011000011101111010
010100000000111111111
010100000001011111111
010100000001101111111
010100000001110111111
010100000001111011111
010100000001111101111
010100000001111110111
010100000001111111011
010100000001111111101
010100000001111111110
010100000010011111111
010100000010101111111
010100000010110111111
010100000010111011111
010100000010111101111
010100000010111110111
010100000010111111011
010100000010111111101
010100000010111111110
010100000011001111111
010100000011010111111
010100000011011011111
010100000011011101111
010100000011011110111
010100000011011111011
010100000011011111101
010100000011011111110
010100000011100111111
010100000011101011111
010100000011101101111
010100000011101110111
010100000011101111011
010100000011101111101
010100000011101111110
010100000011110011111
010100000011110101111
010100000011110110111
010100000011110111011
010100000011110111101
010100000011110111110
010100000011111001111
010100000011111010111
010100000011111011011
010100000011111011101
010100000011111011110
010100000011111100111
010100000011111101011
010100000011111101101
010100000011111101110
010100000011111110011
010100000011111110101
010100000011111110110
010100000011111111001
010100000011111111010
010100000011111111100
010101000001101111011
010101000010101111011
010101000011001111011
010101000011100111011
010101000011101011011
010101000011101101011
010101000011101110011
010101000011101111001
010101000011101111010
011000000000111111111
011000000001011111111
011000000001101111111
011000000001110111111
011000000001111011111
011000000001111101111
011000000001111110111
011000000001111111011
011000000001111111101
011000000001111111110
011000000010011111111
011000000010101111111
011000000010110111111
011000000010111011111
011000000010111101111
011000000010111110111
011000000010111111011
011000000010111111101
011000000010111111110
011000000011001111111
011000000011010111111
011000000011011011111
011000000011011101111
011000000011011110111
011000000011011111011
011000000011011111101
011000000011011111110
011000000011100111111
011000000011101011111
011000000011101101111
011000000011101110111
011000000011101111011
011000000011101111101
011000000011101111110
011000000011110011111
011000000011110101111
011000000011110110111
011000000011110111011
011000000011110111101
011000000011110111110
011000000011111001111
011000000011111010111
011000000011111011011
011000000011111011101
011000000011111011110
011000000011111100111
011000000011111101011
011000000011111101101
011000000011111101110
011000000011111110011
011000000011111110101
011000000011111110110
011000000011111111001
011000000011111111010
011000000011111111100
011001000001101111011
011001000010101111011
011001000011001111011
011001000011100111011
011001000011101011011
011001000011101101011
011001000011101110011
011001000011101111001
011001000011101111010
100000000001111111111
100000000010111111111
100000000011011111111
100000000011101111111
100000000011110111111
100000000011111011111
100000000011111101111
100000000011111110111
100000000011111111011
100000000011111111101
100000000011111111110
100000000100111111111
100000000101011111111
100000000101101111111
100000000101110111111
100000000101111011111
100000000101111101111
100000000101111110111
100000000101111111011
100000000101111111101
100000000101111111110
100000000110011111111
100000000110101111111
100000000110110111111
100000000110111011111
100000000110111101111
100000000110111110111
100000000110111111011
100000000110111111101
100000000110111111110
100000000111001111111
100000000111010111111
100000000111011011111
100000000111011101111
100000000111011110111
100000000111011111011
100000000111011111101
100000000111011111110
100000000111100111111
100000000111101011111
100000000111101101111
100000000111101110111
100000000111101111011
100000000111101111101
100000000111101111110
100000000111110011111
100000000111110101111
100000000111110110111
100000000111110111011
100000000111110111101
100000000111110111110
100000000111111001111
100000000111111010111
100000000111111011011
100000000111111011101
100000000111111011110
100000000111111100111
100000000111111101011
100000000111111101101
100000000111111101110
100000000111111110011
100000000111111110101
100000000111111110110
100000000111111111001
100000000111111111010
100000000111111111100
100000001000111111111
100000001001011111111
100000001001101111111
100000001001110111111
100000001001111011111
100000001001111101111
100000001001111110111
100000001001111111011
100000001001111111101
100000001001111111110
100000001010011111111
100000001010101111111
100000001010110111111
100000001010111011111
100000001010111101111
100000001010111110111
100000001010111111011
100000001010111111101
100000001010111111110
100000001011001111111
100000001011010111111
100000001011011011111
100000001011011101111
100000001011011110111
100000001011011111011
100000001011011111101
100000001011011111110
100000001011100111111
100000001011101011111
100000001011101101111
100000001011101110111
100000001011101111011
100000001011101111101
100000001011101111110
100000001011110011111
100000001011110101111
100000001011110110111
100000001011110111011
100000001011110111101
100000001011110111110
100000001011111001111
100000001011111010111
100000001011111011011
100000001011111011101
100000001011111011110
100000001011111100111
100000001011111101011
100000001011111101101
100000001011111101110
100000001011111110011
100000001011111110101
100000001011111110110
100000001011111111001
100000001011111111010
100000001011111111100
100000001101101011111
100000001101101101111
100000001110101011111
100000001110101101111
100000001111001011111
100000001111001101111
100000001111100011111
100000001111100101111
100000001111101001111
100000001111101010111
100000001111101011011
100000001111101011101
100000001111101011110
100000001111101100111
100000001111101101011
100000001111101101101
100000001111101101110
100000010000111111111
100000010001011111111
100000010001101111111
100000010001110111111
100000010001111011111
100000010001111101111
100000010001111110111
100000010001111111011
100000010001111111101
100000010001111111110
100000010010011111111
100000010010101111111
100000010010110111111
100000010010111011111
100000010010111101111
100000010010111110111
100000010010111111011
100000010010111111101
100000010010111111110
100000010011001111111
100000010011010111111
100000010011011011111
100000010011011101111
100000010011011110111
100000010011011111011
100000010011011111101
100000010011011111110
100000010011100111111
100000010011101011111
100000010011101101111
100000010011101110111
100000010011101111011
100000010011101111101
100000010011101111110
100000010011110011111
100000010011110101111
100000010011110110111
100000010011110111011
100000010011110111101
100000010011110111110
100000010011111001111
100000010011111010111
100000010011111011011
100000010011111011101
100000010011111011110
100000010011111100111
100000010011111101011
100000010011111101101
100000010011111101110
100000010011111110011
100000010011111110101
100000010011111110110
100000010011111111001
100000010011111111010
100000010011111111100
100000010101011101111
100000010110011101111
100000010111001101111
100000010111010101111
100000010111011001111
100000010111011100111
100000010111011101011
100000010111011101101
100000010111011101110
100000011001011101111
100000011001101101111
100000011010011101111
100000011010101101111
100000011011001101111
100000011011010101111
100000011011011001111
100000011011011100111
100000011011011101011
100000011011011101101
100000011011011101110
100000011011100101111
100000011011101001111
100000011011101100111
100000011011101101011
100000011011101101101
100000011011101101110
100000100000111111111
100000100001011111111
100000100001101111111
100000100001110111111
100000100001111011111
100000100001111101111
100000100001111110111
100000100001111111011
100000100001111111101
100000100001111111110
100000100010011111111
100000100010101111111
100000100010110111111
100000100010111011111
100000100010111101111
100000100010111110111
100000100010111111011
100000100010111111101
100000100010111111110
100000100011001111111
100000100011010111111
100000100011011011111
100000100011011101111
100000100011011110111
100000100011011111011
100000100011011111101
100000100011011111110
100000100011100111111
100000100011101011111
100000100011101101111
100000100011101110111
100000100011101111011
100000100011101111101
100000100011101111110
100000100011110011111
100000100011110101111
100000100011110110111
100000100011110111011
100000100011110111101
100000100011110111110
100000100011111001111
100000100011111010111
100000100011111011011
100000100011111011101
100000100011111011110
100000100011111100111
100000100011111101011
100000100011111101101
100000100011111101110
100000100011111110011
100000100011111110101
100000100011111110110
100000100011111111001
100000100011111111010
100000100011111111100
100000101001101101111
100000101010101101111
100000101011001101111
100000101011100101111
100000101011101001111
100000101011101100111
100000101011101101011
100000101011101101101
100000101011101101110
100000110001011101111
100000110010011101111
100000110011001101111
100000110011010101111
100000110011011001111
100000110011011100111
100000110011011101011
100000110011011101101
100000110011011101110
100001000000111111111
100001000001011111111
100001000001101111111
100001000001110111111
100001000001111011111
100001000001111101111
100001000001111110111
100001000001111111011
100001000001111111101
100001000001111111110
100001000010011111111
100001000010101111111
100001000010110111111
100001000010111011111
100001000010111101111
100001000010111110111
100001000010111111011
100001000010111111101
100001000010111111110
100001000011001111111
100001000011010111111
100001000011011011111
100001000011011101111
100001000011011110111
100001000011011111011
100001000011011111101
100001000011011111110
100001000011100111111
100001000011101011111
100001000011101101111
100001000011101110111
100001000011101111011
100001000011101111101
100001000011101111110
100001000011110011111
100001000011110101111
100001000011110110111
100001000011110111011
100001000011110111101
100001000011110111110
100001000011111001111
100001000011111010111
100001000011111011011
100001000011111011101
100001000011111011110
100001000011111100111
100001000011111101011
100001000011111101101
100001000011111101110
100001000011111110011
100001000011111110101
100001000011111110110
100001000011111111001
100001000011111111010
100001000011111111100
100001000100110111111
100001000101010111111
100001000101100111111
100001000101110011111
100001000101110101111
100001000101110110111
100001000101110111011
100001000101110111101
100001000101110111110
100001000110100111111
100001000111000111111
100001000111100011111
100001000111100101111
100001000111100110111
100001000111100111011
100001000111100111101
100001000111100111110
100001001000110111111
100001001001010111111
100001001001100111111
100001001001101011111
100001001001101101111
100001001001110011111
100001001001110101111
100001001001110110111
100001001001110111011
100001001001110111101
100001001001110111110
100001001010100111111
100001001010101011111
100001001010101101111
100001001011000111111
100001001011001011111
100001001011001101111
100001001011100011111
100001001011100101111
100001001011100110111
100001001011100111011
100001001011100111101
100001001011100111110
100001001011101001111
100001001011101010111
100001001011101011011
100001001011101011101
100001001011101011110
100001001011101100111
100001001011101101011
100001001011101101101
100001001011101101110
100001010000110111111
100001010001010111111
100001010001011101111
100001010001100111111
100001010001110011111
100001010001110101111
100001010001110110111
100001010001110111011
100001010001110111101
100001010001110111110
100001010010011101111
100001010010100111111
100001010011000111111
100001010011001101111
100001010011010101111
100001010011011001111
100001010011011100111
100001010011011101011
100001010011011101101
100001010011011101110
100001010011100011111
100001010011100101111
100001010011100110111
100001010011100111011
100001010011100111101
100001010011100111110
100001100000110111111
100001100001010111111
100001100001100111111
100001100001110011111
100001100001110101111
100001100001110110111
100001100001110111011
100001100001110111101
100001100001110111110
100001100010100111111
100001100011000111111
100001100011100011111
100001100011100101111
100001100011100110111
100001100011100111011
100001100011100111101
100001100011100111110
100010000000111111111
100010000001011111111
100010000001101111111
100010000001110111111
100010000001111011111
100010000001111101111
100010000001111110111
100010000001111111011
100010000001111111101
100010000001111111110
100010000010011111111
100010000010101111111
100010000010110111111
100010000010111011111
100010000010111101111
100010000010111110111
100010000010111111011
100010000010111111101
100010000010111111110
100010000011001111111
100010000011010111111
100010000011011011111
100010000011011101111
100010000011011110111
100010000011011111011
100010000011011111101
100010000011011111110
100010000011100111111
100010000011101011111
100010000011101101111
100010000011101110111
100010000011101111011
100010000011101111101
100010000011101111110
100010000011110011111
100010000011110101111
100010000011110110111
100010000011110111011
100010000011110111101
100010000011110111110
100010000011111001111
100010000011111010111
100010000011111011011
100010000011111011101
100010000011111011110
100010000011111100111
100010000011111101011
100010000011111101101
100010000011111101110
100010000011111110011
100010000011111110101
100010000011111110110
100010000011111111001
100010000011111111010
100010000011111111100
100010000100011111111
100010000100101111111
100010000100110111111
100010000100111011111
100010000100111101111
100010000100111110111
100010000100111111011
100010000100111111101
100010000100111111110
100010000101001111111
100010000101100111111
100010000101101011111
100010000101101101111
100010000101101110111
100010000101101111011
100010000101101111101
100010000101101111110
100010001001101101111
100010001001101110111
100010001010101101111
100010001010101110111
100010001011001101111
100010001011001110111
100010001011100101111
100010001011100110111
100010001011101001111
100010001011101010111
100010001011101100111
100010001011101101011
100010001011101101101
100010001011101101110
100010001011101110011
100010001011101110101
100010001011101110110
100010010001011101111
100010010010011101111
100010010011001101111
100010010011010101111
100010010011011001111
100010010011011100111
100010010011011101011
100010010011011101101
100010010011011101110
100011000000101111111
100011000000110111111
100011000001001111111
100011000001010111111
100011000001100111111
100011000001101011111
100011000001101101111
100011000001101110111
100011000001101111011
100011000001101111101
100011000001101111110
100011000001110011111
100011000001110101111
100011000001110110111
100011000001110111011
100011000001110111101
100011000001110111110
100011000010100111111
100011000010101011111
100011000011000111111
100011000011001011111
100011000011100011111
100011000011100101111
100011000011100110111
100011000011100111011
100011000011100111101
100011000011100111110
100011000011101001111
100011000011101010111
100011000011101011011
100011000011101011101
100011000011101011110
100100000000111111111
100100000001011111111
100100000001101111111
100100000001110111111
100100000001111011111
100100000001111101111
100100000001111110111
100100000001111111011
100100000001111111101
100100000001111111110
100100000010011111111
100100000010101111111
100100000010110111111
100100000010111011111
100100000010111101111
100100000010111110111
100100000010111111011
100100000010111111101
100100000010111111110
100100000011001111111
100100000011010111111
100100000011011011111
100100000011011101111
100100000011011110111
100100000011011111011
100100000011011111101
100100000011011111110
100100000011100111111
100100000011101011111
100100000011101101111
100100000011101110111
100100000011101111011
100100000011101111101
100100000011101111110
100100000011110011111
100100000011110101111
100100000011110110111
100100000011110111011
100100000011110111101
100100000011110111110
100100000011111001111
100100000011111010111
100100000011111011011
100100000011111011101
100100000011111011110
100100000011111100111
100100000011111101011
100100000011111101101
100100000011111101110
100100000011111110011
100100000011111110101
100100000011111110110
100100000011111111001
100100000011111111010
100100000011111111100
100100001001101101111
100100001010101101111
100100001011001101111
100100001011100101111
100100001011101001111
100100001011101100111
100100001011101101011
100100001011101101101
100100001011101101110
100100010001011101111
100100010010011101111
100100010011001101111
100100010011010101111
100100010011011001111
100100010011011100111
100100010011011101011
100100010011011101101
100100010011011101110
100101000000110111111
100101000001010111111
100101000001100111111
100101000001110011111
100101000001110101111
100101000001110110111
100101000001110111011
100101000001110111101
100101000001110111110
100101000010100111111
100101000011000111111
100101000011100011111
100101000011100101111
100101000011100110111
100101000011100111011
100101000011100111101
100101000011100111110
101000000000111111111
101000000001011111111
101000000001101111111
101000000001110111111
101000000001111011111
101000000001111101111
101000000001111110111
101000000001111111011
101000000001111111101
101000000001111111110
101000000010011111111
101000000010101111111
101000000010110111111
101000000010111011111
101000000010111101111
101000000010111110111
101000000010111111011
101000000010111111101
101000000010111111110
101000000011001111111
101000000011010111111
101000000011011011111
101000000011011101111
101000000011011110111
101000000011011111011
101000000011011111101
101000000011011111110
101000000011100111111
101000000011101011111
101000000011101101111
101000000011101110111
101000000011101111011
101000000011101111101
101000000011101111110
101000000011110011111
101000000011110101111
101000000011110110111
101000000011110111011
101000000011110111101
101000000011110111110
101000000011111001111
101000000011111010111
101000000011111011011
101000000011111011101
101000000011111011110
101000000011111100111
101000000011111101011
101000000011111101101
101000000011111101110
101000000011111110011
101000000011111110101
101000000011111110110
101000000011111111001
101000000011111111010
101000000011111111100
101000001001101101111
101000001010101101111
101000001011001101111
101000001011100101111
101000001011101001111
101000001011101100111
101000001011101101011
101000001011101101101
101000001011101101110
101000010001011101111
101000010010011101111
101000010011001101111
101000010011010101111
101000010011011001111
101000010011011100111
101000010011011101011
101000010011011101101
101000010011011101110
101001000000110111111
101001000001010111111
101001000001100111111
101001000001110011111
101001000001110101111
101001000001110110111
101001000001110111011
101001000001110111101
101001000001110111110
101001000010100111111
101001000011000111111
101001000011100011111
101001000011100101111
101001000011100110111
101001000011100111011
101001000011100111101
101001000011100111110
110000000000111111111
110000000001011111111
110000000001101111111
110000000001110111111
110000000001111011111
110000000001111101111
110000000001111110111
110000000001111111011
110000000001111111101
110000000001111111110
110000000010011111111
110000000010101111111
110000000010110111111
110000000010111011111
110000000010111101111
110000000010111110111
110000000010111111011
110000000010111111101
110000000010111111110
110000000011001111111
110000000011010111111
110000000011011011111
110000000011011101111
110000000011011110111
110000000011011111011
110000000011011111101
110000000011011111110
110000000011100111111
110000000011101011111
110000000011101101111
110000000011101110111
110000000011101111011
110000000011101111101
110000000011101111110
110000000011110011111
110000000011110101111
110000000011110110111
110000000011110111011
110000000011110111101
110000000011110111110
110000000011111001111
110000000011111010111
110000000011111011011
110000000011111011101
110000000011111011110
110000000011111100111
110000000011111101011
110000000011111101101
110000000011111101110
110000000011111110011
110000000011111110101
110000000011111110110
110000000011111111001
110000000011111111010
110000000011111111100
110000000101011110111
110000000110011110111
110000000111001110111
110000000111010110111
110000000111011010111
110000000111011100111
110000000111011110011
110000000111011110101
110000000111011110110
110000001001011110111
110000001001101101111
110000001010011110111
110000001010101101111
110000001011001101111
110000001011001110111
110000001011010110111
110000001011011010111
110000001011011100111
110000001011011110011
110000001011011110101
110000001011011110110
110000001011100101111
110000001011101001111
110000001011101100111
110000001011101101011
110000001011101101101
110000001011101101110
110000010001011101111
110000010001011110111
110000010010011101111
110000010010011110111
110000010011001101111
110000010011001110111
110000010011010101111
110000010011010110111
110000010011011001111
110000010011011010111
110000010011011100111
110000010011011101011
110000010011011101101
110000010011011101110
110000010011011110011
110000010011011110101
110000010011011110110
110000100001011110111
110000100010011110111
110000100011001110111
110000100011010110111
110000100011011010111
110000100011011100111
110000100011011110011
110000100011011110101
110000100011011110110
110001000000110111111
110001000001010111111
110001000001011110111
110001000001100111111
110001000001101111011
110001000001110011111
110001000001110101111
110001000001110110111
110001000001110111011
110001000001110111101
110001000001110111110
110001000010011110111
110001000010100111111
110001000010101111011
110001000011000111111
110001000011001110111
110001000011001111011
110001000011010110111
110001000011011010111
110001000011011100111
110001000011011110011
110001000011011110101
110001000011011110110
110001000011100011111
110001000011100101111
110001000011100110111
110001000011100111011
110001000011100111101
110001000011100111110
110001000011101011011
110001000011101101011
110001000011101110011
110001000011101111001
110001000011101111010
110010000001011110111
110010000010011110111
110010000011001110111
110010000011010110111
110010000011011010111
110010000011011100111
110010000011011110011
110010000011011110101
110010000011011110110
110100000001011110111
110100000010011110111
110100000011001110111
110100000011010110111
110100000011011010111
110100000011011100111
110100000011011110011
110100000011011110101
110100000011011110110
111000000001011110111
111000000010011110111
111000000011001110111
111000000011010110111
111000000011011010111
111000000011011100111
111000000011011110011
111000000011011110101
111000000011011110110
