0 0 1.999967338938129
0 1 -1.295868698822063e-05
0 2 -3.017442736378694e-05
0 3 -0.0001025636171891762
0 4 -4.700701229189952e-06
0 5 5.986055030038351e-05
0 6 -1.739540151799019e-05
0 7 1.782039194593736e-05
0 8 -5.617100651192301e-06
0 9 -5.066471065233458e-05
0 10 8.426622313654736e-07
0 11 1.703038390724736e-06
0 12 -3.389851751920308e-06
0 13 1.759874868919033e-06
0 14 3.91018947143659e-07
0 15 4.263548451797024e-06
0 16 -0.0001649002050939133
0 17 -5.656695372535193e-05
0 18 7.147860448730581e-05
0 19 0.0001814675787000795
0 20 -0.0002224166275542595
0 21 -0.0001257862650877151
0 22 8.604613563196471e-05
0 23 1.770309802751523e-05
0 24 -0.0002357872170609392
1 0 -1.295868698822062e-05
1 1 1.990111984873352
1 2 0.0002054532699176415
1 3 -0.0001614040131573345
1 4 0.0007579074239150723
1 5 6.73352793867582e-06
1 6 0.001240850350849606
1 7 -0.0003978028800737774
1 8 0.0002088089441612688
1 9 0.0002081047389870303
1 10 -2.23017478718516e-05
1 11 8.730034052828255e-05
1 12 5.222397097255763e-06
1 13 -0.0001516183778417461
1 14 0.0002040219410753478
1 15 -0.0002379402194019025
1 16 -0.001139578932088144
1 17 0.001001417785558779
1 18 0.000480576861921768
1 19 -0.0004788911693791812
1 20 0.0001505468700107187
1 21 0.0007752509384632439
1 22 -0.0001143902997451469
1 23 0.0006300972442219433
1 24 -0.0003465844960280784
2 0 -3.017442736378705e-05
2 1 0.0002054532699176398
2 2 1.989279063962936
2 3 -0.0002718328375175339
2 4 -0.0004997247900866462
2 5 -0.0004333764539781516
2 6 0.0003301127802035338
2 7 -0.001743661895489206
2 8 0.0009733553397102571
2 9 -0.00103048145714079
2 10 -0.0005185792703629116
2 11 -0.0002029125626482169
2 12 3.26710701911768e-05
2 13 -0.001459235743668858
2 14 -0.0005386147894420076
2 15 0.001128784494321464
2 16 -0.002459215254941713
2 17 0.001507338678445572
2 18 -0.001095498115074607
2 19 -0.0002887536563500226
2 20 0.001045482105521725
2 21 0.0007261075419476923
2 22 -0.001366408860115228
2 23 -0.0002414740078950932
2 24 0.00137652053217948
3 0 -0.0001025636171891786
3 1 -0.0001614040131573437
3 2 -0.0002718328375175116
3 3 1.982774054322335
3 4 0.001056627519802533
3 5 -0.001480183431839293
3 6 0.001539832501919266
3 7 0.0007199585149517788
3 8 -9.628338072476974e-05
3 9 0.001565160900730589
3 10 0.0006672682956208731
3 11 0.0001066441428907953
3 12 0.0006510861539508728
3 13 -0.000151392261394981
3 14 0.0005399674228509779
3 15 -0.0001331178769043975
3 16 -0.00032485980272237
3 17 0.0004687267946144393
3 18 0.0004651030196169929
3 19 -0.0001339934868656167
3 20 0.002351548012016954
3 21 -7.900984758234361e-05
3 22 0.0001144534282570394
3 23 -0.002007434025710298
3 24 -0.0009200389594050966
4 0 -4.70070122918944e-06
4 1 0.0007579074239150538
4 2 -0.000499724790086612
4 3 0.001056627519802547
4 4 1.982330406992033
4 5 -6.117655689515512e-05
4 6 -0.00245944366930844
4 7 0.003083569746987287
4 8 -0.0009302761815358808
4 9 0.0009150711693224423
4 10 -0.0006212517386854177
4 11 -0.0002865826614461825
4 12 0.0005473922698921885
4 13 -0.0003179154369731432
4 14 -0.0001422021676257848
4 15 0.001059120146977987
4 16 0.0005686956701213179
4 17 -0.003858472647840572
4 18 0.0009328284268092014
4 19 0.002801045754883906
4 20 0.000660577540169073
4 21 0.0007376808771957041
4 22 -0.0004535390714371959
4 23 -0.00216060785801172
4 24 -0.000102858118929959
5 0 5.986055030038212e-05
5 1 6.733527938681763e-06
5 2 -0.0004333764539781902
5 3 -0.001480183431839262
5 4 -6.117655689512677e-05
5 5 1.978682080904887
5 6 0.002046183171418326
5 7 0.0009595820382911895
5 8 -8.34408176030965e-06
5 9 0.0009733236994856919
5 10 0.0001216308260274403
5 11 9.744832920354129e-05
5 12 0.001018260745889584
5 13 -2.537395218766859e-06
5 14 0.0007067838746622618
5 15 -0.0001763245186512774
5 16 -0.002813951831893118
5 17 0.000496660221954623
5 18 0.002392514336148235
5 19 0.0007745398092903234
5 20 0.00351673591890191
5 21 -0.0005877007635133467
5 22 0.002362296264321335
5 23 -0.0009587145545359649
5 24 0.00190824549329231
6 0 -1.739540151799059e-05
6 1 0.001240850350849699
6 2 0.0003301127802035149
6 3 0.001539832501919314
6 4 -0.002459443669308459
6 5 0.002046183171418308
6 6 1.974556652334229
6 7 -0.001761476244880902
6 8 0.0006341930926300489
6 9 2.892568031362692e-05
6 10 0.000179244664027941
6 11 -0.0001088605035126897
6 12 0.001015977581020863
6 13 -0.0009023027386532687
6 14 -0.001151926383080508
6 15 0.0004969091942536705
6 16 -0.005075197648251768
6 17 -0.0002053892139980657
6 18 0.001034680622881171
6 19 0.002712329150815051
6 20 0.001432576042494555
6 21 -0.002457854407670668
6 22 -0.006582625311570343
6 23 0.0001007434977935728
6 24 -0.001445351049398061
7 0 1.782039194593904e-05
7 1 -0.000397802880073769
7 2 -0.001743661895489231
7 3 0.0007199585149518014
7 4 0.003083569746987345
7 5 0.0009595820382911975
7 6 -0.001761476244880972
7 7 1.982237240924269
7 8 -0.003759624608972291
7 9 0.003207456332101961
7 10 0.001324567864962565
7 11 0.001162558937108107
7 12 -0.002372048629485365
7 13 0.004838994072538011
7 14 0.01089166169503018
7 15 -0.002651459370716072
7 16 0.002292925255434213
7 17 0.0008785963028798303
7 18 0.000514068734169443
7 19 0.004138541699200568
7 20 -0.001547737505841474
7 21 -0.0003850993131857047
7 22 -0.002503797093624136
7 23 0.003081359890615667
7 24 0.001229881932441588
8 0 -5.617100651191882e-06
8 1 0.0002088089441612754
8 2 0.000973355339710266
8 3 -9.628338072475721e-05
8 4 -0.0009302761815359001
8 5 -8.344081760287942e-06
8 6 0.000634193092630016
8 7 -0.003759624608972292
8 8 1.971192108568484
8 9 -0.001254855830159649
8 10 0.005048460087067929
8 11 0.002971696839971996
8 12 -0.0122503358862364
8 13 0.01762003389084976
8 14 0.03319315530191085
8 15 -0.01117858254145749
8 16 -0.0007895709151433902
8 17 -0.001331172791596869
8 18 -0.0005880478723986806
8 19 -0.0009456243621646342
8 20 0.0005675759881713326
8 21 0.0002416489555691556
8 22 9.043022227297781e-05
8 23 -0.0008627373204838015
8 24 0.000204722400679722
9 0 -5.066471065233462e-05
9 1 0.0002081047389870324
9 2 -0.001030481457140706
9 3 0.001565160900730558
9 4 0.0009150711693224126
9 5 0.0009733236994857247
9 6 2.892568031365606e-05
9 7 0.003207456332102046
9 8 -0.001254855830159657
9 9 1.977676086116702
9 10 -0.001155856397490201
9 11 -3.880423720497416e-05
9 12 -0.0007844245113954517
9 13 0.002238841381380059
9 14 0.0003156201681824424
9 15 -0.0002355874978328611
9 16 -0.005111688613710126
9 17 -0.003635319370018185
9 18 0.00298155827531555
9 19 0.005439300281833467
9 20 -0.001523229395901629
9 21 0.005079062349359611
9 22 -0.0002970627292382155
9 23 -0.0030568896495403
9 24 -0.003403907805107678
10 0 8.426622313655452e-07
10 1 -2.230174787185112e-05
10 2 -0.0005185792703628998
10 3 0.0006672682956208847
10 4 -0.0006212517386854145
10 5 0.0001216308260274488
10 6 0.0001792446640279515
10 7 0.0013245678649624
10 8 0.005048460087067465
10 9 -0.001155856397490196
10 10 1.977911993611582
10 11 -0.003417654732103577
10 12 0.02062832019917449
10 13 0.0004870396633701359
10 14 0.009932059700510755
10 15 3.900097646058187e-05
10 16 0.0008291251258857778
10 17 -3.608446360348714e-05
10 18 -0.0002301975412140306
10 19 0.0008996024889612865
10 20 -0.0002761925826449503
10 21 0.0009582060026056326
10 22 -0.0003510470665835791
10 23 0.00074409464537631
10 24 -0.0004879670620005381
11 0 1.703038390724401e-06
11 1 8.730034052828962e-05
11 2 -0.0002029125626482118
11 3 0.0001066441428907991
11 4 -0.0002865826614461868
11 5 9.744832920352423e-05
11 6 -0.0001088605035126797
11 7 0.001162558937108088
11 8 0.002971696839971922
11 9 -3.880423720497768e-05
11 10 -0.003417654732103809
11 11 1.94953461394751
11 12 -0.006899774384967704
11 13 0.02640569623603673
11 14 0.02978323029227867
11 15 -0.008428765681965145
11 16 -0.0003052143592134019
11 17 -0.00144799152305757
11 18 -0.0006071853049297408
11 19 -0.0001831726610492961
11 20 -0.0007437628597874971
11 21 0.0006162980885339595
11 22 -0.0002362915318943039
11 23 -4.029227591952223e-05
11 24 0.0002417939028512185
12 0 -3.389851751920552e-06
12 1 5.22239709724945e-06
12 2 3.267107019118786e-05
12 3 0.0006510861539509242
12 4 0.0005473922698922228
12 5 0.001018260745889565
12 6 0.001015977581020922
12 7 -0.002372048629485291
12 8 -0.01225033588623643
12 9 -0.0007844245113954706
12 10 0.0206283201991735
12 11 -0.006899774384967545
12 12 1.928154340707118
12 13 -0.001771566277810675
12 14 -0.02929545961212535
12 15 -0.01064938125893517
12 16 -0.001061604742133536
12 17 7.065703394614389e-05
12 18 -0.0012829595299377
12 19 -0.000477129437891379
12 20 1.849354074555097e-05
12 21 -0.0003788763628482476
12 22 -0.0003333700262826166
12 23 -0.000270361825094893
12 24 0.0007409903529409545
13 0 1.759874868918956e-06
13 1 -0.0001516183778417497
13 2 -0.001459235743668898
13 3 -0.0001513922613949742
13 4 -0.0003179154369731367
13 5 -2.537395218754993e-06
13 6 -0.0009023027386532961
13 7 0.004838994072538303
13 8 0.01762003389084973
13 9 0.002238841381379974
13 10 0.0004870396633701664
13 11 0.02640569623603562
13 12 -0.001771566277810624
13 13 0.0579209716576401
13 14 0.02151100397370132
13 15 -0.02944648140776639
13 16 0.0005472244754463201
13 17 -0.0009772514104226051
13 18 -0.001916844568714299
13 19 0.001705277982681858
13 20 -0.0009485999833166083
13 21 0.001023125436992521
13 22 -0.0008835899300543341
13 23 0.0005915163221466574
13 24 -0.0001118273145297312
14 0 3.910189471437154e-07
14 1 0.0002040219410753425
14 2 -0.0005386147894420219
14 3 0.0005399674228509845
14 4 -0.0001422021676257957
14 5 0.0007067838746622577
14 6 -0.001151926383080466
14 7 0.01089166169503066
14 8 0.03319315530190965
14 9 0.0003156201681824345
14 10 0.009932059700511579
14 11 0.02978323029227901
14 12 -0.02929545961212413
14 13 0.02151100397370079
14 14 0.06084811976182446
14 15 -0.0007117999948828823
14 16 3.468072551908487e-05
14 17 -0.0004514185538419828
14 18 -0.0001584425055602746
14 19 0.0007474715247297529
14 20 -0.0006138056061466188
14 21 0.0006044711525816969
14 22 -0.0001233255564683398
14 23 2.502179380288646e-05
14 24 0.0001616496889506436
15 0 4.263548451797232e-06
15 1 -0.0002379402194018964
15 2 0.001128784494321496
15 3 -0.0001331178769043916
15 4 0.001059120146977993
15 5 -0.0001763245186512709
15 6 0.0004969091942536509
15 7 -0.00265145937071604
15 8 -0.01117858254145771
15 9 -0.0002355874978328691
15 10 3.900097646050835e-05
15 11 -0.008428765681964368
15 12 -0.01064938125893566
15 13 -0.02944648140776843
15 14 -0.0007117999948829458
15 15 0.05191713768686754
15 16 1.082911616163356e-05
15 17 0.0009356470538869144
15 18 0.001000925174069153
15 19 -0.001187511995168127
15 20 0.0007134714511743002
15 21 -0.001229436201594936
15 22 0.0002326766343498355
15 23 -7.237636964877287e-05
15 24 -0.0001740325196805692
16 0 -0.0001649002050939217
16 1 -0.001139578932088139
16 2 -0.002459215254941752
16 3 -0.0003248598027223613
16 4 0.0005686956701213377
16 5 -0.002813951831893071
16 6 -0.005075197648251593
16 7 0.002292925255434192
16 8 -0.000789570915143392
16 9 -0.005111688613710065
16 10 0.0008291251258858033
16 11 -0.0003052143592134111
16 12 -0.001061604742133548
16 13 0.0005472244754463108
16 14 3.468072551909798e-05
16 15 1.082911616165982e-05
16 16 0.02087234934683783
16 17 0.001744094800822086
16 18 -0.0007435027414580698
16 19 -0.003452362702830851
16 20 0.002329990117106234
16 21 0.0003797516922526482
16 22 0.0008163542252662634
16 23 0.002550534426278363
16 24 0.001379604734725486
17 0 -5.656695372535287e-05
17 1 0.001001417785558779
17 2 0.001507338678445527
17 3 0.0004687267946144651
17 4 -0.00385847264784056
17 5 0.0004966602219546208
17 6 -0.0002053892139980867
17 7 0.0008785963028798377
17 8 -0.001331172791596839
17 9 -0.003635319370018195
17 10 -3.608446360348323e-05
17 11 -0.001447991523057578
17 12 7.065703394614654e-05
17 13 -0.0009772514104225381
17 14 -0.0004514185538420078
17 15 0.0009356470538869085
17 16 0.001744094800822301
17 17 0.01869954405636772
17 18 3.022318812737597e-05
17 19 0.002424528991947002
17 20 -0.001099915815520946
17 21 0.003069946594291104
17 22 -0.0006859853488769419
17 23 0.002674201719779996
17 24 4.313377740505458e-06
18 0 7.147860448730404e-05
18 1 0.0004805768619217883
18 2 -0.001095498115074572
18 3 0.0004651030196170041
18 4 0.0009328284268091711
18 5 0.002392514336148463
18 6 0.001034680622881232
18 7 0.0005140687341694357
18 8 -0.0005880478723986988
18 9 0.002981558275315396
18 10 -0.0002301975412140299
18 11 -0.0006071853049296655
18 12 -0.001282959529937697
18 13 -0.001916844568714434
18 14 -0.0001584425055603058
18 15 0.001000925174069186
18 16 -0.0007435027414581809
18 17 3.022318812737464e-05
18 18 0.01759518664312107
18 19 0.002276264493591843
18 20 0.001380591076890463
18 21 -0.001166667628387217
18 22 0.0008996983452267664
18 23 0.0003632697115759108
18 24 -0.000530990322830137
19 0 0.0001814675787000817
19 1 -0.0004788911693791809
19 2 -0.0002887536563500193
19 3 -0.0001339934868656206
19 4 0.002801045754883824
19 5 0.0007745398092904498
19 6 0.002712329150815064
19 7 0.004138541699200483
19 8 -0.0009456243621646188
19 9 0.00543930028183346
19 10 0.0008996024889613035
19 11 -0.0001831726610492996
19 12 -0.0004771294378913833
19 13 0.001705277982681875
19 14 0.0007474715247297622
19 15 -0.001187511995168049
19 16 -0.003452362702830754
19 17 0.002424528991947089
19 18 0.002276264493591973
19 19 0.02061529618412761
19 20 0.0005459012620796667
19 21 -0.004400454289824008
19 22 0.0008518347397680435
19 23 -0.001746886616891509
19 24 -0.001072511503486466
20 0 -0.000222416627554263
20 1 0.0001505468700107153
20 2 0.001045482105521724
20 3 0.002351548012016967
20 4 0.0006605775401690835
20 5 0.003516735918901968
20 6 0.00143257604249458
20 7 -0.001547737505841573
20 8 0.0005675759881713948
20 9 -0.001523229395901646
20 10 -0.0002761925826449591
20 11 -0.000743762859787501
20 12 1.849354074555706e-05
20 13 -0.0009485999833166357
20 14 -0.0006138056061466172
20 15 0.0007134714511742731
20 16 0.002329990117106265
20 17 -0.001099915815520999
20 18 0.001380591076890345
20 19 0.0005459012620796685
20 20 0.01379456711476893
20 21 0.005243341532923908
20 22 -0.001405390022138806
20 23 -0.001907255514306861
20 24 0.003863187933682057
21 0 -0.0001257862650877134
21 1 0.0007752509384632121
21 2 0.0007261075419476904
21 3 -7.900984758224468e-05
21 4 0.0007376808771957463
21 5 -0.0005877007635132279
21 6 -0.002457854407670677
21 7 -0.0003850993131857283
21 8 0.0002416489555691545
21 9 0.005079062349359436
21 10 0.0009582060026056846
21 11 0.0006162980885339197
21 12 -0.0003788763628482666
21 13 0.001023125436992518
21 14 0.0006044711525816998
21 15 -0.001229436201594946
21 16 0.0003797516922527202
21 17 0.003069946594291172
21 18 -0.001166667628387329
21 19 -0.004400454289823739
21 20 0.005243341532924077
21 21 0.01079601133296901
21 22 0.00273450963439014
21 23 -0.001418773098062793
21 24 -0.001158388696031883
22 0 8.604613563196422e-05
22 1 -0.0001143902997451478
22 2 -0.001366408860115182
22 3 0.0001144534282570274
22 4 -0.0004535390714372158
22 5 0.00236229626432132
22 6 -0.006582625311570984
22 7 -0.002503797093624213
22 8 9.043022227298516e-05
22 9 -0.0002970627292381644
22 10 -0.000351047066583598
22 11 -0.0002362915318942703
22 12 -0.0003333700262825986
22 13 -0.0008835899300543291
22 14 -0.0001233255564683309
22 15 0.0002326766343498437
22 16 0.0008163542252662105
22 17 -0.0006859853488769198
22 18 0.0008996983452267627
22 19 0.0008518347397680854
22 20 -0.001405390022138886
22 21 0.002734509634390024
22 22 0.01613672776226058
22 23 0.001136792610830372
22 24 -0.0008900219296960521
23 0 1.770309802751533e-05
23 1 0.0006300972442219418
23 2 -0.0002414740078950971
23 3 -0.002007434025710333
23 4 -0.002160607858011786
23 5 -0.0009587145545359675
23 6 0.0001007434977935863
23 7 0.003081359890615668
23 8 -0.0008627373204837764
23 9 -0.003056889649540331
23 10 0.000744094645376307
23 11 -4.029227591951423e-05
23 12 -0.0002703618250949057
23 13 0.0005915163221466675
23 14 2.502179380290161e-05
23 15 -7.237636964877978e-05
23 16 0.002550534426278419
23 17 0.002674201719780065
23 18 0.0003632697115758869
23 19 -0.001746886616891693
23 20 -0.001907255514306865
23 21 -0.001418773098062805
23 22 0.001136792610830379
23 23 0.01215990470828927
23 24 0.0004693505915348294
24 0 -0.0002357872170609292
24 1 -0.0003465844960280859
24 2 0.001376520532179465
24 3 -0.0009200389594051175
24 4 -0.0001028581189299404
24 5 0.001908245493292333
24 6 -0.001445351049397997
24 7 0.001229881932441625
24 8 0.0002047224006797114
24 9 -0.003403907805107612
24 10 -0.0004879670620005471
24 11 0.0002417939028512193
24 12 0.0007409903529409173
24 13 -0.0001118273145297278
24 14 0.0001616496889506365
24 15 -0.0001740325196805441
24 16 0.001379604734725477
24 17 4.313377740533606e-06
24 18 -0.0005309903228301727
24 19 -0.001072511503486489
24 20 0.003863187933681815
24 21 -0.00115838869603177
24 22 -0.0008900219296961367
24 23 0.0004693505915348164
24 24 0.01423621684648172
