 &FCI NORB=   9,NELEC=10,MS2=0,
  ORBSYM=1,1,1,1,1,1,1,1,1
  ISYM=1,
 &END
 0.4308020298806031    1    1    1    1
 0.03386566079664587    2    1    1    1
 0.05548861629903919    2    1    2    1
 0.3504225272617164    2    2    1    1
 0.06227342862088691    2    2    2    1
 0.4111299594429453    2    2    2    2
 -0.03235324195904825    3    1    1    1
 0.006029361074945788    3    1    2    1
 -0.002234926878519008    3    1    2    2
 0.1004962045162278    3    1    3    1
 0.01252592659862426    3    2    1    1
 0.01431058727717266    3    2    2    1
 0.01549113239380458    3    2    2    2
 0.01750833450629308    3    2    3    1
 0.01810388122813417    3    2    3    2
 0.4348745709730081    3    3    1    1
 0.04248624311561319    3    3    2    1
 0.3347111880199077    3    3    2    2
 -0.06305531035982055    3    3    3    1
 0.01240249195426771    3    3    3    2
 0.4958038062683205    3    3    3    3
 -0.01317702907388909    4    1    1    1
 -0.002661439964597064    4    1    2    1
 -0.001139267618032898    4    1    2    2
 0.0004334830396020842    4    1    3    1
 -0.001670893918220377    4    1    3    2
 -0.02163882131084063    4    1    3    3
 0.0721651645340261    4    1    4    1
 0.00102526394126486    4    2    1    1
 0.0003042429692286688    4    2    2    1
 -0.001107809933054504    4    2    2    2
 -0.0003936415971833349    4    2    3    1
 0.0004775451785055731    4    2    3    2
 0.001588132360842729    4    2    3    3
 0.02516707238876658    4    2    4    1
 0.01895263988427135    4    2    4    2
 -0.001231158462400039    4    3    1    1
 -0.0025000714033507    4    3    2    1
 0.002491375069772268    4    3    2    2
 -0.0169169978793739    4    3    3    1
 -0.002222925548603093    4    3    3    2
 -0.001599183970071226    4    3    3    3
 0.0298315623316903    4    3    4    1
 0.0102931212437869    4    3    4    2
 0.03306828727906144    4    3    4    3
 0.4108685557994336    4    4    1    1
 0.05876773268088589    4    4    2    1
 0.3417797860641261    4    4    2    2
 0.02377345751068773    4    4    3    1
 0.02598381799173381    4    4    3    2
 0.3978557233273162    4    4    3    3
 0.02825213969641659    4    4    4    1
 0.01884108725953539    4    4    4    2
 0.007628935504329309    4    4    4    3
 0.5017120822463509    4    4    4    4
 -0.06041482064385548    5    1    1    1
 0.001084300800603864    5    1    2    1
 0.02328312307626554    5    1    2    2
 -0.004327525648975556    5    1    3    1
 -0.008253361927259562    5    1    3    2
 -0.07126091665821747    5    1    3    3
 0.004858988982433451    5    1    4    1
 -0.0041218952707268    5    1    4    2
 0.007235419960799387    5    1    4    3
 -0.0727382467136625    5    1    4    4
 0.06559139266293355    5    1    5    1
 0.0554340090647077    5    2    1    1
 0.06117559872718898    5    2    2    1
 0.08809283894557615    5    2    2    2
 -0.001254099129203403    5    2    3    1
 0.01656618472426216    5    2    3    2
 0.05470386025530543    5    2    3    3
 -0.007837649933557535    5    2    4    1
 -0.002731210440678786    5    2    4    2
 -0.004308861381956751    5    2    4    3
 0.06210807677980806    5    2    4    4
 -0.00167886426504489    5    2    5    1
 0.08904449596288863    5    2    5    2
 -0.01289334930690497    5    3    1    1
 -0.009370448825767805    5    3    2    1
 0.001216355749390623    5    3    2    2
 -0.04435180318929537    5    3    3    1
 -0.007719252887854982    5    3    3    2
 -0.001520182692747921    5    3    3    3
 0.006512808932605585    5    3    4    1
 -0.0003648616214643951    5    3    4    2
 0.0129748036344882    5    3    4    3
 -0.04298862189093168    5    3    4    4
 0.02250958107360289    5    3    5    1
 -0.008267359220905034    5    3    5    2
 0.03610040583367951    5    3    5    3
 -0.002230546978621384    5    4    1    1
 -0.005066508122161674    5    4    2    1
 -0.009583662771395295    5    4    2    2
 0.006000997352001589    5    4    3    1
 -0.0007069599214041778    5    4    3    2
 0.004031361134065487    5    4    3    3
 -0.03534478663654927    5    4    4    1
 -0.006248007365257779    5    4    4    2
 -0.02279903615192787    5    4    4    3
 -0.02444690780864909    5    4    4    4
 -0.004054483455547414    5    4    5    1
 -0.004441681805517626    5    4    5    2
 -0.006740201026558932    5    4    5    3
 0.02918057568162349    5    4    5    4
 0.3513173589554084    5    5    1    1
 0.03718238336442175    5    5    2    1
 0.3493431006124421    5    5    2    2
 0.004025947904963156    5    5    3    1
 0.01094632092693919    5    5    3    2
 0.342050501652323    5    5    3    3
 -0.00610064533622756    5    5    4    1
 -0.0009753461501955478    5    5    4    2
 -0.004552748012361644    5    5    4    3
 0.3459681352299244    5    5    4    4
 -0.01879463485220178    5    5    5    1
 0.06165458967335544    5    5    5    2
 -0.01324608498656909    5    5    5    3
 -0.003060450688420033    5    5    5    4
 0.3353516262567959    5    5    5    5
 0.03383101536475421    6    1    1    1
 0.003033296177575385    6    1    2    1
 0.01683204573791333    6    1    2    2
 0.001944796549388899    6    1    3    1
 -0.0001161322220572755    6    1    3    2
 0.01529069544197918    6    1    3    3
 0.007717408789976834    6    1    4    1
 0.003565551460411776    6    1    4    2
 -0.003032413558805396    6    1    4    3
 0.02769452699391764    6    1    4    4
 -0.01817329006971634    6    1    5    1
 0.01644248556573064    6    1    5    2
 -0.007977979136878069    6    1    5    3
 -0.002756862435228049    6    1    5    4
 0.02447846395947539    6    1    5    5
 0.02992525418430281    6    1    6    1
 -0.01184917762922609    6    2    1    1
 0.003621915131884567    6    2    2    1
 0.01370934498232883    6    2    2    2
 -0.007347909297767232    6    2    3    1
 -0.003495551215920941    6    2    3    2
 -0.01410581244267578    6    2    3    3
 0.003651573630131447    6    2    4    1
 0.0006973987156320441    6    2    4    2
 0.002326842729102502    6    2    4    3
 -0.01965911221375156    6    2    4    4
 0.01864611715173915    6    2    5    1
 0.009087244288599554    6    2    5    2
 0.00751263408136446    6    2    5    3
 -0.001053891165326891    6    2    5    4
 0.001930576602136547    6    2    5    5
 -0.001149146489962893    6    2    6    1
 0.01236509213822957    6    2    6    2
 0.004388695972318557    6    3    1    1
 -0.009602477654069535    6    3    2    1
 -0.008177344445192841    6    3    2    2
 -0.02735049383462889    6    3    3    1
 -0.007255100780179727    6    3    3    2
 0.02546393280939035    6    3    3    3
 -0.007606541517255383    6    3    4    1
 -0.001251910943289072    6    3    4    2
 0.007027690087024128    6    3    4    3
 -0.02593411910746419    6    3    4    4
 -0.00170849633513988    6    3    5    1
 -0.005642310670939848    6    3    5    2
 0.01453857781701437    6    3    5    3
 0.003260868320951611    6    3    5    4
 -0.002249703281280923    6    3    5    5
 -0.005522742772224958    6    3    6    1
 0.002108694489772404    6    3    6    2
 0.03011749819847621    6    3    6    3
 0.02885337622502155    6    4    1    1
 0.008513430748538012    6    4    2    1
 0.01892856343828142    6    4    2    2
 -0.008917401660152775    6    4    3    1
 0.001880493975135862    6    4    3    2
 0.0348813344325602    6    4    3    3
 -0.0175615668965347    6    4    4    1
 -0.008967706958809824    6    4    4    2
 -0.01820487150405608    6    4    4    3
 0.005170435748761898    6    4    4    4
 -0.006853014698604421    6    4    5    1
 0.01232225561908964    6    4    5    2
 -0.0005286088483291027    6    4    5    3
 0.01231578383286741    6    4    5    4
 0.01638647668780357    6    4    5    5
 0.009350791978336078    6    4    6    1
 0.0007131668767040712    6    4    6    2
 0.002351359836005112    6    4    6    3
 0.03851911298599589    6    4    6    4
 -0.0191381635376718    6    5    1    1
 0.01261717289288252    6    5    2    1
 0.01288621599438205    6    5    2    2
 -0.002998698163270989    6    5    3    1
 0.0006819895810976858    6    5    3    2
 -0.005964920072129351    6    5    3    3
 -0.0001367926931502902    6    5    4    1
 0.000903398400568736    6    5    4    2
 0.00274061721265304    6    5    4    3
 -0.007041985639888984    6    5    4    4
 0.02078440410770168    6    5    5    1
 0.01011529551636777    6    5    5    2
 0.006437637225843344    6    5    5    3
 -0.001106154263943743    6    5    5    4
 -0.001319358202555661    6    5    5    5
 -0.01863856798267553    6    5    6    1
 0.007750332632501841    6    5    6    2
 0.0006755353357306369    6    5    6    3
 -0.009251921524226931    6    5    6    4
 0.02690552306613685    6    5    6    5
 0.3437834596599531    6    6    1    1
 0.02907511936451363    6    6    2    1
 0.2832070259448977    6    6    2    2
 -0.003374075174385383    6    6    3    1
 0.01501630297689371    6    6    3    2
 0.3535230789637361    6    6    3    3
 0.004443967242517469    6    6    4    1
 0.005781539115099563    6    6    4    2
 -0.003827802873580569    6    6    4    3
 0.3711202992367599    6    6    4    4
 -0.05829965808179637    6    6    5    1
 0.04032933122971517    6    6    5    2
 -0.02282589251295587    6    6    5    3
 -0.006239632881370171    6    6    5    4
 0.3011292569817879    6    6    5    5
 0.02086552362609242    6    6    6    1
 -0.01688979062695506    6    6    6    2
 -0.006357251930790325    6    6    6    3
 0.01239548153443241    6    6    6    4
 -0.007028473554867466    6    6    6    5
 0.3443621090568344    6    6    6    6
 0.02151969254952863    7    1    1    1
 0.002345098492353512    7    1    2    1
 0.008962470853639038    7    1    2    2
 0.002114797126412367    7    1    3    1
 0.002274026834686816    7    1    3    2
 0.004114445997234407    7    1    3    3
 -0.01716039325299358    7    1    4    1
 -0.01239995442296289    7    1    4    2
 0.005856654423659541    7    1    4    3
 0.01852490100123095    7    1    4    4
 -0.007817449297683956    7    1    5    1
 0.007014904590299138    7    1    5    2
 -0.002415426799810414    7    1    5    3
 -0.004442784163677089    7    1    5    4
 0.0116173873036442    7    1    5    5
 0.004980975939329411    7    1    6    1
 -0.004797401272557042    7    1    6    2
 -0.004467951380551768    7    1    6    3
 -0.009920293427688633    7    1    6    4
 -0.00705129206198475    7    1    6    5
 0.00617583354850328    7    1    6    6
 0.04008853706885045    7    1    7    1
 -0.007225645382072969    7    2    1    1
 -0.00380906016485357    7    2    2    1
 -0.006491305727879084    7    2    2    2
 -0.0006968824182104649    7    2    3    1
 -0.0007227848950497392    7    2    3    2
 -0.00684111434824426    7    2    3    3
 -0.02093499170844814    7    2    4    1
 -0.01505416075567688    7    2    4    2
 -0.004375091276678127    7    2    4    3
 -0.01759597177180458    7    2    4    4
 0.004569104542346365    7    2    5    1
 -0.002703670481367034    7    2    5    2
 0.001783708682855514    7    2    5    3
 0.001131939452056878    7    2    5    4
 -0.004171908638502949    7    2    5    5
 -0.007289525211652585    7    2    6    1
 -0.0005287227636878674    7    2    6    2
 0.00347019918715443    7    2    6    3
 -0.001449441179091966    7    2    6    4
 0.003235026951767375    7    2    6    5
 -0.008753781095378128    7    2    6    6
 0.01251691766042804    7    2    7    1
 0.01902009306614093    7    2    7    2
 0.006128584415107443    7    3    1    1
 -0.00111672433136974    7    3    2    1
 0.005365313742626187    7    3    2    2
 -0.02449605940569362    7    3    3    1
 -0.00440881998024643    7    3    3    2
 0.01290278783487447    7    3    3    3
 0.01848978285672219    7    3    4    1
 0.003420910038702987    7    3    4    2
 0.01324453621366922    7    3    4    3
 0.001096409171144328    7    3    4    4
 0.005035952642643141    7    3    5    1
 -0.001429034354947695    7    3    5    2
 0.01633083333159778    7    3    5    3
 -0.01496200825715277    7    3    5    4
 -0.0002390834029704664    7    3    5    5
 -0.002646490094081994    7    3    6    1
 0.003302267463838309    7    3    6    2
 0.009351484019303467    7    3    6    3
 -0.007518476898164963    7    3    6    4
 0.00251012171649576    7    3    6    5
 -0.002098700382497949    7    3    6    6
 0.004530838121943949    7    3    7    1
 -0.00118476567372269    7    3    7    2
 0.02786011307017987    7    3    7    3
 -0.07279653218990008    7    4    1    1
 -0.031415103760032    7    4    2    1
 -0.07549365806586364    7    4    2    2
 0.02624835993056166    7    4    3    1
 -0.003974618763357747    7    4    3    2
 -0.06166419420400245    7    4    3    3
 0.009267803118276104    7    4    4    1
 0.0008068064843331058    7    4    4    2
 -0.001442890829335639    7    4    4    3
 -0.04998840954124869    7    4    4    4
 -0.002752394333213784    7    4    5    1
 -0.03796523593038056    7    4    5    2
 -0.0103318759396559    7    4    5    3
 0.0008968229377803767    7    4    5    4
 -0.04479534030740156    7    4    5    5
 -0.02248175507758352    7    4    6    1
 -0.005429461280919345    7    4    6    2
 -0.002644376460681305    7    4    6    3
 -0.03078867619172382    7    4    6    4
 0.01421507415501075    7    4    6    5
 -0.01442209911861361    7    4    6    6
 -0.01445787269165015    7    4    7    1
 0.006741724703873706    7    4    7    2
 -0.009235427902632893    7    4    7    3
 0.09805529217419379    7    4    7    4
 -0.01471583337335131    7    5    1    1
 0.002020091649267166    7    5    2    1
 -0.007539630655167298    7    5    2    2
 0.006885625591280006    7    5    3    1
 0.0005556862063152798    7    5    3    2
 -0.004559639119096806    7    5    3    3
 -0.0161489690777227    7    5    4    1
 -0.00963577203819012    7    5    4    2
 -0.01428263769417559    7    5    4    3
 -0.01813378380003091    7    5    4    4
 0.004006971417519536    7    5    5    1
 0.00146872954426874    7    5    5    2
 -0.004494434736314996    7    5    5    3
 0.009949863036993075    7    5    5    4
 -0.005545127318237827    7    5    5    5
 -0.006932630017896423    7    5    6    1
 0.001261538212148058    7    5    6    2
 0.00123455574747828    7    5    6    3
 0.01184089464419046    7    5    6    4
 0.006473272586434245    7    5    6    5
 -0.003920771852480276    7    5    6    6
 -0.01197892800793644    7    5    7    1
 0.008296542390336248    7    5    7    2
 -0.01368248063068385    7    5    7    3
 0.01354562025926373    7    5    7    4
 0.02216000652723755    7    5    7    5
 0.0009178719115588102    7    6    1    1
 -0.006937276437241425    7    6    2    1
 -0.009337446421547017    7    6    2    2
 -0.006963660756557138    7    6    3    1
 0.0003454891655630349    7    6    3    2
 0.01097593599698412    7    6    3    3
 -0.03562685466601337    7    6    4    1
 -0.01218224834284268    7    6    4    2
 -0.01628858865873057    7    6    4    3
 -0.03782130606126234    7    6    4    4
 -0.005124261776885775    7    6    5    1
 -0.000440079891544898    7    6    5    2
 0.001358145614800341    7    6    5    3
 0.02265886690454801    7    6    5    4
 -0.0008939432302209479    7    6    5    5
 -0.001542654929621417    7    6    6    1
 -0.0001943616654528869    7    6    6    2
 0.009209801388593885    7    6    6    3
 0.0209451595550653    7    6    6    4
 -0.003393030674845167    7    6    6    5
 -0.004343448830816636    7    6    6    6
 0.0002006940261752896    7    6    7    1
 0.005686650895834087    7    6    7    2
 -0.01323810739481857    7    6    7    3
 -0.001528936596819237    7    6    7    4
 0.01167038470163112    7    6    7    5
 0.03754456474813622    7    6    7    6
 0.4334089477987947    7    7    1    1
 0.06372473144809218    7    7    2    1
 0.3595232686384719    7    7    2    2
 0.008346467633048114    7    7    3    1
 0.0232511028451113    7    7    3    2
 0.4274353612107546    7    7    3    3
 -0.01758886413325622    7    7    4    1
 0.006223379250239146    7    7    4    2
 -0.01266023154976066    7    7    4    3
 0.4801966385802173    7    7    4    4
 -0.07308390110068187    7    7    5    1
 0.07590860221107998    7    7    5    2
 -0.04155778752287816    7    7    5    3
 0.003078543739397472    7    7    5    4
 0.3600420217161365    7    7    5    5
 0.03212520646277003    7    7    6    1
 -0.01891108538777538    7    7    6    2
 -0.01897253240212299    7    7    6    3
 0.0253710030485241    7    7    6    4
 -0.01173460315814842    7    7    6    5
 0.3773304511105231    7    7    6    6
 0.02594457580226817    7    7    7    1
 -0.0133020963918696    7    7    7    2
 -0.01049960303611615    7    7    7    3
 -0.07569991457411269    7    7    7    4
 -0.01220489609788476    7    7    7    5
 -0.01046851247200208    7    7    7    6
 0.5191793381875766    7    7    7    7
 0.001361168727421667    8    1    1    1
 -0.004671009642076041    8    1    2    1
 -0.0007140575178493952    8    1    2    2
 0.007699289283594805    8    1    3    1
 0.01270409252057435    8    1    3    2
 0.01731463337095761    8    1    3    3
 0.002409510617701154    8    1    4    1
 0.001112193851696899    8    1    4    2
 0.007382031293595171    8    1    4    3
 -0.0111178775524888    8    1    4    4
 -0.005696278664015102    8    1    5    1
 -0.004405934997033278    8    1    5    2
 0.004997033350654811    8    1    5    3
 -0.002249749750407221    8    1    5    4
 0.001448560453633919    8    1    5    5
 -0.007707554095768746    8    1    6    1
 -0.001686184683306917    8    1    6    2
 0.01700919388568146    8    1    6    3
 0.0009695237883567411    8    1    6    4
 -0.0009767059859973079    8    1    6    5
 -0.003451062349683251    8    1    6    6
 -0.002781399053186898    8    1    7    1
 0.000752151038081908    8    1    7    2
 0.009055038592735931    8    1    7    3
 -7.040325168021552e-05    8    1    7    4
 -0.002799590699463011    8    1    7    5
 0.006392253439575845    8    1    7    6
 -0.01742429366465067    8    1    7    7
 0.04269971476160344    8    1    8    1
 -0.009356571867961655    8    2    1    1
 0.00483600798065305    8    2    2    1
 0.005321855982349437    8    2    2    2
 0.02918235634779483    8    2    3    1
 0.01423206196053941    8    2    3    2
 -0.009837687984168871    8    2    3    3
 0.0008490934094526961    8    2    4    1
 1.063705398608189e-06    8    2    4    2
 -0.002127336100276787    8    2    4    3
 0.001048566240474816    8    2    4    4
 -0.0004945706859167231    8    2    5    1
 0.004053681007856903    8    2    5    2
 -0.004161426735678091    8    2    5    3
 0.0008515958481498411    8    2    5    4
 0.002171409072129786    8    2    5    5
 -0.001568491234689315    8    2    6    1
 -0.001817645648678206    8    2    6    2
 -0.004859340581693032    8    2    6    3
 -0.001688065167662027    8    2    6    4
 0.001048780380151714    8    2    6    5
 -0.00262405239917597    8    2    6    6
 -0.000126307377113418    8    2    7    1
 -0.0001895171806193865    8    2    7    2
 -0.006442253194543938    8    2    7    3
 0.005187876627633212    8    2    7    4
 0.002792292770578029    8    2    7    5
 0.0008170152565313515    8    2    7    6
 -0.004444724644269484    8    2    7    7
 0.01570117475536607    8    2    8    1
 0.02354226506469451    8    2    8    2
 0.05102464366618948    8    3    1    1
 0.03776696089167432    8    3    2    1
 0.06852983690847406    8    3    2    2
 0.03193630818184634    8    3    3    1
 0.0127783403376143    8    3    3    2
 0.02497135027695064    8    3    3    3
 0.01376269681683428    8    3    4    1
 0.003605277498037207    8    3    4    2
 0.002148429061314487    8    3    4    3
 0.07099349816504673    8    3    4    4
 -0.002410840484702765    8    3    5    1
 0.03832701888408331    8    3    5    2
 -0.02301041889487315    8    3    5    3
 -0.01211250317348153    8    3    5    4
 0.04399665843645322    8    3    5    5
 0.02747058774914844    8    3    6    1
 -0.0003466061783125661    8    3    6    2
 -0.02956611329385255    8    3    6    3
 0.009076916509352464    8    3    6    4
 -0.01418446690490481    8    3    6    5
 0.0228065321391996    8    3    6    6
 0.01667877194006641    8    3    7    1
 -0.01096643785801177    8    3    7    2
 -0.003532698458923268    8    3    7    3
 -0.05255998190853066    8    3    7    4
 -0.01417330043814204    8    3    7    5
 -0.01662041295854374    8    3    7    6
 0.07085970093998892    8    3    7    7
 -0.009529287823361725    8    3    8    1
 0.009581498520318839    8    3    8    2
 0.09856089774263985    8    3    8    3
 0.009569239863600419    8    4    1    1
 0.00385264638848631    8    4    2    1
 0.003695337164544419    8    4    2    2
 0.01546693928508399    8    4    3    1
 0.004114497782586967    8    4    3    2
 0.01002239829613779    8    4    3    3
 -0.02781217503842262    8    4    4    1
 -0.008397170340318762    8    4    4    2
 -0.01129305954664034    8    4    4    3
 -0.001413971747219014    8    4    4    4
 -0.007876906155116619    8    4    5    1
 0.006066693594767593    8    4    5    2
 -0.01314575859586253    8    4    5    3
 0.01677386684469293    8    4    5    4
 0.008361428620442755    8    4    5    5
 0.002890570075333209    8    4    6    1
 -0.002951497935179185    8    4    6    2
 0.0009896392624388496    8    4    6    3
 0.01630051824643143    8    4    6    4
 -0.005489765598242847    8    4    6    5
 0.003318011579488959    8    4    6    6
 -0.000348362452675984    8    4    7    1
 0.004269194604078558    8    4    7    2
 -0.02413026076444982    8    4    7    3
 -0.005921809421666348    8    4    7    4
 0.01414279717212821    8    4    7    5
 0.02130730491090482    8    4    7    6
 0.01771452872194148    8    4    7    7
 0.0005614599466306851    8    4    8    1
 0.005170338276819089    8    4    8    2
 0.004649636902610715    8    4    8    3
 0.03206036946080097    8    4    8    4
 -0.02105396653031388    8    5    1    1
 -0.00230369565730314    8    5    2    1
 -0.01079037016000778    8    5    2    2
 0.01559924193876877    8    5    3    1
 0.00600067266332479    8    5    3    2
 -0.02999130371675082    8    5    3    3
 -0.004477036070840041    8    5    4    1
 -0.0006055142161357017    8    5    4    2
 -0.008398872317549032    8    5    4    3
 -0.005434781161553607    8    5    4    4
 0.003374844299962331    8    5    5    1
 -0.001213212954200581    8    5    5    2
 -0.004765155857094718    8    5    5    3
 0.005230964621526836    8    5    5    4
 -0.009502765675941235    8    5    5    5
 -0.003685049012782998    8    5    6    1
 -0.0004403983046624776    8    5    6    2
 -0.01125180336195361    8    5    6    3
 -0.005584160278635879    8    5    6    4
 0.006032669448272211    8    5    6    5
 -0.002095257556962844    8    5    6    6
 -0.003289627479029732    8    5    7    1
 0.002731750846580018    8    5    7    2
 -0.01179112693893346    8    5    7    3
 0.02099202194627713    8    5    7    4
 0.007724604013971394    8    5    7    5
 0.0005752068132624388    8    5    7    6
 -0.007550378697252958    8    5    7    7
 -0.008570955392207926    8    5    8    1
 0.007714484194411973    8    5    8    2
 -0.009854437509793675    8    5    8    3
 0.002398782924809043    8    5    8    4
 0.0202241652513718    8    5    8    5
 -0.03205167784395379    8    6    1    1
 -0.001580600104407296    8    6    2    1
 -0.01605203575256237    8    6    2    2
 0.043926623730102    8    6    3    1
 0.004865365429166307    8    6    3    2
 -0.05201526264788681    8    6    3    3
 0.007437177478891323    8    6    4    1
 0.0008229483682438322    8    6    4    2
 -0.0003605605240677268    8    6    4    3
 0.005691972938987204    8    6    4    4
 0.0009909577229519648    8    6    5    1
 -0.005232052679971066    8    6    5    2
 -0.02002608432936073    8    6    5    3
 -0.003884493569726709    8    6    5    4
 -0.008987649878680629    8    6    5    5
 -0.003237973635743323    8    6    6    1
 -0.002536117920240122    8    6    6    2
 -0.0174737133394624    8    6    6    3
 -0.01449775979491167    8    6    6    4
 0.003833264267774267    8    6    6    5
 -0.004193042120839019    8    6    6    6
 0.005079308834553365    8    6    7    1
 0.001321064291529873    8    6    7    2
 -0.01133063062673129    8    6    7    3
 0.02865990487122298    8    6    7    4
 0.001492104410175329    8    6    7    5
 -0.007007638748508957    8    6    7    6
 -0.009807952253362794    8    6    7    7
 -0.00247959667076879    8    6    8    1
 0.008295643052276301    8    6    8    2
 0.0066386933890977    8    6    8    3
 0.003578203170954783    8    6    8    4
 0.01103025984799022    8    6    8    5
 0.03488956233512686    8    6    8    6
 -0.006300143790001374    8    7    1    1
 0.002431277671677026    8    7    2    1
 -0.003971280807835686    8    7    2    2
 0.02486341253478543    8    7    3    1
 0.0001138149701712473    8    7    3    2
 -0.008355263260729509    8    7    3    3
 -0.01487734493822251    8    7    4    1
 -0.003111824290014286    8    7    4    2
 -0.0304002354008947    8    7    4    3
 -0.005703355469980616    8    7    4    4
 -0.006228415068539979    8    7    5    1
 0.004053086944606371    8    7    5    2
 -0.01796147879987211    8    7    5    3
 0.01945482355060678    8    7    5    4
 0.003743185552422478    8    7    5    5
 0.0068780570009261    8    7    6    1
 -0.0004288263045497031    8    7    6    2
 -0.009481002861901948    8    7    6    3
 0.01806058189521235    8    7    6    4
 -0.002855753219657506    8    7    6    5
 0.0038343557986314    8    7    6    6
 -0.01574805375847139    8    7    7    1
 -0.002984918266721565    8    7    7    2
 -0.01379896851155271    8    7    7    3
 0.007159844675747759    8    7    7    4
 0.01442231650224575    8    7    7    5
 0.0125787504555712    8    7    7    6
 0.007751816461332058    8    7    7    7
 -0.008483970625006674    8    7    8    1
 0.002019267718837671    8    7    8    2
 0.003322538716675339    8    7    8    3
 0.009429146293005999    8    7    8    4
 0.007565600639962166    8    7    8    5
 0.005472707126427539    8    7    8    6
 0.04090924624069341    8    7    8    7
 0.4538030669374176    8    8    1    1
 0.06819428530547528    8    8    2    1
 0.3788584466592658    8    8    2    2
 -0.02938074150397533    8    8    3    1
 0.0228502272483334    8    8    3    2
 0.4892336493645945    8    8    3    3
 -0.005841195194239168    8    8    4    1
 0.007532005874166387    8    8    4    2
 0.0006463303054688945    8    8    4    3
 0.4508948091706939    8    8    4    4
 -0.06744765118178564    8    8    5    1
 0.08072128393162349    8    8    5    2
 -0.02199905292130849    8    8    5    3
 -0.006317403152731261    8    8    5    4
 0.3681478275068466    8    8    5    5
 0.03010094458646965    8    8    6    1
 -0.01394139281397887    8    8    6    2
 0.002080802234689744    8    8    6    3
 0.03566378357722753    8    8    6    4
 -0.01123710913007679    8    8    6    5
 0.3734076298630185    8    8    6    6
 0.01026697940114425    8    8    7    1
 -0.01542725766625528    8    8    7    2
 0.007353939531122026    8    8    7    3
 -0.08641437851064895    8    8    7    4
 -0.01278890652779433    8    8    7    5
 -0.005209820493552247    8    8    7    6
 0.4827074765429672    8    8    7    7
 0.009767972225010297    8    8    8    1
 -0.005106131259511808    8    8    8    2
 0.0838143769223086    8    8    8    3
 0.01314149630298085    8    8    8    4
 -0.03249806204119694    8    8    8    5
 -0.03969550192578643    8    8    8    6
 -0.004794809813470404    8    8    8    7
 0.5463057859582577    8    8    8    8
 -0.02600381511866188    9    1    1    1
 -0.01934618487873695    9    1    2    1
 -0.03069527153957702    9    1    2    2
 -0.001164348707478421    9    1    3    1
 -0.00362864418128086    9    1    3    2
 -0.02627666341938995    9    1    3    3
 0.003922590424461911    9    1    4    1
 4.498099367292563e-05    9    1    4    2
 -0.000875667393181452    9    1    4    3
 -0.03246716298328716    9    1    4    4
 -0.003992025103669914    9    1    5    1
 -0.00914106406978709    9    1    5    2
 0.003406280981697757    9    1    5    3
 0.0006928211380921948    9    1    5    4
 -0.01213019080652354    9    1    5    5
 0.0008271025706649259    9    1    6    1
 0.004052785737780889    9    1    6    2
 0.006545579892710752    9    1    6    3
 -0.007014000361491054    9    1    6    4
 0.003780780951884433    9    1    6    5
 -0.006488969487067692    9    1    6    6
 -0.005661640459456232    9    1    7    1
 0.003568031952621942    9    1    7    2
 -0.001045318318823286    9    1    7    3
 0.03322367511218521    9    1    7    4
 0.005500598740235506    9    1    7    5
 0.007167822051039033    9    1    7    6
 -0.04139209622975525    9    1    7    7
 0.003566587671071832    9    1    8    1
 0.001556637326741692    9    1    8    2
 -0.03233291917686169    9    1    8    3
 -0.002954144470683564    9    1    8    4
 0.008821114920672782    9    1    8    5
 0.006840710588992317    9    1    8    6
 0.003253143576177395    9    1    8    7
 -0.04746005249965703    9    1    8    8
 0.02945637094574371    9    1    9    1
 -0.06211450545744349    9    2    1    1
 -0.01430071629323762    9    2    2    1
 -0.02464689965173339    9    2    2    2
 0.001244883836839185    9    2    3    1
 -0.005793195399700894    9    2    3    2
 -0.06512949132956516    9    2    3    3
 -0.0001092530595691378    9    2    4    1
 -0.00485983431742553    9    2    4    2
 0.0001697339378982903    9    2    4    3
 -0.07185056165588119    9    2    4    4
 0.0253958557007177    9    2    5    1
 0.0001108811781083569    9    2    5    2
 0.0115584097565724    9    2    5    3
 4.77165875712973e-05    9    2    5    4
 -0.01850645466127785    9    2    5    5
 -0.006831163246467745    9    2    6    1
 0.01879795198591791    9    2    6    2
 0.007182761222829925    9    2    6    3
 -0.01348957219758445    9    2    6    4
 0.02319172519708832    9    2    6    5
 -0.03494801046482297    9    2    6    6
 -0.00453272786990393    9    2    7    1
 0.01224539197177679    9    2    7    2
 8.961647754572924e-05    9    2    7    3
 0.03802448651039101    9    2    7    4
 0.01245830788222458    9    2    7    5
 0.008055788136112763    9    2    7    6
 -0.08411894626296602    9    2    7    7
 0.002457550738534935    9    2    8    1
 0.005708280019226799    9    2    8    2
 -0.03702185416206537    9    2    8    3
 -0.00533533634233947    9    2    8    4
 0.0153026300988717    9    2    8    5
 0.01264500771042852    9    2    8    6
 0.00212652425968669    9    2    8    7
 -0.09128792903477904    9    2    8    8
 0.04010728954667819    9    2    9    1
 0.0863939538165618    9    2    9    2
 -0.009792445277922494    9    3    1    1
 -0.001713947851088546    9    3    2    1
 -0.007428906148068688    9    3    2    2
 -0.003255510977981848    9    3    3    1
 -0.009617348304328591    9    3    3    2
 -0.01760852429046131    9    3    3    3
 -0.00242508743288525    9    3    4    1
 -0.001256847688401842    9    3    4    2
 -0.003897884556790246    9    3    4    3
 -0.006822606318714375    9    3    4    4
 0.003553510219996447    9    3    5    1
 0.00209339695775715    9    3    5    2
 -0.005221884257000581    9    3    5    3
 0.002424607230979242    9    3    5    4
 -0.003012590208410648    9    3    5    5
 0.003415284087005889    9    3    6    1
 0.003958286555402136    9    3    6    2
 -0.00475390426881876    9    3    6    3
 -0.001758277179371121    9    3    6    4
 0.002803825598241977    9    3    6    5
 -0.002085911120819113    9    3    6    6
 -0.001025440776271435    9    3    7    1
 0.001291172643329774    9    3    7    2
 -0.005912508117648077    9    3    7    3
 0.01011434591214974    9    3    7    4
 0.004359767386883213    9    3    7    5
 0.0005928183431739984    9    3    7    6
 -0.004067549872089315    9    3    7    7
 -0.02092963110129574    9    3    8    1
 -0.01166936381139867    9    3    8    2
 -0.004252196659678717    9    3    8    3
 0.001689129290270374    9    3    8    4
 0.004594089199145981    9    3    8    5
 0.006221573380830217    9    3    8    6
 0.007184110883658102    9    3    8    7
 -0.018160223121143    9    3    8    8
 0.006626826205577304    9    3    9    1
 0.01281829497695273    9    3    9    2
 0.01738593011201056    9    3    9    3
 0.01060462938749297    9    4    1    1
 -0.0003278282057174353    9    4    2    1
 0.0007585821514428288    9    4    2    2
 -0.003988844369577601    9    4    3    1
 -0.0005040648730482724    9    4    3    2
 0.005306462535193482    9    4    3    3
 -0.008442724272882321    9    4    4    1
 -0.01060107348333924    9    4    4    2
 0.003667746132234531    9    4    4    3
 0.009953871748712532    9    4    4    4
 -0.002868498591514182    9    4    5    1
 -0.001600538040235284    9    4    5    2
 0.001515660553042859    9    4    5    3
 -0.007233443891739095    9    4    5    4
 0.001815229055720474    9    4    5    5
 -0.001995237871667601    9    4    6    1
 -0.004969591269046775    9    4    6    2
 -0.0009342722498648378    9    4    6    3
 -0.005935147525405593    9    4    6    4
 -0.003413850665085893    9    4    6    5
 0.002756229903942025    9    4    6    6
 0.02246639321934548    9    4    7    1
 0.01258149315611071    9    4    7    2
 0.007368364786916471    9    4    7    3
 -0.004409434471575212    9    4    7    4
 -0.004892503423726007    9    4    7    5
 -0.00568768582920247    9    4    7    6
 0.009201508494258019    9    4    7    7
 -0.001732569356033315    9    4    8    1
 -0.003024816103923839    9    4    8    2
 0.004330908870475887    9    4    8    3
 -0.004813072438881603    9    4    8    4
 -0.003336762567868755    9    4    8    5
 0.0003684284750880807    9    4    8    6
 -0.0118057569097503    9    4    8    7
 0.005641504511297012    9    4    8    8
 -0.005919687131637701    9    4    9    1
 -0.007920717240089168    9    4    9    2
 -0.001763462659410996    9    4    9    3
 0.02077501574129942    9    4    9    4
 -0.03051174087761997    9    5    1    1
 0.009165768755486648    9    5    2    1
 0.01654360541467978    9    5    2    2
 0.004730030665482218    9    5    3    1
 0.003109176476786409    9    5    3    2
 -0.03567102388592458    9    5    3    3
 -0.00124705707092073    9    5    4    1
 -0.004378668669153161    9    5    4    2
 0.001119875777876922    9    5    4    3
 -0.03673595141317454    9    5    4    4
 0.02659055383889742    9    5    5    1
 0.02291460809946753    9    5    5    2
 0.008036853952658405    9    5    5    3
 -0.002440878919015057    9    5    5    4
 0.002796052704733295    9    5    5    5
 -0.001598866608417331    9    5    6    1
 0.01931533623974938    9    5    6    2
 0.001226863169106967    9    5    6    3
 -0.004311542442738305    9    5    6    4
 0.01909918402000545    9    5    6    5
 -0.0249160745049497    9    5    6    6
 0.001113468464909298    9    5    7    1
 0.008107675648002603    9    5    7    2
 0.001784043666215531    9    5    7    3
 0.00183315285987225    9    5    7    4
 0.006974179321095698    9    5    7    5
 0.003168997695682007    9    5    7    6
 -0.04200077231279136    9    5    7    7
 0.005352555120818261    9    5    8    1
 0.01009372496580424    9    5    8    2
 -0.001229628270957125    9    5    8    3
 -0.002222874084738963    9    5    8    4
 0.007839197360554065    9    5    8    5
 0.005717621800481162    9    5    8    6
 -0.0003679902919297667    9    5    8    7
 -0.03994696115536507    9    5    8    8
 0.01878642125180297    9    5    9    1
 0.05829780144300693    9    5    9    2
 0.004273332294998169    9    5    9    3
 -0.005259892421866222    9    5    9    4
 0.05433193274475112    9    5    9    5
 0.02001441436865135    9    6    1    1
 0.01684731604787817    9    6    2    1
 0.04563466817525415    9    6    2    2
 0.00403191136678329    9    6    3    1
 0.006481460387671093    9    6    3    2
 0.007574217295101652    9    6    3    3
 -0.005108003629031226    9    6    4    1
 -0.006209896584955644    9    6    4    2
 -0.0006908576269952893    9    6    4    3
 0.006825200959438835    9    6    4    4
 0.009706725010367895    9    6    5    1
 0.03336980119923756    9    6    5    2
 0.002570378143861813    9    6    5    3
 -0.003783652595272309    9    6    5    4
 0.03011949234882675    9    6    5    5
 0.01166214857854761    9    6    6    1
 0.008411478521665322    9    6    6    2
 -0.0008551581991185949    9    6    6    3
 0.005824906854485745    9    6    6    4
 -0.0002478437927792073    9    6    6    5
 -0.001799576943525287    9    6    6    6
 0.0104119193731937    9    6    7    1
 0.004483292538463793    9    6    7    2
 0.001912285511049827    9    6    7    3
 -0.02488536975277523    9    6    7    4
 -0.001210982786521982    9    6    7    5
 0.001084554321505539    9    6    7    6
 0.01109621411269716    9    6    7    7
 0.004764075532250412    9    6    8    1
 0.007861204512233919    9    6    8    2
 0.02257064385554679    9    6    8    3
 0.002469343166969317    9    6    8    4
 -0.001638840940460875    9    6    8    5
 -0.003462380700186798    9    6    8    6
 -0.001529384246642119    9    6    8    7
 0.01744162630702342    9    6    8    8
 -0.0006233369682388436    9    6    9    1
 0.01230597085156925    9    6    9    2
 -0.003062425732978226    9    6    9    3
 0.003632150829409499    9    6    9    4
 0.02343054991697077    9    6    9    5
 0.02949251054703934    9    6    9    6
 -0.006773654436343692    9    7    1    1
 0.00622363362476853    9    7    2    1
 0.01876831269542522    9    7    2    2
 -0.003043530369579963    9    7    3    1
 0.0002782173383160432    9    7    3    2
 -0.01309352256474928    9    7    3    3
 0.0437038941658404    9    7    4    1
 0.02123368642965054    9    7    4    2
 0.01932342763233978    9    7    4    3
 0.009575372764162317    9    7    4    4
 0.01187732527538345    9    7    5    1
 0.01056503923121352    9    7    5    2
 0.007744038674791731    9    7    5    3
 -0.01778456273633888    9    7    5    4
 0.005613571975611313    9    7    5    5
 0.007893636566347666    9    7    6    1
 0.008823278163711454    9    7    6    2
 -0.002448003729372233    9    7    6    3
 -0.01361011375303822    9    7    6    4
 0.004469984591472524    9    7    6    5
 -0.002816201562048026    9    7    6    6
 -0.01462799641705842    9    7    7    1
 -0.01983638590069211    9    7    7    2
 0.01288083121403527    9    7    7    3
 -0.003378646198343437    9    7    7    4
 -0.01563531590941199    9    7    7    5
 -0.02152975954561145    9    7    7    6
 -0.01290679318889957    9    7    7    7
 0.003222890654661679    9    7    8    1
 0.002044795542101369    9    7    8    2
 0.01390815748559941    9    7    8    3
 -0.01929980868786731    9    7    8    4
 -0.00324436578623212    9    7    8    5
 0.0009813930746238617    9    7    8    6
 -0.009827132285169111    9    7    8    7
 -0.001231211184770872    9    7    8    8
 0.003128285182696734    9    7    9    1
 0.00721216390379139    9    7    9    2
 -0.001584994407707718    9    7    9    3
 -0.01492720999974803    9    7    9    4
 0.01023462361261616    9    7    9    5
 0.005128069877845429    9    7    9    6
 0.04463003362333628    9    7    9    7
 0.009743951638819569    9    8    1    1
 0.00375242933890736    9    8    2    1
 0.01694012629486156    9    8    2    2
 -0.04641642452726413    9    8    3    1
 -0.01755049775072897    9    8    3    2
 0.0114416428669309    9    8    3    3
 -0.00240509093174724    9    8    4    1
 -0.003290151428886097    9    8    4    2
 0.006779056012004976    9    8    4    3
 -0.01780288259556626    9    8    4    4
 0.01576416594812454    9    8    5    1
 0.01420314696397901    9    8    5    2
 0.01827619380742851    9    8    5    3
 -0.003780151484507252    9    8    5    4
 0.007207035622730955    9    8    5    5
 0.004505835724687977    9    8    6    1
 0.01176070295724494    9    8    6    2
 0.01259316470981332    9    8    6    3
 0.004295128937542821    9    8    6    4
 0.004771046570444848    9    8    6    5
 -0.007893466177731658    9    8    6    6
 0.003061413949082264    9    8    7    1
 0.002771611390676632    9    8    7    2
 0.01241839645378313    9    8    7    3
 -0.02092221834144941    9    8    7    4
 -0.0027845295179273    9    8    7    5
 0.001143103280007449    9    8    7    6
 -0.007835862750737011    9    8    7    7
 -0.0184605972890224    9    8    8    1
 -0.02409938089657113    9    8    8    2
 -0.00866492445560771    9    8    8    3
 -0.007360062187379402    9    8    8    4
 -0.01098975489315566    9    8    8    5
 -0.01820007677322606    9    8    8    6
 -0.008516388742686664    9    8    8    7
 0.002349121238684574    9    8    8    8
 0.001343501825323268    9    8    9    1
 0.0122619117703475    9    8    9    2
 0.01571207744953667    9    8    9    3
 0.003278665743755311    9    8    9    4
 0.009652908845697363    9    8    9    5
 0.006782466069112631    9    8    9    6
 0.004273184117989007    9    8    9    7
 0.04620220120501048    9    8    9    8
 0.3956988563268151    9    9    1    1
 0.1141217724382658    9    9    2    1
 0.4628162227949135    9    9    2    2
 0.00620998614009735    9    9    3    1
 0.03423345990538809    9    9    3    2
 0.3870814753564301    9    9    3    3
 -0.01544037339276311    9    9    4    1
 -0.006648814012528632    9    9    4    2
 -0.006328980996855172    9    9    4    3
 0.4057454566254107    9    9    4    4
 0.006017803637150441    9    9    5    1
 0.158117128935506    9    9    5    2
 -0.01448744536581989    9    9    5    3
 -0.01066084062429503    9    9    5    4
 0.3948381914274741    9    9    5    5
 0.02938928162177652    9    9    6    1
 0.01839268843142911    9    9    6    2
 -0.01593519243297615    9    9    6    3
 0.03178637071719331    9    9    6    4
 0.02309999771299134    9    9    6    5
 0.3290176902977993    9    9    6    6
 0.01976757623122223    9    9    7    1
 -0.003175685401018024    9    9    7    2
 -0.0004796666344547437    9    9    7    3
 -0.1041659558401445    9    9    7    4
 -0.0006198436549043005    9    9    7    5
 -0.006227617037546027    9    9    7    6
 0.4404372068222286    9    9    7    7
 -0.001859500361419258    9    9    8    1
 0.01468320633547044    9    9    8    2
 0.1036414175077186    9    9    8    3
 0.01423530581963369    9    9    8    4
 -0.00815254844880009    9    9    8    5
 -0.01513583539304873    9    9    8    6
 0.003098111686461677    9    9    8    7
 0.4590257050016268    9    9    8    8
 -0.03684768327705853    9    9    9    1
 -0.0179381011919082    9    9    9    2
 -0.006887644404366467    9    9    9    3
 0.001941967380319861    9    9    9    4
 0.04341277180713405    9    9    9    5
 0.07627416421107598    9    9    9    6
 0.01867030761483435    9    9    9    7
 0.02116696294290157    9    9    9    8
 0.6165631407376146    9    9    9    9
 -4.282711731005431    1    1  0  0
 -0.3320152651093605    2    1  0  0
 -3.542764620282334    2    2  0  0
 0.1109313259270708    3    1  0  0
 -0.1187506322848393    3    2  0  0
 -3.825356571347632    3    3  0  0
 0.02201511954198197    4    1  0  0
 -0.03033542494902265    4    2  0  0
 -0.005273861532730406    4    3  0  0
 -3.731868308045115    4    4  0  0
 0.3021205449886306    5    1  0  0
 -0.5071222802710834    5    2  0  0
 0.1135371214995676    5    3  0  0
 0.05817563790521443    5    4  0  0
 -3.268966305392735    5    5  0  0
 -0.2229282137435451    6    1  0  0
 0.07058359181421411    6    2  0  0
 0.0251627522247926    6    3  0  0
 -0.1889336910897338    6    4  0  0
 0.05760529323908879    6    5  0  0
 -2.612694386781009    6    6  0  0
 -0.1229884049028191    7    1  0  0
 0.07837240056469397    7    2  0  0
 -0.04215058641565807    7    3  0  0
 0.5504677760257736    7    4  0  0
 0.1021493871270844    7    5  0  0
 0.06180610919863027    7    6  0  0
 -3.184474139483474    7    7  0  0
 -0.002888823305192116    8    1  0  0
 0.02512373366375598    8    2  0  0
 -0.4881871885894273    8    3  0  0
 -0.05209290339842665    8    4  0  0
 0.1361645281895712    8    5  0  0
 0.1900711810245972    8    6  0  0
 0.0364728954518246    8    7  0  0
 -3.325500353959433    8    8  0  0
 0.2297340217040096    9    1  0  0
 0.4431991213222729    9    2  0  0
 0.07646873644753213    9    3  0  0
 -0.0541997045217605    9    4  0  0
 0.1536178733001773    9    5  0  0
 -0.1923007995121819    9    6  0  0
 -0.02494417262401884    9    7  0  0
 -0.04701095170326137    9    8  0  0
 -3.057807164214901    9    9  0  0
 0  0  0  0  0
