0 0 1.999966038173086
0 1 -1.684337044529498e-05
0 2 -7.971226678040805e-05
0 3 -1.469711154504306e-06
0 4 -2.605801766400534e-05
0 5 3.573916049714724e-10
0 6 -1.363322421803235e-06
0 7 -1.032852402948459e-10
0 8 -2.157894973096706e-05
0 9 -5.889560551973993e-11
0 10 -8.367394154501501e-05
0 11 3.048881952997173e-05
0 12 -6.673620709750605e-10
0 13 0.000317352389578593
0 14 0.0001879670935893136
0 15 2.013307382614232e-05
1 0 -1.684337044529498e-05
1 1 1.987907788975124
1 2 -9.989221047106007e-05
1 3 -0.001891961153401528
1 4 0.002184708300099081
1 5 1.953519893288562e-08
1 6 0.001635629889728117
1 7 -2.342537370858456e-08
1 8 0.001164696947973836
1 9 -5.475972563734904e-08
1 10 -0.004962974903348491
1 11 0.00216375411520778
1 12 3.641600997622346e-08
1 13 -0.0001305937301683336
1 14 -0.0007354287747371141
1 15 -0.003138119549257443
2 0 -7.971226678040805e-05
2 1 -9.989221047106016e-05
2 2 1.985087011746548
2 3 0.001276377335398352
2 4 -0.0005630930232198923
2 5 -1.675999634820215e-09
2 6 -0.0007805936849856226
2 7 -8.243082443157311e-09
2 8 -0.002919886935575682
2 9 2.145952079008089e-08
2 10 0.001560023305780168
2 11 -0.002915786189700652
2 12 2.203545956333568e-08
2 13 -0.003203908390363139
2 14 -0.001872143610856408
2 15 0.003887862691924397
3 0 -1.469711154504338e-06
3 1 -0.001891961153401527
3 2 0.001276377335398352
3 3 1.979837590257857
3 4 -0.002088639615608615
3 5 -1.675058926580847e-08
3 6 -0.001447544248856309
3 7 -1.224234135566783e-08
3 8 0.0004907901257186359
3 9 2.25496311909834e-08
3 10 0.0005106813745712912
3 11 -0.0006423633841009182
3 12 1.340032354906781e-07
3 13 0.001516662555788634
3 14 -0.006549301395436533
3 15 -0.00614406197517264
4 0 -2.605801766400532e-05
4 1 0.002184708300099083
4 2 -0.0005630930232198908
4 3 -0.002088639615608615
4 4 1.979612271137529
4 5 3.667438624600452e-08
4 6 0.001483213774896562
4 7 7.393161009832004e-08
4 8 0.00822111521622175
4 9 -3.6935684861441e-08
4 10 -0.001207047386775714
4 11 0.008778547164023194
4 12 -5.123230754619367e-08
4 13 -0.0009607031988176764
4 14 0.006689132579097139
4 15 -0.006548428993926009
5 0 3.573916049714702e-10
5 1 1.953519893288565e-08
5 2 -1.675999634820164e-09
5 3 -1.675058926580851e-08
5 4 3.667438624600457e-08
5 5 1.971096227068981
5 6 6.721602038763657e-08
5 7 -0.01901160738250814
5 8 8.833143092586637e-08
5 9 0.005362377663634156
5 10 1.758017574430944e-08
5 11 1.242397480722393e-07
5 12 -0.003071913770601269
5 13 1.557249055380734e-09
5 14 6.138961591815198e-08
5 15 -1.456326435417609e-08
6 0 -1.363322421803352e-06
6 1 0.001635629889728116
6 2 -0.0007805936849856212
6 3 -0.001447544248856309
6 4 0.001483213774896561
6 5 6.721602038763648e-08
6 6 1.976215516076885
6 7 1.257133522599102e-07
6 8 0.0009011356183293069
6 9 -3.333703136393501e-08
6 10 0.0004938573599443357
6 11 0.005173260728034408
6 12 -5.680735094446757e-08
6 13 -0.001674015012045088
6 14 0.002950333358469347
6 15 0.005534455807362056
7 0 -1.032852402948454e-10
7 1 -2.342537370858454e-08
7 2 -8.243082443157346e-09
7 3 -1.224234135566782e-08
7 4 7.393161009832e-08
7 5 -0.01901160738250813
7 6 1.257133522599101e-07
7 7 1.898444017968056
7 8 2.301133981574201e-08
7 9 0.02221153153883536
7 10 -3.237767394930274e-08
7 11 2.079531070173004e-08
7 12 -0.001968964543581158
7 13 8.989411244936634e-09
7 14 -4.427801277031128e-08
7 15 -9.313535180237812e-09
8 0 -2.157894973096706e-05
8 1 0.001164696947973835
8 2 -0.002919886935575686
8 3 0.00049079012571864
8 4 0.00822111521622175
8 5 8.833143092586635e-08
8 6 0.0009011356183293069
8 7 2.301133981574205e-08
8 8 1.983266210873702
8 9 -6.975744945566758e-09
8 10 -0.006880670148488173
8 11 0.01918966558444554
8 12 -2.738982890722463e-07
8 13 -0.005721341541108675
8 14 0.02366724993664684
8 15 -0.0005772593446931819
9 0 -5.889560551973982e-11
9 1 -5.475972563734906e-08
9 2 2.145952079008087e-08
9 3 2.254963119098344e-08
9 4 -3.693568486144099e-08
9 5 0.00536237766363416
9 6 -3.333703136393494e-08
9 7 0.0222115315388354
9 8 -6.97574494556676e-09
9 9 0.106938599298955
9 10 -1.145084312144245e-07
9 11 3.032223985433488e-08
9 12 -0.007739243458139982
9 13 7.138231798168974e-08
9 14 -1.478550008339097e-07
9 15 2.133325451792524e-09
10 0 -8.367394154501483e-05
10 1 -0.004962974903348496
10 2 0.001560023305780167
10 3 0.0005106813745712922
10 4 -0.001207047386775716
10 5 1.758017574430944e-08
10 6 0.0004938573599443362
10 7 -3.237767394930277e-08
10 8 -0.006880670148488177
10 9 -1.145084312144245e-07
10 10 0.02404197733557406
10 11 -0.002961270660768555
10 12 1.084506833155779e-07
10 13 0.001338473549917998
10 14 -0.004382973590643447
10 15 0.0006551846811280232
11 0 3.048881952997177e-05
11 1 0.00216375411520778
11 2 -0.00291578618970065
11 3 -0.0006423633841009223
11 4 0.008778547164023195
11 5 1.242397480722392e-07
11 6 0.005173260728034401
11 7 2.079531070173005e-08
11 8 0.01918966558444556
11 9 3.032223985433496e-08
11 10 -0.002961270660768556
11 11 0.02596514224000009
11 12 4.243406573535019e-09
11 13 -3.169147734511887e-05
11 14 0.00137161596200583
11 15 -0.001652555521987502
12 0 -6.673620709750602e-10
12 1 3.641600997622346e-08
12 2 2.203545956333565e-08
12 3 1.34003235490678e-07
12 4 -5.123230754619364e-08
12 5 -0.00307191377060127
12 6 -5.680735094446754e-08
12 7 -0.001968964543581153
12 8 -2.738982890722461e-07
12 9 -0.007739243458139981
12 10 1.084506833155779e-07
12 11 4.243406573535065e-09
12 12 0.02297699190108709
12 13 -1.908215852566223e-08
12 14 3.730059847893875e-08
12 15 1.874223542732687e-08
13 0 0.0003173523895785926
13 1 -0.0001305937301683331
13 2 -0.00320390839036314
13 3 0.001516662555788635
13 4 -0.0009607031988176776
13 5 1.557249055380731e-09
13 6 -0.001674015012045086
13 7 8.989411244936644e-09
13 8 -0.005721341541108678
13 9 7.138231798168981e-08
13 10 0.001338473549917993
13 11 -3.169147734512049e-05
13 12 -1.90821585256622e-08
13 13 0.01985597018723195
13 14 0.0003159936980493289
13 15 9.933062919696418e-06
14 0 0.0001879670935893136
14 1 -0.0007354287747371145
14 2 -0.001872143610856406
14 3 -0.006549301395436531
14 4 0.006689132579097155
14 5 6.138961591815198e-08
14 6 0.00295033335846934
14 7 -4.427801277031114e-08
14 8 0.02366724993664683
14 9 -1.478550008339099e-07
14 10 -0.004382973590643447
14 11 0.001371615962005828
14 12 3.730059847893876e-08
14 13 0.0003159936980493267
14 14 0.01991323587698743
14 15 -0.001333538693123541
15 0 2.013307382614233e-05
15 1 -0.003138119549257442
15 2 0.003887862691924397
15 3 -0.006144061975172643
15 4 -0.006548428993926012
15 5 -1.456326435417608e-08
15 6 0.005534455807362055
15 7 -9.313535180237796e-09
15 8 -0.0005772593446931817
15 9 2.133325451792494e-09
15 10 0.0006551846811280251
15 11 -0.001652555521987501
15 12 1.874223542732691e-08
15 13 9.933062919694385e-06
15 14 -0.001333538693123539
15 15 0.01887541088233304
