 &FCI NORB=   8,NELEC= 8,MS2=0,
  ORBSYM=1,1,1,1,1,1,1,1
  ISYM=1,
 &END
 0.5133151104672298    1    1    1    1
 -0.01910173116494757    2    1    1    1
 0.09376978793942353    2    1    2    1
 0.4666617575579335    2    2    1    1
 0.06416718158150507    2    2    2    1
 0.5626781671423373    2    2    2    2
 -0.004953776766474695    3    1    1    1
 -0.007784692672188884    3    1    2    1
 0.0302513850534319    3    1    2    2
 0.1120960555883482    3    1    3    1
 -0.009639728391460217    3    2    1    1
 0.03259630047505114    3    2    2    1
 0.01881993198755882    3    2    2    2
 -0.02656419838589993    3    2    3    1
 0.04053199981326327    3    2    3    2
 0.4885899684529104    3    3    1    1
 -0.03104058263802664    3    3    2    1
 0.4382080981623585    3    3    2    2
 0.02855805005671578    3    3    3    1
 -0.02675235217710097    3    3    3    2
 0.5069769743926951    3    3    3    3
 -0.018558623023539    4    1    1    1
 -0.003835228939775834    4    1    2    1
 0.01001013450341043    4    1    2    2
 0.004176908955154062    4    1    3    1
 0.01209950197832282    4    1    3    2
 -0.003862091792306759    4    1    3    3
 0.1097791771253141    4    1    4    1
 -0.0008293005510486213    4    2    1    1
 0.01734510766756442    4    2    2    1
 0.02322299343844287    4    2    2    2
 0.01225480788440022    4    2    3    1
 0.002255258391782072    4    2    3    2
 -0.001156656614977382    4    2    3    3
 -0.008107378913387244    4    2    4    1
 0.02112928276994195    4    2    4    2
 0.01025541359369218    4    3    1    1
 0.01307892279005338    4    3    2    1
 0.009020628408573175    4    3    2    2
 0.00189843722470074    4    3    3    1
 -0.003227814121932243    4    3    3    2
 0.002961747991526294    4    3    3    3
 -0.04961373899270139    4    3    4    1
 0.01042682642982176    4    3    4    2
 0.0490500072029122    4    3    4    3
 0.4840019453869477    4    4    1    1
 -0.01153849075833513    4    4    2    1
 0.4168066292178417    4    4    2    2
 -0.05046893977206253    4    4    3    1
 0.008156025303242184    4    4    3    2
 0.4455133970812302    4    4    3    3
 -0.004914582565797338    4    4    4    1
 -0.009156852899057859    4    4    4    2
 0.005258785850810048    4    4    4    3
 0.5142338585112523    4    4    4    4
 0.0194517105263026    5    1    1    1
 0.004678056365899869    5    1    2    1
 0.01151543950838536    5    1    2    2
 -0.005810089344082049    5    1    3    1
 -0.005517002108843941    5    1    3    2
 0.02040979256806116    5    1    3    3
 0.01600867163565306    5    1    4    1
 0.007025878795300975    5    1    4    2
 0.01717309293008449    5    1    4    3
 0.02634425161822499    5    1    4    4
 0.04631601914547167    5    1    5    1
 0.0158809029231426    5    2    1    1
 -0.02014256159504522    5    2    2    1
 -0.02268510019434341    5    2    2    2
 -0.01629447444818105    5    2    3    1
 -0.007624719821101513    5    2    3    2
 0.01745832754420547    5    2    3    3
 0.01624533042087771    5    2    4    1
 -0.00120707511725847    5    2    4    2
 -0.01338852809558503    5    2    4    3
 0.02875572624714287    5    2    4    4
 0.008830056408194573    5    2    5    1
 0.03794573267958476    5    2    5    2
 -0.01512379186211915    5    3    1    1
 -0.01733076409571431    5    3    2    1
 -0.02044964654402739    5    3    2    2
 0.007045925683778233    5    3    3    1
 0.003098319737159578    5    3    3    2
 -0.005614235866249238    5    3    3    3
 0.04187072076880864    5    3    4    1
 -0.01070096006182718    5    3    4    2
 -0.01988743465530772    5    3    4    3
 -0.004647779108057695    5    3    4    4
 -0.006992492163707647    5    3    5    1
 0.01393203467926676    5    3    5    2
 0.03889412429196264    5    3    5    3
 0.07230674072733975    5    4    1    1
 0.01381708429445607    5    4    2    1
 0.0834859025119026    5    4    2    2
 0.04135402781070308    5    4    3    1
 -0.009040968974304547    5    4    3    2
 0.06186485452375996    5    4    3    3
 0.01374962111359941    5    4    4    1
 0.01548294161756403    5    4    4    2
 0.005943628986259602    5    4    4    3
 0.04554937015716998    5    4    4    4
 0.03201433928526195    5    4    5    1
 0.001648209542333246    5    4    5    2
 -0.01066113054926263    5    4    5    3
 0.1026414338816074    5    4    5    4
 0.47443620480802    5    5    1    1
 0.008944044075188272    5    5    2    1
 0.4566964673259203    5    5    2    2
 -0.02534842314077433    5    5    3    1
 0.01836176637749542    5    5    3    2
 0.4476808912692075    5    5    3    3
 0.05214898282222832    5    5    4    1
 -0.00249694909352304    5    5    4    2
 -0.01899155790798309    5    5    4    3
 0.4950137818833208    5    5    4    4
 0.03138237598735688    5    5    5    1
 0.03161124136627628    5    5    5    2
 0.01492602109793363    5    5    5    3
 0.07095902419709027    5    5    5    4
 0.5413401430214735    5    5    5    5
 -0.007946698984681155    6    1    1    1
 -0.009166176442992297    6    1    2    1
 0.002168347083963097    6    1    2    2
 -0.01740445226864232    6    1    3    1
 -0.01362860484851602    6    1    3    2
 -0.003342051873405107    6    1    3    3
 0.00474449117413922    6    1    4    1
 0.003060085869153782    6    1    4    2
 -0.00518313647511693    6    1    4    3
 -0.0251158659052595    6    1    4    4
 0.001961503458843314    6    1    5    1
 -0.004085024344681221    6    1    5    2
 -0.00956767769215023    6    1    5    3
 -0.004756368161653214    6    1    5    4
 -0.02606465219361287    6    1    5    5
 0.04919709650018238    6    1    6    1
 -0.02368899072304153    6    2    1    1
 0.03575142898444923    6    2    2    1
 0.01688313662241786    6    2    2    2
 -0.02995677307480289    6    2    3    1
 0.01996836508823648    6    2    3    2
 -0.04013395904825028    6    2    3    3
 0.01032946104116759    6    2    4    1
 0.004314548320520402    6    2    4    2
 -0.002049361306999928    6    2    4    3
 -0.006687569112417192    6    2    4    4
 -0.005025889411455594    6    2    5    1
 -0.01463879004979422    6    2    5    2
 -0.004390364507025455    6    2    5    3
 -0.01616004058919214    6    2    5    4
 0.004343031295242157    6    2    5    5
 0.002996842383677511    6    2    6    1
 0.05011020464112604    6    2    6    2
 -0.07401482302381786    6    3    1    1
 -0.02828192777599083    6    3    2    1
 -0.06868783044913257    6    3    2    2
 0.01134271439520727    6    3    3    1
 -0.02214723087067232    6    3    3    2
 -0.05711202802838146    6    3    3    3
 -0.005423126097402904    6    3    4    1
 -0.004229269966150842    6    3    4    2
 -0.005575695093178383    6    3    4    3
 -0.06156556341228537    6    3    4    4
 -0.01929458105194666    6    3    5    1
 -0.006557404493407473    6    3    5    2
 0.00787317513359498    6    3    5    3
 -0.05457600825306998    6    3    5    4
 -0.07796913459916209    6    3    5    5
 0.02457972496665673    6    3    6    1
 -0.006400525778970908    6    3    6    2
 0.09616611927147654    6    3    6    3
 0.008863956988956518    6    4    1    1
 0.01171308438494102    6    4    2    1
 0.007906332128455762    6    4    2    2
 -0.005952743985949293    6    4    3    1
 -0.001257300850732977    6    4    3    2
 -0.001694886973847684    6    4    3    3
 -0.04372218516069464    6    4    4    1
 0.005719305286996859    6    4    4    2
 0.01770893389799279    6    4    4    3
 0.005082077307861766    6    4    4    4
 -0.0005687170527399011    6    4    5    1
 -0.01325973162589803    6    4    5    2
 -0.03126479837096858    6    4    5    3
 -7.274222039519179e-05    6    4    5    4
 -0.01924077737456783    6    4    5    5
 0.0003190908970354141    6    4    6    1
 0.002791490963839123    6    4    6    2
 -0.001226255560279636    6    4    6    3
 0.03241004562758104    6    4    6    4
 0.007844731825879376    6    5    1    1
 -0.01857606680712567    6    5    2    1
 -0.02315176804682072    6    5    2    2
 -0.02506691376233544    6    5    3    1
 -0.00316824912832184    6    5    3    2
 0.007890120785291522    6    5    3    3
 0.01062502130306796    6    5    4    1
 -0.01504467417318125    6    5    4    2
 -0.03130590024835984    6    5    4    3
 0.01453636282046857    6    5    4    4
 -0.01860238141052099    6    5    5    1
 0.01863271339210116    6    5    5    2
 0.007110340178460707    6    5    5    3
 -0.01811728725154459    6    5    5    4
 0.01345792738401662    6    5    5    5
 0.006067981873897072    6    5    6    1
 -0.003822024834072932    6    5    6    2
 0.00128668065561737    6    5    6    3
 -0.003657278149185502    6    5    6    4
 0.04316331488179075    6    5    6    5
 0.4892495188104947    6    6    1    1
 -0.003080632917296915    6    6    2    1
 0.4766273143129661    6    6    2    2
 0.04590857126592597    6    6    3    1
 -0.01575023943891228    6    6    3    2
 0.5009471137244274    6    6    3    3
 -0.001166776702675465    6    6    4    1
 0.007433197402051579    6    6    4    2
 0.005374531713717021    6    6    4    3
 0.4401109556910064    6    6    4    4
 0.02090037980253977    6    6    5    1
 0.007817785639217187    6    6    5    2
 -0.008741586608631087    6    6    5    3
 0.08565076173632508    6    6    5    4
 0.4633587617358805    6    6    5    5
 -0.01062711531605956    6    6    6    1
 -0.03743072530934469    6    6    6    2
 -0.07386105476168242    6    6    6    3
 0.0002502444102453339    6    6    6    4
 -0.003442481259472941    6    6    6    5
 0.5322833796504959    6    6    6    6
 -0.03972809375758431    7    1    1    1
 0.02539128805541304    7    1    2    1
 -0.0310398899259715    7    1    2    2
 0.002164142883792981    7    1    3    1
 -0.008849601775721883    7    1    3    2
 -0.01660327318160363    7    1    3    3
 -0.002292627440163356    7    1    4    1
 -0.001064254813086159    7    1    4    2
 -0.00503418160367768    7    1    4    3
 -0.02589254569360647    7    1    4    4
 -0.003154577257001326    7    1    5    1
 0.007972102110035396    7    1    5    2
 0.001587604170602285    7    1    5    3
 -0.0219781450883761    7    1    5    4
 -0.02688385694879526    7    1    5    5
 0.001750688829972025    7    1    6    1
 -0.004817246092975085    7    1    6    2
 0.02734122455360274    7    1    6    3
 -0.0006487794433918714    7    1    6    4
 0.008373469379000678    7    1    6    5
 -0.01839718340072299    7    1    6    6
 0.05517023905474094    7    1    7    1
 0.08253422657160542    7    2    1    1
 -0.0260263957073059    7    2    2    1
 0.02841795578227634    7    2    2    2
 -0.02639870134381457    7    2    3    1
 -0.005601206517364897    7    2    3    2
 0.05375433976121682    7    2    3    3
 -0.006684720486384277    7    2    4    1
 -0.01000014675943221    7    2    4    2
 0.003120861061900846    7    2    4    3
 0.07625313567697524    7    2    4    4
 0.01888195295126841    7    2    5    1
 0.02865478229661466    7    2    5    2
 -0.002073903634031514    7    2    5    3
 0.03515527257069688    7    2    5    4
 0.0651294978799702    7    2    5    5
 -0.01115627276260835    7    2    6    1
 -0.01896189557977605    7    2    6    2
 -0.05274083136379287    7    2    6    3
 0.001082731472296528    7    2    6    4
 0.01622244533442713    7    2    6    5
 0.04808473491017251    7    2    6    6
 -0.03071276730175558    7    2    7    1
 0.08874288901422485    7    2    7    2
 -0.001492993143686679    7    3    1    1
 -0.02747022659355483    7    3    2    1
 -0.01605777239920997    7    3    2    2
 0.03226598318244126    7    3    3    1
 -0.02175684705735169    7    3    3    2
 0.01950846515375431    7    3    3    3
 -0.01392666764619461    7    3    4    1
 0.002204507973418888    7    3    4    2
 0.003512642370211497    7    3    4    3
 -0.02587459448303456    7    3    4    4
 -0.0006416976427513878    7    3    5    1
 -0.00107379297151619    7    3    5    2
 -0.004246997355072096    7    3    5    3
 0.008117171033616035    7    3    5    4
 -0.03632769916655634    7    3    5    5
 0.01838084005657142    7    3    6    1
 -0.03618069211011021    7    3    6    2
 0.02864816435475047    7    3    6    3
 0.003092403686244188    7    3    6    4
 -0.00293329236690065    7    3    6    5
 0.01761786209536531    7    3    6    6
 0.008208119374646328    7    3    7    1
 -0.01059399988585386    7    3    7    2
 0.04771299379289966    7    3    7    3
 -0.01024966558086056    7    4    1    1
 -0.006842919280917891    7    4    2    1
 -0.02013851740368789    7    4    2    2
 -0.01411089250736614    7    4    3    1
 0.003763964867952195    7    4    3    2
 -0.008437928357767079    7    4    3    3
 0.01032444794877277    7    4    4    1
 0.001383385546873919    7    4    4    2
 -0.01756939316576915    7    4    4    3
 0.0004677057151373201    7    4    4    4
 -0.01332435872237848    7    4    5    1
 0.017059275236521    7    4    5    2
 0.01210188419227569    7    4    5    3
 -0.01867011423042415    7    4    5    4
 0.005061817956283795    7    4    5    5
 -9.237676517902526e-05    7    4    6    1
 0.002659370076958269    7    4    6    2
 0.006492287389147935    7    4    6    3
 -0.009960295632574648    7    4    6    4
 0.01767796422471633    7    4    6    5
 -0.01462367066658993    7    4    6    6
 0.007239412385088084    7    4    7    1
 -0.001672161121373504    7    4    7    2
 -0.00616437266549878    7    4    7    3
 0.02367766448849408    7    4    7    4
 -0.002486116031129192    7    5    1    1
 0.03340592083945366    7    5    2    1
 0.03770786838121253    7    5    2    2
 0.00942177635762392    7    5    3    1
 0.003433305503315233    7    5    3    2
 -0.009199545873069965    7    5    3    3
 -0.03208725300792889    7    5    4    1
 0.02198494282773329    7    5    4    2
 0.02211534837625436    7    5    4    3
 -0.02080044970083975    7    5    4    4
 0.001003557049535419    7    5    5    1
 -0.0164719044643257    7    5    5    2
 -0.02827158072363915    7    5    5    3
 0.01374289649554207    7    5    5    4
 -0.02415370774692051    7    5    5    5
 0.00921509781072841    7    5    6    1
 0.01281396759573427    7    5    6    2
 -0.0051451728625477    7    5    6    3
 0.02160338049232891    7    5    6    4
 -0.02172996428749127    7    5    6    5
 0.003136381728921818    7    5    6    6
 -0.0006158439826484565    7    5    7    1
 -0.0154830075481809    7    5    7    2
 0.002045218010801158    7    5    7    3
 -0.006813946463835707    7    5    7    4
 0.04416232236054969    7    5    7    5
 0.004572543574165077    7    6    1    1
 -0.03307301672075617    7    6    2    1
 -0.02257022121266978    7    6    2    2
 0.04686977663484392    7    6    3    1
 -0.04439880470322714    7    6    3    2
 0.03510349419268557    7    6    3    3
 -0.007211905128115652    7    6    4    1
 0.0003321576337712705    7    6    4    2
 0.003737263858751047    7    6    4    3
 -0.01854086633224023    7    6    4    4
 0.009435857124946026    7    6    5    1
 0.009453111645825667    7    6    5    2
 0.0006488397989722994    7    6    5    3
 0.01834685076342558    7    6    5    4
 -0.02530459154362308    7    6    5    5
 0.01053228472725625    7    6    6    1
 -0.03453128568891144    7    6    6    2
 0.02725486391921329    7    6    6    3
 -0.003159277998950212    7    6    6    4
 -0.001648565139552869    7    6    6    5
 0.02886079397904047    7    6    6    6
 0.01815658932615836    7    6    7    1
 -0.003275078271315394    7    6    7    2
 0.03610485991878411    7    6    7    3
 -0.00645306291409792    7    6    7    4
 -0.004552623988992007    7    6    7    5
 0.06636921913196492    7    6    7    6
 0.4887953901290567    7    7    1    1
 -0.03330413837191219    7    7    2    1
 0.4798154195081488    7    7    2    2
 0.02542657391947998    7    7    3    1
 -0.01816775058851221    7    7    3    2
 0.4747867743041645    7    7    3    3
 0.01372630594809219    7    7    4    1
 0.0001460754684871947    7    7    4    2
 -0.006169415601513256    7    7    4    3
 0.4390042717356634    7    7    4    4
 0.01315216863501778    7    7    5    1
 0.006149597792578125    7    7    5    2
 -0.00203406557365899    7    7    5    3
 0.07626555548895034    7    7    5    4
 0.461086386758593    7    7    5    5
 0.01206097213351736    7    7    6    1
 -0.02481714535042781    7    7    6    2
 -0.04870515258171271    7    7    6    3
 -0.006203686477816371    7    7    6    4
 0.004500134426490529    7    7    6    5
 0.4906254819631582    7    7    6    6
 -0.05170635342062886    7    7    7    1
 0.06985375013010771    7    7    7    2
 0.01206465378178466    7    7    7    3
 -0.01204203414730645    7    7    7    4
 -0.004887001161340264    7    7    7    5
 0.01653375312424389    7    7    7    6
 0.5293484901113946    7    7    7    7
 0.07419071775117302    8    1    1    1
 0.00799207034206819    8    1    2    1
 0.06262645748985389    8    1    2    2
 -0.0021024106216861    8    1    3    1
 -0.001873816506504825    8    1    3    2
 0.05940531623026292    8    1    3    3
 -0.005197771805262289    8    1    4    1
 -0.00081849094186942    8    1    4    2
 -0.007604674932292315    8    1    4    3
 0.04923610489730644    8    1    4    4
 -0.001141380016696931    8    1    5    1
 0.01162623015608195    8    1    5    2
 -0.006040973295413628    8    1    5    3
 0.05094009095524001    8    1    5    4
 0.05775279172585387    8    1    5    5
 0.0009324825995966194    8    1    6    1
 -0.01011144765204462    8    1    6    2
 -0.05504828765876843    8    1    6    3
 0.0002556106234158803    8    1    6    4
 0.01700341800429385    8    1    6    5
 0.07059094170685098    8    1    6    6
 -0.01213361753838172    8    1    7    1
 0.0483703125991856    8    1    7    2
 -0.002847568062651175    8    1    7    3
 -0.0003107790395912944    8    1    7    4
 0.002670853328152816    8    1    7    5
 -0.0004984144862888471    8    1    7    6
 0.06737244808946266    8    1    7    7
 0.06495224181926609    8    1    8    1
 0.03300246802385461    8    2    1    1
 -0.004495735395207954    8    2    2    1
 -0.001886750569768799    8    2    2    2
 -0.006610589952936619    8    2    3    1
 -0.01529320259466514    8    2    3    2
 0.03564238242368668    8    2    3    3
 -0.005285786807470248    8    2    4    1
 -0.01018833085663216    8    2    4    2
 -0.001627482386078147    8    2    4    3
 0.03552307348385945    8    2    4    4
 0.01121521810664875    8    2    5    1
 0.0246128022267713    8    2    5    2
 0.002504892509953089    8    2    5    3
 0.01192087632600993    8    2    5    4
 0.0280395898493032    8    2    5    5
 -0.007391495969861023    8    2    6    1
 -0.02432713191444951    8    2    6    2
 -0.01304035865166586    8    2    6    3
 -0.001883362226279525    8    2    6    4
 0.0174928490488628    8    2    6    5
 0.0319507881160233    8    2    6    6
 0.02265328422085825    8    2    7    1
 0.03666279547957552    8    2    7    2
 0.005601208029251092    8    2    7    3
 0.001884663137352429    8    2    7    4
 -0.01587299188388706    8    2    7    5
 0.02121256557060235    8    2    7    6
 0.01625812064338885    8    2    7    7
 0.02507859506734767    8    2    8    1
 0.04762314307637188    8    2    8    2
 -0.01273135030604827    8    3    1    1
 -0.005940793993263664    8    3    2    1
 -0.03233651052244537    8    3    2    2
 0.0002542045828781089    8    3    3    1
 0.006358037122255833    8    3    3    2
 -0.01648593866647374    8    3    3    3
 -0.02050458348224135    8    3    4    1
 -0.003204196009963578    8    3    4    2
 0.008446325173101071    8    3    4    3
 0.008487200944865018    8    3    4    4
 -0.004600050949090676    8    3    5    1
 0.00251753028595504    8    3    5    2
 -0.001159329307813444    8    3    5    3
 -0.02468547631022436    8    3    5    4
 -0.008222267141802042    8    3    5    5
 -0.031323158751662    8    3    6    1
 -0.003733103019584949    8    3    6    2
 0.007770646453022228    8    3    6    3
 0.009851701581261812    8    3    6    4
 -0.002838878530227176    8    3    6    5
 -0.02093985092820352    8    3    6    6
 0.002361426090739152    8    3    7    1
 0.001205600265867838    8    3    7    2
 -0.007623469948250351    8    3    7    3
 0.002534423040079419    8    3    7    4
 -0.006481989840246587    8    3    7    5
 -0.00786168104100571    8    3    7    6
 -0.03079389249068151    8    3    7    7
 -0.02260435163905807    8    3    8    1
 0.00180930394361241    8    3    8    2
 0.0381096149643794    8    3    8    3
 -0.021584736764726    8    4    1    1
 -0.004884698610689407    8    4    2    1
 -0.03882339276292018    8    4    2    2
 -0.02075493293319701    8    4    3    1
 -0.003097828466045052    8    4    3    2
 -0.01910183332946013    8    4    3    3
 -0.02157317906320675    8    4    4    1
 0.005237703045453057    8    4    4    2
 0.0254936277181651    8    4    4    3
 -0.004058348974414694    8    4    4    4
 0.02599850644656375    8    4    5    1
 0.001195791682771954    8    4    5    2
 -0.01881934616972661    8    4    5    3
 -0.02593587382362659    8    4    5    4
 -0.02722390822940418    8    4    5    5
 0.0006592655663728411    8    4    6    1
 -0.0006451006683106034    8    4    6    2
 0.01858541323087206    8    4    6    3
 0.01840959228538194    8    4    6    4
 -0.01666363750385047    8    4    6    5
 -0.03090133461350182    8    4    6    6
 0.005676500475816874    8    4    7    1
 -0.003778287843470491    8    4    7    2
 0.003315124579059825    8    4    7    3
 -0.00767610478036964    8    4    7    4
 0.008470246169617539    8    4    7    5
 0.003027038337546307    8    4    7    6
 -0.03798269871157054    8    4    7    7
 -0.03748416622701815    8    4    8    1
 -0.0008655286599379263    8    4    8    2
 0.02185610238202433    8    4    8    3
 0.05797297145410277    8    4    8    4
 -0.0220109188401834    8    5    1    1
 0.02222103201640512    8    5    2    1
 0.03035003565131823    8    5    2    2
 -0.001158236195498498    8    5    3    1
 0.01410585530761288    8    5    3    2
 -0.01371045489469963    8    5    3    3
 0.06534917673618208    8    5    4    1
 0.003390748573834738    8    5    4    2
 -0.03327639248762067    8    5    4    3
 -0.02334647377709981    8    5    4    4
 7.581308901656035e-05    8    5    5    1
 0.0004290628190400355    8    5    5    2
 0.0203405992966449    8    5    5    3
 0.004367794083159671    8    5    5    4
 0.0229957088547072    8    5    5    5
 0.0174208918658469    8    5    6    1
 0.02390875030662554    8    5    6    2
 -0.003112635608268079    8    5    6    3
 -0.02631264855602079    8    5    6    4
 0.006781133658372213    8    5    6    5
 -0.004471970305525563    8    5    6    6
 0.004169541120101311    8    5    7    1
 -0.02304237613002662    8    5    7    2
 -0.0140710634281455    8    5    7    3
 0.01068405306040979    8    5    7    4
 -0.004032916791718321    8    5    7    5
 -0.01580830879752347    8    5    7    6
 0.006616008022831518    8    5    7    7
 0.0008604934677845096    8    5    8    1
 -0.01509677488267998    8    5    8    2
 -0.02795167219742193    8    5    8    3
 -0.0238066484997626    8    5    8    4
 0.06499729769953067    8    5    8    5
 0.01357442699005548    8    6    1    1
 -0.01786243987161787    8    6    2    1
 -0.04007611948333313    8    6    2    2
 -0.06934404974718522    8    6    3    1
 0.0005479335251183725    8    6    3    2
 0.0005794461994008271    8    6    3    3
 -0.006018513123834344    8    6    4    1
 -0.009862969868259772    8    6    4    2
 0.006334668792944684    8    6    4    3
 0.04226434112619881    8    6    4    4
 0.01802720836173343    8    6    5    1
 0.02344344900596766    8    6    5    2
 -0.002895971327993129    8    6    5    3
 -0.02728933575212697    8    6    5    4
 0.01859250676361868    8    6    5    5
 0.01166917760589132    8    6    6    1
 0.006445356996926268    8    6    6    2
 -0.006224898720142768    8    6    6    3
 0.0009801595670532767    8    6    6    4
 0.01598159582879034    8    6    6    5
 -0.02341467112275593    8    6    6    6
 -0.001695112578570858    8    6    7    1
 0.03334110258710812    8    6    7    2
 -0.01548358257260788    8    6    7    3
 0.008626259035932492    8    6    7    4
 -0.01570409176875473    8    6    7    5
 -0.01244196830356616    8    6    7    6
 -0.01113231702672731    8    6    7    7
 -0.001787821011604356    8    6    8    1
 0.01690151456220545    8    6    8    2
 0.002621642637907621    8    6    8    3
 0.02895844081879145    8    6    8    4
 -0.0125641633040651    8    6    8    5
 0.066849650115061    8    6    8    6
 -0.001121307908121099    8    7    1    1
 0.06397954290539344    8    7    2    1
 0.06774146735494044    8    7    2    2
 0.00255718557762238    8    7    3    1
 0.01964818565781492    8    7    3    2
 -0.0116617268794459    8    7    3    3
 0.003677245958665665    8    7    4    1
 0.0112862908367149    8    7    4    2
 0.007699788166866488    8    7    4    3
 -0.006728396011879491    8    7    4    4
 0.00365729860417618    8    7    5    1
 -0.02235984366157207    8    7    5    2
 -0.01348527810807974    8    7    5    3
 0.02032638031517127    8    7    5    4
 0.01408248014442782    8    7    5    5
 -0.001155831360294918    8    7    6    1
 0.03080766536233218    8    7    6    2
 -0.02406368037337787    8    7    6    3
 0.00758676462112661    8    7    6    4
 -0.01709058212177831    8    7    6    5
 0.009957474247639956    8    7    6    6
 0.009313790194161817    8    7    7    1
 -0.01735217609098714    8    7    7    2
 -0.0214996261762501    8    7    7    3
 -0.01212276650962094    8    7    7    4
 0.02737777977785566    8    7    7    5
 -0.02341415238652478    8    7    7    6
 -0.002469378860073085    8    7    7    7
 0.01123787085338358    8    7    8    1
 -0.007451475331031772    8    7    8    2
 -0.01364397386340004    8    7    8    3
 -0.01118469410210499    8    7    8    4
 0.0240056998821653    8    7    8    5
 -0.02158900147853952    8    7    8    6
 0.05845940872127747    8    7    8    7
 0.477360728006973    8    8    1    1
 0.03784583964595935    8    8    2    1
 0.4622960862471291    8    8    2    2
 -0.04194787931732753    8    8    3    1
 0.00995756032246403    8    8    3    2
 0.43760960449151    8    8    3    3
 -0.07026623656981065    8    8    4    1
 0.007984118939045839    8    8    4    2
 0.04283856553305213    8    8    4    3
 0.4709274853507863    8    8    4    4
 0.01801763723158484    8    8    5    1
 -0.004471649755910597    8    8    5    2
 -0.04746864954381767    8    8    5    3
 0.04278029317253194    8    8    5    4
 0.4468132131170328    8    8    5    5
 -0.01184962493966641    8    8    6    1
 0.006941441386691522    8    8    6    2
 -0.07327774497760137    8    8    6    3
 0.04079522840705047    8    8    6    4
 -0.006440620398328992    8    8    6    5
 0.4547817432111633    8    8    6    6
 -0.01791085688978614    8    8    7    1
 0.06185461698367094    8    8    7    2
 -0.02283235629061282    8    8    7    3
 -0.01736846620646049    8    8    7    4
 0.02926140585700999    8    8    7    5
 -0.02555986029152016    8    8    7    6
 0.4362407489108637    8    8    7    7
 0.06092304710385277    8    8    8    1
 0.02966458366709314    8    8    8    2
 0.002099219491798027    8    8    8    3
 0.005978446603571537    8    8    8    4
 -0.04359130821846411    8    8    8    5
 0.02950750125734071    8    8    8    6
 0.03432897779027419    8    8    8    7
 0.5432176380901317    8    8    8    8
 -4.166245044676363    1    1  0  0
 0.005421119076878188    2    1  0  0
 -3.62789888158321    2    2  0  0
 -0.000186602370629748    3    1  0  0
 0.01354196012361124    3    2  0  0
 -3.587985845207957    3    3  0  0
 0.03042066505939444    4    1  0  0
 -0.01715726926904095    4    2  0  0
 -0.04034045049993076    4    3  0  0
 -3.548756180548332    4    4  0  0
 -0.1353377034731474    5    1  0  0
 -0.07824551012388929    5    2  0  0
 0.07856547563947146    5    3  0  0
 -0.4859501997085349    5    4  0  0
 -2.912940524535771    5    5  0  0
 0.06389780319486972    6    1  0  0
 0.09854378215731829    6    2  0  0
 0.4859213146108683    6    3  0  0
 -0.03174951945530462    6    4  0  0
 -0.01911574844738893    6    5  0  0
 -2.932142674256516    6    6  0  0
 0.2033635423335102    7    1  0  0
 -0.4484835343007178    7    2  0  0
 0.04633582049406845    7    3  0  0
 0.06840436952508179    7    4  0  0
 -0.007860420098230174    7    5  0  0
 0.004346761528490348    7    6  0  0
 -2.841467926249873    7    7  0  0
 -0.4425411910995447    8    1  0  0
 -0.1868612855845732    8    2  0  0
 0.09774527238931659    8    3  0  0
 0.1561385109909546    8    4  0  0
 0.05381184279996395    8    5  0  0
 -0.02989860024109279    8    6  0  0
 -0.08723046989841425    8    7  0  0
 -2.752058996811145    8    8  0  0
 0  0  0  0  0
