0 0 1.999968624877899
0 1 -2.18749138741562e-05
0 2 -4.705474501279615e-05
0 3 -9.940652404529245e-05
0 4 -1.133644313369505e-05
0 5 -5.391809985596325e-05
0 6 1.437479934151388e-05
0 7 6.126596172746758e-06
0 8 -4.853791402613291e-05
0 9 -1.997470079826315e-05
0 10 4.647526926684586e-06
0 11 4.654967935998503e-06
0 12 1.015007526193812e-05
0 13 -3.444923427160602e-07
0 14 2.616453485557054e-07
0 15 -3.177816587948649e-07
0 16 1.630145440546283e-05
0 17 -9.722857750976588e-05
0 18 -4.546039885585776e-05
0 19 -0.00022902257107002
0 20 -0.0001273382364780097
0 21 5.532764639990237e-06
0 22 -7.692516397372177e-05
0 23 0.0001633636202752918
0 24 -4.749758995647411e-05
0 25 -0.0001307763595651155
1 0 -2.187491387415635e-05
1 1 1.989504948012299
1 2 0.0003269638000961217
1 3 -0.001359145056589143
1 4 0.00152128851211405
1 5 0.002374492683829553
1 6 -0.001024501080564072
1 7 -0.0006067944997812567
1 8 -0.0002601410431802142
1 9 -0.001537385349305785
1 10 0.001270918037363337
1 11 -7.582174556249808e-07
1 12 5.843375338728344e-06
1 13 -0.0001091105539251486
1 14 0.0001597858198010494
1 15 -0.000510392263974457
1 16 -0.001420850467170545
1 17 0.0002695117292491515
1 18 0.0008402317003130331
1 19 -0.0002099232663413236
1 20 0.001128068478446574
1 21 -0.0004531932630297845
1 22 -1.705824878536842e-05
1 23 -0.0002688798289210868
1 24 -2.563511777808861e-06
1 25 0.0005763107714639581
2 0 -4.705474501279623e-05
2 1 0.0003269638000961206
2 2 1.987117282304478
2 3 -0.0003688565490231449
2 4 0.0008569096428601645
2 5 -0.0003618500532971081
2 6 -0.0003364783738612847
2 7 0.001654831494976377
2 8 0.000730266602502364
2 9 -0.0003171683688179319
2 10 0.0003955037294938557
2 11 0.0001542849531189559
2 12 3.86280182189452e-05
2 13 -0.0008076914334024981
2 14 0.0005575786044237724
2 15 0.0001116677786538046
2 16 -0.002000712812110972
2 17 0.002249189176853928
2 18 0.0007572266869723954
2 19 0.001282168967704271
2 20 0.0002861494500862254
2 21 0.002189834936243657
2 22 0.0005997580175275493
2 23 0.001344443645248451
2 24 0.001029875948223519
2 25 0.001101466439464456
3 0 -9.940652404529413e-05
3 1 -0.001359145056589137
3 2 -0.0003688565490231408
3 3 1.98424615188954
3 4 -0.002134838856916214
3 5 -0.002455584784924537
3 6 0.0005599464256592346
3 7 0.0006476818832562058
3 8 0.0003608983639506487
3 9 0.002465129001896582
3 10 -0.002143361218392436
3 11 0.0002804909720092271
3 12 -0.0001980243683998907
3 13 0.0001741319978981575
3 14 0.001184490473643504
3 15 -0.0002911481163403035
3 16 -0.0006187570129432764
3 17 -0.0005059509837257831
3 18 0.0005117619718219443
3 19 -0.0004214528335694962
3 20 0.001195063411823735
3 21 -0.001984937104749178
3 22 -0.0009178091617242065
3 23 -0.0002618230946544678
3 24 -0.001401297862130466
3 25 -0.001111551117966206
4 0 -1.133644313369505e-05
4 1 0.001521288512114032
4 2 0.000856909642860161
4 3 -0.00213483885691623
4 4 1.989776671086768
4 5 -0.0004457270437245041
4 6 -0.001570650053966233
4 7 0.005214486023694106
4 8 -0.001012224018754751
4 9 0.0008766686343997224
4 10 0.0003472911543856151
4 11 0.0002981650412697147
4 12 0.0007482838538265203
4 13 -0.0002193315543081297
4 14 -0.0007008405155956281
4 15 -0.0006864605540637076
4 16 -0.003358859591910554
4 17 0.002000501409700263
4 18 0.0002692331255529793
4 19 0.0006519403635920159
4 20 -0.002292615708908038
4 21 -0.001932163122913784
4 22 0.0001345593456504201
4 23 -0.0007878935447016915
4 24 -0.0003227153131769197
4 25 -0.0004601850675029737
5 0 -5.391809985596422e-05
5 1 0.002374492683829539
5 2 -0.0003618500532970965
5 3 -0.002455584784924538
5 4 -0.0004457270437244922
5 5 1.983613027227591
5 6 -0.001372427055384767
5 7 -0.002456077779406024
5 8 0.001594600698258769
5 9 -0.005141750248880387
5 10 0.003989661268062174
5 11 0.0001863350821195279
5 12 -0.000147302224433416
5 13 7.391392643098981e-05
5 14 -0.0006782809668873348
5 15 0.0001422781573185328
5 16 0.0009669451042517355
5 17 0.0007529209535090973
5 18 -0.002021925984826809
5 19 -0.0007692158368307189
5 20 -0.004194232634781603
5 21 -0.001329680387524507
5 22 0.001581998661611341
5 23 -0.002683722277397675
5 24 0.0007406849899174228
5 25 -0.003256563258893172
6 0 1.437479934151313e-05
6 1 -0.001024501080564037
6 2 -0.0003364783738612344
6 3 0.000559946425659181
6 4 -0.001570650053966268
6 5 -0.001372427055384775
6 6 1.978219605351919
6 7 -0.0007234779639816657
6 8 0.001450914928963208
6 9 -0.0003804315008334882
6 10 0.0001568437344683207
6 11 -0.0008327953543013956
6 12 -0.0004159865286410519
6 13 0.0009141108589932999
6 14 1.018399585185177e-05
6 15 -7.208790779126348e-05
6 16 -0.0030512468182517
6 17 -0.0001233236563398666
6 18 0.002643984274429753
6 19 -0.003158308400219258
6 20 0.002282714230619702
6 21 -0.001498872706669737
6 22 -0.003361015032851213
6 23 -0.001551423389262344
6 24 0.001128742869077166
6 25 -8.093502462990356e-05
7 0 6.126596172746061e-06
7 1 -0.0006067944997812276
7 2 0.001654831494976366
7 3 0.0006476818832561993
7 4 0.005214486023694074
7 5 -0.002456077779405963
7 6 -0.000723477963981653
7 7 1.98312074643063
7 8 -0.002572192526203539
7 9 0.003318709766192116
7 10 -0.0009278552004227057
7 11 3.97395302423285e-05
7 12 0.0005947760602174363
7 13 0.0001491031638477877
7 14 -0.0010228545733033
7 15 -0.0006418242505169614
7 16 0.002600200443335626
7 17 -0.001739570737785808
7 18 -0.0004603939619123571
7 19 0.0001861125886731052
7 20 0.002381654657093447
7 21 -0.003918736157889955
7 22 0.0008484991731123545
7 23 -0.0032286539294783
7 24 -0.0003093922149896408
7 25 0.0004892326185114856
8 0 -4.853791402613218e-05
8 1 -0.0002601410431801413
8 2 0.0007302666025023017
8 3 0.0003608983639506772
8 4 -0.001012224018754748
8 5 0.001594600698258651
8 6 0.001450914928963386
8 7 -0.002572192526203628
8 8 1.975223962721396
8 9 0.0003651822842157235
8 10 0.002318715961756332
8 11 -0.0008662822441665067
8 12 -0.0006594579914352785
8 13 0.0004485623444012054
8 14 -0.001521979760876851
8 15 -0.0006270544726832355
8 16 -0.0002602717694838049
8 17 -0.003551971961370854
8 18 0.001754714750162302
8 19 -0.002514939656359579
8 20 0.001778186396694245
8 21 0.001818676385803338
8 22 0.001952477499179011
8 23 0.001991351748505414
8 24 -0.001430935897097563
8 25 -0.0004539062072102918
9 0 -1.997470079826311e-05
9 1 -0.001537385349305735
9 2 -0.0003171683688179465
9 3 0.002465129001896486
9 4 0.0008766686343997534
9 5 -0.005141750248880347
9 6 -0.0003804315008334981
9 7 0.00331870976619207
9 8 0.0003651822842157401
9 9 1.969739183926762
9 10 -0.01709245776681115
9 11 0.002164832463853494
9 12 0.002059130302905305
9 13 0.000957546618524238
9 14 0.00320195015604989
9 15 0.003573403878212548
9 16 -0.0001117704126078981
9 17 0.0007426465894728261
9 18 -0.0007473941240139258
9 19 -0.001798132481583474
9 20 0.002320137087930233
9 21 0.003226448938652494
9 22 -0.001408987112480769
9 23 -0.0003460907453518596
9 24 0.0005318515898680035
9 25 -0.0005831230957944482
10 0 4.647526926684553e-06
10 1 0.001270918037363353
10 2 0.0003955037294938577
10 3 -0.002143361218392498
10 4 0.0003472911543856316
10 5 0.003989661268062099
10 6 0.0001568437344683898
10 7 -0.0009278552004226763
10 8 0.002318715961756284
10 9 -0.01709245776681093
10 10 1.953952215915789
10 11 0.003701673085961156
10 12 0.004643153556165514
10 13 -8.059285689838243e-05
10 14 0.003570434983381177
10 15 0.004388292537461935
10 16 -0.001140716903863273
10 17 -0.001613281125558007
10 18 2.543518099313903e-05
10 19 0.001570478759423676
10 20 -0.001337187962647738
10 21 -0.00304114490637983
10 22 0.001276770979803709
10 23 -3.209139157342713e-05
10 24 -0.000585584569122815
10 25 0.0003156923074079222
11 0 4.654967935998778e-06
11 1 -7.582174556259837e-07
11 2 0.0001542849531189531
11 3 0.0002804909720092151
11 4 0.0002981650412697576
11 5 0.0001863350821195207
11 6 -0.000832795354301375
11 7 3.97395302423206e-05
11 8 -0.0008662822441665146
11 9 0.002164832463853297
11 10 0.003701673085961238
11 11 1.884770430612769
11 12 0.007370904198890796
11 13 0.005079860187303237
11 14 0.01221286420567997
11 15 -0.001653551414613157
11 16 -9.945267246084839e-05
11 17 0.0009269048229598629
11 18 -0.001257064044422987
11 19 0.0002592648200368085
11 20 -2.188635198000671e-05
11 21 -0.0004331629608918462
11 22 0.0001333371749325114
11 23 0.000265118074335328
11 24 0.0001492209209357585
11 25 -0.0004946637094205484
12 0 1.015007526193747e-05
12 1 5.843375338746443e-06
12 2 3.862801821894502e-05
12 3 -0.000198024368399892
12 4 0.0007482838538265
12 5 -0.000147302224433406
12 6 -0.0004159865286410473
12 7 0.000594776060217432
12 8 -0.0006594579914352464
12 9 0.002059130302905238
12 10 0.004643153556165239
12 11 0.007370904198891845
12 12 1.883576882327161
12 13 -0.01774418623716835
12 14 0.01986946232542631
12 15 0.003623793147754954
12 16 0.001006349819295593
12 17 -0.0003152698921839765
12 18 -0.001030122054767358
12 19 0.0003824298941730304
12 20 0.0004922719114640838
12 21 -0.0003212343594754868
12 22 0.0004590271659247714
12 23 -0.0007979023904375745
12 24 0.0001087970385962746
12 25 -8.517067163170545e-05
13 0 -3.444923427160138e-07
13 1 -0.0001091105539251538
13 2 -0.0008076914334024835
13 3 0.0001741319978981542
13 4 -0.0002193315543081361
13 5 7.391392643098678e-05
13 6 0.0009141108589932832
13 7 0.0001491031638477863
13 8 0.0004485623444011854
13 9 0.0009575466185242098
13 10 -8.059285689835527e-05
13 11 0.005079860187303099
13 12 -0.0177441862371685
13 13 0.1249324202012352
13 14 0.002050518027665203
13 15 -0.003533762080707965
13 16 -0.002505134206362946
13 17 0.001209675744173334
13 18 -0.00259866657066429
13 19 0.001322420634429
13 20 0.0005730133526288207
13 21 -0.0007589127414254155
13 22 -0.0001259169310908264
13 23 0.0008049458861910332
13 24 -0.0003649669057854766
13 25 -0.0005223073581703699
14 0 2.616453485556972e-07
14 1 0.00015978581980105
14 2 0.0005575786044237814
14 3 0.001184490473643497
14 4 -0.0007008405155956446
14 5 -0.0006782809668873387
14 6 1.018399585185186e-05
14 7 -0.001022854573303304
14 8 -0.001521979760876892
14 9 0.003201950156049887
14 10 0.003570434983381151
14 11 0.01221286420567985
14 12 0.01986946232542687
14 13 0.002050518027664265
14 14 0.1072307866939258
14 15 -1.667269165180421e-05
14 16 0.004346730326220823
14 17 -0.0002498510989707092
14 18 0.008790202099681368
14 19 0.0001332241304568637
14 20 -0.003729081864177252
14 21 5.70589214937304e-05
14 22 -0.000257769859552897
14 23 -5.292044111343938e-05
14 24 0.0001532915535182801
14 25 -8.229664666980414e-05
15 0 -3.177816587948773e-07
15 1 -0.0005103922639744611
15 2 0.0001116677786538067
15 3 -0.0002911481163403065
15 4 -0.000686460554063701
15 5 0.0001422781573185357
15 6 -7.208790779126203e-05
15 7 -0.0006418242505169295
15 8 -0.0006270544726832458
15 9 0.003573403878212678
15 10 0.004388292537461952
15 11 -0.001653551414613138
15 12 0.003623793147755097
15 13 -0.003533762080707277
15 14 -1.667269165180139e-05
15 15 0.05235594503411321
15 16 -0.005726522870640287
15 17 -0.003925048745392563
15 18 -0.007381817132203908
15 19 0.001644566731547818
15 20 0.003601856405641912
15 21 -0.0007912365591139347
15 22 0.0002360546496573314
15 23 0.0008256380321849441
15 24 0.0003089492356037344
15 25 -0.0002489612704345011
16 0 1.630145440546256e-05
16 1 -0.001420850467170528
16 2 -0.002000712812110996
16 3 -0.0006187570129432816
16 4 -0.003358859591910587
16 5 0.0009669451042516581
16 6 -0.003051246818251772
16 7 0.002600200443335558
16 8 -0.0002602717694838131
16 9 -0.0001117704126079022
16 10 -0.001140716903863239
16 11 -9.945267246085207e-05
16 12 0.001006349819295521
16 13 -0.0025051342063629
16 14 0.00434673032622098
16 15 -0.005726522870640266
16 16 0.0179271109078472
16 17 -0.0002386298118887397
16 18 -0.002762783780040754
16 19 0.002786691085725521
16 20 0.0009506299127007475
16 21 -0.002191862212019987
16 22 -0.001489552416292225
16 23 0.001353615469254436
16 24 0.0006464454509418052
16 25 -0.0006452785060040888
17 0 -9.722857750976535e-05
17 1 0.000269511729249153
17 2 0.002249189176853921
17 3 -0.0005059509837257847
17 4 0.002000501409700365
17 5 0.0007529209535090464
17 6 -0.0001233236563398642
17 7 -0.001739570737785789
17 8 -0.003551971961370815
17 9 0.0007426465894728286
17 10 -0.001613281125557997
17 11 0.0009269048229598693
17 12 -0.0003152698921839516
17 13 0.00120967574417331
17 14 -0.0002498510989707317
17 15 -0.003925048745392731
17 16 -0.0002386298118887258
17 17 0.01524598915178655
17 18 0.001415239152742159
17 19 0.001825018620352461
17 20 0.002699158249049807
17 21 0.0004963783730619366
17 22 0.003799807369228908
17 23 0.001426706721542525
17 24 0.004004309114088403
17 25 0.0008027935331756629
18 0 -4.54603988558577e-05
18 1 0.0008402317003130321
18 2 0.0007572266869723993
18 3 0.0005117619718219396
18 4 0.0002692331255529736
18 5 -0.0020219259848268
18 6 0.002643984274429729
18 7 -0.0004603939619123493
18 8 0.001754714750162333
18 9 -0.000747394124013918
18 10 2.543518099314604e-05
18 11 -0.001257064044423039
18 12 -0.001030122054767402
18 13 -0.002598666570664412
18 14 0.008790202099681566
18 15 -0.007381817132204321
18 16 -0.002762783780040708
18 17 0.001415239152742183
18 18 0.006388426952093955
18 19 -0.0007877922339082238
18 20 0.005529226348753512
18 21 0.000687270325126186
18 22 -9.220859755320354e-05
18 23 -0.0005268938383015204
18 24 -0.001612727968237917
18 25 0.0008544127298054665
19 0 -0.0002290225710700188
19 1 -0.0002099232663413263
19 2 0.001282168967704228
19 3 -0.0004214528335694656
19 4 0.0006519403635920403
19 5 -0.0007692158368307283
19 6 -0.003158308400219236
19 7 0.0001861125886730827
19 8 -0.002514939656359537
19 9 -0.001798132481583469
19 10 0.001570478759423622
19 11 0.0002592648200368098
19 12 0.0003824298941730271
19 13 0.00132242063442885
19 14 0.0001332241304568535
19 15 0.001644566731547871
19 16 0.002786691085725497
19 17 0.001825018620352452
19 18 -0.0007877922339082591
19 19 0.01914396446285093
19 20 -0.0008375995532192927
19 21 0.003219420668352861
19 22 0.003294924526343964
19 23 -0.004237648339313086
19 24 0.001137618683453464
19 25 0.003919816928564791
20 0 -0.0001273382364780076
20 1 0.00112806847844657
20 2 0.0002861494500862286
20 3 0.001195063411823715
20 4 -0.002292615708908029
20 5 -0.00419423263478149
20 6 0.00228271423061966
20 7 0.002381654657093333
20 8 0.001778186396694242
20 9 0.00232013708793016
20 10 -0.001337187962647706
20 11 -2.188635197999956e-05
20 12 0.0004922719114640697
20 13 0.0005730133526287456
20 14 -0.00372908186417719
20 15 0.003601856405641982
20 16 0.0009506299127007571
20 17 0.002699158249049847
20 18 0.005529226348753434
20 19 -0.0008375995532193419
20 20 0.01797404304494046
20 21 -3.492441951684429e-05
20 22 -0.001863182716740428
20 23 -0.0025216581299612
20 24 -0.00162799316947284
20 25 0.00122006040680572
21 0 5.532764639990281e-06
21 1 -0.000453193263029765
21 2 0.00218983493624366
21 3 -0.001984937104749213
21 4 -0.001932163122913793
21 5 -0.001329680387524481
21 6 -0.001498872706669767
21 7 -0.003918736157889975
21 8 0.00181867638580333
21 9 0.003226448938652505
21 10 -0.003041144906379837
21 11 -0.000433162960891835
21 12 -0.000321234359475481
21 13 -0.0007589127414254249
21 14 5.705892149372943e-05
21 15 -0.0007912365591138699
21 16 -0.002191862212019947
21 17 0.0004963783730619839
21 18 0.0006872703251261873
21 19 0.003219420668352827
21 20 -3.492441951684932e-05
21 21 0.01728503352150218
21 22 -0.0007008226172054684
21 23 0.002855288930745674
21 24 0.001232080335483207
21 25 -0.001796665249222033
22 0 -7.692516397372385e-05
22 1 -1.705824878537274e-05
22 2 0.0005997580175275488
22 3 -0.0009178091617241561
22 4 0.0001345593456504194
22 5 0.001581998661611336
22 6 -0.003361015032851066
22 7 0.0008484991731123624
22 8 0.00195247749917897
22 9 -0.001408987112480771
22 10 0.001276770979803707
22 11 0.0001333371749325104
22 12 0.000459027165924773
22 13 -0.0001259169310908174
22 14 -0.0002577698595528967
22 15 0.0002360546496573302
22 16 -0.00148955241629223
22 17 0.003799807369228921
22 18 -9.220859755320581e-05
22 19 0.003294924526343878
22 20 -0.001863182716740417
22 21 -0.0007008226172054998
22 22 0.01470210392760227
22 23 -0.0005082738740860447
22 24 -0.00123510892515592
22 25 -0.001442083754183067
23 0 0.0001633636202752858
23 1 -0.0002688798289210843
23 2 0.001344443645248366
23 3 -0.0002618230946544447
23 4 -0.0007878935447016897
23 5 -0.002683722277397782
23 6 -0.001551423389262367
23 7 -0.003228653929478321
23 8 0.001991351748505416
23 9 -0.000346090745351859
23 10 -3.20913915734467e-05
23 11 0.0002651180743353235
23 12 -0.0007979023904375644
23 13 0.0008049458861910513
23 14 -5.292044111343583e-05
23 15 0.0008256380321849168
23 16 0.001353615469254407
23 17 0.001426706721542516
23 18 -0.0005268938383015299
23 19 -0.004237648339313092
23 20 -0.002521658129961194
23 21 0.00285528893074574
23 22 -0.0005082738740860256
23 23 0.0151608301738173
23 24 -0.001392086286537678
23 25 0.0009747307649598029
24 0 -4.749758995647591e-05
24 1 -2.563511777806585e-06
24 2 0.00102987594822354
24 3 -0.001401297862130428
24 4 -0.0003227153131769171
24 5 0.0007406849899174127
24 6 0.001128742869077164
24 7 -0.0003093922149896265
24 8 -0.001430935897097541
24 9 0.0005318515898680091
24 10 -0.0005855845691228123
24 11 0.0001492209209357533
24 12 0.0001087970385962634
24 13 -0.0003649669057854939
24 14 0.0001532915535182485
24 15 0.0003089492356037138
24 16 0.0006464454509417486
24 17 0.004004309114088476
24 18 -0.001612727968237906
24 19 0.001137618683453402
24 20 -0.001627993169472827
24 21 0.00123208033548321
24 22 -0.001235108925155961
24 23 -0.001392086286537712
24 24 0.01519042662641848
24 25 -0.0001033098894983621
25 0 -0.0001307763595651174
25 1 0.0005763107714639787
25 2 0.001101466439464442
25 3 -0.001111551117966195
25 4 -0.0004601850675030181
25 5 -0.00325656325889314
25 6 -8.0935024629907e-05
25 7 0.0004892326185114938
25 8 -0.0004539062072102887
25 9 -0.0005831230957944742
25 10 0.0003156923074079314
25 11 -0.0004946637094205619
25 12 -8.51706716317024e-05
25 13 -0.0005223073581703705
25 14 -8.229664666989588e-05
25 15 -0.0002489612704344044
25 16 -0.0006452785060040739
25 17 0.0008027935331757058
25 18 0.0008544127298054861
25 19 0.003919816928564682
25 20 0.001220060406805594
25 21 -0.001796665249222074
25 22 -0.001442083754183078
25 23 0.000974730764959795
25 24 -0.0001033098894984509
25 25 0.01363318628502788
