5.110000000000000000e+02
7.670000000000000000e+02
8.950000000000000000e+02
9.590000000000000000e+02
9.910000000000000000e+02
1.007000000000000000e+03
1.015000000000000000e+03
1.019000000000000000e+03
1.021000000000000000e+03
1.022000000000000000e+03
1.279000000000000000e+03
1.407000000000000000e+03
1.471000000000000000e+03
1.503000000000000000e+03
1.519000000000000000e+03
1.527000000000000000e+03
1.531000000000000000e+03
1.533000000000000000e+03
1.534000000000000000e+03
1.663000000000000000e+03
1.727000000000000000e+03
1.759000000000000000e+03
1.775000000000000000e+03
1.783000000000000000e+03
1.787000000000000000e+03
1.789000000000000000e+03
1.790000000000000000e+03
1.855000000000000000e+03
1.887000000000000000e+03
1.903000000000000000e+03
1.911000000000000000e+03
1.915000000000000000e+03
1.917000000000000000e+03
1.918000000000000000e+03
1.951000000000000000e+03
1.967000000000000000e+03
1.975000000000000000e+03
1.979000000000000000e+03
1.981000000000000000e+03
1.982000000000000000e+03
1.999000000000000000e+03
2.007000000000000000e+03
2.011000000000000000e+03
2.013000000000000000e+03
2.014000000000000000e+03
2.023000000000000000e+03
2.027000000000000000e+03
2.029000000000000000e+03
2.030000000000000000e+03
2.035000000000000000e+03
2.037000000000000000e+03
2.038000000000000000e+03
2.041000000000000000e+03
2.042000000000000000e+03
2.044000000000000000e+03
2.303000000000000000e+03
2.431000000000000000e+03
2.495000000000000000e+03
2.527000000000000000e+03
2.543000000000000000e+03
2.551000000000000000e+03
2.555000000000000000e+03
2.557000000000000000e+03
2.558000000000000000e+03
2.687000000000000000e+03
2.751000000000000000e+03
2.783000000000000000e+03
2.799000000000000000e+03
2.807000000000000000e+03
2.811000000000000000e+03
2.813000000000000000e+03
2.814000000000000000e+03
2.879000000000000000e+03
2.911000000000000000e+03
2.927000000000000000e+03
2.935000000000000000e+03
2.939000000000000000e+03
2.941000000000000000e+03
2.942000000000000000e+03
2.975000000000000000e+03
2.991000000000000000e+03
2.999000000000000000e+03
3.003000000000000000e+03
3.005000000000000000e+03
3.006000000000000000e+03
3.023000000000000000e+03
3.031000000000000000e+03
3.035000000000000000e+03
3.037000000000000000e+03
3.038000000000000000e+03
3.047000000000000000e+03
3.051000000000000000e+03
3.053000000000000000e+03
3.054000000000000000e+03
3.059000000000000000e+03
3.061000000000000000e+03
3.062000000000000000e+03
3.065000000000000000e+03
3.066000000000000000e+03
3.068000000000000000e+03
3.199000000000000000e+03
3.263000000000000000e+03
3.295000000000000000e+03
3.311000000000000000e+03
3.319000000000000000e+03
3.323000000000000000e+03
3.325000000000000000e+03
3.326000000000000000e+03
3.391000000000000000e+03
3.423000000000000000e+03
3.439000000000000000e+03
3.447000000000000000e+03
3.451000000000000000e+03
3.453000000000000000e+03
3.454000000000000000e+03
3.487000000000000000e+03
3.503000000000000000e+03
3.511000000000000000e+03
3.515000000000000000e+03
3.517000000000000000e+03
3.518000000000000000e+03
3.535000000000000000e+03
3.543000000000000000e+03
3.547000000000000000e+03
3.549000000000000000e+03
3.550000000000000000e+03
3.559000000000000000e+03
3.563000000000000000e+03
3.565000000000000000e+03
3.566000000000000000e+03
3.571000000000000000e+03
3.573000000000000000e+03
3.574000000000000000e+03
3.577000000000000000e+03
3.578000000000000000e+03
3.580000000000000000e+03
3.647000000000000000e+03
3.679000000000000000e+03
3.695000000000000000e+03
3.707000000000000000e+03
3.709000000000000000e+03
3.743000000000000000e+03
3.759000000000000000e+03
3.767000000000000000e+03
3.771000000000000000e+03
3.773000000000000000e+03
3.774000000000000000e+03
3.791000000000000000e+03
3.799000000000000000e+03
3.803000000000000000e+03
3.805000000000000000e+03
3.815000000000000000e+03
3.819000000000000000e+03
3.821000000000000000e+03
3.822000000000000000e+03
3.830000000000000000e+03
3.833000000000000000e+03
3.834000000000000000e+03
3.887000000000000000e+03
3.899000000000000000e+03
3.901000000000000000e+03
3.902000000000000000e+03
3.919000000000000000e+03
3.933000000000000000e+03
3.943000000000000000e+03
3.947000000000000000e+03
3.949000000000000000e+03
3.950000000000000000e+03
3.955000000000000000e+03
3.957000000000000000e+03
3.962000000000000000e+03
3.983000000000000000e+03
3.995000000000000000e+03
3.997000000000000000e+03
3.998000000000000000e+03
4.011000000000000000e+03
4.013000000000000000e+03
4.021000000000000000e+03
4.022000000000000000e+03
4.026000000000000000e+03
4.039000000000000000e+03
4.043000000000000000e+03
4.045000000000000000e+03
4.051000000000000000e+03
4.054000000000000000e+03
4.067000000000000000e+03
4.069000000000000000e+03
4.076000000000000000e+03
4.081000000000000000e+03
4.082000000000000000e+03
4.084000000000000000e+03
4.351000000000000000e+03
4.479000000000000000e+03
4.543000000000000000e+03
4.575000000000000000e+03
4.591000000000000000e+03
4.599000000000000000e+03
4.603000000000000000e+03
4.605000000000000000e+03
4.606000000000000000e+03
4.735000000000000000e+03
4.799000000000000000e+03
4.831000000000000000e+03
4.847000000000000000e+03
4.855000000000000000e+03
4.859000000000000000e+03
4.861000000000000000e+03
4.862000000000000000e+03
4.927000000000000000e+03
4.959000000000000000e+03
4.975000000000000000e+03
4.983000000000000000e+03
4.987000000000000000e+03
4.989000000000000000e+03
4.990000000000000000e+03
5.023000000000000000e+03
5.039000000000000000e+03
5.047000000000000000e+03
5.051000000000000000e+03
5.053000000000000000e+03
5.054000000000000000e+03
5.071000000000000000e+03
5.079000000000000000e+03
5.083000000000000000e+03
5.085000000000000000e+03
5.086000000000000000e+03
5.095000000000000000e+03
5.099000000000000000e+03
5.101000000000000000e+03
5.102000000000000000e+03
5.107000000000000000e+03
5.109000000000000000e+03
5.110000000000000000e+03
5.113000000000000000e+03
5.114000000000000000e+03
5.116000000000000000e+03
5.247000000000000000e+03
5.311000000000000000e+03
5.343000000000000000e+03
5.359000000000000000e+03
5.367000000000000000e+03
5.371000000000000000e+03
5.373000000000000000e+03
5.374000000000000000e+03
5.439000000000000000e+03
5.471000000000000000e+03
5.487000000000000000e+03
5.495000000000000000e+03
5.499000000000000000e+03
5.501000000000000000e+03
5.502000000000000000e+03
5.535000000000000000e+03
5.551000000000000000e+03
5.559000000000000000e+03
5.563000000000000000e+03
5.565000000000000000e+03
5.566000000000000000e+03
5.583000000000000000e+03
5.591000000000000000e+03
5.595000000000000000e+03
5.597000000000000000e+03
5.598000000000000000e+03
5.607000000000000000e+03
5.611000000000000000e+03
5.613000000000000000e+03
5.614000000000000000e+03
5.619000000000000000e+03
5.621000000000000000e+03
5.622000000000000000e+03
5.625000000000000000e+03
5.626000000000000000e+03
5.628000000000000000e+03
5.695000000000000000e+03
5.743000000000000000e+03
5.751000000000000000e+03
5.755000000000000000e+03
5.757000000000000000e+03
5.758000000000000000e+03
5.791000000000000000e+03
5.807000000000000000e+03
5.839000000000000000e+03
5.847000000000000000e+03
5.851000000000000000e+03
5.853000000000000000e+03
5.863000000000000000e+03
5.867000000000000000e+03
5.869000000000000000e+03
5.870000000000000000e+03
5.875000000000000000e+03
5.882000000000000000e+03
5.884000000000000000e+03
5.947000000000000000e+03
5.949000000000000000e+03
5.967000000000000000e+03
5.975000000000000000e+03
5.979000000000000000e+03
5.981000000000000000e+03
5.982000000000000000e+03
5.995000000000000000e+03
5.997000000000000000e+03
6.003000000000000000e+03
6.006000000000000000e+03
6.009000000000000000e+03
6.012000000000000000e+03
6.031000000000000000e+03
6.043000000000000000e+03
6.062000000000000000e+03
6.067000000000000000e+03
6.069000000000000000e+03
6.070000000000000000e+03
6.073000000000000000e+03
6.087000000000000000e+03
6.091000000000000000e+03
6.093000000000000000e+03
6.094000000000000000e+03
6.099000000000000000e+03
6.101000000000000000e+03
6.102000000000000000e+03
6.105000000000000000e+03
6.106000000000000000e+03
6.108000000000000000e+03
6.117000000000000000e+03
6.121000000000000000e+03
6.129000000000000000e+03
6.130000000000000000e+03
6.271000000000000000e+03
6.335000000000000000e+03
6.367000000000000000e+03
6.383000000000000000e+03
6.391000000000000000e+03
6.395000000000000000e+03
6.397000000000000000e+03
6.463000000000000000e+03
6.495000000000000000e+03
6.511000000000000000e+03
6.519000000000000000e+03
6.523000000000000000e+03
6.525000000000000000e+03
6.526000000000000000e+03
6.559000000000000000e+03
6.575000000000000000e+03
6.583000000000000000e+03
6.587000000000000000e+03
6.589000000000000000e+03
6.590000000000000000e+03
6.607000000000000000e+03
6.615000000000000000e+03
6.619000000000000000e+03
6.621000000000000000e+03
6.622000000000000000e+03
6.631000000000000000e+03
6.635000000000000000e+03
6.637000000000000000e+03
6.638000000000000000e+03
6.643000000000000000e+03
6.645000000000000000e+03
6.646000000000000000e+03
6.649000000000000000e+03
6.650000000000000000e+03
6.652000000000000000e+03
6.719000000000000000e+03
6.751000000000000000e+03
6.767000000000000000e+03
6.775000000000000000e+03
6.782000000000000000e+03
6.815000000000000000e+03
6.831000000000000000e+03
6.839000000000000000e+03
6.863000000000000000e+03
6.871000000000000000e+03
6.877000000000000000e+03
6.878000000000000000e+03
6.887000000000000000e+03
6.891000000000000000e+03
6.893000000000000000e+03
6.901000000000000000e+03
6.943000000000000000e+03
6.959000000000000000e+03
6.967000000000000000e+03
6.971000000000000000e+03
6.974000000000000000e+03
6.999000000000000000e+03
7.003000000000000000e+03
7.015000000000000000e+03
7.019000000000000000e+03
7.021000000000000000e+03
7.022000000000000000e+03
7.027000000000000000e+03
7.029000000000000000e+03
7.030000000000000000e+03
7.033000000000000000e+03
7.034000000000000000e+03
7.036000000000000000e+03
7.055000000000000000e+03
7.063000000000000000e+03
7.070000000000000000e+03
7.079000000000000000e+03
7.083000000000000000e+03
7.085000000000000000e+03
7.091000000000000000e+03
7.111000000000000000e+03
7.115000000000000000e+03
7.117000000000000000e+03
7.123000000000000000e+03
7.125000000000000000e+03
7.129000000000000000e+03
7.130000000000000000e+03
7.139000000000000000e+03
7.141000000000000000e+03
7.145000000000000000e+03
7.146000000000000000e+03
7.160000000000000000e+03
7.231000000000000000e+03
7.263000000000000000e+03
7.287000000000000000e+03
7.327000000000000000e+03
7.343000000000000000e+03
7.375000000000000000e+03
7.383000000000000000e+03
7.387000000000000000e+03
7.389000000000000000e+03
7.399000000000000000e+03
7.403000000000000000e+03
7.406000000000000000e+03
7.411000000000000000e+03
7.417000000000000000e+03
7.418000000000000000e+03
7.471000000000000000e+03
7.483000000000000000e+03
7.486000000000000000e+03
7.503000000000000000e+03
7.515000000000000000e+03
7.527000000000000000e+03
7.531000000000000000e+03
7.533000000000000000e+03
7.534000000000000000e+03
7.539000000000000000e+03
7.541000000000000000e+03
7.545000000000000000e+03
7.546000000000000000e+03
7.567000000000000000e+03
7.579000000000000000e+03
7.581000000000000000e+03
7.582000000000000000e+03
7.591000000000000000e+03
7.610000000000000000e+03
7.623000000000000000e+03
7.627000000000000000e+03
7.629000000000000000e+03
7.635000000000000000e+03
7.637000000000000000e+03
7.651000000000000000e+03
7.657000000000000000e+03
7.666000000000000000e+03
7.672000000000000000e+03
7.759000000000000000e+03
7.771000000000000000e+03
7.783000000000000000e+03
7.859000000000000000e+03
7.883000000000000000e+03
7.910000000000000000e+03
7.913000000000000000e+03
7.951000000000000000e+03
7.993000000000000000e+03
8.014000000000000000e+03
8.042000000000000000e+03
8.044000000000000000e+03
8.052000000000000000e+03
8.056000000000000000e+03
8.078000000000000000e+03
8.101000000000000000e+03
8.105000000000000000e+03
8.134000000000000000e+03
8.138000000000000000e+03
8.146000000000000000e+03
8.447000000000000000e+03
8.575000000000000000e+03
8.639000000000000000e+03
8.671000000000000000e+03
8.687000000000000000e+03
8.695000000000000000e+03
8.699000000000000000e+03
8.701000000000000000e+03
8.702000000000000000e+03
8.831000000000000000e+03
8.895000000000000000e+03
8.927000000000000000e+03
8.943000000000000000e+03
8.951000000000000000e+03
8.955000000000000000e+03
8.957000000000000000e+03
8.958000000000000000e+03
9.023000000000000000e+03
9.055000000000000000e+03
9.071000000000000000e+03
9.079000000000000000e+03
9.083000000000000000e+03
9.085000000000000000e+03
9.086000000000000000e+03
9.119000000000000000e+03
9.135000000000000000e+03
9.143000000000000000e+03
9.147000000000000000e+03
9.149000000000000000e+03
9.150000000000000000e+03
9.167000000000000000e+03
9.175000000000000000e+03
9.179000000000000000e+03
9.181000000000000000e+03
9.182000000000000000e+03
9.191000000000000000e+03
9.195000000000000000e+03
9.197000000000000000e+03
9.198000000000000000e+03
9.203000000000000000e+03
9.205000000000000000e+03
9.206000000000000000e+03
9.209000000000000000e+03
9.210000000000000000e+03
9.212000000000000000e+03
9.343000000000000000e+03
9.407000000000000000e+03
9.439000000000000000e+03
9.455000000000000000e+03
9.463000000000000000e+03
9.467000000000000000e+03
9.469000000000000000e+03
9.470000000000000000e+03
9.535000000000000000e+03
9.567000000000000000e+03
9.583000000000000000e+03
9.591000000000000000e+03
9.595000000000000000e+03
9.597000000000000000e+03
9.598000000000000000e+03
9.631000000000000000e+03
9.647000000000000000e+03
9.655000000000000000e+03
9.659000000000000000e+03
9.661000000000000000e+03
9.662000000000000000e+03
9.679000000000000000e+03
9.687000000000000000e+03
9.691000000000000000e+03
9.693000000000000000e+03
9.694000000000000000e+03
9.703000000000000000e+03
9.707000000000000000e+03
9.709000000000000000e+03
9.710000000000000000e+03
9.715000000000000000e+03
9.717000000000000000e+03
9.718000000000000000e+03
9.721000000000000000e+03
9.722000000000000000e+03
9.724000000000000000e+03
9.847000000000000000e+03
9.851000000000000000e+03
9.853000000000000000e+03
9.854000000000000000e+03
9.915000000000000000e+03
9.917000000000000000e+03
9.935000000000000000e+03
9.943000000000000000e+03
9.966000000000000000e+03
9.971000000000000000e+03
9.974000000000000000e+03
9.977000000000000000e+03
1.003100000000000000e+04
1.004600000000000000e+04
1.006300000000000000e+04
1.007100000000000000e+04
1.007700000000000000e+04
1.009100000000000000e+04
1.009900000000000000e+04
1.010100000000000000e+04
1.010500000000000000e+04
1.012700000000000000e+04
1.013900000000000000e+04
1.015100000000000000e+04
1.015700000000000000e+04
1.016300000000000000e+04
1.017000000000000000e+04
1.017200000000000000e+04
1.018300000000000000e+04
1.018700000000000000e+04
1.018900000000000000e+04
1.019500000000000000e+04
1.020100000000000000e+04
1.020200000000000000e+04
1.020400000000000000e+04
1.021100000000000000e+04
1.021300000000000000e+04
1.022500000000000000e+04
1.036700000000000000e+04
1.043100000000000000e+04
1.046300000000000000e+04
1.047900000000000000e+04
1.048700000000000000e+04
1.049100000000000000e+04
1.049300000000000000e+04
1.049400000000000000e+04
1.055900000000000000e+04
1.059100000000000000e+04
1.060700000000000000e+04
1.061500000000000000e+04
1.061900000000000000e+04
1.062100000000000000e+04
1.062200000000000000e+04
1.065500000000000000e+04
1.067100000000000000e+04
1.067900000000000000e+04
1.068300000000000000e+04
1.068500000000000000e+04
1.070300000000000000e+04
1.071100000000000000e+04
1.071500000000000000e+04
1.071700000000000000e+04
1.072700000000000000e+04
1.073100000000000000e+04
1.073300000000000000e+04
1.073900000000000000e+04
1.074100000000000000e+04
1.074200000000000000e+04
1.074500000000000000e+04
1.074800000000000000e+04
1.081500000000000000e+04
1.084700000000000000e+04
1.086300000000000000e+04
1.087100000000000000e+04
1.092700000000000000e+04
1.093900000000000000e+04
1.094100000000000000e+04
1.097300000000000000e+04
1.097400000000000000e+04
1.098300000000000000e+04
1.098700000000000000e+04
1.099000000000000000e+04
1.099500000000000000e+04
1.099700000000000000e+04
1.103900000000000000e+04
1.105500000000000000e+04
1.106300000000000000e+04
1.106700000000000000e+04
1.106900000000000000e+04
1.108700000000000000e+04
1.109500000000000000e+04
1.109900000000000000e+04
1.110100000000000000e+04
1.111100000000000000e+04
1.111500000000000000e+04
1.111800000000000000e+04
1.112300000000000000e+04
1.112500000000000000e+04
1.112600000000000000e+04
1.113000000000000000e+04
1.115100000000000000e+04
1.115900000000000000e+04
1.116500000000000000e+04
1.116600000000000000e+04
1.117500000000000000e+04
1.117900000000000000e+04
1.118100000000000000e+04
1.118700000000000000e+04
1.118900000000000000e+04
1.119400000000000000e+04
1.121100000000000000e+04
1.121300000000000000e+04
1.121900000000000000e+04
1.122800000000000000e+04
1.123500000000000000e+04
1.123700000000000000e+04
1.123800000000000000e+04
1.132700000000000000e+04
1.135900000000000000e+04
1.137500000000000000e+04
1.138300000000000000e+04
1.138700000000000000e+04
1.142300000000000000e+04
1.143900000000000000e+04
1.145100000000000000e+04
1.148600000000000000e+04
1.150100000000000000e+04
1.150700000000000000e+04
1.151400000000000000e+04
1.157500000000000000e+04
1.157900000000000000e+04
1.158100000000000000e+04
1.159900000000000000e+04
1.160700000000000000e+04
1.162300000000000000e+04
1.162700000000000000e+04
1.162900000000000000e+04
1.163000000000000000e+04
1.163700000000000000e+04
1.163800000000000000e+04
1.164100000000000000e+04
1.164400000000000000e+04
1.167500000000000000e+04
1.167700000000000000e+04
1.169100000000000000e+04
1.169400000000000000e+04
1.169900000000000000e+04
1.170800000000000000e+04
1.172600000000000000e+04
1.173100000000000000e+04
1.173300000000000000e+04
1.173400000000000000e+04
1.175400000000000000e+04
1.175600000000000000e+04
1.176200000000000000e+04
1.176400000000000000e+04
1.182300000000000000e+04
1.185500000000000000e+04
1.194900000000000000e+04
1.196200000000000000e+04
1.200300000000000000e+04
1.200600000000000000e+04
1.204700000000000000e+04
1.207700000000000000e+04
1.212100000000000000e+04
1.213300000000000000e+04
1.213700000000000000e+04
1.214000000000000000e+04
1.217100000000000000e+04
1.241500000000000000e+04
1.247900000000000000e+04
1.251100000000000000e+04
1.252700000000000000e+04
1.253500000000000000e+04
1.253900000000000000e+04
1.254100000000000000e+04
1.254200000000000000e+04
1.260700000000000000e+04
1.263900000000000000e+04
1.265500000000000000e+04
1.266300000000000000e+04
1.266700000000000000e+04
1.266900000000000000e+04
1.267000000000000000e+04
1.270300000000000000e+04
1.271900000000000000e+04
1.272700000000000000e+04
1.273100000000000000e+04
1.273300000000000000e+04
1.273400000000000000e+04
1.275100000000000000e+04
1.275900000000000000e+04
1.276300000000000000e+04
1.276500000000000000e+04
1.276600000000000000e+04
1.277500000000000000e+04
1.277900000000000000e+04
1.278100000000000000e+04
1.278200000000000000e+04
1.278700000000000000e+04
1.278900000000000000e+04
1.279000000000000000e+04
1.279300000000000000e+04
1.279400000000000000e+04
1.279600000000000000e+04
1.289500000000000000e+04
1.291100000000000000e+04
1.291900000000000000e+04
1.292300000000000000e+04
1.292600000000000000e+04
1.298900000000000000e+04
1.300700000000000000e+04
1.301500000000000000e+04
1.301900000000000000e+04
1.303500000000000000e+04
1.304300000000000000e+04
1.305000000000000000e+04
1.308700000000000000e+04
1.311800000000000000e+04
1.313500000000000000e+04
1.314300000000000000e+04
1.314700000000000000e+04
1.314900000000000000e+04
1.315000000000000000e+04
1.315900000000000000e+04
1.316300000000000000e+04
1.316600000000000000e+04
1.317100000000000000e+04
1.317400000000000000e+04
1.317800000000000000e+04
1.319900000000000000e+04
1.320700000000000000e+04
1.321300000000000000e+04
1.322700000000000000e+04
1.323700000000000000e+04
1.323800000000000000e+04
1.324200000000000000e+04
1.325900000000000000e+04
1.326100000000000000e+04
1.326700000000000000e+04
1.326900000000000000e+04
1.327000000000000000e+04
1.327600000000000000e+04
1.328300000000000000e+04
1.328500000000000000e+04
1.328600000000000000e+04
1.328900000000000000e+04
1.329000000000000000e+04
1.330000000000000000e+04
1.340700000000000000e+04
1.342300000000000000e+04
1.343100000000000000e+04
1.343500000000000000e+04
1.343700000000000000e+04
1.343800000000000000e+04
1.348700000000000000e+04
1.351900000000000000e+04
1.353100000000000000e+04
1.353300000000000000e+04
1.353400000000000000e+04
1.354300000000000000e+04
1.354700000000000000e+04
1.354900000000000000e+04
1.355700000000000000e+04
1.355800000000000000e+04
1.356100000000000000e+04
1.359900000000000000e+04
1.363000000000000000e+04
1.364700000000000000e+04
1.365500000000000000e+04
1.365900000000000000e+04
1.366100000000000000e+04
1.366200000000000000e+04
1.367500000000000000e+04
1.368900000000000000e+04
1.369200000000000000e+04
1.372500000000000000e+04
1.373900000000000000e+04
1.374100000000000000e+04
1.374200000000000000e+04
1.376700000000000000e+04
1.377100000000000000e+04
1.377300000000000000e+04
1.377400000000000000e+04
1.378500000000000000e+04
1.378600000000000000e+04
1.378800000000000000e+04
1.379700000000000000e+04
1.380900000000000000e+04
1.381000000000000000e+04
1.381200000000000000e+04
1.381600000000000000e+04
1.388300000000000000e+04
1.388600000000000000e+04
1.393100000000000000e+04
1.393400000000000000e+04
1.394800000000000000e+04
1.397900000000000000e+04
1.400300000000000000e+04
1.402300000000000000e+04
1.404400000000000000e+04
1.406600000000000000e+04
1.412300000000000000e+04
1.413300000000000000e+04
1.417000000000000000e+04
1.421900000000000000e+04
1.425800000000000000e+04
1.427500000000000000e+04
1.429600000000000000e+04
1.445900000000000000e+04
1.446200000000000000e+04
1.451900000000000000e+04
1.452500000000000000e+04
1.457300000000000000e+04
1.458500000000000000e+04
1.462300000000000000e+04
1.463900000000000000e+04
1.465100000000000000e+04
1.467100000000000000e+04
1.467900000000000000e+04
1.468300000000000000e+04
1.468500000000000000e+04
1.469500000000000000e+04
1.469900000000000000e+04
1.471000000000000000e+04
1.471600000000000000e+04
1.474300000000000000e+04
1.474700000000000000e+04
1.475000000000000000e+04
1.476300000000000000e+04
1.476500000000000000e+04
1.477100000000000000e+04
1.479100000000000000e+04
1.479700000000000000e+04
1.479800000000000000e+04
1.480300000000000000e+04
1.480600000000000000e+04
1.481000000000000000e+04
1.481200000000000000e+04
1.481900000000000000e+04
1.482100000000000000e+04
1.482200000000000000e+04
1.482500000000000000e+04
1.482600000000000000e+04
1.483400000000000000e+04
1.490700000000000000e+04
1.492700000000000000e+04
1.495700000000000000e+04
1.496500000000000000e+04
1.497000000000000000e+04
1.502100000000000000e+04
1.505300000000000000e+04
1.506200000000000000e+04
1.508100000000000000e+04
1.508200000000000000e+04
1.513100000000000000e+04
1.514700000000000000e+04
1.515700000000000000e+04
1.520300000000000000e+04
1.520500000000000000e+04
1.524500000000000000e+04
1.525700000000000000e+04
1.525800000000000000e+04
1.527000000000000000e+04
1.528400000000000000e+04
1.528800000000000000e+04
1.533200000000000000e+04
1.539100000000000000e+04
1.545400000000000000e+04
1.547500000000000000e+04
1.547700000000000000e+04
1.548200000000000000e+04
1.550300000000000000e+04
1.560800000000000000e+04
1.564300000000000000e+04
1.569400000000000000e+04
1.572200000000000000e+04
1.575500000000000000e+04
1.575700000000000000e+04
1.576300000000000000e+04
1.581800000000000000e+04
1.582500000000000000e+04
1.584400000000000000e+04
1.595800000000000000e+04
1.602200000000000000e+04
1.613900000000000000e+04
1.616300000000000000e+04
1.663900000000000000e+04
1.676700000000000000e+04
1.683100000000000000e+04
1.686300000000000000e+04
1.687900000000000000e+04
1.688700000000000000e+04
1.689100000000000000e+04
1.689300000000000000e+04
1.689400000000000000e+04
1.702300000000000000e+04
1.708700000000000000e+04
1.711900000000000000e+04
1.713500000000000000e+04
1.714300000000000000e+04
1.714700000000000000e+04
1.714900000000000000e+04
1.715000000000000000e+04
1.721500000000000000e+04
1.724700000000000000e+04
1.726300000000000000e+04
1.727100000000000000e+04
1.727500000000000000e+04
1.727700000000000000e+04
1.727800000000000000e+04
1.731100000000000000e+04
1.732700000000000000e+04
1.733500000000000000e+04
1.733900000000000000e+04
1.734100000000000000e+04
1.734200000000000000e+04
1.735900000000000000e+04
1.736700000000000000e+04
1.737100000000000000e+04
1.737300000000000000e+04
1.737400000000000000e+04
1.738300000000000000e+04
1.738700000000000000e+04
1.738900000000000000e+04
1.739000000000000000e+04
1.739500000000000000e+04
1.739700000000000000e+04
1.739800000000000000e+04
1.740100000000000000e+04
1.740200000000000000e+04
1.740400000000000000e+04
1.753500000000000000e+04
1.759900000000000000e+04
1.763100000000000000e+04
1.764700000000000000e+04
1.765500000000000000e+04
1.765900000000000000e+04
1.766100000000000000e+04
1.766200000000000000e+04
1.772700000000000000e+04
1.775900000000000000e+04
1.777500000000000000e+04
1.778300000000000000e+04
1.778700000000000000e+04
1.778900000000000000e+04
1.779000000000000000e+04
1.782300000000000000e+04
1.783900000000000000e+04
1.784700000000000000e+04
1.785100000000000000e+04
1.785300000000000000e+04
1.785400000000000000e+04
1.787100000000000000e+04
1.787900000000000000e+04
1.788300000000000000e+04
1.788500000000000000e+04
1.788600000000000000e+04
1.789500000000000000e+04
1.789900000000000000e+04
1.790100000000000000e+04
1.790200000000000000e+04
1.790700000000000000e+04
1.790900000000000000e+04
1.791000000000000000e+04
1.791300000000000000e+04
1.791400000000000000e+04
1.791600000000000000e+04
1.798300000000000000e+04
1.803100000000000000e+04
1.803900000000000000e+04
1.804300000000000000e+04
1.804500000000000000e+04
1.804600000000000000e+04
1.809500000000000000e+04
1.810300000000000000e+04
1.812700000000000000e+04
1.813500000000000000e+04
1.815100000000000000e+04
1.815500000000000000e+04
1.815700000000000000e+04
1.816500000000000000e+04
1.816600000000000000e+04
1.816900000000000000e+04
1.817000000000000000e+04
1.817200000000000000e+04
1.820700000000000000e+04
1.823100000000000000e+04
1.823500000000000000e+04
1.823800000000000000e+04
1.826300000000000000e+04
1.826900000000000000e+04
1.827900000000000000e+04
1.828500000000000000e+04
1.829100000000000000e+04
1.829300000000000000e+04
1.829400000000000000e+04
1.831900000000000000e+04
1.832700000000000000e+04
1.833100000000000000e+04
1.833300000000000000e+04
1.833400000000000000e+04
1.834300000000000000e+04
1.834700000000000000e+04
1.834900000000000000e+04
1.835000000000000000e+04
1.835500000000000000e+04
1.835700000000000000e+04
1.836200000000000000e+04
1.837500000000000000e+04
1.837900000000000000e+04
1.838100000000000000e+04
1.838700000000000000e+04
1.838900000000000000e+04
1.839300000000000000e+04
1.840300000000000000e+04
1.840500000000000000e+04
1.840900000000000000e+04
1.841200000000000000e+04
1.841700000000000000e+04
1.855900000000000000e+04
1.862300000000000000e+04
1.865500000000000000e+04
1.867100000000000000e+04
1.867900000000000000e+04
1.868300000000000000e+04
1.868500000000000000e+04
1.868600000000000000e+04
1.875100000000000000e+04
1.878300000000000000e+04
1.879900000000000000e+04
1.880700000000000000e+04
1.881100000000000000e+04
1.881300000000000000e+04
1.881400000000000000e+04
1.884700000000000000e+04
1.886300000000000000e+04
1.887100000000000000e+04
1.887500000000000000e+04
1.887700000000000000e+04
1.887800000000000000e+04
1.889500000000000000e+04
1.890300000000000000e+04
1.890700000000000000e+04
1.890900000000000000e+04
1.891000000000000000e+04
1.891900000000000000e+04
1.892300000000000000e+04
1.892500000000000000e+04
1.892600000000000000e+04
1.893100000000000000e+04
1.893300000000000000e+04
1.893400000000000000e+04
1.893700000000000000e+04
1.893800000000000000e+04
1.894000000000000000e+04
1.900700000000000000e+04
1.905500000000000000e+04
1.906300000000000000e+04
1.906700000000000000e+04
1.907000000000000000e+04
1.910300000000000000e+04
1.912700000000000000e+04
1.913300000000000000e+04
1.915900000000000000e+04
1.916300000000000000e+04
1.916600000000000000e+04
1.918200000000000000e+04
1.918900000000000000e+04
1.919300000000000000e+04
1.919400000000000000e+04
1.923100000000000000e+04
1.924700000000000000e+04
1.925500000000000000e+04
1.925900000000000000e+04
1.926200000000000000e+04
1.927900000000000000e+04
1.930300000000000000e+04
1.930900000000000000e+04
1.931700000000000000e+04
1.932100000000000000e+04
1.934300000000000000e+04
1.935500000000000000e+04
1.935800000000000000e+04
1.937100000000000000e+04
1.937900000000000000e+04
1.938100000000000000e+04
1.938500000000000000e+04
1.938800000000000000e+04
1.940300000000000000e+04
1.940500000000000000e+04
1.940600000000000000e+04
1.941100000000000000e+04
1.941300000000000000e+04
1.942700000000000000e+04
1.942900000000000000e+04
1.943000000000000000e+04
1.943600000000000000e+04
1.944100000000000000e+04
1.944800000000000000e+04
1.951900000000000000e+04
1.955100000000000000e+04
1.957500000000000000e+04
1.957900000000000000e+04
1.958100000000000000e+04
1.961500000000000000e+04
1.963100000000000000e+04
1.963900000000000000e+04
1.964600000000000000e+04
1.967100000000000000e+04
1.967800000000000000e+04
1.968700000000000000e+04
1.969900000000000000e+04
1.970500000000000000e+04
1.975900000000000000e+04
1.976700000000000000e+04
1.977300000000000000e+04
1.977400000000000000e+04
1.980500000000000000e+04
1.980600000000000000e+04
1.981500000000000000e+04
1.982700000000000000e+04
1.982900000000000000e+04
1.983000000000000000e+04
1.983400000000000000e+04
1.983600000000000000e+04
1.985500000000000000e+04
1.986300000000000000e+04
1.987900000000000000e+04
1.988300000000000000e+04
1.988600000000000000e+04
1.989300000000000000e+04
1.989700000000000000e+04
1.990000000000000000e+04
1.991500000000000000e+04
1.992300000000000000e+04
1.992600000000000000e+04
1.992900000000000000e+04
1.993000000000000000e+04
1.993900000000000000e+04
1.994100000000000000e+04
1.994200000000000000e+04
1.994500000000000000e+04
1.994800000000000000e+04
2.001500000000000000e+04
2.002700000000000000e+04
2.005500000000000000e+04
2.007100000000000000e+04
2.007500000000000000e+04
2.008900000000000000e+04
2.011100000000000000e+04
2.012500000000000000e+04
2.014100000000000000e+04
2.016700000000000000e+04
2.017300000000000000e+04
2.019700000000000000e+04
2.024700000000000000e+04
2.029500000000000000e+04
2.030200000000000000e+04
2.031000000000000000e+04
2.032300000000000000e+04
2.032900000000000000e+04
2.035900000000000000e+04
2.039000000000000000e+04
2.042200000000000000e+04
2.060700000000000000e+04
2.067100000000000000e+04
2.070300000000000000e+04
2.071900000000000000e+04
2.072700000000000000e+04
2.073100000000000000e+04
2.073300000000000000e+04
2.073400000000000000e+04
2.079900000000000000e+04
2.083100000000000000e+04
2.084700000000000000e+04
2.085500000000000000e+04
2.085900000000000000e+04
2.086100000000000000e+04
2.086200000000000000e+04
2.089500000000000000e+04
2.091100000000000000e+04
2.091900000000000000e+04
2.092300000000000000e+04
2.092500000000000000e+04
2.092600000000000000e+04
2.094300000000000000e+04
2.095100000000000000e+04
2.095500000000000000e+04
2.095700000000000000e+04
2.095800000000000000e+04
2.096700000000000000e+04
2.097100000000000000e+04
2.097300000000000000e+04
2.097400000000000000e+04
2.097900000000000000e+04
2.098100000000000000e+04
2.098200000000000000e+04
2.098500000000000000e+04
2.098600000000000000e+04
2.098800000000000000e+04
2.105500000000000000e+04
2.108700000000000000e+04
2.110300000000000000e+04
2.111100000000000000e+04
2.111500000000000000e+04
2.111800000000000000e+04
2.115100000000000000e+04
2.116700000000000000e+04
2.117500000000000000e+04
2.117900000000000000e+04
2.119900000000000000e+04
2.120700000000000000e+04
2.121300000000000000e+04
2.122300000000000000e+04
2.122700000000000000e+04
2.122900000000000000e+04
2.123500000000000000e+04
2.123700000000000000e+04
2.124200000000000000e+04
2.127900000000000000e+04
2.129500000000000000e+04
2.130700000000000000e+04
2.130900000000000000e+04
2.133500000000000000e+04
2.133900000000000000e+04
2.134100000000000000e+04
2.135100000000000000e+04
2.135500000000000000e+04
2.135700000000000000e+04
2.136300000000000000e+04
2.136500000000000000e+04
2.136600000000000000e+04
2.136900000000000000e+04
2.139100000000000000e+04
2.139900000000000000e+04
2.140300000000000000e+04
2.140500000000000000e+04
2.141500000000000000e+04
2.142100000000000000e+04
2.142200000000000000e+04
2.142700000000000000e+04
2.142900000000000000e+04
2.143300000000000000e+04
2.143400000000000000e+04
2.143600000000000000e+04
2.144700000000000000e+04
2.145100000000000000e+04
2.145300000000000000e+04
2.145400000000000000e+04
2.146100000000000000e+04
2.146200000000000000e+04
2.146600000000000000e+04
2.147500000000000000e+04
2.147700000000000000e+04
2.147800000000000000e+04
2.148900000000000000e+04
2.149000000000000000e+04
2.149200000000000000e+04
2.156700000000000000e+04
2.159900000000000000e+04
2.162300000000000000e+04
2.166300000000000000e+04
2.167900000000000000e+04
2.169300000000000000e+04
2.171900000000000000e+04
2.172300000000000000e+04
2.172600000000000000e+04
2.173500000000000000e+04
2.173900000000000000e+04
2.174200000000000000e+04
2.174700000000000000e+04
2.175600000000000000e+04
2.179100000000000000e+04
2.181500000000000000e+04
2.182200000000000000e+04
2.183900000000000000e+04
2.184700000000000000e+04
2.185300000000000000e+04
2.186300000000000000e+04
2.186700000000000000e+04
2.187500000000000000e+04
2.187700000000000000e+04
2.187800000000000000e+04
2.188200000000000000e+04
2.188400000000000000e+04
2.191100000000000000e+04
2.191500000000000000e+04
2.191700000000000000e+04
2.191800000000000000e+04
2.192700000000000000e+04
2.193400000000000000e+04
2.193900000000000000e+04
2.194800000000000000e+04
2.195900000000000000e+04
2.196500000000000000e+04
2.197800000000000000e+04
2.198700000000000000e+04
2.200100000000000000e+04
2.207800000000000000e+04
2.209500000000000000e+04
2.210900000000000000e+04
2.211900000000000000e+04
2.216700000000000000e+04
2.219800000000000000e+04
2.220400000000000000e+04
2.222100000000000000e+04
2.222200000000000000e+04
2.229900000000000000e+04
2.230200000000000000e+04
2.234900000000000000e+04
2.237100000000000000e+04
2.238500000000000000e+04
2.242200000000000000e+04
2.242600000000000000e+04
2.243700000000000000e+04
2.243800000000000000e+04
2.244900000000000000e+04
2.245200000000000000e+04
2.248800000000000000e+04
2.249700000000000000e+04
2.259100000000000000e+04
2.262300000000000000e+04
2.263900000000000000e+04
2.265300000000000000e+04
2.265400000000000000e+04
2.268700000000000000e+04
2.270300000000000000e+04
2.271100000000000000e+04
2.271500000000000000e+04
2.273500000000000000e+04
2.274300000000000000e+04
2.274700000000000000e+04
2.274900000000000000e+04
2.276300000000000000e+04
2.276600000000000000e+04
2.277100000000000000e+04
2.277300000000000000e+04
2.277400000000000000e+04
2.283100000000000000e+04
2.283900000000000000e+04
2.284600000000000000e+04
2.286300000000000000e+04
2.287100000000000000e+04
2.287700000000000000e+04
2.288700000000000000e+04
2.289100000000000000e+04
2.289400000000000000e+04
2.289900000000000000e+04
2.290100000000000000e+04
2.290600000000000000e+04
2.290800000000000000e+04
2.292700000000000000e+04
2.293500000000000000e+04
2.294100000000000000e+04
2.295100000000000000e+04
2.295700000000000000e+04
2.295800000000000000e+04
2.296300000000000000e+04
2.296500000000000000e+04
2.298300000000000000e+04
2.298700000000000000e+04
2.298900000000000000e+04
2.299500000000000000e+04
2.299700000000000000e+04
2.301100000000000000e+04
2.303200000000000000e+04
2.313100000000000000e+04
2.315800000000000000e+04
2.316100000000000000e+04
2.319800000000000000e+04
2.322100000000000000e+04
2.322200000000000000e+04
2.322800000000000000e+04
2.325800000000000000e+04
2.327300000000000000e+04
2.328100000000000000e+04
2.328200000000000000e+04
2.328800000000000000e+04
2.331100000000000000e+04
2.336700000000000000e+04
2.337300000000000000e+04
2.338800000000000000e+04
2.341000000000000000e+04
2.341600000000000000e+04
2.343100000000000000e+04
2.344600000000000000e+04
2.345900000000000000e+04
2.347600000000000000e+04
2.353600000000000000e+04
2.361300000000000000e+04
2.366200000000000000e+04
2.370700000000000000e+04
2.370900000000000000e+04
2.376500000000000000e+04
2.376600000000000000e+04
2.383100000000000000e+04
2.385400000000000000e+04
2.386100000000000000e+04
2.386200000000000000e+04
2.386500000000000000e+04
2.388500000000000000e+04
2.389700000000000000e+04
2.391600000000000000e+04
2.398000000000000000e+04
2.400600000000000000e+04
2.404800000000000000e+04
2.422000000000000000e+04
2.428000000000000000e+04
2.429200000000000000e+04
2.436200000000000000e+04
2.445300000000000000e+04
2.470300000000000000e+04
2.476700000000000000e+04
2.479900000000000000e+04
2.481500000000000000e+04
2.482300000000000000e+04
2.482700000000000000e+04
2.482900000000000000e+04
2.483000000000000000e+04
2.489500000000000000e+04
2.492700000000000000e+04
2.494300000000000000e+04
2.495100000000000000e+04
2.495500000000000000e+04
2.495700000000000000e+04
2.499100000000000000e+04
2.500700000000000000e+04
2.501500000000000000e+04
2.501900000000000000e+04
2.502100000000000000e+04
2.502200000000000000e+04
2.503900000000000000e+04
2.504700000000000000e+04
2.505100000000000000e+04
2.505300000000000000e+04
2.505400000000000000e+04
2.506300000000000000e+04
2.506700000000000000e+04
2.506900000000000000e+04
2.507000000000000000e+04
2.507500000000000000e+04
2.507700000000000000e+04
2.507800000000000000e+04
2.508100000000000000e+04
2.508200000000000000e+04
2.508400000000000000e+04
2.515100000000000000e+04
2.520700000000000000e+04
2.521300000000000000e+04
2.524700000000000000e+04
2.527500000000000000e+04
2.527700000000000000e+04
2.530300000000000000e+04
2.530700000000000000e+04
2.531000000000000000e+04
2.532500000000000000e+04
2.532600000000000000e+04
2.533100000000000000e+04
2.533400000000000000e+04
2.533800000000000000e+04
2.537500000000000000e+04
2.539900000000000000e+04
2.542300000000000000e+04
2.543100000000000000e+04
2.543700000000000000e+04
2.544700000000000000e+04
2.545100000000000000e+04
2.545300000000000000e+04
2.545400000000000000e+04
2.545900000000000000e+04
2.546100000000000000e+04
2.549500000000000000e+04
2.549900000000000000e+04
2.551100000000000000e+04
2.551500000000000000e+04
2.551700000000000000e+04
2.552300000000000000e+04
2.552900000000000000e+04
2.553000000000000000e+04
2.554300000000000000e+04
2.555000000000000000e+04
2.555500000000000000e+04
2.555700000000000000e+04
2.556200000000000000e+04
2.556400000000000000e+04
2.557100000000000000e+04
2.557300000000000000e+04
2.557400000000000000e+04
2.558500000000000000e+04
2.558600000000000000e+04
2.559200000000000000e+04
2.566300000000000000e+04
2.571900000000000000e+04
2.572600000000000000e+04
2.579000000000000000e+04
2.581500000000000000e+04
2.583100000000000000e+04
2.583500000000000000e+04
2.583700000000000000e+04
2.583800000000000000e+04
2.591500000000000000e+04
2.594300000000000000e+04
2.594700000000000000e+04
2.594900000000000000e+04
2.595000000000000000e+04
2.595900000000000000e+04
2.597100000000000000e+04
2.597300000000000000e+04
2.597700000000000000e+04
2.598000000000000000e+04
2.599900000000000000e+04
2.600700000000000000e+04
2.601100000000000000e+04
2.601400000000000000e+04
2.602300000000000000e+04
2.602700000000000000e+04
2.603500000000000000e+04
2.603700000000000000e+04
2.603800000000000000e+04
2.604100000000000000e+04
2.604400000000000000e+04
2.605500000000000000e+04
2.606700000000000000e+04
2.606900000000000000e+04
2.608300000000000000e+04
2.608600000000000000e+04
2.608900000000000000e+04
2.609200000000000000e+04
2.609800000000000000e+04
2.615900000000000000e+04
2.621500000000000000e+04
2.622700000000000000e+04
2.625500000000000000e+04
2.628500000000000000e+04
2.629100000000000000e+04
2.632900000000000000e+04
2.635600000000000000e+04
2.638300000000000000e+04
2.639100000000000000e+04
2.639700000000000000e+04
2.639800000000000000e+04
2.645100000000000000e+04
2.647600000000000000e+04
2.652100000000000000e+04
2.653300000000000000e+04
2.656900000000000000e+04
2.659300000000000000e+04
2.671900000000000000e+04
2.673500000000000000e+04
2.674700000000000000e+04
2.675000000000000000e+04
2.679900000000000000e+04
2.681300000000000000e+04
2.686100000000000000e+04
2.686700000000000000e+04
2.686900000000000000e+04
2.691100000000000000e+04
2.694100000000000000e+04
2.695900000000000000e+04
2.697100000000000000e+04
2.698300000000000000e+04
2.699000000000000000e+04
2.699500000000000000e+04
2.699700000000000000e+04
2.700100000000000000e+04
2.700200000000000000e+04
2.703500000000000000e+04
2.703700000000000000e+04
2.704700000000000000e+04
2.705900000000000000e+04
2.706500000000000000e+04
2.708500000000000000e+04
2.709100000000000000e+04
2.709300000000000000e+04
2.709800000000000000e+04
2.711000000000000000e+04
2.712800000000000000e+04
2.718300000000000000e+04
2.719500000000000000e+04
2.719800000000000000e+04
2.728700000000000000e+04
2.734100000000000000e+04
2.735000000000000000e+04
2.736900000000000000e+04
2.740700000000000000e+04
2.742100000000000000e+04
2.743100000000000000e+04
2.744900000000000000e+04
2.746700000000000000e+04
2.747800000000000000e+04
2.749400000000000000e+04
2.749700000000000000e+04
2.753900000000000000e+04
2.754800000000000000e+04
2.756200000000000000e+04
2.756400000000000000e+04
2.757000000000000000e+04
2.759400000000000000e+04
2.770300000000000000e+04
2.774200000000000000e+04
2.776600000000000000e+04
2.779100000000000000e+04
2.783000000000000000e+04
2.787500000000000000e+04
2.793400000000000000e+04
2.794700000000000000e+04
2.797900000000000000e+04
2.799300000000000000e+04
2.800600000000000000e+04
2.800900000000000000e+04
2.803900000000000000e+04
2.804300000000000000e+04
2.804600000000000000e+04
2.807000000000000000e+04
2.810500000000000000e+04
2.811300000000000000e+04
2.812000000000000000e+04
2.814400000000000000e+04
2.818700000000000000e+04
2.818900000000000000e+04
2.821400000000000000e+04
2.824300000000000000e+04
2.826500000000000000e+04
2.830700000000000000e+04
2.842700000000000000e+04
2.855400000000000000e+04
2.856200000000000000e+04
2.879800000000000000e+04
2.883100000000000000e+04
2.884700000000000000e+04
2.885500000000000000e+04
2.885900000000000000e+04
2.890700000000000000e+04
2.890900000000000000e+04
2.891000000000000000e+04
2.892100000000000000e+04
2.892400000000000000e+04
2.895900000000000000e+04
2.897500000000000000e+04
2.898700000000000000e+04
2.899000000000000000e+04
2.902100000000000000e+04
2.902200000000000000e+04
2.903100000000000000e+04
2.904500000000000000e+04
2.905200000000000000e+04
2.907100000000000000e+04
2.907900000000000000e+04
2.908300000000000000e+04
2.908600000000000000e+04
2.909500000000000000e+04
2.911400000000000000e+04
2.911600000000000000e+04
2.913300000000000000e+04
2.913400000000000000e+04
2.915500000000000000e+04
2.923900000000000000e+04
2.924600000000000000e+04
2.935800000000000000e+04
2.948300000000000000e+04
2.949300000000000000e+04
2.949700000000000000e+04
2.951500000000000000e+04
2.951700000000000000e+04
2.951800000000000000e+04
2.954500000000000000e+04
2.955600000000000000e+04
2.957900000000000000e+04
2.959000000000000000e+04
2.961000000000000000e+04
2.963800000000000000e+04
2.975500000000000000e+04
2.980600000000000000e+04
2.981800000000000000e+04
2.983900000000000000e+04
2.993000000000000000e+04
2.999100000000000000e+04
3.000500000000000000e+04
3.001000000000000000e+04
3.002900000000000000e+04
3.005800000000000000e+04
3.009300000000000000e+04
3.009900000000000000e+04
3.010500000000000000e+04
3.011500000000000000e+04
3.013600000000000000e+04
3.017700000000000000e+04
3.023500000000000000e+04
3.023700000000000000e+04
3.030900000000000000e+04
3.031400000000000000e+04
3.036200000000000000e+04
3.038600000000000000e+04
3.039200000000000000e+04
3.041700000000000000e+04
3.043400000000000000e+04
3.065700000000000000e+04
3.067200000000000000e+04
3.082300000000000000e+04
3.084400000000000000e+04
3.086300000000000000e+04
3.087700000000000000e+04
3.087800000000000000e+04
3.089400000000000000e+04
3.089900000000000000e+04
3.090800000000000000e+04
3.092500000000000000e+04
3.093800000000000000e+04
3.095400000000000000e+04
3.099900000000000000e+04
3.101500000000000000e+04
3.103400000000000000e+04
3.106200000000000000e+04
3.107500000000000000e+04
3.109200000000000000e+04
3.111100000000000000e+04
3.112500000000000000e+04
3.112600000000000000e+04
3.113900000000000000e+04
3.125900000000000000e+04
3.126200000000000000e+04
3.131500000000000000e+04
3.131800000000000000e+04
3.141000000000000000e+04
3.142700000000000000e+04
3.150100000000000000e+04
3.157200000000000000e+04
3.165600000000000000e+04
3.179000000000000000e+04
3.184900000000000000e+04
3.185000000000000000e+04
3.189400000000000000e+04
3.202100000000000000e+04
3.205600000000000000e+04
3.236800000000000000e+04
3.260800000000000000e+04
