 &FCI NORB=   8,NELEC= 8,MS2=0,
  ORBSYM=1,1,1,1,1,1,1,1
  ISYM=1,
 &END
 0.5086059664338444    1    1    1    1
 -0.009760424417025761    2    1    1    1
 0.1080707491221645    2    1    2    1
 0.4787067636330341    2    2    1    1
 0.008722919709066466    2    2    2    1
 0.4847430209523672    2    2    2    2
 0.01461219277901866    3    1    1    1
 0.01097275990342886    3    1    2    1
 -0.002856129708476977    3    1    2    2
 0.0978717180370705    3    1    3    1
 0.009438981507926745    3    2    1    1
 -0.004787525943266464    3    2    2    1
 0.0007475047090389809    3    2    2    2
 0.05611385710243109    3    2    3    1
 0.06437714966166565    3    2    3    2
 0.4758850636672358    3    3    1    1
 0.05703834896714295    3    3    2    1
 0.4651730759999414    3    3    2    2
 -0.01705389253497873    3    3    3    1
 -0.01977086899930347    3    3    3    2
 0.5398157170212605    3    3    3    3
 0.001087448704932701    4    1    1    1
 -0.0006298116717000994    4    1    2    1
 -0.01941337916256104    4    1    2    2
 -0.000713680397470111    4    1    3    1
 -0.01259785576443988    4    1    3    2
 -0.01039564059906972    4    1    3    3
 0.1084750690305448    4    1    4    1
 0.0002657720706814402    4    2    1    1
 -0.01990421346214631    4    2    2    1
 0.0108508655090388    4    2    2    2
 -0.0127760165865343    4    2    3    1
 -0.0003595638120511975    4    2    3    2
 -0.005145074767636436    4    2    3    3
 -0.0445430983225621    4    2    4    1
 0.04698575529832021    4    2    4    2
 -0.001063522529757276    4    3    1    1
 -0.01324883810900017    4    3    2    1
 -0.0008783914323729859    4    3    2    2
 -0.01008870654841234    4    3    3    1
 -0.005756727722622619    4    3    3    2
 -0.007839657382236838    4    3    3    3
 -0.00250502677953935    4    3    4    1
 0.005184082887565428    4    3    4    2
 0.01559165441368135    4    3    4    3
 0.4771253212555879    4    4    1    1
 -0.04836164693552566    4    4    2    1
 0.435826707608488    4    4    2    2
 -0.0007084342665559305    4    4    3    1
 0.004091938959686825    4    4    3    2
 0.4080080781720636    4    4    3    3
 0.02443547237158534    4    4    4    1
 -0.003956644969427869    4    4    4    2
 0.006853180640652465    4    4    4    3
 0.5049885357368059    4    4    4    4
 -0.04931851180440013    5    1    1    1
 0.009978583399901847    5    1    2    1
 -0.03484341054430946    5    1    2    2
 -0.01613977461968051    5    1    3    1
 0.01020999038666153    5    1    3    2
 -0.03966659098508438    5    1    3    3
 -0.01038522237220885    5    1    4    1
 -0.007594024019540615    5    1    4    2
 0.0009399157656511865    5    1    4    3
 -0.02484587441045082    5    1    4    4
 0.053654510364441    5    1    5    1
 0.02647703361027701    5    2    1    1
 0.0004291552102869591    5    2    2    1
 0.02355378979861554    5    2    2    2
 0.03055337889272803    5    2    3    1
 0.02252543298090317    5    2    3    2
 0.01567906317953648    5    2    3    3
 -0.01944324223251233    5    2    4    1
 -0.001299408779767139    5    2    4    2
 -0.005488495410086346    5    2    4    3
 0.002467282467801517    5    2    4    4
 -0.01218104165323315    5    2    5    1
 0.0365859275753091    5    2    5    2
 -0.04758981053108553    5    3    1    1
 0.03147160384523275    5    3    2    1
 -0.02238992080630315    5    3    2    2
 -0.01484962425376584    5    3    3    1
 -0.006399273322609281    5    3    3    2
 -0.01071040800910553    5    3    3    3
 0.002064774858244247    5    3    4    1
 -0.00739944170518108    5    3    4    2
 -0.00946166353364861    5    3    4    3
 -0.04780049447902826    5    3    4    4
 0.02735974551611368    5    3    5    1
 -0.009035362935759563    5    3    5    2
 0.04986074759073434    5    3    5    3
 -0.03963213486638121    5    4    1    1
 -0.01981651994625468    5    4    2    1
 -0.04255184311686743    5    4    2    2
 0.000236907006658576    5    4    3    1
 -0.00496140347078659    5    4    3    2
 -0.05167736773104493    5    4    3    3
 0.03117454820192252    5    4    4    1
 -0.01924566449431989    5    4    4    2
 -0.003770916359208536    5    4    4    3
 -0.00917830582608092    5    4    4    4
 0.02171868355183963    5    4    5    1
 -0.01922917028830633    5    4    5    2
 0.009057716781694668    5    4    5    3
 0.05549768219230677    5    4    5    4
 0.4544317164095412    5    5    1    1
 -0.0168713103323726    5    5    2    1
 0.416714439642597    5    5    2    2
 0.03190705054801947    5    5    3    1
 0.005466303418665632    5    5    3    2
 0.419463991966927    5    5    3    3
 0.04216179743890668    5    5    4    1
 -0.02388129795727105    5    5    4    2
 0.001798885214637377    5    5    4    3
 0.4442057126262794    5    5    4    4
 -0.0468460053625601    5    5    5    1
 0.01716248494774769    5    5    5    2
 -0.04678242811799983    5    5    5    3
 -0.007362837348376656    5    5    5    4
 0.4642357674547835    5    5    5    5
 0.01275500792285125    6    1    1    1
 -0.003598767046203395    6    1    2    1
 0.002553954068372038    6    1    2    2
 0.00869881320607963    6    1    3    1
 -0.01034105686689476    6    1    3    2
 0.006502853059516216    6    1    3    3
 -0.01864820320316709    6    1    4    1
 -0.01395841332882393    6    1    4    2
 0.00288569577446678    6    1    4    3
 0.01687464184108211    6    1    4    4
 0.0004060347439669919    6    1    5    1
 0.002043070480341062    6    1    5    2
 -0.0129428859106406    6    1    5    3
 0.01421760141634106    6    1    5    4
 0.01848274126434735    6    1    5    5
 0.04929280972978858    6    1    6    1
 -0.006698472408338327    6    2    1    1
 -0.01694400815277954    6    2    2    1
 0.005210557544144289    6    2    2    2
 -0.02875182610213058    6    2    3    1
 -0.0132602857730281    6    2    3    2
 -0.00471346979937562    6    2    3    3
 -0.03637111360179202    6    2    4    1
 0.02134448470843141    6    2    4    2
 0.007429344588322974    6    2    4    3
 -0.002979083309226455    6    2    4    4
 0.001680082748839004    6    2    5    1
 -0.007008128092571263    6    2    5    2
 -0.003584284689653573    6    2    5    3
 -0.01490326897804971    6    2    5    4
 -0.02576528112020702    6    2    5    5
 -0.0006023149079344203    6    2    6    1
 0.04276903204064295    6    2    6    2
 0.02804348415338345    6    3    1    1
 -0.03024578517514937    6    3    2    1
 0.01204995328942213    6    3    2    2
 -0.004009379569851224    6    3    3    1
 -0.00256608891780139    6    3    3    2
 0.0005778478271489823    6    3    3    3
 0.006626126455593235    6    3    4    1
 0.005885166380386832    6    3    4    2
 -0.004568195712130807    6    3    4    3
 0.03713672519159001    6    3    4    4
 -0.01537588089883688    6    3    5    1
 -0.001694484395629258    6    3    5    2
 -0.02493848003813428    6    3    5    3
 0.005409320369872399    6    3    5    4
 0.02209886474823004    6    3    5    5
 0.004581799244297175    6    3    6    1
 0.005399715249704936    6    3    6    2
 0.03278882541714641    6    3    6    3
 -0.0729956567995073    6    4    1    1
 -0.03705133948724912    6    4    2    1
 -0.05839820508669229    6    4    2    2
 0.004485599415692563    6    4    3    1
 0.007479278982047034    6    4    3    2
 -0.08635317706871605    6    4    3    3
 0.01732344489057905    6    4    4    1
 0.0002608803406101044    6    4    4    2
 0.009256168651110617    6    4    4    3
 -0.04200356829295778    6    4    4    4
 0.02799819918770756    6    4    5    1
 -0.01891631216692925    6    4    5    2
 0.01530901873786133    6    4    5    3
 0.04087801711365791    6    4    5    4
 -0.03973757811936338    6    4    5    5
 -0.01302761435249111    6    4    6    1
 0.003224862291539889    6    4    6    2
 -0.007494020366227204    6    4    6    3
 0.0884512737837027    6    4    6    4
 0.0191098447058843    6    5    1    1
 -0.009546649680521727    6    5    2    1
 0.005940356914971386    6    5    2    2
 -0.01731132147862701    6    5    3    1
 -0.01113755065041978    6    5    3    2
 -0.003222435436583332    6    5    3    3
 0.04150273352982928    6    5    4    1
 -0.01988078809942525    6    5    4    2
 0.006585951695520125    6    5    4    3
 0.0480507661207993    6    5    4    4
 0.006128866350144048    6    5    5    1
 -0.0166752191892047    6    5    5    2
 -0.008440161011231911    6    5    5    3
 0.01676185194769352    6    5    5    4
 0.0322408744354167    6    5    5    5
 0.004674021561449858    6    5    6    1
 -0.008095095633021439    6    5    6    2
 0.008350665176897381    6    5    6    3
 -0.001093129778405931    6    5    6    4
 0.04307894740806269    6    5    6    5
 0.4831193615506527    6    6    1    1
 -0.01403310201230746    6    6    2    1
 0.4556217899481863    6    6    2    2
 0.01002411781184246    6    6    3    1
 0.01085397042514041    6    6    3    2
 0.4431699484724219    6    6    3    3
 -0.01811473112082305    6    6    4    1
 0.008551647464147135    6    6    4    2
 -0.00225008099082791    6    6    4    3
 0.4749574656630632    6    6    4    4
 -0.03096832583957501    6    6    5    1
 0.01954965909038882    6    6    5    2
 -0.04310386715311238    6    6    5    3
 -0.03507697553646144    6    6    5    4
 0.4339341919761509    6    6    5    5
 0.01923248743160441    6    6    6    1
 0.003039472352500555    6    6    6    2
 0.03297633301095143    6    6    6    3
 -0.06998632162353267    6    6    6    4
 0.02106096859706033    6    6    6    5
 0.5004660933666679    6    6    6    6
 0.0625938854061041    7    1    1    1
 0.001939180442058985    7    1    2    1
 0.04941988289658159    7    1    2    2
 -0.01618240728098956    7    1    3    1
 0.004946483222893924    7    1    3    2
 0.05564876096311958    7    1    3    3
 -0.0006977995655830976    7    1    4    1
 -0.003797913535667105    7    1    4    2
 -0.0007662384593943742    7    1    4    3
 0.04915839194680908    7    1    4    4
 -0.008016203252384262    7    1    5    1
 0.0152656756556795    7    1    5    2
 -0.02015737103921314    7    1    5    3
 -0.02189191773968402    7    1    5    4
 0.03788140815882595    7    1    5    5
 0.001478719817605581    7    1    6    1
 -0.004197658357328588    7    1    6    2
 0.01353827098563422    7    1    6    3
 -0.04758354895674866    7    1    6    4
 0.01332615126179445    7    1    6    5
 0.05737934478511146    7    1    6    6
 0.05208227126757366    7    1    7    1
 0.002700852996461412    7    2    1    1
 -0.00976750080822025    7    2    2    1
 -0.0001541214294274779    7    2    2    2
 0.02053756068976968    7    2    3    1
 0.0197370383273847    7    2    3    2
 -0.03165020476009978    7    2    3    3
 -0.01043983370982405    7    2    4    1
 0.009012555429928685    7    2    4    2
 0.002364001971550828    7    2    4    3
 0.01868660561884081    7    2    4    4
 0.01112156954196298    7    2    5    1
 0.005244204828298192    7    2    5    2
 -0.01790519210919365    7    2    5    3
 0.002018463728304879    7    2    5    4
 0.001191147570731553    7    2    5    5
 -0.003799892366106367    7    2    6    1
 0.003822240914455946    7    2    6    2
 0.01049355840778963    7    2    6    3
 0.01488592778409556    7    2    6    4
 0.004495501460596255    7    2    6    5
 0.01916618672973428    7    2    6    6
 -0.001678549605860982    7    2    7    1
 0.04390573693897565    7    2    7    2
 -0.06201683676574051    7    3    1    1
 0.02308317042528238    7    3    2    1
 -0.03703261477471888    7    3    2    2
 -0.00375579821388429    7    3    3    1
 -0.02832634651908053    7    3    3    2
 -0.03005566588604223    7    3    3    3
 -0.001930706617255176    7    3    4    1
 0.0005031003854267946    7    3    4    2
 -0.001658362525004585    7    3    4    3
 -0.06101293487536649    7    3    4    4
 0.0003166514817855368    7    3    5    1
 -0.02070339999917544    7    3    5    2
 0.03748504405666197    7    3    5    3
 0.01096107471311069    7    3    5    4
 -0.04503738263513219    7    3    5    5
 0.004357719973957473    7    3    6    1
 0.009280059361194352    7    3    6    2
 -0.02352046178202706    7    3    6    3
 0.023565883181535    7    3    6    4
 -0.01537391049765271    7    3    6    5
 -0.06122662769133112    7    3    6    6
 -0.05093949911237674    7    3    7    1
 -0.02348387989699117    7    3    7    2
 0.08038305901583684    7    3    7    3
 -0.003285177124586157    7    4    1    1
 -0.01073561826557696    7    4    2    1
 0.003179682423264234    7    4    2    2
 -0.002610485903627031    7    4    3    1
 0.00259817381331975    7    4    3    2
 -0.007063695961017211    7    4    3    3
 -0.002357311389523653    7    4    4    1
 0.01922510605265076    7    4    4    2
 -0.00461254078198178    7    4    4    3
 -0.007086468303732284    7    4    4    4
 -0.01183474370067393    7    4    5    1
 0.00138456769897573    7    4    5    2
 0.001775128367459924    7    4    5    3
 -0.01381741025016184    7    4    5    4
 -0.01518169431863665    7    4    5    5
 -0.02885358299634038    7    4    6    1
 0.01350258661632743    7    4    6    2
 0.00753577129258704    7    4    6    3
 0.008210291132404698    7    4    6    4
 -0.01311395371520976    7    4    6    5
 -0.001649420249284769    7    4    6    6
 -0.007150233114352618    7    4    7    1
 0.006662344586548908    7    4    7    2
 0.003452713899315526    7    4    7    3
 0.03111793137589583    7    4    7    4
 0.01389765831020566    7    5    1    1
 0.0334493397376086    7    5    2    1
 0.02524787924315439    7    5    2    2
 -0.02565209230453888    7    5    3    1
 -0.02632919036756401    7    5    3    2
 0.06028460982522205    7    5    3    3
 -0.02815803125068812    7    5    4    1
 0.006962737118331773    7    5    4    2
 0.001785400315415437    7    5    4    3
 -0.01375317870819793    7    5    4    4
 -0.006683053696128391    7    5    5    1
 -0.0006248411745907442    7    5    5    2
 0.009420235771705547    7    5    5    3
 -0.02436958899691653    7    5    5    4
 -0.007317200971609521    7    5    5    5
 0.009450817770211376    7    5    6    1
 0.01297463506494291    7    5    6    2
 -0.01297031273215532    7    5    6    3
 -0.03083386618373694    7    5    6    4
 -0.01412093258520539    7    5    6    5
 0.007225420876306805    7    5    6    6
 0.007384579421829471    7    5    7    1
 -0.02296309837617857    7    5    7    2
 0.0169361540133486    7    5    7    3
 -0.006014229948051827    7    5    7    4
 0.0460183944006663    7    5    7    5
 -0.007958270700670312    7    6    1    1
 -0.01746622073826709    7    6    2    1
 0.0001175136826305594    7    6    2    2
 0.01657589438203643    7    6    3    1
 0.0215609156301623    7    6    3    2
 -0.03009332290858219    7    6    3    3
 -0.06323857616213717    7    6    4    1
 0.02929962981101908    7    6    4    2
 0.009318314670479175    7    6    4    3
 -0.005199619831094849    7    6    4    4
 0.01098273540239121    7    6    5    1
 0.01348309386885824    7    6    5    2
 -0.01269609396127313    7    6    5    3
 -0.01734586411743479    7    6    5    4
 -0.02625483490574854    7    6    5    5
 0.01036106394862966    7    6    6    1
 0.02494838713559728    7    6    6    2
 -0.003581201735485063    7    6    6    3
 0.007542178490337612    7    6    6    4
 -0.02092808741983762    7    6    6    5
 0.01077186784704668    7    6    6    6
 -0.007419521038805795    7    6    7    1
 0.02715577613526138    7    6    7    2
 -0.005051986996989615    7    6    7    3
 0.002077449845018553    7    6    7    4
 -0.0003641732176567132    7    6    7    5
 0.0618204791838998    7    6    7    6
 0.457217043336226    7    7    1    1
 0.0003196029882128605    7    7    2    1
 0.4575593477695574    7    7    2    2
 -0.08625330551958532    7    7    3    1
 -0.05338637334254783    7    7    3    2
 0.4942455037895938    7    7    3    3
 -0.01388114267011319    7    7    4    1
 0.01628720816138098    7    7    4    2
 0.007523021419432016    7    7    4    3
 0.4306878918070891    7    7    4    4
 -0.0289352746656284    7    7    5    1
 -0.01151176992807971    7    7    5    2
 -0.01425803624669078    7    7    5    3
 -0.0434127214387989    7    7    5    4
 0.3986470016762979    7    7    5    5
 0.00370062665046759    7    7    6    1
 0.03139811778666414    7    7    6    2
 0.01770137515711341    7    7    6    3
 -0.07208375798560317    7    7    6    4
 0.01991764136651416    7    7    6    5
 0.4487517794854646    7    7    6    6
 0.06341668050681973    7    7    7    1
 -0.03413876448737187    7    7    7    2
 -0.03139491515718623    7    7    7    3
 0.0006008286266613514    7    7    7    4
 0.06112877123957664    7    7    7    5
 -0.02493128577594288    7    7    7    6
 0.5594122343420226    7    7    7    7
 0.01116343190707546    8    1    1    1
 0.02082166160272522    8    1    2    1
 0.01356243136139587    8    1    2    2
 0.001196413105593389    8    1    3    1
 -0.007305073001700093    8    1    3    2
 -0.004022461114031993    8    1    3    3
 0.002038868846556791    8    1    4    1
 0.00629580999831861    8    1    4    2
 0.00364901437877496    8    1    4    3
 0.02103081913254537    8    1    4    4
 -0.001577553799444793    8    1    5    1
 -0.01400544651922348    8    1    5    2
 -0.01369427910345904    8    1    5    3
 -0.004549579732960663    8    1    5    4
 0.004897438704105762    8    1    5    5
 0.0005979040163071407    8    1    6    1
 0.007571337067232795    8    1    6    2
 0.00855091337262829    8    1    6    3
 -0.00790850335601957    8    1    6    4
 0.01482016191118846    8    1    6    5
 0.02235606069450591    8    1    6    6
 -0.0007412170535019366    8    1    7    1
 0.02693285318238908    8    1    7    2
 -0.000497456842015011    8    1    7    3
 0.002679617867305365    8    1    7    4
 -0.001582930414824713    8    1    7    5
 0.008092026644608202    8    1    7    6
 0.002193969394403671    8    1    7    7
 0.04781250357278868    8    1    8    1
 0.08411211717662002    8    2    1    1
 0.004413619359674253    8    2    2    1
 0.07497503777000786    8    2    2    2
 -0.01084742773585974    8    2    3    1
 -0.009996031962840893    8    2    3    2
 0.05793440362000248    8    2    3    3
 0.01652169894692434    8    2    4    1
 -0.007063895614032607    8    2    4    2
 0.00173626345212503    8    2    4    3
 0.06694260436085379    8    2    4    4
 -0.03010344910618149    8    2    5    1
 0.008171259587909777    8    2    5    2
 -0.03529892701081601    8    2    5    3
 -0.01578784198254536    8    2    5    4
 0.06403102437253405    8    2    5    5
 0.01196425576148363    8    2    6    1
 -0.005782142460713984    8    2    6    2
 0.02400446232816105    8    2    6    3
 -0.05236074100173803    8    2    6    4
 0.02539783228069398    8    2    6    5
 0.06876520365729658    8    2    6    6
 0.0494017232199266    8    2    7    1
 0.0006359690208670454    8    2    7    2
 -0.03987713009947858    8    2    7    3
 -0.009913169411339826    8    2    7    4
 0.004433006085134316    8    2    7    5
 -0.01629679855001517    8    2    7    6
 0.06987877695566565    8    2    7    7
 0.02339161314111004    8    2    8    1
 0.08834054705277317    8    2    8    2
 0.01242851210746854    8    3    1    1
 -0.01459373021886418    8    3    2    1
 0.008948882808508321    8    3    2    2
 -0.04346026220127954    8    3    3    1
 -0.03249465833716704    8    3    3    2
 0.02142821084755531    8    3    3    3
 0.01007529127896595    8    3    4    1
 0.004220411412764452    8    3    4    2
 0.008296680528362087    8    3    4    3
 0.01782497555037778    8    3    4    4
 -0.01486793772921759    8    3    5    1
 -0.02526882243833168    8    3    5    2
 -0.009357808184216927    8    3    5    3
 0.001844721378459212    8    3    5    4
 0.007098160445323166    8    3    5    5
 0.008347370081010492    8    3    6    1
 0.01891133846378557    8    3    6    2
 0.01343415031809476    8    3    6    3
 -0.01026390773498057    8    3    6    4
 0.01559982987366863    8    3    6    5
 0.006432721942043514    8    3    6    6
 0.007200477808215318    8    3    7    1
 -0.02166680242599384    8    3    7    2
 0.009653023234264814    8    3    7    3
 -0.001852721950183055    8    3    7    4
 0.01654995145799091    8    3    7    5
 -0.01692983268377827    8    3    7    6
 0.06174028027399676    8    3    7    7
 0.006241493372921234    8    3    8    1
 0.02357888714967745    8    3    8    2
 0.05293433969220834    8    3    8    3
 0.007419424410481819    8    4    1    1
 0.01830579646764141    8    4    2    1
 -0.0002485195487379323    8    4    2    2
 0.01039214094666375    8    4    3    1
 0.002457895826592464    8    4    3    2
 0.01432906979189597    8    4    3    3
 0.030238529340889    8    4    4    1
 -0.01284075725894826    8    4    4    2
 -0.002872143994715715    8    4    4    3
 0.003503762920058581    8    4    4    4
 -0.003972055626545586    8    4    5    1
 -0.001854217585886934    8    4    5    2
 0.004090294698441794    8    4    5    3
 0.006525521535616423    8    4    5    4
 0.01949038047311713    8    4    5    5
 -0.003585350087578125    8    4    6    1
 -0.02806961673316729    8    4    6    2
 -0.005939777216296966    8    4    6    3
 -0.008076423170721839    8    4    6    4
 0.009120614984273821    8    4    6    5
 -0.002937545147654827    8    4    6    6
 0.004950130820999412    8    4    7    1
 -0.009167815901257556    8    4    7    2
 -0.002667561599080313    8    4    7    3
 -0.009369488767669232    8    4    7    4
 -0.003187115635572841    8    4    7    5
 -0.02431485755535683    8    4    7    6
 -0.006888404745268857    8    4    7    7
 -0.002556017053208137    8    4    8    1
 0.008347472541072043    8    4    8    2
 -0.004764235938265208    8    4    8    3
 0.02556376132379552    8    4    8    4
 0.003868431896006364    8    5    1    1
 -0.03447197576632145    8    5    2    1
 0.006164930456801885    8    5    2    2
 -0.03638055698462898    8    5    3    1
 -0.03317669165584659    8    5    3    2
 -0.006568597667733917    8    5    3    3
 -0.0008968892127586926    8    5    4    1
 0.003838230455367224    8    5    4    2
 0.007664076558583093    8    5    4    3
 0.01874185086118364    8    5    4    4
 -0.006267980527409373    8    5    5    1
 -0.01147135155192007    8    5    5    2
 -0.008815802343726108    8    5    5    3
 0.01048411718015034    8    5    5    4
 0.004235246868419423    8    5    5    5
 0.0152062313477179    8    5    6    1
 0.02137074487785116    8    5    6    2
 0.01466646005631187    8    5    6    3
 0.006080352032146574    8    5    6    4
 0.0109676357817216    8    5    6    5
 0.005874513857114926    8    5    6    6
 -0.0002045841465886669    8    5    7    1
 -0.007196490484312431    8    5    7    2
 0.008773205812702939    8    5    7    3
 -0.001083537839583356    8    5    7    4
 0.004496850827465066    8    5    7    5
 -0.001110068294147468    8    5    7    6
 0.03975799874328816    8    5    7    7
 -0.001398117486740255    8    5    8    1
 0.0134174958827545    8    5    8    2
 0.02816833949162379    8    5    8    3
 -0.01559539088469493    8    5    8    4
 0.04232532442030424    8    5    8    5
 -0.0001772957646576517    8    6    1    1
 0.02622891723641359    8    6    2    1
 -0.004462017259048622    8    6    2    2
 0.02657346651141723    8    6    3    1
 0.02347997545599869    8    6    3    2
 0.01256940014867069    8    6    3    3
 0.002251740400958028    8    6    4    1
 -0.03034809702079526    8    6    4    2
 -0.009147501831161779    8    6    4    3
 -0.01249900071780625    8    6    4    4
 0.01551741298023187    8    6    5    1
 0.01804333984334764    8    6    5    2
 0.01192874745800292    8    6    5    3
 0.004763948794695407    8    6    5    4
 0.006943162883332993    8    6    5    5
 0.01284662371091445    8    6    6    1
 -0.01713956863148638    8    6    6    2
 -0.01277065287680535    8    6    6    3
 -0.008726373013354365    8    6    6    4
 -0.002752817508793627    8    6    6    5
 -0.003411518477321161    8    6    6    6
 0.008176031249087896    8    6    7    1
 -0.005631583529177347    8    6    7    2
 -0.009558130988061979    8    6    7    3
 -0.01819624881201185    8    6    7    4
 -0.0004984580488138829    8    6    7    5
 -0.006010445928402088    8    6    7    6
 -0.02605469440184621    8    6    7    7
 -0.01609508622026101    8    6    8    1
 -0.005560351952716644    8    6    8    2
 -0.02192299177608545    8    6    8    3
 0.005735354798312852    8    6    8    4
 -0.01950597811317907    8    6    8    5
 0.0463463715911259    8    6    8    6
 -0.01404324972037006    8    7    1    1
 0.06725798520888347    8    7    2    1
 -0.001623203632270703    8    7    2    2
 -0.003505660712034668    8    7    3    1
 -0.02816948214568895    8    7    3    2
 0.03282271659644417    8    7    3    3
 0.01042992882508506    8    7    4    1
 -0.01793776300939879    8    7    4    2
 -0.006873112143865257    8    7    4    3
 -0.03243010724921128    8    7    4    4
 -0.0008271543864512865    8    7    5    1
 -0.007794398534913142    8    7    5    2
 0.02505699983535242    8    7    5    3
 -0.004852788077541527    8    7    5    4
 -0.008826323138465483    8    7    5    5
 0.008430647483293233    8    7    6    1
 -0.01180971271438899    8    7    6    2
 -0.02115482429789052    8    7    6    3
 -0.02443248442290515    8    7    6    4
 -0.001020274142368093    8    7    6    5
 -0.01907705046047199    8    7    6    6
 -0.009157571863821417    8    7    7    1
 -0.01577695480650532    8    7    7    2
 0.03872678702826136    8    7    7    3
 -0.01179405011590352    8    7    7    4
 0.03073807665566372    8    7    7    5
 -0.02345280078019135    8    7    7    6
 0.005914676214935316    8    7    7    7
 0.01514982859590152    8    7    8    1
 0.002743871016300652    8    7    8    2
 6.783336577346208e-05    8    7    8    3
 0.01417612985944351    8    7    8    4
 -0.008117666468908534    8    7    8    5
 0.01042311628905434    8    7    8    6
 0.06553170298730274    8    7    8    7
 0.4941362058814728    8    8    1    1
 0.03995857184177097    8    8    2    1
 0.4938115841540217    8    8    2    2
 0.01955642039036262    8    8    3    1
 0.02237070766531815    8    8    3    2
 0.4923043132305035    8    8    3    3
 -0.01497130203943502    8    8    4    1
 0.004139441914623319    8    8    4    2
 -0.008059508588391448    8    8    4    3
 0.4347056737770685    8    8    4    4
 -0.03862320382983803    8    8    5    1
 0.03633856587517605    8    8    5    2
 -0.02210203370503945    8    8    5    3
 -0.05936492924554945    8    8    5    4
 0.4347758613775582    8    8    5    5
 -0.007073748759865081    8    8    6    1
 -0.01024964808779362    8    8    6    2
 0.005963511224107445    8    8    6    3
 -0.0827822073002849    8    8    6    4
 0.001920699416087266    8    8    6    5
 0.4763865582727152    8    8    6    6
 0.06659052498523246    8    8    7    1
 0.002537192788436551    8    8    7    2
 -0.05486779674435091    8    8    7    3
 0.002714004687779595    8    8    7    4
 0.02671286601207371    8    8    7    5
 -0.004726041417181063    8    8    7    6
 0.4615348875016815    8    8    7    7
 0.01683578863048343    8    8    8    1
 0.08830260593108061    8    8    8    2
 -0.00594380964698925    8    8    8    3
 0.01260309276348453    8    8    8    4
 -0.02116106379912682    8    8    8    5
 0.01235713496790149    8    8    8    6
 0.008844646732938596    8    8    8    7
 0.5515725704955817    8    8    8    8
 -4.154642294688651    1    1  0  0
 -0.004745140575406415    2    1  0  0
 -3.589768308311765    2    2  0  0
 0.002278274983220098    3    1  0  0
 0.008118366146031781    3    2  0  0
 -3.607859061695401    3    3  0  0
 0.004102198436184709    4    1  0  0
 -0.003522154540023406    4    2  0  0
 0.003797060456323694    4    3  0  0
 -3.501169998164368    4    4  0  0
 0.2647843488330623    5    1  0  0
 -0.1284669120339774    5    2  0  0
 0.2488856110191954    5    3  0  0
 0.2557546818837731    5    4  0  0
 -2.688300808300674    5    5  0  0
 -0.06824785321868598    6    1  0  0
 0.01766753435639741    6    2  0  0
 -0.1503434751138786    6    3  0  0
 0.4756256976223319    6    4  0  0
 -0.1304196208832236    6    5  0  0
 -2.865639683901839    6    6  0  0
 -0.386928566107162    7    1  0  0
 0.01351753989306184    7    2  0  0
 0.349122534417653    7    3  0  0
 0.02808125002018535    7    4  0  0
 -0.1504583019583544    7    5  0  0
 0.07625818959787277    7    6  0  0
 -2.743940022858482    7    7  0  0
 -0.08111312412505001    8    1  0  0
 -0.5174670282193728    8    2  0  0
 -0.1115046955329252    8    3  0  0
 -0.04323206017044748    8    4  0  0
 -0.04065181195265157    8    5  0  0
 0.009311315888649743    8    6  0  0
 0.03072597444477634    8    7  0  0
 -2.874872962721947    8    8  0  0
 0  0  0  0  0
