 &FCI NORB=   8,NELEC= 8,MS2=0,
  ORBSYM=1,1,1,1,1,1,1,1
  ISYM=1,
 &END
 0.4901165148275074    1    1    1    1
 -0.01110482281140935    2    1    1    1
 0.09874766003589716    2    1    2    1
 0.470489174174436    2    2    1    1
 0.04032916813530119    2    2    2    1
 0.5463080425711788    2    2    2    2
 -0.002782021257092111    3    1    1    1
 0.007547720721754881    3    1    2    1
 -0.05341567657636125    3    1    2    2
 0.1065271440829728    3    1    3    1
 0.007345456233865458    3    2    1    1
 -0.05077852852321005    3    2    2    1
 -0.01909926729215202    3    2    2    2
 -0.01353019087406685    3    2    3    1
 0.05352352303292788    3    2    3    2
 0.4711127605424703    3    3    1    1
 -0.01382672906868778    3    3    2    1
 0.4509372705738957    3    3    2    2
 -0.0134304382816269    3    3    3    1
 0.01512752257028714    3    3    3    2
 0.4785201697511106    3    3    3    3
 -0.005648522432196338    4    1    1    1
 7.535708097293577e-06    4    1    2    1
 -0.0007271045131106177    4    1    2    2
 -0.002797574583117601    4    1    3    1
 0.005641508121716522    4    1    3    2
 0.001850025625323573    4    1    3    3
 0.1007775441356297    4    1    4    1
 -0.0004166202864646797    4    2    1    1
 0.0008886068850104105    4    2    2    1
 -0.004332089369055883    4    2    2    2
 0.005945109371673685    4    2    3    1
 -0.001108767491200093    4    2    3    2
 -0.000895328209872511    4    2    3    3
 -0.0008679589976911302    4    2    4    1
 0.01303955226649051    4    2    4    2
 -0.002844936407818521    4    3    1    1
 0.006082426046744106    4    3    2    1
 -0.0008205965613255506    4    3    2    2
 0.003616319261694531    4    3    3    1
 -0.0004639864369973154    4    3    3    2
 -0.0002440710726375582    4    3    3    3
 0.05150432169970674    4    3    4    1
 -0.001329629324627481    4    3    4    2
 0.05235590995713962    4    3    4    3
 0.4612876864579184    4    4    1    1
 -0.001030316667643004    4    4    2    1
 0.4039741426893978    4    4    2    2
 0.04978495919171348    4    4    3    1
 -0.001725958781594054    4    4    3    2
 0.4366123407654042    4    4    3    3
 0.005873245129936809    4    4    4    1
 0.003579961070853472    4    4    4    2
 0.006419333771268214    4    4    4    3
 0.4985826916941195    4    4    4    4
 0.03632385079346991    5    1    1    1
 -0.007697426234952954    5    1    2    1
 0.03585608830938933    5    1    2    2
 0.00506920276345779    5    1    3    1
 -0.01216786009931675    5    1    3    2
 0.02441453559734778    5    1    3    3
 0.006195922118835428    5    1    4    1
 0.001195267414708961    5    1    4    2
 -0.002782984174769204    5    1    4    3
 0.02203007112938355    5    1    4    4
 0.03021074921468447    5    1    5    1
 -0.01972486025803935    5    2    1    1
 0.0189908628662391    5    2    2    1
 0.01398117765405871    5    2    2    2
 -0.0306597540529324    5    2    3    1
 -0.001790114250635489    5    2    3    2
 -0.005385443417983889    5    2    3    3
 0.003607274782513753    5    2    4    1
 0.0005502388722075454    5    2    4    2
 0.001713625929886685    5    2    4    3
 -0.0301540194879012    5    2    4    4
 -0.01493304899034315    5    2    5    1
 0.03101967435043161    5    2    5    2
 0.01067315732964585    5    3    1    1
 -0.03092362684780915    5    3    2    1
 0.002723028998825692    5    3    2    2
 -0.009838203067462026    5    3    3    1
 0.01919160232855959    5    3    3    2
 0.01489437285428971    5    3    3    3
 -0.009530674915821222    5    3    4    1
 -0.0002828196245553119    5    3    4    2
 -0.008534715287102972    5    3    4    3
 -0.01196004856674374    5    3    4    4
 0.006398527162868169    5    3    5    1
 -0.0004220892005489434    5    3    5    2
 0.0298030759618708    5    3    5    3
 0.02318664371605353    5    4    1    1
 0.002955801168632531    5    4    2    1
 0.02519128506686266    5    4    2    2
 -0.008832436911941782    5    4    3    1
 -0.0009876084065894627    5    4    3    2
 0.0157423551146576    5    4    3    3
 -0.01936059081591864    5    4    4    1
 -0.005653988091368545    5    4    4    2
 -0.02203363226093602    5    4    4    3
 0.01390692133781363    5    4    4    4
 0.006976461738138689    5    4    5    1
 -0.003623729265079781    5    4    5    2
 0.004620354708646373    5    4    5    3
 0.03221227153606437    5    4    5    4
 0.3574633848465253    5    5    1    1
 -0.01912680568036605    5    5    2    1
 0.3319430216911525    5    5    2    2
 0.02452428739485245    5    5    3    1
 0.006562303679249747    5    5    3    2
 0.3518515437249998    5    5    3    3
 -0.006996850701724012    5    5    4    1
 -0.0005171883356866928    5    5    4    2
 -0.008240031322125077    5    5    4    3
 0.367664441776531    5    5    4    4
 0.0127178140401479    5    5    5    1
 -0.02021776085930661    5    5    5    2
 0.001850922969989793    5    5    5    3
 0.0135750187120038    5    5    5    4
 0.3459882577229662    5    5    5    5
 -0.01400083122504166    6    1    1    1
 0.005378446317810655    6    1    2    1
 -0.01579929769599961    6    1    2    2
 -0.006992366927975136    6    1    3    1
 -0.0007959822123045795    6    1    3    2
 -0.008759618863759061    6    1    3    3
 0.02088914734332258    6    1    4    1
 0.00366694745680353    6    1    4    2
 -0.01487608573630265    6    1    4    3
 0.0001464971674758745    6    1    4    4
 0.0002574295324603893    6    1    5    1
 0.002907562634574617    6    1    5    2
 -0.0060148466798307    6    1    5    3
 0.01316957029391393    6    1    5    4
 0.003287746260688886    6    1    5    5
 0.04857502735580556    6    1    6    1
 0.01505303747703201    6    2    1    1
 -0.01877716624514189    6    2    2    1
 0.0009044539666574538    6    2    2    2
 -0.0004717000313801269    6    2    3    1
 0.01023608592682456    6    2    3    2
 0.01256373582633833    6    2    3    3
 0.009024823520323277    6    2    4    1
 0.01002416543768631    6    2    4    2
 0.004006746699391252    6    2    4    3
 0.01177586146349309    6    2    4    4
 0.004601067034042436    6    2    5    1
 -0.006570404000135543    6    2    5    2
 0.007624330033708957    6    2    5    3
 -0.003301314909061178    6    2    5    4
 0.006811093217306088    6    2    5    5
 0.0001190386094650406    6    2    6    1
 0.02020121034065911    6    2    6    2
 -0.0269169604600116    6    3    1    1
 0.0004605002898199421    6    3    2    1
 -0.01996392270919002    6    3    2    2
 0.001362753522577517    6    3    3    1
 -0.002056324039638852    6    3    3    2
 -0.02824579530122392    6    3    3    3
 -0.04204277152111821    6    3    4    1
 0.001667479527841863    6    3    4    2
 -0.02158562656161441    6    3    4    3
 -0.02048540004896251    6    3    4    4
 -0.01001417915907167    6    3    5    1
 0.00549795932655955    6    3    5    2
 0.002773054742212281    6    3    5    3
 0.01146471985692812    6    3    5    4
 0.0005803690466894054    6    3    5    5
 0.005206390831763935    6    3    6    1
 -0.009021372132961567    6    3    6    2
 0.04393079230776197    6    3    6    3
 0.07851992430909319    6    4    1    1
 0.007029218773635939    6    4    2    1
 0.09355729645400269    6    4    2    2
 -0.04259062385899718    6    4    3    1
 0.002492635069487406    6    4    3    2
 0.06048395711919735    6    4    3    3
 0.02205595628550539    6    4    4    1
 -0.001601597191883314    6    4    4    2
 0.01049028230781345    6    4    4    3
 0.04349679489700221    6    4    4    4
 0.02530832248288594    6    4    5    1
 -0.0009299898016213893    6    4    5    2
 0.009872153708004558    6    4    5    3
 0.01366535053590745    6    4    5    4
 0.00217702248718979    6    4    5    5
 -0.008822871921235265    6    4    6    1
 0.01157459590359261    6    4    6    2
 -0.03519679268133304    6    4    6    3
 0.0994500656114333    6    4    6    4
 0.01138977009979248    6    5    1    1
 -0.002455351776309805    6    5    2    1
 0.007851779448750866    6    5    2    2
 -0.009185789383525645    6    5    3    1
 0.007166138232959175    6    5    3    2
 0.01378189597722427    6    5    3    3
 0.03775543717616216    6    5    4    1
 -0.001093294816642187    6    5    4    2
 0.02176379337778897    6    5    4    3
 0.01596341214659005    6    5    4    4
 0.002017159060791774    6    5    5    1
 0.001932015669371596    6    5    5    2
 -0.0008594419538913471    6    5    5    3
 -0.01426825742469611    6    5    5    4
 -0.003377853272896614    6    5    5    5
 0.005813086450679335    6    5    6    1
 0.002520362811834623    6    5    6    2
 -0.0208754883548787    6    5    6    3
 0.01994200391406952    6    5    6    4
 0.03082493395181674    6    5    6    5
 0.481109139682837    6    6    1    1
 0.0002658304903289145    6    6    2    1
 0.4380362460434514    6    6    2    2
 0.02311875444268948    6    6    3    1
 -0.006376946145609587    6    6    3    2
 0.4561295594431169    6    6    3    3
 -0.02601878817045124    6    6    4    1
 0.006648278125838043    6    6    4    2
 -0.02903588548717385    6    6    4    3
 0.4909368000263861    6    6    4    4
 0.03472919460444552    6    6    5    1
 -0.02946478818455439    6    6    5    2
 -0.003417072641548702    6    6    5    3
 0.03527578601033257    6    6    5    4
 0.3790835728681883    6    6    5    5
 0.01183348334232921    6    6    6    1
 0.01443003430810934    6    6    6    2
 -0.01237985355170233    6    6    6    3
 0.06044974178476133    6    6    6    4
 0.002015380496779638    6    6    6    5
 0.5426200493061587    6    6    6    6
 0.01102720027993853    7    1    1    1
 0.0084844518025306    7    1    2    1
 0.01958826026174895    7    1    2    2
 0.01714715371138253    7    1    3    1
 0.01374269031818527    7    1    3    2
 0.01380873489893365    7    1    3    3
 0.006735935031439715    7    1    4    1
 0.000482308519643206    7    1    4    2
 -0.002917572352582878    7    1    4    3
 -0.001237028497772964    7    1    4    4
 -0.0006126879417265009    7    1    5    1
 0.005851495596703104    7    1    5    2
 0.016800582593016    7    1    5    3
 0.006398861876041042    7    1    5    4
 0.0009995292981585051    7    1    5    5
 -0.001302004057512329    7    1    6    1
 0.001697226073361246    7    1    6    2
 -0.004597727867851838    7    1    6    3
 0.01071286156120417    7    1    6    4
 -0.001138054511113317    7    1    6    5
 -0.001551225869426045    7    1    6    6
 0.04732275009029603    7    1    7    1
 0.03863994427607183    7    2    1    1
 0.02487324183846861    7    2    2    1
 0.02781312285135843    7    2    2    2
 0.03501670394022938    7    2    3    1
 -0.009723427570022199    7    2    3    2
 0.01988746724416056    7    2    3    3
 0.0007250537805610729    7    2    4    1
 0.005424614564631901    7    2    4    2
 0.002919297228037332    7    2    4    3
 0.05017263459970914    7    2    4    4
 0.01327748480464267    7    2    5    1
 -0.02267036196885315    7    2    5    2
 -0.01468784953814754    7    2    5    3
 0.004457731332761921    7    2    5    4
 0.01695208460528533    7    2    5    5
 -0.0006962046921703029    7    2    6    1
 0.002644077566573005    7    2    6    2
 -0.009021002696882548    7    2    6    3
 0.01428861867295982    7    2    6    4
 0.0003869999293942925    7    2    6    5
 0.05230119653192816    7    2    6    6
 0.005418028274869196    7    2    7    1
 0.05096809627408619    7    2    7    2
 0.06994912369688681    7    3    1    1
 0.03265667329679122    7    3    2    1
 0.06816729405863127    7    3    2    2
 0.009732137277391421    7    3    3    1
 -0.02163129053131776    7    3    3    2
 0.0590850665716505    7    3    3    3
 -0.01057270000795839    7    3    4    1
 0.0009023908664896615    7    3    4    2
 -0.00348606543303228    7    3    4    3
 0.05022022791069285    7    3    4    4
 0.02803432445488239    7    3    5    1
 -0.01639561127271266    7    3    5    2
 -0.0049304725256792    7    3    5    3
 0.01961626049991949    7    3    5    4
 0.01583534080587396    7    3    5    5
 -0.006182448555191993    7    3    6    1
 -0.001048991044652848    7    3    6    2
 -0.01445657811849345    7    3    6    3
 0.04563070385781919    7    3    6    4
 -0.005173881898117689    7    3    6    5
 0.0712637527714402    7    3    6    6
 0.007724973653120187    7    3    7    1
 0.04157342411711085    7    3    7    2
 0.08012147747311636    7    3    7    3
 0.02503284243496513    7    4    1    1
 -0.0001206803411892358    7    4    2    1
 0.02876824234144027    7    4    2    2
 -0.01119745314476272    7    4    3    1
 0.0004045164637129181    7    4    3    2
 0.01858510779748805    7    4    3    3
 -0.03143829839615533    7    4    4    1
 0.005472018310878266    7    4    4    2
 -0.02082252653842813    7    4    4    3
 0.009015431876509156    7    4    4    4
 0.008690257013900676    7    4    5    1
 -0.0003323829753294142    7    4    5    2
 0.01348610287212144    7    4    5    3
 0.02258348540292357    7    4    5    4
 0.008967055719011711    7    4    5    5
 0.005732243709934883    7    4    6    1
 0.003205839392647763    7    4    6    2
 0.02177387045865739    7    4    6    3
 0.01331861063191611    7    4    6    4
 -0.01569104324659852    7    4    6    5
 0.03266535100936252    7    4    6    6
 0.007973415865522332    7    4    7    1
 0.00378667758522371    7    4    7    2
 0.02100367771606492    7    4    7    3
 0.03733744695218257    7    4    7    4
 -0.006640223971704041    7    5    1    1
 0.02056202550712597    7    5    2    1
 -0.02879605111374166    7    5    2    2
 0.04680881587020621    7    5    3    1
 -0.01946484512533826    7    5    3    2
 -0.01063474207681763    7    5    3    3
 0.01704118241482872    7    5    4    1
 0.002882834003553693    7    5    4    2
 0.0193538138192746    7    5    4    3
 0.0301569062757459    7    5    4    4
 -0.0008926910053299176    7    5    5    1
 -0.01385384127708125    7    5    5    2
 -0.02191644553080724    7    5    5    3
 -0.01174612756628104    7    5    5    4
 0.008638329754637396    7    5    5    5
 -0.001156167494397248    7    5    6    1
 -0.001236853855407911    7    5    6    2
 -0.009169671236082784    7    5    6    3
 -0.01889132664066046    7    5    6    4
 0.002991266099721139    7    5    6    5
 0.009124785556581052    7    5    6    6
 -0.007463004264789236    7    5    7    1
 0.02196407043629977    7    5    7    2
 0.009457572233573901    7    5    7    3
 -0.01701197317822834    7    5    7    4
 0.04251307596647862    7    5    7    5
 -0.00476988589737078    7    6    1    1
 0.004451781427237911    7    6    2    1
 0.0002105434574718578    7    6    2    2
 -0.003527236300529862    7    6    3    1
 -0.004027283285219152    7    6    3    2
 -0.009352791512267356    7    6    3    3
 0.02723180557309548    7    6    4    1
 0.003246520595864436    7    6    4    2
 0.03105751103098973    7    6    4    3
 0.005123661924762542    7    6    4    4
 -0.002087220319944706    7    6    5    1
 0.002059676141622583    7    6    5    2
 -0.009360617275170713    7    6    5    3
 -0.01656477040135438    7    6    5    4
 -0.008604753278804431    7    6    5    5
 -0.009811008852557167    7    6    6    1
 0.006364008665831496    7    6    6    2
 -0.009850089452621466    7    6    6    3
 0.009846823826809212    7    6    6    4
 0.01392319842852978    7    6    6    5
 -0.01693948858272458    7    6    6    6
 -0.01128980205689846    7    6    7    1
 0.002465771911936414    7    6    7    2
 -0.008625155058566413    7    6    7    3
 -0.01094417965804573    7    6    7    4
 0.01244815673649074    7    6    7    5
 0.03052588687342365    7    6    7    6
 0.4829749313435719    7    7    1    1
 -0.00607797476311487    7    7    2    1
 0.463212925889989    7    7    2    2
 0.004143697040388676    7    7    3    1
 0.03075695658658416    7    7    3    2
 0.4820193220433385    7    7    3    3
 0.02220199465594363    7    7    4    1
 0.001079967775174922    7    7    4    2
 0.02161082534378818    7    7    4    3
 0.4557287880976424    7    7    4    4
 0.02009272073408856    7    7    5    1
 -0.00925797934701467    7    7    5    2
 0.01375233076935295    7    7    5    3
 0.007742659712293624    7    7    5    4
 0.3577442046526703    7    7    5    5
 -0.02073738078358104    7    7    6    1
 0.01884957908050234    7    7    6    2
 -0.04138432003436358    7    7    6    3
 0.07624279657916834    7    7    6    4
 0.02561827011305961    7    7    6    5
 0.4655573698940825    7    7    6    6
 0.0366902386609616    7    7    7    1
 0.04327899460710811    7    7    7    2
 0.06652157474150713    7    7    7    3
 0.01326315344651735    7    7    7    4
 -0.002389589173523006    7    7    7    5
 0.003443596623128713    7    7    7    6
 0.5437721524003523    7    7    7    7
 -0.04976937697530193    8    1    1    1
 -0.01656241144862299    8    1    2    1
 -0.03439148067408742    8    1    2    2
 0.01066892267591428    8    1    3    1
 -0.003665876536232903    8    1    3    2
 -0.04301857683856521    8    1    3    3
 0.006573153412679779    8    1    4    1
 -0.001097073502738911    8    1    4    2
 -0.002614455353938236    8    1    4    3
 -0.04565803817756626    8    1    4    4
 5.695290829991328e-06    8    1    5    1
 0.009065626628291792    8    1    5    2
 0.002360876978343409    8    1    5    3
 -0.006544419142689897    8    1    5    4
 -0.00914493018192792    8    1    5    5
 0.003261711355652877    8    1    6    1
 -0.007075946499630055    8    1    6    2
 0.01455136219541282    8    1    6    3
 -0.03818159901184809    8    1    6    4
 -0.009626970139017971    8    1    6    5
 -0.056226325517122    8    1    6    6
 0.0009691154577932776    8    1    7    1
 -0.02506037505860638    8    1    7    2
 -0.03396894356087559    8    1    7    3
 -0.008087525308043159    8    1    7    4
 -0.002101945445760574    8    1    7    5
 -0.00224110937926034    8    1    7    6
 -0.05866644948216104    8    1    7    7
 0.0501515252064032    8    1    8    1
 -0.05852087896222737    8    2    1    1
 0.03333337370155129    8    2    2    1
 -0.008843585620958043    8    2    2    2
 -0.01507029312281088    8    2    3    1
 -0.03517962942890913    8    2    3    2
 -0.04986987413884441    8    2    3    3
 -0.003379941287015758    8    2    4    1
 -2.141062702538415e-05    8    2    4    2
 0.0009655550635117796    8    2    4    3
 -0.05879831876329409    8    2    4    4
 -0.001377100032698379    8    2    5    1
 0.0287998683790969    8    2    5    2
 -0.02031055996590812    8    2    5    3
 -0.006446286542199348    8    2    5    4
 -0.03173250861981284    8    2    5    5
 -0.001839504280184063    8    2    6    1
 -0.02244358892929026    8    2    6    2
 0.01692312177974343    8    2    6    3
 -0.02169852128229516    8    2    6    4
 -0.0117562807759914    8    2    6    5
 -0.06225603065411407    8    2    6    6
 -0.01911899388506421    8    2    7    1
 -0.02068553362521098    8    2    7    2
 -0.00867187044231978    8    2    7    3
 -0.00553304178611767    8    2    7    4
 0.001553063703252445    8    2    7    5
 0.006209740149999261    8    2    7    6
 -0.07817208457244383    8    2    7    7
 0.04242340485611271    8    2    8    1
 0.09846904057372052    8    2    8    2
 0.03606755614597029    8    3    1    1
 -0.01558844903405138    8    3    2    1
 0.0009915909970569245    8    3    2    2
 -0.002664534958750698    8    3    3    1
 0.003750394385808975    8    3    3    2
 0.03444504293773227    8    3    3    3
 -0.006950427980500642    8    3    4    1
 0.00150741064771517    8    3    4    2
 -0.003998856719438365    8    3    4    3
 0.03777889211314037    8    3    4    4
 0.006695488846502405    8    3    5    1
 -0.019219849811656    8    3    5    2
 0.00312219712466426    8    3    5    3
 0.007471859633263478    8    3    5    4
 0.0205811590620817    8    3    5    5
 0.007346155918385508    8    3    6    1
 0.01115660264027321    8    3    6    2
 -0.006104258656198076    8    3    6    3
 0.01016437189659702    8    3    6    4
 0.002312909240220797    8    3    6    5
 0.05010472605886813    8    3    6    6
 -0.01674909212319963    8    3    7    1
 0.01075882689086151    8    3    7    2
 0.01847068430537392    8    3    7    3
 0.007656013550749349    8    3    7    4
 0.005320274757637747    8    3    7    5
 -0.003127718226650093    8    3    7    6
 0.02755767605099613    8    3    7    7
 -0.02879361180722021    8    3    8    1
 -0.03845054018185338    8    3    8    2
 0.04028077544563527    8    3    8    3
 0.0216665531781049    8    4    1    1
 -0.003627526195673602    8    4    2    1
 0.01914327305393383    8    4    2    2
 -0.007561302808545551    8    4    3    1
 0.002853557562723646    8    4    3    2
 0.01583010036160708    8    4    3    3
 -0.01372549674746389    8    4    4    1
 -0.007182682347045574    8    4    4    2
 0.005703597300127119    8    4    4    3
 0.01132201013114768    8    4    4    4
 0.001398880609701951    8    4    5    1
 -0.003729646785059216    8    4    5    2
 0.005210438366478868    8    4    5    3
 0.0006736204711474195    8    4    5    4
 0.0008258886227307555    8    4    5    5
 -0.0232063242932307    8    4    6    1
 -0.002864568371398172    8    4    6    2
 -0.003175184762197526    8    4    6    3
 0.01817108870334313    8    4    6    4
 0.001818144647420046    8    4    6    5
 0.007721503855545485    8    4    6    6
 -0.002393634450405039    8    4    7    1
 0.001031927929790487    8    4    7    2
 0.01010094557260175    8    4    7    3
 0.00161067017170335    8    4    7    4
 -0.004287544527820156    8    4    7    5
 0.00343348601146968    8    4    7    6
 0.02115686117482395    8    4    7    7
 -0.01370276952781072    8    4    8    1
 -0.00960557783763265    8    4    8    2
 0.004826040249878738    8    4    8    3
 0.02087352807584691    8    4    8    4
 0.02635476011664917    8    5    1    1
 0.02040786160186206    8    5    2    1
 0.05086180117368239    8    5    2    2
 -0.003182316964330007    8    5    3    1
 -0.02137083324614838    8    5    3    2
 0.01923074405126556    8    5    3    3
 0.004406160897783196    8    5    4    1
 -0.002952608758443539    8    5    4    2
 0.008646853634687635    8    5    4    3
 0.01347888988836547    8    5    4    4
 0.01450605483230346    8    5    5    1
 0.002518686982681288    8    5    5    2
 -0.004304519078278379    8    5    5    3
 -0.001154289502922224    8    5    5    4
 -0.002230286442476693    8    5    5    5
 -0.01227954145285095    8    5    6    1
 -0.006562816456416565    8    5    6    2
 -0.007481667474663085    8    5    6    3
 0.02010281173756092    8    5    6    4
 0.003146437415942498    8    5    6    5
 0.01199155923748445    8    5    6    6
 -0.0003322903926608354    8    5    7    1
 0.007066392036897882    8    5    7    2
 0.02067240284601944    8    5    7    3
 -0.0004097889461927821    8    5    7    4
 0.001995398650198523    8    5    7    5
 0.006477963451144507    8    5    7    6
 0.01783104389725096    8    5    7    7
 0.001259308084590271    8    5    8    1
 0.02046287876783195    8    5    8    2
 -0.009236102755037346    8    5    8    3
 0.007647249626080002    8    5    8    4
 0.025513143096794    8    5    8    5
 0.00204980555795606    8    6    1    1
 -0.01480334284694734    8    6    2    1
 -0.03104341682820699    8    6    2    2
 0.02540707387599634    8    6    3    1
 0.01135186534556462    8    6    3    2
 -0.004184278284047075    8    6    3    3
 -0.04479347386303199    8    6    4    1
 -0.00391337223889592    8    6    4    2
 -0.01503979147637786    8    6    4    3
 0.01777785707439312    8    6    4    4
 -0.01042695381862282    8    6    5    1
 -0.01468961998354571    8    6    5    2
 0.003724368945309841    8    6    5    3
 0.007136586636767184    8    6    5    4
 0.01468180720758818    8    6    5    5
 -0.01561085532895469    8    6    6    1
 -0.00522180124819346    8    6    6    2
 0.02236332118378275    8    6    6    3
 -0.02412495304815882    8    6    6    4
 -0.01586565420640886    8    6    6    5
 0.0175876376138679    8    6    6    6
 -0.003253322430617304    8    6    7    1
 0.006709997574209096    8    6    7    2
 -0.002439133423474368    8    6    7    3
 0.008835880119862553    8    6    7    4
 0.004508397193554442    8    6    7    5
 -0.0105535908221198    8    6    7    6
 -0.002054029586583273    8    6    7    7
 -0.008460100649260791    8    6    8    1
 -0.02164777419360931    8    6    8    2
 0.01074059717089232    8    6    8    3
 0.01405727785693233    8    6    8    4
 -0.01285348613850278    8    6    8    5
 0.04720505347629526    8    6    8    6
 0.007427503996759574    8    7    1    1
 -0.03877154399260246    8    7    2    1
 -0.008645852326122286    8    7    2    2
 -0.03649598226335554    8    7    3    1
 0.01961487215013907    8    7    3    2
 0.01687276814713875    8    7    3    3
 -0.002463675388443507    8    7    4    1
 -0.002600200012764165    8    7    4    2
 0.001476865088164452    8    7    4    3
 -0.008297508460814734    8    7    4    4
 -0.002023144623466372    8    7    5    1
 0.002266533556254079    8    7    5    2
 0.01562358050550635    8    7    5    3
 -0.0007624232419094538    8    7    5    4
 -0.0002876660831575596    8    7    5    5
 -0.003535272212028482    8    7    6    1
 0.008554940107237716    8    7    6    2
 -0.002522854986442758    8    7    6    3
 0.01031772711971062    8    7    6    4
 0.005859529078686037    8    7    6    5
 -0.004048641556264962    8    7    6    6
 -0.01743996446204204    8    7    7    1
 -0.02682071456103068    8    7    7    2
 -0.01340992212710413    8    7    7    3
 0.003352193954732102    8    7    7    4
 -0.01845456266519969    8    7    7    5
 0.001887158295719189    8    7    7    6
 0.003777348091710808    8    7    7    7
 -0.005477620745963396    8    7    8    1
 -0.0119525619177386    8    7    8    2
 0.01987121651834872    8    7    8    3
 0.009065985433700569    8    7    8    4
 -0.009471574373624361    8    7    8    5
 0.002312180745183921    8    7    8    6
 0.04144651387657931    8    7    8    7
 0.4615526977705327    8    8    1    1
 0.08427327092733961    8    8    2    1
 0.5421887823667028    8    8    2    2
 -0.05344585985605992    8    8    3    1
 -0.053227635041816    8    8    3    2
 0.4447675735287263    8    8    3    3
 -0.02221657562521066    8    8    4    1
 -0.006556722291476542    8    8    4    2
 -0.004311826165450791    8    8    4    3
 0.4077716014381761    8    8    4    4
 0.03375146572551008    8    8    5    1
 0.02077545897676665    8    8    5    2
 -0.01525076470218983    8    8    5    3
 0.03290398205951021    8    8    5    4
 0.323630456869818    8    8    5    5
 -0.01726902857763471    8    8    6    1
 -0.01424161585423221    8    8    6    2
 -0.0135633040211924    8    8    6    3
 0.09845479648626143    8    8    6    4
 0.0002468757013816714    8    8    6    5
 0.4564314782359163    8    8    6    6
 0.002029681411616388    8    8    7    1
 0.03395392689346263    8    8    7    2
 0.09764326343766111    8    8    7    3
 0.03520003286788388    8    8    7    4
 -0.0157302204943309    8    8    7    5
 -0.0004280969230996509    8    8    7    6
 0.4497232167330415    8    8    7    7
 -0.05171565521800375    8    8    8    1
 0.02010041486027565    8    8    8    2
 0.007860518296565021    8    8    8    3
 0.02641556868380102    8    8    8    4
 0.06495475316394016    8    8    8    5
 -0.02809761610188277    8    8    8    6
 -0.01513897017166299    8    8    8    7
 0.6152530087190122    8    8    8    8
 -4.098030668825165    1    1  0  0
 -0.01390840372298835    2    1  0  0
 -3.626282698565129    2    2  0  0
 0.02419968748451126    3    1  0  0
 -0.001049158785550159    3    2  0  0
 -3.568285448151144    3    3  0  0
 0.002034361224538623    4    1  0  0
 0.002919574561977039    4    2  0  0
 -0.002750538834659863    4    3  0  0
 -3.494259538818799    4    4  0  0
 -0.2111332019780955    5    1  0  0
 0.1023876569709697    5    2  0  0
 -0.03652121580714474    5    3  0  0
 -0.1439360888263409    5    4  0  0
 -2.284738269813288    5    5  0  0
 0.06746720459326674    6    1  0  0
 -0.07796918798158496    6    2  0  0
 0.1767123150038722    6    3  0  0
 -0.499291463147243    6    4  0  0
 -0.08784828453427124    6    5  0  0
 -2.925464169057919    6    6  0  0
 -0.07218006731164181    7    1  0  0
 -0.2528880375089632    7    2  0  0
 -0.449157196865173    7    3  0  0
 -0.145113380374942    7    4  0  0
 0.02619818473970004    7    5  0  0
 0.01778105007729122    7    6  0  0
 -2.900310019624134    7    7  0  0
 0.3128489278814068    8    1  0  0
 0.3232270255033681    8    2  0  0
 -0.2029282443819256    8    3  0  0
 -0.1220489736922134    8    4  0  0
 -0.1872510091941864    8    5  0  0
 0.02368501743331757    8    6  0  0
 -0.01434888640426321    8    7  0  0
 -2.823601306825189    8    8  0  0
 0  0  0  0  0
