1.023000000000000000e+03
1.535000000000000000e+03
1.791000000000000000e+03
1.919000000000000000e+03
1.983000000000000000e+03
2.015000000000000000e+03
2.031000000000000000e+03
2.039000000000000000e+03
2.043000000000000000e+03
2.045000000000000000e+03
2.046000000000000000e+03
2.559000000000000000e+03
2.815000000000000000e+03
2.943000000000000000e+03
3.007000000000000000e+03
3.039000000000000000e+03
3.055000000000000000e+03
3.063000000000000000e+03
3.067000000000000000e+03
3.069000000000000000e+03
3.070000000000000000e+03
3.327000000000000000e+03
3.455000000000000000e+03
3.519000000000000000e+03
3.551000000000000000e+03
3.567000000000000000e+03
3.575000000000000000e+03
3.579000000000000000e+03
3.581000000000000000e+03
3.582000000000000000e+03
3.711000000000000000e+03
3.775000000000000000e+03
3.807000000000000000e+03
3.823000000000000000e+03
3.831000000000000000e+03
3.835000000000000000e+03
3.837000000000000000e+03
3.838000000000000000e+03
3.903000000000000000e+03
3.935000000000000000e+03
3.951000000000000000e+03
3.959000000000000000e+03
3.963000000000000000e+03
3.965000000000000000e+03
3.966000000000000000e+03
3.999000000000000000e+03
4.015000000000000000e+03
4.023000000000000000e+03
4.027000000000000000e+03
4.029000000000000000e+03
4.047000000000000000e+03
4.055000000000000000e+03
4.059000000000000000e+03
4.061000000000000000e+03
4.062000000000000000e+03
4.071000000000000000e+03
4.075000000000000000e+03
4.077000000000000000e+03
4.078000000000000000e+03
4.083000000000000000e+03
4.085000000000000000e+03
4.089000000000000000e+03
4.090000000000000000e+03
4.092000000000000000e+03
4.607000000000000000e+03
4.863000000000000000e+03
4.991000000000000000e+03
5.055000000000000000e+03
5.087000000000000000e+03
5.103000000000000000e+03
5.111000000000000000e+03
5.115000000000000000e+03
5.117000000000000000e+03
5.118000000000000000e+03
5.375000000000000000e+03
5.503000000000000000e+03
5.567000000000000000e+03
5.599000000000000000e+03
5.615000000000000000e+03
5.623000000000000000e+03
5.627000000000000000e+03
5.629000000000000000e+03
5.630000000000000000e+03
5.759000000000000000e+03
5.823000000000000000e+03
5.855000000000000000e+03
5.871000000000000000e+03
5.879000000000000000e+03
5.883000000000000000e+03
5.885000000000000000e+03
5.886000000000000000e+03
5.951000000000000000e+03
5.983000000000000000e+03
5.999000000000000000e+03
6.007000000000000000e+03
6.011000000000000000e+03
6.013000000000000000e+03
6.014000000000000000e+03
6.047000000000000000e+03
6.063000000000000000e+03
6.071000000000000000e+03
6.075000000000000000e+03
6.077000000000000000e+03
6.078000000000000000e+03
6.095000000000000000e+03
6.103000000000000000e+03
6.107000000000000000e+03
6.109000000000000000e+03
6.110000000000000000e+03
6.119000000000000000e+03
6.123000000000000000e+03
6.125000000000000000e+03
6.126000000000000000e+03
6.131000000000000000e+03
6.133000000000000000e+03
6.134000000000000000e+03
6.137000000000000000e+03
6.140000000000000000e+03
6.399000000000000000e+03
6.527000000000000000e+03
6.591000000000000000e+03
6.623000000000000000e+03
6.639000000000000000e+03
6.647000000000000000e+03
6.651000000000000000e+03
6.653000000000000000e+03
6.654000000000000000e+03
6.783000000000000000e+03
6.847000000000000000e+03
6.879000000000000000e+03
6.895000000000000000e+03
6.903000000000000000e+03
6.907000000000000000e+03
6.909000000000000000e+03
6.975000000000000000e+03
7.007000000000000000e+03
7.023000000000000000e+03
7.031000000000000000e+03
7.035000000000000000e+03
7.037000000000000000e+03
7.038000000000000000e+03
7.071000000000000000e+03
7.087000000000000000e+03
7.095000000000000000e+03
7.099000000000000000e+03
7.101000000000000000e+03
7.102000000000000000e+03
7.119000000000000000e+03
7.127000000000000000e+03
7.131000000000000000e+03
7.133000000000000000e+03
7.134000000000000000e+03
7.143000000000000000e+03
7.147000000000000000e+03
7.149000000000000000e+03
7.155000000000000000e+03
7.157000000000000000e+03
7.158000000000000000e+03
7.161000000000000000e+03
7.162000000000000000e+03
7.164000000000000000e+03
7.295000000000000000e+03
7.359000000000000000e+03
7.391000000000000000e+03
7.407000000000000000e+03
7.421000000000000000e+03
7.422000000000000000e+03
7.519000000000000000e+03
7.543000000000000000e+03
7.547000000000000000e+03
7.549000000000000000e+03
7.550000000000000000e+03
7.583000000000000000e+03
7.599000000000000000e+03
7.607000000000000000e+03
7.613000000000000000e+03
7.631000000000000000e+03
7.639000000000000000e+03
7.643000000000000000e+03
7.655000000000000000e+03
7.661000000000000000e+03
7.667000000000000000e+03
7.669000000000000000e+03
7.670000000000000000e+03
7.673000000000000000e+03
7.743000000000000000e+03
7.775000000000000000e+03
7.803000000000000000e+03
7.839000000000000000e+03
7.855000000000000000e+03
7.863000000000000000e+03
7.870000000000000000e+03
7.887000000000000000e+03
7.895000000000000000e+03
7.899000000000000000e+03
7.901000000000000000e+03
7.911000000000000000e+03
7.915000000000000000e+03
7.918000000000000000e+03
7.923000000000000000e+03
7.925000000000000000e+03
7.967000000000000000e+03
7.983000000000000000e+03
7.995000000000000000e+03
7.997000000000000000e+03
8.023000000000000000e+03
8.027000000000000000e+03
8.030000000000000000e+03
8.039000000000000000e+03
8.043000000000000000e+03
8.045000000000000000e+03
8.051000000000000000e+03
8.053000000000000000e+03
8.054000000000000000e+03
8.058000000000000000e+03
8.079000000000000000e+03
8.109000000000000000e+03
8.118000000000000000e+03
8.149000000000000000e+03
8.150000000000000000e+03
8.154000000000000000e+03
8.163000000000000000e+03
8.165000000000000000e+03
8.177000000000000000e+03
8.180000000000000000e+03
8.703000000000000000e+03
8.959000000000000000e+03
9.087000000000000000e+03
9.151000000000000000e+03
9.183000000000000000e+03
9.199000000000000000e+03
9.207000000000000000e+03
9.211000000000000000e+03
9.213000000000000000e+03
9.214000000000000000e+03
9.471000000000000000e+03
9.599000000000000000e+03
9.663000000000000000e+03
9.695000000000000000e+03
9.711000000000000000e+03
9.719000000000000000e+03
9.723000000000000000e+03
9.725000000000000000e+03
9.726000000000000000e+03
9.855000000000000000e+03
9.919000000000000000e+03
9.951000000000000000e+03
9.967000000000000000e+03
9.975000000000000000e+03
9.979000000000000000e+03
9.981000000000000000e+03
9.982000000000000000e+03
1.004700000000000000e+04
1.007900000000000000e+04
1.009500000000000000e+04
1.010300000000000000e+04
1.010700000000000000e+04
1.010900000000000000e+04
1.011000000000000000e+04
1.014300000000000000e+04
1.015900000000000000e+04
1.016700000000000000e+04
1.017100000000000000e+04
1.017300000000000000e+04
1.017400000000000000e+04
1.019100000000000000e+04
1.019900000000000000e+04
1.020300000000000000e+04
1.020500000000000000e+04
1.020600000000000000e+04
1.021500000000000000e+04
1.021900000000000000e+04
1.022100000000000000e+04
1.022200000000000000e+04
1.022700000000000000e+04
1.022900000000000000e+04
1.023000000000000000e+04
1.023300000000000000e+04
1.023400000000000000e+04
1.023600000000000000e+04
1.049500000000000000e+04
1.062300000000000000e+04
1.068700000000000000e+04
1.071900000000000000e+04
1.073500000000000000e+04
1.074300000000000000e+04
1.074700000000000000e+04
1.074900000000000000e+04
1.075000000000000000e+04
1.087900000000000000e+04
1.094300000000000000e+04
1.097500000000000000e+04
1.099100000000000000e+04
1.099900000000000000e+04
1.100300000000000000e+04
1.100500000000000000e+04
1.107100000000000000e+04
1.110300000000000000e+04
1.111900000000000000e+04
1.112700000000000000e+04
1.113100000000000000e+04
1.113300000000000000e+04
1.113400000000000000e+04
1.116700000000000000e+04
1.118300000000000000e+04
1.119100000000000000e+04
1.119500000000000000e+04
1.119700000000000000e+04
1.119800000000000000e+04
1.121500000000000000e+04
1.122300000000000000e+04
1.122700000000000000e+04
1.122900000000000000e+04
1.123000000000000000e+04
1.123900000000000000e+04
1.124300000000000000e+04
1.124500000000000000e+04
1.124600000000000000e+04
1.125100000000000000e+04
1.125300000000000000e+04
1.125400000000000000e+04
1.125700000000000000e+04
1.125800000000000000e+04
1.126000000000000000e+04
1.145500000000000000e+04
1.158300000000000000e+04
1.169500000000000000e+04
1.170300000000000000e+04
1.170700000000000000e+04
1.172700000000000000e+04
1.173500000000000000e+04
1.173900000000000000e+04
1.174100000000000000e+04
1.175100000000000000e+04
1.176300000000000000e+04
1.176500000000000000e+04
1.177200000000000000e+04
1.183900000000000000e+04
1.187100000000000000e+04
1.188700000000000000e+04
1.189500000000000000e+04
1.193500000000000000e+04
1.195100000000000000e+04
1.195900000000000000e+04
1.196300000000000000e+04
1.198300000000000000e+04
1.199100000000000000e+04
1.199500000000000000e+04
1.200700000000000000e+04
1.201100000000000000e+04
1.201900000000000000e+04
1.202100000000000000e+04
1.206300000000000000e+04
1.207900000000000000e+04
1.208700000000000000e+04
1.209100000000000000e+04
1.209300000000000000e+04
1.211900000000000000e+04
1.212600000000000000e+04
1.213500000000000000e+04
1.213900000000000000e+04
1.214100000000000000e+04
1.214700000000000000e+04
1.214900000000000000e+04
1.215300000000000000e+04
1.215600000000000000e+04
1.218700000000000000e+04
1.219900000000000000e+04
1.220500000000000000e+04
1.221100000000000000e+04
1.221400000000000000e+04
1.221700000000000000e+04
1.223100000000000000e+04
1.225900000000000000e+04
1.226800000000000000e+04
1.227300000000000000e+04
1.254300000000000000e+04
1.267100000000000000e+04
1.273500000000000000e+04
1.276700000000000000e+04
1.278300000000000000e+04
1.279100000000000000e+04
1.279500000000000000e+04
1.279700000000000000e+04
1.279800000000000000e+04
1.292700000000000000e+04
1.299100000000000000e+04
1.302300000000000000e+04
1.303900000000000000e+04
1.304700000000000000e+04
1.305100000000000000e+04
1.305300000000000000e+04
1.305400000000000000e+04
1.311900000000000000e+04
1.315100000000000000e+04
1.316700000000000000e+04
1.317500000000000000e+04
1.317900000000000000e+04
1.318100000000000000e+04
1.318200000000000000e+04
1.321500000000000000e+04
1.323100000000000000e+04
1.323900000000000000e+04
1.324300000000000000e+04
1.324500000000000000e+04
1.324600000000000000e+04
1.326300000000000000e+04
1.327100000000000000e+04
1.327500000000000000e+04
1.327700000000000000e+04
1.327800000000000000e+04
1.328700000000000000e+04
1.329100000000000000e+04
1.329300000000000000e+04
1.329400000000000000e+04
1.329900000000000000e+04
1.330100000000000000e+04
1.330200000000000000e+04
1.330500000000000000e+04
1.330600000000000000e+04
1.343900000000000000e+04
1.353500000000000000e+04
1.355900000000000000e+04
1.356300000000000000e+04
1.356600000000000000e+04
1.363100000000000000e+04
1.368700000000000000e+04
1.369400000000000000e+04
1.372700000000000000e+04
1.374300000000000000e+04
1.375100000000000000e+04
1.375500000000000000e+04
1.378300000000000000e+04
1.378700000000000000e+04
1.378900000000000000e+04
1.379900000000000000e+04
1.380300000000000000e+04
1.380500000000000000e+04
1.381300000000000000e+04
1.381400000000000000e+04
1.393500000000000000e+04
1.395000000000000000e+04
1.398300000000000000e+04
1.399900000000000000e+04
1.400700000000000000e+04
1.403100000000000000e+04
1.403900000000000000e+04
1.404300000000000000e+04
1.404600000000000000e+04
1.405500000000000000e+04
1.405900000000000000e+04
1.406200000000000000e+04
1.406700000000000000e+04
1.406900000000000000e+04
1.411100000000000000e+04
1.412700000000000000e+04
1.413500000000000000e+04
1.414100000000000000e+04
1.416700000000000000e+04
1.417100000000000000e+04
1.417300000000000000e+04
1.418300000000000000e+04
1.419500000000000000e+04
1.419700000000000000e+04
1.420400000000000000e+04
1.422300000000000000e+04
1.423800000000000000e+04
1.425300000000000000e+04
1.425900000000000000e+04
1.430000000000000000e+04
1.431300000000000000e+04
1.452700000000000000e+04
1.459000000000000000e+04
1.468700000000000000e+04
1.470300000000000000e+04
1.471100000000000000e+04
1.471700000000000000e+04
1.478200000000000000e+04
1.482300000000000000e+04
1.483500000000000000e+04
1.483700000000000000e+04
1.484100000000000000e+04
1.491100000000000000e+04
1.494300000000000000e+04
1.496700000000000000e+04
1.497100000000000000e+04
1.497300000000000000e+04
1.503100000000000000e+04
1.503500000000000000e+04
1.507000000000000000e+04
1.509800000000000000e+04
1.516300000000000000e+04
1.521100000000000000e+04
1.521400000000000000e+04
1.521900000000000000e+04
1.522100000000000000e+04
1.522200000000000000e+04
1.522500000000000000e+04
1.522800000000000000e+04
1.524700000000000000e+04
1.525500000000000000e+04
1.525900000000000000e+04
1.527100000000000000e+04
1.527700000000000000e+04
1.528300000000000000e+04
1.528900000000000000e+04
1.529000000000000000e+04
1.529200000000000000e+04
1.531500000000000000e+04
1.531800000000000000e+04
1.533100000000000000e+04
1.533400000000000000e+04
1.533700000000000000e+04
1.534000000000000000e+04
1.534800000000000000e+04
1.553500000000000000e+04
1.554300000000000000e+04
1.554700000000000000e+04
1.559700000000000000e+04
1.572300000000000000e+04
1.578300000000000000e+04
1.593400000000000000e+04
1.597900000000000000e+04
1.604500000000000000e+04
1.605100000000000000e+04
1.606000000000000000e+04
1.607700000000000000e+04
1.607800000000000000e+04
1.610600000000000000e+04
1.620300000000000000e+04
1.623600000000000000e+04
1.629100000000000000e+04
1.689500000000000000e+04
1.715100000000000000e+04
1.727900000000000000e+04
1.734300000000000000e+04
1.737500000000000000e+04
1.739100000000000000e+04
1.739900000000000000e+04
1.740300000000000000e+04
1.740500000000000000e+04
1.740600000000000000e+04
1.766300000000000000e+04
1.779100000000000000e+04
1.785500000000000000e+04
1.788700000000000000e+04
1.790300000000000000e+04
1.791100000000000000e+04
1.791500000000000000e+04
1.791700000000000000e+04
1.791800000000000000e+04
1.804700000000000000e+04
1.811100000000000000e+04
1.814300000000000000e+04
1.815900000000000000e+04
1.816700000000000000e+04
1.817100000000000000e+04
1.817300000000000000e+04
1.817400000000000000e+04
1.823900000000000000e+04
1.827100000000000000e+04
1.828700000000000000e+04
1.829500000000000000e+04
1.829900000000000000e+04
1.830100000000000000e+04
1.830200000000000000e+04
1.833500000000000000e+04
1.835100000000000000e+04
1.835900000000000000e+04
1.836300000000000000e+04
1.836500000000000000e+04
1.836600000000000000e+04
1.838300000000000000e+04
1.839100000000000000e+04
1.839500000000000000e+04
1.839700000000000000e+04
1.839800000000000000e+04
1.840700000000000000e+04
1.841100000000000000e+04
1.841300000000000000e+04
1.841400000000000000e+04
1.841900000000000000e+04
1.842100000000000000e+04
1.842500000000000000e+04
1.842600000000000000e+04
1.868700000000000000e+04
1.881500000000000000e+04
1.887900000000000000e+04
1.891100000000000000e+04
1.892700000000000000e+04
1.893500000000000000e+04
1.893900000000000000e+04
1.894100000000000000e+04
1.894200000000000000e+04
1.907100000000000000e+04
1.913500000000000000e+04
1.916700000000000000e+04
1.918300000000000000e+04
1.919100000000000000e+04
1.919500000000000000e+04
1.919700000000000000e+04
1.919800000000000000e+04
1.926300000000000000e+04
1.929500000000000000e+04
1.931100000000000000e+04
1.931900000000000000e+04
1.932300000000000000e+04
1.932500000000000000e+04
1.932600000000000000e+04
1.935900000000000000e+04
1.937500000000000000e+04
1.938300000000000000e+04
1.938700000000000000e+04
1.938900000000000000e+04
1.940700000000000000e+04
1.941500000000000000e+04
1.941900000000000000e+04
1.942100000000000000e+04
1.942200000000000000e+04
1.943100000000000000e+04
1.943500000000000000e+04
1.943700000000000000e+04
1.943800000000000000e+04
1.944300000000000000e+04
1.944500000000000000e+04
1.944900000000000000e+04
1.945000000000000000e+04
1.945200000000000000e+04
1.967900000000000000e+04
1.969500000000000000e+04
1.970300000000000000e+04
1.970700000000000000e+04
1.971000000000000000e+04
1.977500000000000000e+04
1.980700000000000000e+04
1.982300000000000000e+04
1.983100000000000000e+04
1.983500000000000000e+04
1.983800000000000000e+04
1.987100000000000000e+04
1.989500000000000000e+04
1.989900000000000000e+04
1.990200000000000000e+04
1.993100000000000000e+04
1.994300000000000000e+04
1.994700000000000000e+04
1.994900000000000000e+04
1.995500000000000000e+04
1.995700000000000000e+04
1.996100000000000000e+04
2.006300000000000000e+04
2.007900000000000000e+04
2.008700000000000000e+04
2.009300000000000000e+04
2.012700000000000000e+04
2.014300000000000000e+04
2.015100000000000000e+04
2.015500000000000000e+04
2.015700000000000000e+04
2.017500000000000000e+04
2.018300000000000000e+04
2.018700000000000000e+04
2.019900000000000000e+04
2.020300000000000000e+04
2.020500000000000000e+04
2.020600000000000000e+04
2.021100000000000000e+04
2.021300000000000000e+04
2.021400000000000000e+04
2.021700000000000000e+04
2.021800000000000000e+04
2.022000000000000000e+04
2.025500000000000000e+04
2.027900000000000000e+04
2.028300000000000000e+04
2.030300000000000000e+04
2.031100000000000000e+04
2.031500000000000000e+04
2.031800000000000000e+04
2.032700000000000000e+04
2.033100000000000000e+04
2.033300000000000000e+04
2.033400000000000000e+04
2.033900000000000000e+04
2.034100000000000000e+04
2.034500000000000000e+04
2.037900000000000000e+04
2.039500000000000000e+04
2.040900000000000000e+04
2.041000000000000000e+04
2.041200000000000000e+04
2.043700000000000000e+04
2.043800000000000000e+04
2.045300000000000000e+04
2.045700000000000000e+04
2.046600000000000000e+04
2.073500000000000000e+04
2.086300000000000000e+04
2.092700000000000000e+04
2.095900000000000000e+04
2.097500000000000000e+04
2.098300000000000000e+04
2.098700000000000000e+04
2.098900000000000000e+04
2.111900000000000000e+04
2.118300000000000000e+04
2.121500000000000000e+04
2.123100000000000000e+04
2.123900000000000000e+04
2.124300000000000000e+04
2.124500000000000000e+04
2.124600000000000000e+04
2.131100000000000000e+04
2.134300000000000000e+04
2.135900000000000000e+04
2.136700000000000000e+04
2.137100000000000000e+04
2.137300000000000000e+04
2.137400000000000000e+04
2.140700000000000000e+04
2.142300000000000000e+04
2.143100000000000000e+04
2.143500000000000000e+04
2.143700000000000000e+04
2.143800000000000000e+04
2.145500000000000000e+04
2.146300000000000000e+04
2.146700000000000000e+04
2.146900000000000000e+04
2.147000000000000000e+04
2.147900000000000000e+04
2.148300000000000000e+04
2.148500000000000000e+04
2.148600000000000000e+04
2.149100000000000000e+04
2.149300000000000000e+04
2.149400000000000000e+04
2.149700000000000000e+04
2.149800000000000000e+04
2.150000000000000000e+04
2.163100000000000000e+04
2.169500000000000000e+04
2.174300000000000000e+04
2.175100000000000000e+04
2.182300000000000000e+04
2.185500000000000000e+04
2.187100000000000000e+04
2.187900000000000000e+04
2.191900000000000000e+04
2.193500000000000000e+04
2.194300000000000000e+04
2.196700000000000000e+04
2.197500000000000000e+04
2.197900000000000000e+04
2.198100000000000000e+04
2.199500000000000000e+04
2.200300000000000000e+04
2.207900000000000000e+04
2.212700000000000000e+04
2.217500000000000000e+04
2.219100000000000000e+04
2.220300000000000000e+04
2.220500000000000000e+04
2.220600000000000000e+04
2.222300000000000000e+04
2.223100000000000000e+04
2.223500000000000000e+04
2.224700000000000000e+04
2.225100000000000000e+04
2.225300000000000000e+04
2.225400000000000000e+04
2.225900000000000000e+04
2.233400000000000000e+04
2.235900000000000000e+04
2.236300000000000000e+04
2.236500000000000000e+04
2.237500000000000000e+04
2.238100000000000000e+04
2.238200000000000000e+04
2.238700000000000000e+04
2.238900000000000000e+04
2.239400000000000000e+04
2.242900000000000000e+04
2.244500000000000000e+04
2.245300000000000000e+04
2.246000000000000000e+04
2.247100000000000000e+04
2.247500000000000000e+04
2.248500000000000000e+04
2.249200000000000000e+04
2.250200000000000000e+04
2.251300000000000000e+04
2.251400000000000000e+04
2.251600000000000000e+04
2.252000000000000000e+04
2.271900000000000000e+04
2.276700000000000000e+04
2.291000000000000000e+04
2.294300000000000000e+04
2.295900000000000000e+04
2.296700000000000000e+04
2.297100000000000000e+04
2.299900000000000000e+04
2.300500000000000000e+04
2.301500000000000000e+04
2.301900000000000000e+04
2.302700000000000000e+04
2.302900000000000000e+04
2.303000000000000000e+04
2.313500000000000000e+04
2.324700000000000000e+04
2.325900000000000000e+04
2.326100000000000000e+04
2.326200000000000000e+04
2.328300000000000000e+04
2.328900000000000000e+04
2.332700000000000000e+04
2.334300000000000000e+04
2.338300000000000000e+04
2.338700000000000000e+04
2.345100000000000000e+04
2.347000000000000000e+04
2.349500000000000000e+04
2.349900000000000000e+04
2.350100000000000000e+04
2.350900000000000000e+04
2.351000000000000000e+04
2.351300000000000000e+04
2.352300000000000000e+04
2.352500000000000000e+04
2.352900000000000000e+04
2.391700000000000000e+04
2.393000000000000000e+04
2.395100000000000000e+04
2.401900000000000000e+04
2.405200000000000000e+04
2.411900000000000000e+04
2.412300000000000000e+04
2.415700000000000000e+04
2.418200000000000000e+04
2.424500000000000000e+04
2.424600000000000000e+04
2.427700000000000000e+04
2.435900000000000000e+04
2.437100000000000000e+04
2.437300000000000000e+04
2.437700000000000000e+04
2.438000000000000000e+04
2.447400000000000000e+04
2.447600000000000000e+04
2.483100000000000000e+04
2.495900000000000000e+04
2.502300000000000000e+04
2.505500000000000000e+04
2.507100000000000000e+04
2.507900000000000000e+04
2.508300000000000000e+04
2.508500000000000000e+04
2.508600000000000000e+04
2.521500000000000000e+04
2.527900000000000000e+04
2.531100000000000000e+04
2.532700000000000000e+04
2.533500000000000000e+04
2.533900000000000000e+04
2.534100000000000000e+04
2.534200000000000000e+04
2.540700000000000000e+04
2.543900000000000000e+04
2.545500000000000000e+04
2.546300000000000000e+04
2.546700000000000000e+04
2.546900000000000000e+04
2.547000000000000000e+04
2.550300000000000000e+04
2.551900000000000000e+04
2.552700000000000000e+04
2.553100000000000000e+04
2.553300000000000000e+04
2.555100000000000000e+04
2.555900000000000000e+04
2.556300000000000000e+04
2.556500000000000000e+04
2.556600000000000000e+04
2.557500000000000000e+04
2.557900000000000000e+04
2.558100000000000000e+04
2.558200000000000000e+04
2.558700000000000000e+04
2.558900000000000000e+04
2.559000000000000000e+04
2.559300000000000000e+04
2.559400000000000000e+04
2.559600000000000000e+04
2.582300000000000000e+04
2.583900000000000000e+04
2.584700000000000000e+04
2.585100000000000000e+04
2.585300000000000000e+04
2.591900000000000000e+04
2.595100000000000000e+04
2.596700000000000000e+04
2.601500000000000000e+04
2.603900000000000000e+04
2.604300000000000000e+04
2.604500000000000000e+04
2.606300000000000000e+04
2.607100000000000000e+04
2.607500000000000000e+04
2.608700000000000000e+04
2.609100000000000000e+04
2.609900000000000000e+04
2.610200000000000000e+04
2.610500000000000000e+04
2.610800000000000000e+04
2.622300000000000000e+04
2.623100000000000000e+04
2.627100000000000000e+04
2.628700000000000000e+04
2.629500000000000000e+04
2.629900000000000000e+04
2.630100000000000000e+04
2.631900000000000000e+04
2.632700000000000000e+04
2.633100000000000000e+04
2.633400000000000000e+04
2.634300000000000000e+04
2.634700000000000000e+04
2.635500000000000000e+04
2.636100000000000000e+04
2.639900000000000000e+04
2.641500000000000000e+04
2.642300000000000000e+04
2.643000000000000000e+04
2.645500000000000000e+04
2.647100000000000000e+04
2.647500000000000000e+04
2.647700000000000000e+04
2.648500000000000000e+04
2.649200000000000000e+04
2.654200000000000000e+04
2.654900000000000000e+04
2.658200000000000000e+04
2.659800000000000000e+04
2.660400000000000000e+04
2.675100000000000000e+04
2.681500000000000000e+04
2.684700000000000000e+04
2.687800000000000000e+04
2.694300000000000000e+04
2.697500000000000000e+04
2.699100000000000000e+04
2.700300000000000000e+04
2.700600000000000000e+04
2.705500000000000000e+04
2.707000000000000000e+04
2.708700000000000000e+04
2.710200000000000000e+04
2.712900000000000000e+04
2.713200000000000000e+04
2.724700000000000000e+04
2.732300000000000000e+04
2.734300000000000000e+04
2.735700000000000000e+04
2.735800000000000000e+04
2.736700000000000000e+04
2.738800000000000000e+04
2.742300000000000000e+04
2.745400000000000000e+04
2.749900000000000000e+04
2.751000000000000000e+04
2.753500000000000000e+04
2.754700000000000000e+04
2.755900000000000000e+04
2.756300000000000000e+04
2.756600000000000000e+04
2.757300000000000000e+04
2.757700000000000000e+04
2.759100000000000000e+04
2.760300000000000000e+04
2.760900000000000000e+04
2.761000000000000000e+04
2.761200000000000000e+04
2.761900000000000000e+04
2.762200000000000000e+04
2.762500000000000000e+04
2.763400000000000000e+04
2.801900000000000000e+04
2.810300000000000000e+04
2.811500000000000000e+04
2.813300000000000000e+04
2.814000000000000000e+04
2.823900000000000000e+04
2.827700000000000000e+04
2.828400000000000000e+04
2.834200000000000000e+04
2.836500000000000000e+04
2.837700000000000000e+04
2.838700000000000000e+04
2.840800000000000000e+04
2.849100000000000000e+04
2.853200000000000000e+04
2.853600000000000000e+04
2.856600000000000000e+04
2.859400000000000000e+04
2.862600000000000000e+04
2.879900000000000000e+04
2.892600000000000000e+04
2.899100000000000000e+04
2.904700000000000000e+04
2.908700000000000000e+04
2.911700000000000000e+04
2.913500000000000000e+04
2.914300000000000000e+04
2.915000000000000000e+04
2.915900000000000000e+04
2.917400000000000000e+04
2.927900000000000000e+04
2.934300000000000000e+04
2.936700000000000000e+04
2.937300000000000000e+04
2.940600000000000000e+04
2.942900000000000000e+04
2.943000000000000000e+04
2.943400000000000000e+04
2.951900000000000000e+04
2.952700000000000000e+04
2.953100000000000000e+04
2.953400000000000000e+04
2.954900000000000000e+04
2.955800000000000000e+04
2.958300000000000000e+04
2.959100000000000000e+04
2.959500000000000000e+04
2.959800000000000000e+04
2.961300000000000000e+04
2.961900000000000000e+04
2.962100000000000000e+04
2.963900000000000000e+04
2.964600000000000000e+04
2.965100000000000000e+04
2.965400000000000000e+04
2.966900000000000000e+04
2.967000000000000000e+04
2.967400000000000000e+04
2.967600000000000000e+04
2.968200000000000000e+04
2.968800000000000000e+04
2.985500000000000000e+04
2.994200000000000000e+04
2.994800000000000000e+04
3.003900000000000000e+04
3.018800000000000000e+04
3.026700000000000000e+04
3.038700000000000000e+04
3.054900000000000000e+04
3.059900000000000000e+04
3.064100000000000000e+04
3.090300000000000000e+04
3.094200000000000000e+04
3.097000000000000000e+04
3.103100000000000000e+04
3.115500000000000000e+04
3.120900000000000000e+04
3.126300000000000000e+04
3.140600000000000000e+04
3.141700000000000000e+04
3.144300000000000000e+04
3.148000000000000000e+04
3.154800000000000000e+04
3.158700000000000000e+04
3.159300000000000000e+04
3.160100000000000000e+04
3.160800000000000000e+04
3.162700000000000000e+04
3.165300000000000000e+04
3.172000000000000000e+04
3.185900000000000000e+04
3.194300000000000000e+04
3.202700000000000000e+04
3.214700000000000000e+04
3.223200000000000000e+04
3.229500000000000000e+04
3.231000000000000000e+04
3.237000000000000000e+04
3.256200000000000000e+04
3.264500000000000000e+04
3.270600000000000000e+04
3.327900000000000000e+04
3.353500000000000000e+04
3.366300000000000000e+04
3.372700000000000000e+04
3.375900000000000000e+04
3.377500000000000000e+04
3.378300000000000000e+04
3.378700000000000000e+04
3.378900000000000000e+04
3.379000000000000000e+04
3.404700000000000000e+04
3.417500000000000000e+04
3.423900000000000000e+04
3.427100000000000000e+04
3.428700000000000000e+04
3.429500000000000000e+04
3.429900000000000000e+04
3.430100000000000000e+04
3.430200000000000000e+04
3.443100000000000000e+04
3.449500000000000000e+04
3.452700000000000000e+04
3.454300000000000000e+04
3.455100000000000000e+04
3.455500000000000000e+04
3.455700000000000000e+04
3.462300000000000000e+04
3.465500000000000000e+04
3.467100000000000000e+04
3.467900000000000000e+04
3.468300000000000000e+04
3.468500000000000000e+04
3.468600000000000000e+04
3.471900000000000000e+04
3.473500000000000000e+04
3.474300000000000000e+04
3.474700000000000000e+04
3.474900000000000000e+04
3.476700000000000000e+04
3.477500000000000000e+04
3.477900000000000000e+04
3.478100000000000000e+04
3.479100000000000000e+04
3.479500000000000000e+04
3.479700000000000000e+04
3.480300000000000000e+04
3.480500000000000000e+04
3.480600000000000000e+04
3.480900000000000000e+04
3.481000000000000000e+04
3.507100000000000000e+04
3.519900000000000000e+04
3.526300000000000000e+04
3.529500000000000000e+04
3.531100000000000000e+04
3.531900000000000000e+04
3.532300000000000000e+04
3.532500000000000000e+04
3.532600000000000000e+04
3.545500000000000000e+04
3.551900000000000000e+04
3.555100000000000000e+04
3.556700000000000000e+04
3.557500000000000000e+04
3.557900000000000000e+04
3.558100000000000000e+04
3.558200000000000000e+04
3.564700000000000000e+04
3.567900000000000000e+04
3.569500000000000000e+04
3.570300000000000000e+04
3.570700000000000000e+04
3.570900000000000000e+04
3.571000000000000000e+04
3.574300000000000000e+04
3.575900000000000000e+04
3.576700000000000000e+04
3.577100000000000000e+04
3.577300000000000000e+04
3.577400000000000000e+04
3.579100000000000000e+04
3.579900000000000000e+04
3.580300000000000000e+04
3.580500000000000000e+04
3.580600000000000000e+04
3.581500000000000000e+04
3.581900000000000000e+04
3.582100000000000000e+04
3.582700000000000000e+04
3.582900000000000000e+04
3.583000000000000000e+04
3.583300000000000000e+04
3.583400000000000000e+04
3.583600000000000000e+04
3.603100000000000000e+04
3.609300000000000000e+04
3.619100000000000000e+04
3.620700000000000000e+04
3.621900000000000000e+04
3.625500000000000000e+04
3.627100000000000000e+04
3.627900000000000000e+04
3.628300000000000000e+04
3.628500000000000000e+04
3.628600000000000000e+04
3.630300000000000000e+04
3.631500000000000000e+04
3.633100000000000000e+04
3.633300000000000000e+04
3.633900000000000000e+04
3.634800000000000000e+04
3.641500000000000000e+04
3.644700000000000000e+04
3.646300000000000000e+04
3.647100000000000000e+04
3.647700000000000000e+04
3.647800000000000000e+04
3.651100000000000000e+04
3.652700000000000000e+04
3.653500000000000000e+04
3.653900000000000000e+04
3.655900000000000000e+04
3.656700000000000000e+04
3.657100000000000000e+04
3.657300000000000000e+04
3.658300000000000000e+04
3.658700000000000000e+04
3.658900000000000000e+04
3.659500000000000000e+04
3.659700000000000000e+04
3.660100000000000000e+04
3.663900000000000000e+04
3.665500000000000000e+04
3.666300000000000000e+04
3.666700000000000000e+04
3.668700000000000000e+04
3.669900000000000000e+04
3.671500000000000000e+04
3.671700000000000000e+04
3.672900000000000000e+04
3.675100000000000000e+04
3.676300000000000000e+04
3.677900000000000000e+04
3.679300000000000000e+04
3.681300000000000000e+04
3.681400000000000000e+04
3.682800000000000000e+04
3.683700000000000000e+04
3.684200000000000000e+04
3.684900000000000000e+04
3.685000000000000000e+04
3.685200000000000000e+04
3.711900000000000000e+04
3.724700000000000000e+04
3.731100000000000000e+04
3.734300000000000000e+04
3.735900000000000000e+04
3.736700000000000000e+04
3.737100000000000000e+04
3.737300000000000000e+04
3.737400000000000000e+04
3.750300000000000000e+04
3.756700000000000000e+04
3.759900000000000000e+04
3.761500000000000000e+04
3.762300000000000000e+04
3.762700000000000000e+04
3.762900000000000000e+04
3.763000000000000000e+04
3.769500000000000000e+04
3.772700000000000000e+04
3.774300000000000000e+04
3.775100000000000000e+04
3.775500000000000000e+04
3.775700000000000000e+04
3.775800000000000000e+04
3.779100000000000000e+04
3.780700000000000000e+04
3.781500000000000000e+04
3.781900000000000000e+04
3.782100000000000000e+04
3.782200000000000000e+04
3.783900000000000000e+04
3.784700000000000000e+04
3.785100000000000000e+04
3.785300000000000000e+04
3.785400000000000000e+04
3.786300000000000000e+04
3.786700000000000000e+04
3.786900000000000000e+04
3.787000000000000000e+04
3.787500000000000000e+04
3.787700000000000000e+04
3.788100000000000000e+04
3.788200000000000000e+04
3.788400000000000000e+04
3.813500000000000000e+04
3.813900000000000000e+04
3.820700000000000000e+04
3.823900000000000000e+04
3.825500000000000000e+04
3.826300000000000000e+04
3.830300000000000000e+04
3.831900000000000000e+04
3.832700000000000000e+04
3.833300000000000000e+04
3.835100000000000000e+04
3.835900000000000000e+04
3.836500000000000000e+04
3.837900000000000000e+04
3.838100000000000000e+04
3.838700000000000000e+04
3.838900000000000000e+04
3.849500000000000000e+04
3.851100000000000000e+04
3.851900000000000000e+04
3.855900000000000000e+04
3.857500000000000000e+04
3.858700000000000000e+04
3.860700000000000000e+04
3.861500000000000000e+04
3.861900000000000000e+04
3.862200000000000000e+04
3.863100000000000000e+04
3.863700000000000000e+04
3.864500000000000000e+04
3.864600000000000000e+04
3.864900000000000000e+04
3.865200000000000000e+04
3.868700000000000000e+04
3.870300000000000000e+04
3.871500000000000000e+04
3.873500000000000000e+04
3.874300000000000000e+04
3.874700000000000000e+04
3.874900000000000000e+04
3.875900000000000000e+04
3.876500000000000000e+04
3.876600000000000000e+04
3.877100000000000000e+04
3.877300000000000000e+04
3.877400000000000000e+04
3.882300000000000000e+04
3.882700000000000000e+04
3.882900000000000000e+04
3.883000000000000000e+04
3.884100000000000000e+04
3.884400000000000000e+04
3.886900000000000000e+04
3.887000000000000000e+04
3.888300000000000000e+04
3.889200000000000000e+04
3.889700000000000000e+04
3.889800000000000000e+04
3.890000000000000000e+04
3.913500000000000000e+04
3.927900000000000000e+04
3.929300000000000000e+04
3.935800000000000000e+04
3.940300000000000000e+04
3.948700000000000000e+04
3.954300000000000000e+04
3.958300000000000000e+04
3.959900000000000000e+04
3.961100000000000000e+04
3.963100000000000000e+04
3.964500000000000000e+04
3.965500000000000000e+04
3.967300000000000000e+04
3.967400000000000000e+04
3.979700000000000000e+04
3.980200000000000000e+04
3.982300000000000000e+04
3.983500000000000000e+04
3.983700000000000000e+04
3.983800000000000000e+04
3.985100000000000000e+04
3.985300000000000000e+04
3.986100000000000000e+04
3.986800000000000000e+04
3.987900000000000000e+04
3.988300000000000000e+04
3.989100000000000000e+04
3.989800000000000000e+04
3.990900000000000000e+04
4.005500000000000000e+04
4.012600000000000000e+04
4.023900000000000000e+04
4.030700000000000000e+04
4.049500000000000000e+04
4.052700000000000000e+04
4.062100000000000000e+04
4.062200000000000000e+04
4.066200000000000000e+04
4.074700000000000000e+04
4.075000000000000000e+04
4.076400000000000000e+04
4.082400000000000000e+04
4.084500000000000000e+04
4.087300000000000000e+04
4.087600000000000000e+04
4.090100000000000000e+04
4.091400000000000000e+04
4.121500000000000000e+04
4.134300000000000000e+04
4.140700000000000000e+04
4.143900000000000000e+04
4.145500000000000000e+04
4.146300000000000000e+04
4.146700000000000000e+04
4.146900000000000000e+04
4.147000000000000000e+04
4.159900000000000000e+04
4.166300000000000000e+04
4.169500000000000000e+04
4.171100000000000000e+04
4.171900000000000000e+04
4.172300000000000000e+04
4.172500000000000000e+04
4.179100000000000000e+04
4.182300000000000000e+04
4.183900000000000000e+04
4.184700000000000000e+04
4.185100000000000000e+04
4.185300000000000000e+04
4.185400000000000000e+04
4.188700000000000000e+04
4.190300000000000000e+04
4.191100000000000000e+04
4.191500000000000000e+04
4.191700000000000000e+04
4.191800000000000000e+04
4.193500000000000000e+04
4.194300000000000000e+04
4.194700000000000000e+04
4.194900000000000000e+04
4.195000000000000000e+04
4.195900000000000000e+04
4.196300000000000000e+04
4.196500000000000000e+04
4.196600000000000000e+04
4.197100000000000000e+04
4.197300000000000000e+04
4.197700000000000000e+04
4.197800000000000000e+04
4.198000000000000000e+04
4.222300000000000000e+04
4.233500000000000000e+04
4.236600000000000000e+04
4.239900000000000000e+04
4.242300000000000000e+04
4.242700000000000000e+04
4.242900000000000000e+04
4.244700000000000000e+04
4.245500000000000000e+04
4.245900000000000000e+04
4.248300000000000000e+04
4.248600000000000000e+04
4.249000000000000000e+04
4.249200000000000000e+04
4.261500000000000000e+04
4.265500000000000000e+04
4.267100000000000000e+04
4.267900000000000000e+04
4.268300000000000000e+04
4.268500000000000000e+04
4.271500000000000000e+04
4.272700000000000000e+04
4.278300000000000000e+04
4.279900000000000000e+04
4.280700000000000000e+04
4.281100000000000000e+04
4.283100000000000000e+04
4.283900000000000000e+04
4.284500000000000000e+04
4.285500000000000000e+04
4.285900000000000000e+04
4.286700000000000000e+04
4.287400000000000000e+04
4.290300000000000000e+04
4.290900000000000000e+04
4.291000000000000000e+04
4.291900000000000000e+04
4.292500000000000000e+04
4.297200000000000000e+04
4.297900000000000000e+04
4.299300000000000000e+04
4.299600000000000000e+04
4.323100000000000000e+04
4.325500000000000000e+04
4.325900000000000000e+04
4.326100000000000000e+04
4.345100000000000000e+04
4.347100000000000000e+04
4.349900000000000000e+04
4.350200000000000000e+04
4.350700000000000000e+04
4.363900000000000000e+04
4.367900000000000000e+04
4.369500000000000000e+04
4.376500000000000000e+04
4.386700000000000000e+04
4.388600000000000000e+04
4.389100000000000000e+04
4.389300000000000000e+04
4.389400000000000000e+04
4.391900000000000000e+04
4.393100000000000000e+04
4.393400000000000000e+04
4.394300000000000000e+04
4.394700000000000000e+04
4.395500000000000000e+04
4.396100000000000000e+04
4.399000000000000000e+04
4.400300000000000000e+04
4.400500000000000000e+04
4.401800000000000000e+04
4.402000000000000000e+04
4.421900000000000000e+04
4.427000000000000000e+04
4.435000000000000000e+04
4.437900000000000000e+04
4.439100000000000000e+04
4.444600000000000000e+04
4.446200000000000000e+04
4.447400000000000000e+04
4.452400000000000000e+04
4.459900000000000000e+04
4.464700000000000000e+04
4.469900000000000000e+04
4.472300000000000000e+04
4.474700000000000000e+04
4.474900000000000000e+04
4.479200000000000000e+04
4.485700000000000000e+04
4.486000000000000000e+04
4.487800000000000000e+04
4.488600000000000000e+04
4.493500000000000000e+04
4.493900000000000000e+04
4.498400000000000000e+04
4.518300000000000000e+04
4.529500000000000000e+04
4.553100000000000000e+04
4.553300000000000000e+04
4.554700000000000000e+04
4.555700000000000000e+04
4.563100000000000000e+04
4.566300000000000000e+04
4.569300000000000000e+04
4.572700000000000000e+04
4.578700000000000000e+04
4.580600000000000000e+04
4.581300000000000000e+04
4.585500000000000000e+04
4.587900000000000000e+04
4.588500000000000000e+04
4.588600000000000000e+04
4.593900000000000000e+04
4.594100000000000000e+04
4.594200000000000000e+04
4.594800000000000000e+04
4.597500000000000000e+04
4.597900000000000000e+04
4.599100000000000000e+04
4.599500000000000000e+04
4.599800000000000000e+04
4.602300000000000000e+04
4.602700000000000000e+04
4.604100000000000000e+04
4.604200000000000000e+04
4.605700000000000000e+04
4.606600000000000000e+04
4.606800000000000000e+04
4.629900000000000000e+04
4.632900000000000000e+04
4.641500000000000000e+04
4.670100000000000000e+04
4.676600000000000000e+04
4.680300000000000000e+04
4.682600000000000000e+04
4.682800000000000000e+04
4.687100000000000000e+04
4.687500000000000000e+04
4.688700000000000000e+04
4.695300000000000000e+04
4.696200000000000000e+04
4.702000000000000000e+04
4.719900000000000000e+04
4.735000000000000000e+04
4.746700000000000000e+04
4.748400000000000000e+04
4.759000000000000000e+04
4.770900000000000000e+04
4.771900000000000000e+04
4.773100000000000000e+04
4.775900000000000000e+04
4.781900000000000000e+04
4.783000000000000000e+04
4.785000000000000000e+04
4.792500000000000000e+04
4.792600000000000000e+04
4.797400000000000000e+04
4.797800000000000000e+04
4.798800000000000000e+04
4.806700000000000000e+04
4.807300000000000000e+04
4.809700000000000000e+04
4.831300000000000000e+04
4.836200000000000000e+04
4.837600000000000000e+04
4.848300000000000000e+04
4.854000000000000000e+04
4.866700000000000000e+04
4.940700000000000000e+04
4.953500000000000000e+04
4.959900000000000000e+04
4.963100000000000000e+04
4.964700000000000000e+04
4.965500000000000000e+04
4.965900000000000000e+04
4.966100000000000000e+04
4.966200000000000000e+04
4.979100000000000000e+04
4.985500000000000000e+04
4.988700000000000000e+04
4.990300000000000000e+04
4.991100000000000000e+04
4.991500000000000000e+04
4.991700000000000000e+04
4.991800000000000000e+04
4.998300000000000000e+04
5.001500000000000000e+04
5.003100000000000000e+04
5.003900000000000000e+04
5.004300000000000000e+04
5.004500000000000000e+04
5.004600000000000000e+04
5.007900000000000000e+04
5.009500000000000000e+04
5.010300000000000000e+04
5.010700000000000000e+04
5.010900000000000000e+04
5.011000000000000000e+04
5.012700000000000000e+04
5.013500000000000000e+04
5.013900000000000000e+04
5.014100000000000000e+04
5.014200000000000000e+04
5.015100000000000000e+04
5.015500000000000000e+04
5.015700000000000000e+04
5.015800000000000000e+04
5.016300000000000000e+04
5.016500000000000000e+04
5.016600000000000000e+04
5.016900000000000000e+04
5.017000000000000000e+04
5.017200000000000000e+04
5.036700000000000000e+04
5.039900000000000000e+04
5.041500000000000000e+04
5.042300000000000000e+04
5.042900000000000000e+04
5.049500000000000000e+04
5.052700000000000000e+04
5.054300000000000000e+04
5.055100000000000000e+04
5.055700000000000000e+04
5.059100000000000000e+04
5.060700000000000000e+04
5.061500000000000000e+04
5.062100000000000000e+04
5.062200000000000000e+04
5.063900000000000000e+04
5.064700000000000000e+04
5.065100000000000000e+04
5.065300000000000000e+04
5.066300000000000000e+04
5.066900000000000000e+04
5.067500000000000000e+04
5.067700000000000000e+04
5.075100000000000000e+04
5.078300000000000000e+04
5.079900000000000000e+04
5.080700000000000000e+04
5.084700000000000000e+04
5.086300000000000000e+04
5.087100000000000000e+04
5.087500000000000000e+04
5.089500000000000000e+04
5.090300000000000000e+04
5.090700000000000000e+04
5.090900000000000000e+04
5.091900000000000000e+04
5.092300000000000000e+04
5.092500000000000000e+04
5.092600000000000000e+04
5.093100000000000000e+04
5.093300000000000000e+04
5.093800000000000000e+04
5.097500000000000000e+04
5.100300000000000000e+04
5.100500000000000000e+04
5.102300000000000000e+04
5.103100000000000000e+04
5.105100000000000000e+04
5.105300000000000000e+04
5.105900000000000000e+04
5.106100000000000000e+04
5.108700000000000000e+04
5.110100000000000000e+04
5.110200000000000000e+04
5.111100000000000000e+04
5.111800000000000000e+04
5.114700000000000000e+04
5.117100000000000000e+04
5.117400000000000000e+04
5.117800000000000000e+04
5.118000000000000000e+04
5.118500000000000000e+04
5.139100000000000000e+04
5.142300000000000000e+04
5.145100000000000000e+04
5.151900000000000000e+04
5.157900000000000000e+04
5.161500000000000000e+04
5.166300000000000000e+04
5.167800000000000000e+04
5.169900000000000000e+04
5.182300000000000000e+04
5.183500000000000000e+04
5.189500000000000000e+04
5.189900000000000000e+04
5.190100000000000000e+04
5.191900000000000000e+04
5.194700000000000000e+04
5.194900000000000000e+04
5.195000000000000000e+04
5.195500000000000000e+04
5.199900000000000000e+04
5.202700000000000000e+04
5.203000000000000000e+04
5.205900000000000000e+04
5.208900000000000000e+04
5.211100000000000000e+04
5.212300000000000000e+04
5.213500000000000000e+04
5.213900000000000000e+04
5.214200000000000000e+04
5.214900000000000000e+04
5.216700000000000000e+04
5.217100000000000000e+04
5.217300000000000000e+04
5.217900000000000000e+04
5.219500000000000000e+04
5.220900000000000000e+04
5.221200000000000000e+04
5.235000000000000000e+04
5.239900000000000000e+04
5.243100000000000000e+04
5.266100000000000000e+04
5.270900000000000000e+04
5.287900000000000000e+04
5.290700000000000000e+04
5.290900000000000000e+04
5.292400000000000000e+04
5.294700000000000000e+04
5.295300000000000000e+04
5.295600000000000000e+04
5.296300000000000000e+04
5.300700000000000000e+04
5.301900000000000000e+04
5.303700000000000000e+04
5.308100000000000000e+04
5.316200000000000000e+04
5.343900000000000000e+04
5.362300000000000000e+04
5.362700000000000000e+04
5.366300000000000000e+04
5.369400000000000000e+04
5.371900000000000000e+04
5.372600000000000000e+04
5.385500000000000000e+04
5.388500000000000000e+04
5.391900000000000000e+04
5.394700000000000000e+04
5.396700000000000000e+04
5.397500000000000000e+04
5.397900000000000000e+04
5.399800000000000000e+04
5.400300000000000000e+04
5.400900000000000000e+04
5.401200000000000000e+04
5.404700000000000000e+04
5.406300000000000000e+04
5.407100000000000000e+04
5.407800000000000000e+04
5.409500000000000000e+04
5.412500000000000000e+04
5.417100000000000000e+04
5.418900000000000000e+04
5.419000000000000000e+04
5.419500000000000000e+04
5.420100000000000000e+04
5.421900000000000000e+04
5.424300000000000000e+04
5.424500000000000000e+04
5.426000000000000000e+04
5.426400000000000000e+04
5.439700000000000000e+04
5.444700000000000000e+04
5.452200000000000000e+04
5.455900000000000000e+04
5.471300000000000000e+04
5.471600000000000000e+04
5.476100000000000000e+04
5.484500000000000000e+04
5.487500000000000000e+04
5.487700000000000000e+04
5.487800000000000000e+04
5.493500000000000000e+04
5.496900000000000000e+04
5.512300000000000000e+04
5.512900000000000000e+04
5.514800000000000000e+04
5.517500000000000000e+04
5.517900000000000000e+04
5.520600000000000000e+04
5.522000000000000000e+04
5.523700000000000000e+04
5.523800000000000000e+04
5.554500000000000000e+04
5.561100000000000000e+04
5.561400000000000000e+04
5.563100000000000000e+04
5.564300000000000000e+04
5.566700000000000000e+04
5.567000000000000000e+04
5.576500000000000000e+04
5.583900000000000000e+04
5.589900000000000000e+04
5.597900000000000000e+04
5.598200000000000000e+04
5.609100000000000000e+04
5.610700000000000000e+04
5.611000000000000000e+04
5.614700000000000000e+04
5.616300000000000000e+04
5.617700000000000000e+04
5.620300000000000000e+04
5.629000000000000000e+04
5.677400000000000000e+04
5.710100000000000000e+04
5.726400000000000000e+04
5.759500000000000000e+04
5.759800000000000000e+04
5.771900000000000000e+04
5.781900000000000000e+04
5.784600000000000000e+04
5.785000000000000000e+04
5.796700000000000000e+04
5.804600000000000000e+04
5.807100000000000000e+04
5.809100000000000000e+04
5.809400000000000000e+04
5.809900000000000000e+04
5.820300000000000000e+04
5.820500000000000000e+04
5.821900000000000000e+04
5.822900000000000000e+04
5.826300000000000000e+04
5.826700000000000000e+04
5.827900000000000000e+04
5.829300000000000000e+04
5.832500000000000000e+04
5.834600000000000000e+04
5.835400000000000000e+04
5.836000000000000000e+04
5.846300000000000000e+04
5.849300000000000000e+04
5.857500000000000000e+04
5.858900000000000000e+04
5.868600000000000000e+04
5.877900000000000000e+04
5.881200000000000000e+04
5.886000000000000000e+04
5.893900000000000000e+04
5.902300000000000000e+04
5.905100000000000000e+04
5.911600000000000000e+04
5.916300000000000000e+04
5.921900000000000000e+04
5.922500000000000000e+04
5.970900000000000000e+04
5.981500000000000000e+04
5.986800000000000000e+04
5.996500000000000000e+04
6.001300000000000000e+04
6.002200000000000000e+04
6.005500000000000000e+04
6.007800000000000000e+04
6.008600000000000000e+04
6.010700000000000000e+04
6.012400000000000000e+04
6.013700000000000000e+04
6.020600000000000000e+04
6.021700000000000000e+04
6.025000000000000000e+04
6.027400000000000000e+04
6.062700000000000000e+04
6.065700000000000000e+04
6.066400000000000000e+04
6.069900000000000000e+04
6.078500000000000000e+04
6.080700000000000000e+04
6.090000000000000000e+04
6.102000000000000000e+04
6.120900000000000000e+04
6.125100000000000000e+04
6.153500000000000000e+04
6.155100000000000000e+04
6.168900000000000000e+04
6.169200000000000000e+04
6.178300000000000000e+04
6.199900000000000000e+04
6.204600000000000000e+04
6.205900000000000000e+04
6.207600000000000000e+04
6.211000000000000000e+04
6.218100000000000000e+04
6.228500000000000000e+04
6.229800000000000000e+04
6.230000000000000000e+04
6.230900000000000000e+04
6.232800000000000000e+04
6.249500000000000000e+04
6.252300000000000000e+04
6.257900000000000000e+04
6.261900000000000000e+04
6.282500000000000000e+04
6.289700000000000000e+04
6.318500000000000000e+04
6.326700000000000000e+04
6.337200000000000000e+04
6.351900000000000000e+04
6.370500000000000000e+04
6.371500000000000000e+04
6.378900000000000000e+04
6.385700000000000000e+04
6.389100000000000000e+04
6.389400000000000000e+04
6.404500000000000000e+04
6.405300000000000000e+04
6.431200000000000000e+04
6.462600000000000000e+04
6.465100000000000000e+04
6.484200000000000000e+04
6.511200000000000000e+04
6.604700000000000000e+04
6.630300000000000000e+04
6.643100000000000000e+04
6.649500000000000000e+04
6.652700000000000000e+04
6.654300000000000000e+04
6.655100000000000000e+04
6.655500000000000000e+04
6.655700000000000000e+04
6.655800000000000000e+04
6.681500000000000000e+04
6.694300000000000000e+04
6.700700000000000000e+04
6.703900000000000000e+04
6.705500000000000000e+04
6.706300000000000000e+04
6.706700000000000000e+04
6.706900000000000000e+04
6.719900000000000000e+04
6.726300000000000000e+04
6.729500000000000000e+04
6.731100000000000000e+04
6.731900000000000000e+04
6.732300000000000000e+04
6.732500000000000000e+04
6.732600000000000000e+04
6.739100000000000000e+04
6.742300000000000000e+04
6.743900000000000000e+04
6.744700000000000000e+04
6.745100000000000000e+04
6.745300000000000000e+04
6.745400000000000000e+04
6.748700000000000000e+04
6.750300000000000000e+04
6.751100000000000000e+04
6.751500000000000000e+04
6.751700000000000000e+04
6.751800000000000000e+04
6.753500000000000000e+04
6.754300000000000000e+04
6.754700000000000000e+04
6.754900000000000000e+04
6.755000000000000000e+04
6.755900000000000000e+04
6.756300000000000000e+04
6.756500000000000000e+04
6.756600000000000000e+04
6.757100000000000000e+04
6.757300000000000000e+04
6.757400000000000000e+04
6.757700000000000000e+04
6.757800000000000000e+04
6.783900000000000000e+04
6.796700000000000000e+04
6.803100000000000000e+04
6.806300000000000000e+04
6.807900000000000000e+04
6.808700000000000000e+04
6.809100000000000000e+04
6.809300000000000000e+04
6.809400000000000000e+04
6.822300000000000000e+04
6.828700000000000000e+04
6.831900000000000000e+04
6.833500000000000000e+04
6.834300000000000000e+04
6.834700000000000000e+04
6.834900000000000000e+04
6.835000000000000000e+04
6.841500000000000000e+04
6.844700000000000000e+04
6.846300000000000000e+04
6.847100000000000000e+04
6.847500000000000000e+04
6.847800000000000000e+04
6.851100000000000000e+04
6.852700000000000000e+04
6.853500000000000000e+04
6.853900000000000000e+04
6.854100000000000000e+04
6.854200000000000000e+04
6.855900000000000000e+04
6.856700000000000000e+04
6.857100000000000000e+04
6.857300000000000000e+04
6.857400000000000000e+04
6.858300000000000000e+04
6.858700000000000000e+04
6.858900000000000000e+04
6.859000000000000000e+04
6.859500000000000000e+04
6.859700000000000000e+04
6.859800000000000000e+04
6.860100000000000000e+04
6.860200000000000000e+04
6.860400000000000000e+04
6.883100000000000000e+04
6.886200000000000000e+04
6.895900000000000000e+04
6.897500000000000000e+04
6.898300000000000000e+04
6.902300000000000000e+04
6.905100000000000000e+04
6.905300000000000000e+04
6.908300000000000000e+04
6.908500000000000000e+04
6.908600000000000000e+04
6.909900000000000000e+04
6.910100000000000000e+04
6.911300000000000000e+04
6.921500000000000000e+04
6.923900000000000000e+04
6.927900000000000000e+04
6.929500000000000000e+04
6.930300000000000000e+04
6.930700000000000000e+04
6.930900000000000000e+04
6.932700000000000000e+04
6.933500000000000000e+04
6.933900000000000000e+04
6.935500000000000000e+04
6.935700000000000000e+04
6.936900000000000000e+04
6.940700000000000000e+04
6.942300000000000000e+04
6.943100000000000000e+04
6.943500000000000000e+04
6.946300000000000000e+04
6.946700000000000000e+04
6.947900000000000000e+04
6.948300000000000000e+04
6.949300000000000000e+04
6.953300000000000000e+04
6.954900000000000000e+04
6.957500000000000000e+04
6.961800000000000000e+04
6.988700000000000000e+04
7.001500000000000000e+04
7.007900000000000000e+04
7.011100000000000000e+04
7.012700000000000000e+04
7.013500000000000000e+04
7.013900000000000000e+04
7.014100000000000000e+04
7.014200000000000000e+04
7.027100000000000000e+04
7.033500000000000000e+04
7.036700000000000000e+04
7.038300000000000000e+04
7.039100000000000000e+04
7.039500000000000000e+04
7.039700000000000000e+04
7.046300000000000000e+04
7.049500000000000000e+04
7.051100000000000000e+04
7.051900000000000000e+04
7.052300000000000000e+04
7.052500000000000000e+04
7.052600000000000000e+04
7.055900000000000000e+04
7.057500000000000000e+04
7.058300000000000000e+04
7.058700000000000000e+04
7.058900000000000000e+04
7.059000000000000000e+04
7.060700000000000000e+04
7.061500000000000000e+04
7.061900000000000000e+04
7.062100000000000000e+04
7.063100000000000000e+04
7.063500000000000000e+04
7.063700000000000000e+04
7.063800000000000000e+04
7.064300000000000000e+04
7.064500000000000000e+04
7.064600000000000000e+04
7.064900000000000000e+04
7.065000000000000000e+04
7.065200000000000000e+04
7.084700000000000000e+04
7.090300000000000000e+04
7.097500000000000000e+04
7.107100000000000000e+04
7.109500000000000000e+04
7.110100000000000000e+04
7.111900000000000000e+04
7.112700000000000000e+04
7.113100000000000000e+04
7.113300000000000000e+04
7.113400000000000000e+04
7.114300000000000000e+04
7.114700000000000000e+04
7.115000000000000000e+04
7.115500000000000000e+04
7.115700000000000000e+04
7.116100000000000000e+04
7.116400000000000000e+04
7.126300000000000000e+04
7.127900000000000000e+04
7.132700000000000000e+04
7.134300000000000000e+04
7.135100000000000000e+04
7.135500000000000000e+04
7.135700000000000000e+04
7.135800000000000000e+04
7.137500000000000000e+04
7.138300000000000000e+04
7.138700000000000000e+04
7.139900000000000000e+04
7.140300000000000000e+04
7.141100000000000000e+04
7.141800000000000000e+04
7.142000000000000000e+04
7.145500000000000000e+04
7.147100000000000000e+04
7.148500000000000000e+04
7.150300000000000000e+04
7.151100000000000000e+04
7.151500000000000000e+04
7.151700000000000000e+04
7.152700000000000000e+04
7.153100000000000000e+04
7.153300000000000000e+04
7.153400000000000000e+04
7.153900000000000000e+04
7.154100000000000000e+04
7.154200000000000000e+04
7.154500000000000000e+04
7.154800000000000000e+04
7.156700000000000000e+04
7.157500000000000000e+04
7.157900000000000000e+04
7.159100000000000000e+04
7.159700000000000000e+04
7.159800000000000000e+04
7.160900000000000000e+04
7.161000000000000000e+04
7.161200000000000000e+04
7.162900000000000000e+04
7.163800000000000000e+04
7.164100000000000000e+04
7.165100000000000000e+04
7.165300000000000000e+04
7.180700000000000000e+04
7.190300000000000000e+04
7.191900000000000000e+04
7.192700000000000000e+04
7.193400000000000000e+04
7.209500000000000000e+04
7.212300000000000000e+04
7.212500000000000000e+04
7.212600000000000000e+04
7.215500000000000000e+04
7.215800000000000000e+04
7.231500000000000000e+04
7.231700000000000000e+04
7.236700000000000000e+04
7.237500000000000000e+04
7.237900000000000000e+04
7.241100000000000000e+04
7.242300000000000000e+04
7.242700000000000000e+04
7.249500000000000000e+04
7.250700000000000000e+04
7.253900000000000000e+04
7.254100000000000000e+04
7.255700000000000000e+04
7.256500000000000000e+04
7.256600000000000000e+04
7.257200000000000000e+04
7.259100000000000000e+04
7.261900000000000000e+04
7.262100000000000000e+04
7.262900000000000000e+04
7.263600000000000000e+04
7.266100000000000000e+04
7.267800000000000000e+04
7.268100000000000000e+04
7.268900000000000000e+04
7.269600000000000000e+04
7.276700000000000000e+04
7.289100000000000000e+04
7.295300000000000000e+04
7.302100000000000000e+04
7.306900000000000000e+04
7.307500000000000000e+04
7.311500000000000000e+04
7.311800000000000000e+04
7.319600000000000000e+04
7.320400000000000000e+04
7.326300000000000000e+04
7.333100000000000000e+04
7.339000000000000000e+04
7.350200000000000000e+04
7.351800000000000000e+04
7.354700000000000000e+04
7.366700000000000000e+04
7.398300000000000000e+04
7.411100000000000000e+04
7.417500000000000000e+04
7.420700000000000000e+04
7.422300000000000000e+04
7.423100000000000000e+04
7.423500000000000000e+04
7.423700000000000000e+04
7.436700000000000000e+04
7.443100000000000000e+04
7.446300000000000000e+04
7.447900000000000000e+04
7.448700000000000000e+04
7.449100000000000000e+04
7.449300000000000000e+04
7.449400000000000000e+04
7.455900000000000000e+04
7.459100000000000000e+04
7.460700000000000000e+04
7.461500000000000000e+04
7.461900000000000000e+04
7.462100000000000000e+04
7.462200000000000000e+04
7.465500000000000000e+04
7.467100000000000000e+04
7.467900000000000000e+04
7.468300000000000000e+04
7.468500000000000000e+04
7.468600000000000000e+04
7.470300000000000000e+04
7.471100000000000000e+04
7.471500000000000000e+04
7.471700000000000000e+04
7.471800000000000000e+04
7.472700000000000000e+04
7.473100000000000000e+04
7.473300000000000000e+04
7.473400000000000000e+04
7.473900000000000000e+04
7.474100000000000000e+04
7.474200000000000000e+04
7.474500000000000000e+04
7.474600000000000000e+04
7.487900000000000000e+04
7.494300000000000000e+04
7.497500000000000000e+04
7.500300000000000000e+04
7.500500000000000000e+04
7.507100000000000000e+04
7.512700000000000000e+04
7.513100000000000000e+04
7.518300000000000000e+04
7.519100000000000000e+04
7.519500000000000000e+04
7.519700000000000000e+04
7.519800000000000000e+04
7.523000000000000000e+04
7.523900000000000000e+04
7.524300000000000000e+04
7.524500000000000000e+04
7.525100000000000000e+04
7.537500000000000000e+04
7.538300000000000000e+04
7.538900000000000000e+04
7.542300000000000000e+04
7.543900000000000000e+04
7.544700000000000000e+04
7.545100000000000000e+04
7.547100000000000000e+04
7.547900000000000000e+04
7.548300000000000000e+04
7.548600000000000000e+04
7.549500000000000000e+04
7.549900000000000000e+04
7.550700000000000000e+04
7.550900000000000000e+04
7.551600000000000000e+04
7.555100000000000000e+04
7.556700000000000000e+04
7.557500000000000000e+04
7.558100000000000000e+04
7.559900000000000000e+04
7.561300000000000000e+04
7.561400000000000000e+04
7.562700000000000000e+04
7.562900000000000000e+04
7.563000000000000000e+04
7.563700000000000000e+04
7.567100000000000000e+04
7.567800000000000000e+04
7.569100000000000000e+04
7.569300000000000000e+04
7.571900000000000000e+04
7.574000000000000000e+04
7.574900000000000000e+04
7.602300000000000000e+04
7.614300000000000000e+04
7.619100000000000000e+04
7.622100000000000000e+04
7.625300000000000000e+04
7.640700000000000000e+04
7.641100000000000000e+04
7.641300000000000000e+04
7.644700000000000000e+04
7.646300000000000000e+04
7.647100000000000000e+04
7.653700000000000000e+04
7.659900000000000000e+04
7.669900000000000000e+04
7.670100000000000000e+04
7.670200000000000000e+04
7.671100000000000000e+04
7.671500000000000000e+04
7.672300000000000000e+04
7.675000000000000000e+04
7.675500000000000000e+04
7.677800000000000000e+04
7.679200000000000000e+04
7.705000000000000000e+04
7.719900000000000000e+04
7.721300000000000000e+04
7.726200000000000000e+04
7.728300000000000000e+04
7.735900000000000000e+04
7.737300000000000000e+04
7.742200000000000000e+04
7.746900000000000000e+04
7.748300000000000000e+04
7.758300000000000000e+04
7.765400000000000000e+04
7.765800000000000000e+04
7.766700000000000000e+04
7.768200000000000000e+04
7.768800000000000000e+04
7.806300000000000000e+04
7.807700000000000000e+04
7.819100000000000000e+04
7.826900000000000000e+04
7.829500000000000000e+04
7.830200000000000000e+04
7.832300000000000000e+04
7.844700000000000000e+04
7.845500000000000000e+04
7.846100000000000000e+04
7.846200000000000000e+04
7.852500000000000000e+04
7.855100000000000000e+04
7.855800000000000000e+04
7.858200000000000000e+04
7.858500000000000000e+04
7.858600000000000000e+04
7.865400000000000000e+04
7.868500000000000000e+04
7.870200000000000000e+04
7.870700000000000000e+04
7.874300000000000000e+04
7.874700000000000000e+04
7.875900000000000000e+04
7.877400000000000000e+04
7.879700000000000000e+04
7.879800000000000000e+04
7.880300000000000000e+04
7.881900000000000000e+04
7.883600000000000000e+04
7.906300000000000000e+04
7.922600000000000000e+04
7.946300000000000000e+04
7.947000000000000000e+04
7.951700000000000000e+04
7.957800000000000000e+04
7.965900000000000000e+04
7.971800000000000000e+04
7.972400000000000000e+04
7.999500000000000000e+04
8.007900000000000000e+04
8.024500000000000000e+04
8.024900000000000000e+04
8.027900000000000000e+04
8.030700000000000000e+04
8.031300000000000000e+04
8.036100000000000000e+04
8.047100000000000000e+04
8.054100000000000000e+04
8.056900000000000000e+04
8.060200000000000000e+04
8.060400000000000000e+04
8.068300000000000000e+04
8.078700000000000000e+04
8.080300000000000000e+04
8.080600000000000000e+04
8.104700000000000000e+04
8.113200000000000000e+04
8.188800000000000000e+04
8.217500000000000000e+04
8.230300000000000000e+04
8.236700000000000000e+04
8.239900000000000000e+04
8.241500000000000000e+04
8.242300000000000000e+04
8.242700000000000000e+04
8.242900000000000000e+04
8.243000000000000000e+04
8.255900000000000000e+04
8.262300000000000000e+04
8.265500000000000000e+04
8.267100000000000000e+04
8.267900000000000000e+04
8.268300000000000000e+04
8.268500000000000000e+04
8.268600000000000000e+04
8.275100000000000000e+04
8.278300000000000000e+04
8.279900000000000000e+04
8.280700000000000000e+04
8.281100000000000000e+04
8.281300000000000000e+04
8.281400000000000000e+04
8.284700000000000000e+04
8.286300000000000000e+04
8.287100000000000000e+04
8.287500000000000000e+04
8.287700000000000000e+04
8.287800000000000000e+04
8.289500000000000000e+04
8.290300000000000000e+04
8.290700000000000000e+04
8.290900000000000000e+04
8.291000000000000000e+04
8.291900000000000000e+04
8.292300000000000000e+04
8.292500000000000000e+04
8.292600000000000000e+04
8.293100000000000000e+04
8.293300000000000000e+04
8.293400000000000000e+04
8.293700000000000000e+04
8.293800000000000000e+04
8.313500000000000000e+04
8.316700000000000000e+04
8.318300000000000000e+04
8.319100000000000000e+04
8.319800000000000000e+04
8.329500000000000000e+04
8.331100000000000000e+04
8.331900000000000000e+04
8.332300000000000000e+04
8.332600000000000000e+04
8.335900000000000000e+04
8.337500000000000000e+04
8.338300000000000000e+04
8.338700000000000000e+04
8.340700000000000000e+04
8.341500000000000000e+04
8.341900000000000000e+04
8.342100000000000000e+04
8.342200000000000000e+04
8.343100000000000000e+04
8.343500000000000000e+04
8.343700000000000000e+04
8.344300000000000000e+04
8.344500000000000000e+04
8.351900000000000000e+04
8.355100000000000000e+04
8.356700000000000000e+04
8.358100000000000000e+04
8.361500000000000000e+04
8.363100000000000000e+04
8.363900000000000000e+04
8.364500000000000000e+04
8.367100000000000000e+04
8.367500000000000000e+04
8.367700000000000000e+04
8.367800000000000000e+04
8.368700000000000000e+04
8.369100000000000000e+04
8.369300000000000000e+04
8.369400000000000000e+04
8.369900000000000000e+04
8.374300000000000000e+04
8.377100000000000000e+04
8.379100000000000000e+04
8.380300000000000000e+04
8.381900000000000000e+04
8.382100000000000000e+04
8.382200000000000000e+04
8.382900000000000000e+04
8.383300000000000000e+04
8.383400000000000000e+04
8.387000000000000000e+04
8.387900000000000000e+04
8.388300000000000000e+04
8.391500000000000000e+04
8.392900000000000000e+04
8.393900000000000000e+04
8.394100000000000000e+04
8.394600000000000000e+04
8.394800000000000000e+04
8.415900000000000000e+04
8.419100000000000000e+04
8.421500000000000000e+04
8.434300000000000000e+04
8.441100000000000000e+04
8.441300000000000000e+04
8.441400000000000000e+04
8.444300000000000000e+04
8.445900000000000000e+04
8.446100000000000000e+04
8.446200000000000000e+04
8.447400000000000000e+04
8.454300000000000000e+04
8.459100000000000000e+04
8.459900000000000000e+04
8.460500000000000000e+04
8.468700000000000000e+04
8.471700000000000000e+04
8.471800000000000000e+04
8.472500000000000000e+04
8.472900000000000000e+04
8.478300000000000000e+04
8.479500000000000000e+04
8.479700000000000000e+04
8.487900000000000000e+04
8.490300000000000000e+04
8.490700000000000000e+04
8.490900000000000000e+04
8.491500000000000000e+04
8.491800000000000000e+04
8.493900000000000000e+04
8.495600000000000000e+04
8.496500000000000000e+04
8.496900000000000000e+04
8.498400000000000000e+04
8.543000000000000000e+04
8.553500000000000000e+04
8.561300000000000000e+04
8.562600000000000000e+04
8.573700000000000000e+04
8.574000000000000000e+04
8.579900000000000000e+04
8.583100000000000000e+04
8.585900000000000000e+04
8.589500000000000000e+04
8.591600000000000000e+04
8.592900000000000000e+04
8.597600000000000000e+04
8.614300000000000000e+04
8.623900000000000000e+04
8.625500000000000000e+04
8.626700000000000000e+04
8.638300000000000000e+04
8.649100000000000000e+04
8.649300000000000000e+04
8.650900000000000000e+04
8.652200000000000000e+04
8.659100000000000000e+04
8.662300000000000000e+04
8.671100000000000000e+04
8.671700000000000000e+04
8.674300000000000000e+04
8.674900000000000000e+04
8.676600000000000000e+04
8.681500000000000000e+04
8.683100000000000000e+04
8.684300000000000000e+04
8.687100000000000000e+04
8.688700000000000000e+04
8.689100000000000000e+04
8.690600000000000000e+04
8.690800000000000000e+04
8.694200000000000000e+04
8.695100000000000000e+04
8.695500000000000000e+04
8.695700000000000000e+04
8.697200000000000000e+04
8.698700000000000000e+04
8.698900000000000000e+04
8.699000000000000000e+04
8.699500000000000000e+04
8.702500000000000000e+04
8.702600000000000000e+04
8.703200000000000000e+04
8.728300000000000000e+04
8.737500000000000000e+04
8.743900000000000000e+04
8.751300000000000000e+04
8.766100000000000000e+04
8.770700000000000000e+04
8.789800000000000000e+04
8.790700000000000000e+04
8.794300000000000000e+04
8.795800000000000000e+04
8.801000000000000000e+04
8.830100000000000000e+04
8.835100000000000000e+04
8.839900000000000000e+04
8.840700000000000000e+04
8.847700000000000000e+04
8.847800000000000000e+04
8.852300000000000000e+04
8.853800000000000000e+04
8.856800000000000000e+04
8.865500000000000000e+04
8.866300000000000000e+04
8.878200000000000000e+04
8.881800000000000000e+04
8.882000000000000000e+04
8.888300000000000000e+04
8.893400000000000000e+04
8.893700000000000000e+04
8.901000000000000000e+04
8.902900000000000000e+04
8.904800000000000000e+04
8.931500000000000000e+04
8.942700000000000000e+04
8.945700000000000000e+04
8.965800000000000000e+04
8.975400000000000000e+04
8.979700000000000000e+04
8.992300000000000000e+04
8.995300000000000000e+04
9.005000000000000000e+04
9.033500000000000000e+04
9.046300000000000000e+04
9.049400000000000000e+04
9.054300000000000000e+04
9.055500000000000000e+04
9.058900000000000000e+04
9.060300000000000000e+04
9.062000000000000000e+04
9.081400000000000000e+04
9.091100000000000000e+04
9.093900000000000000e+04
9.096700000000000000e+04
9.097100000000000000e+04
9.098300000000000000e+04
9.099000000000000000e+04
9.099800000000000000e+04
9.103100000000000000e+04
9.104700000000000000e+04
9.105100000000000000e+04
9.106100000000000000e+04
9.111300000000000000e+04
9.131100000000000000e+04
9.135700000000000000e+04
9.142300000000000000e+04
9.180500000000000000e+04
9.181500000000000000e+04
9.181900000000000000e+04
9.182700000000000000e+04
9.186100000000000000e+04
9.192700000000000000e+04
9.198700000000000000e+04
9.198900000000000000e+04
9.202400000000000000e+04
9.205700000000000000e+04
9.211300000000000000e+04
9.227100000000000000e+04
9.228300000000000000e+04
9.233500000000000000e+04
9.251000000000000000e+04
9.251900000000000000e+04
9.253100000000000000e+04
9.281500000000000000e+04
9.284600000000000000e+04
9.289900000000000000e+04
9.297400000000000000e+04
9.297900000000000000e+04
9.300600000000000000e+04
9.304100000000000000e+04
9.308100000000000000e+04
9.312500000000000000e+04
9.321500000000000000e+04
9.356000000000000000e+04
9.358900000000000000e+04
9.361200000000000000e+04
9.375400000000000000e+04
9.381200000000000000e+04
9.431900000000000000e+04
9.433400000000000000e+04
9.444500000000000000e+04
9.456700000000000000e+04
9.461900000000000000e+04
9.482700000000000000e+04
9.492600000000000000e+04
9.496100000000000000e+04
9.496400000000000000e+04
9.505300000000000000e+04
9.513900000000000000e+04
9.515300000000000000e+04
9.551100000000000000e+04
9.560800000000000000e+04
9.572800000000000000e+04
9.577300000000000000e+04
9.584300000000000000e+04
9.594200000000000000e+04
9.594800000000000000e+04
9.617600000000000000e+04
9.664700000000000000e+04
9.668900000000000000e+04
9.671300000000000000e+04
9.672200000000000000e+04
9.682100000000000000e+04
9.688800000000000000e+04
9.806600000000000000e+04
9.855900000000000000e+04
9.875100000000000000e+04
9.878300000000000000e+04
9.879900000000000000e+04
9.880700000000000000e+04
9.881100000000000000e+04
9.881300000000000000e+04
9.881400000000000000e+04
9.894300000000000000e+04
9.900700000000000000e+04
9.903900000000000000e+04
9.905500000000000000e+04
9.906300000000000000e+04
9.906700000000000000e+04
9.906900000000000000e+04
9.907000000000000000e+04
9.913500000000000000e+04
9.916700000000000000e+04
9.918300000000000000e+04
9.919100000000000000e+04
9.919500000000000000e+04
9.919700000000000000e+04
9.919800000000000000e+04
9.923100000000000000e+04
9.924700000000000000e+04
9.925500000000000000e+04
9.925900000000000000e+04
9.926100000000000000e+04
9.926200000000000000e+04
9.927900000000000000e+04
9.928700000000000000e+04
9.929100000000000000e+04
9.929300000000000000e+04
9.929400000000000000e+04
9.930300000000000000e+04
9.930700000000000000e+04
9.930900000000000000e+04
9.931500000000000000e+04
9.931700000000000000e+04
9.931800000000000000e+04
9.932100000000000000e+04
9.932200000000000000e+04
9.932400000000000000e+04
9.945500000000000000e+04
9.955100000000000000e+04
9.957500000000000000e+04
9.958100000000000000e+04
9.964700000000000000e+04
9.967900000000000000e+04
9.970900000000000000e+04
9.974300000000000000e+04
9.976700000000000000e+04
9.980500000000000000e+04
9.982100000000000000e+04
9.983300000000000000e+04
9.990300000000000000e+04
9.999900000000000000e+04
1.000150000000000000e+05
1.000230000000000000e+05
1.000270000000000000e+05
1.000290000000000000e+05
1.000550000000000000e+05
1.000590000000000000e+05
1.000610000000000000e+05
1.000620000000000000e+05
1.000710000000000000e+05
1.000830000000000000e+05
1.000850000000000000e+05
1.001270000000000000e+05
1.001430000000000000e+05
1.001510000000000000e+05
1.001550000000000000e+05
1.001570000000000000e+05
1.001750000000000000e+05
1.001830000000000000e+05
1.001870000000000000e+05
1.001890000000000000e+05
1.001990000000000000e+05
1.002030000000000000e+05
1.002110000000000000e+05
1.002130000000000000e+05
1.002200000000000000e+05
1.002390000000000000e+05
1.002510000000000000e+05
1.002530000000000000e+05
1.002630000000000000e+05
1.002670000000000000e+05
1.002770000000000000e+05
1.002840000000000000e+05
1.003070000000000000e+05
1.003090000000000000e+05
1.003300000000000000e+05
1.003400000000000000e+05
1.005910000000000000e+05
1.007310000000000000e+05
1.007340000000000000e+05
1.007670000000000000e+05
1.008150000000000000e+05
1.008580000000000000e+05
1.008600000000000000e+05
1.009900000000000000e+05
1.010390000000000000e+05
1.010540000000000000e+05
1.010710000000000000e+05
1.010790000000000000e+05
1.010850000000000000e+05
1.010860000000000000e+05
1.011100000000000000e+05
1.011130000000000000e+05
1.011140000000000000e+05
1.011750000000000000e+05
1.011790000000000000e+05
1.011820000000000000e+05
1.012230000000000000e+05
1.012270000000000000e+05
1.012300000000000000e+05
1.012350000000000000e+05
1.012630000000000000e+05
1.012750000000000000e+05
1.012770000000000000e+05
1.012780000000000000e+05
1.012910000000000000e+05
1.013190000000000000e+05
1.013250000000000000e+05
1.013310000000000000e+05
1.013330000000000000e+05
1.013470000000000000e+05
1.013490000000000000e+05
1.013540000000000000e+05
1.013560000000000000e+05
1.013610000000000000e+05
1.013640000000000000e+05
1.014710000000000000e+05
1.016630000000000000e+05
1.018500000000000000e+05
1.019430000000000000e+05
1.019820000000000000e+05
1.020430000000000000e+05
1.020460000000000000e+05
1.020740000000000000e+05
1.021180000000000000e+05
1.021210000000000000e+05
1.021740000000000000e+05
1.023140000000000000e+05
1.023690000000000000e+05
1.026470000000000000e+05
1.026540000000000000e+05
1.027510000000000000e+05
1.027810000000000000e+05
1.028870000000000000e+05
1.029020000000000000e+05
1.029050000000000000e+05
1.029060000000000000e+05
1.031020000000000000e+05
1.031190000000000000e+05
1.031310000000000000e+05
1.031470000000000000e+05
1.031490000000000000e+05
1.031640000000000000e+05
1.032230000000000000e+05
1.032270000000000000e+05
1.032590000000000000e+05
1.032610000000000000e+05
1.032920000000000000e+05
1.033110000000000000e+05
1.033190000000000000e+05
1.033350000000000000e+05
1.033410000000000000e+05
1.033420000000000000e+05
1.033560000000000000e+05
1.033710000000000000e+05
1.033730000000000000e+05
1.033740000000000000e+05
1.033880000000000000e+05
1.033980000000000000e+05
1.036070000000000000e+05
1.036110000000000000e+05
1.036430000000000000e+05
1.036450000000000000e+05
1.037110000000000000e+05
1.037710000000000000e+05
1.038310000000000000e+05
1.038470000000000000e+05
1.040290000000000000e+05
1.041540000000000000e+05
1.041800000000000000e+05
1.041840000000000000e+05
1.042190000000000000e+05
1.043050000000000000e+05
1.043080000000000000e+05
1.043580000000000000e+05
1.043720000000000000e+05
1.045590000000000000e+05
1.046790000000000000e+05
1.048070000000000000e+05
1.049330000000000000e+05
1.050210000000000000e+05
1.050470000000000000e+05
1.050670000000000000e+05
1.050780000000000000e+05
1.051030000000000000e+05
1.051770000000000000e+05
1.052670000000000000e+05
1.052870000000000000e+05
1.053790000000000000e+05
1.053860000000000000e+05
1.054420000000000000e+05
1.055190000000000000e+05
1.055630000000000000e+05
1.055890000000000000e+05
1.056460000000000000e+05
1.057080000000000000e+05
1.057140000000000000e+05
1.061330000000000000e+05
1.063160000000000000e+05
1.066230000000000000e+05
1.067490000000000000e+05
1.068470000000000000e+05
1.068710000000000000e+05
1.069410000000000000e+05
1.069420000000000000e+05
1.069670000000000000e+05
1.069900000000000000e+05
1.070010000000000000e+05
1.070710000000000000e+05
1.071340000000000000e+05
1.071830000000000000e+05
1.072150000000000000e+05
1.072290000000000000e+05
1.072510000000000000e+05
1.072600000000000000e+05
1.073230000000000000e+05
1.073250000000000000e+05
1.073510000000000000e+05
1.073570000000000000e+05
1.073730000000000000e+05
1.073880000000000000e+05
1.074190000000000000e+05
1.074220000000000000e+05
1.074350000000000000e+05
1.074430000000000000e+05
1.074450000000000000e+05
1.074520000000000000e+05
1.074820000000000000e+05
1.074910000000000000e+05
1.075120000000000000e+05
1.077350000000000000e+05
1.077580000000000000e+05
1.078070000000000000e+05
1.078230000000000000e+05
1.080790000000000000e+05
1.080930000000000000e+05
1.081110000000000000e+05
1.082350000000000000e+05
1.082370000000000000e+05
1.084440000000000000e+05
1.084970000000000000e+05
1.088610000000000000e+05
1.088910000000000000e+05
1.089090000000000000e+05
1.089150000000000000e+05
1.089860000000000000e+05
1.089880000000000000e+05
1.091650000000000000e+05
1.092230000000000000e+05
1.092900000000000000e+05
1.093040000000000000e+05
1.093650000000000000e+05
1.093690000000000000e+05
1.094840000000000000e+05
1.097530000000000000e+05
1.098670000000000000e+05
1.099380000000000000e+05
1.100280000000000000e+05
1.101310000000000000e+05
1.101880000000000000e+05
1.103500000000000000e+05
1.104240000000000000e+05
1.105300000000000000e+05
1.108300000000000000e+05
1.109630000000000000e+05
1.110190000000000000e+05
1.111980000000000000e+05
1.112710000000000000e+05
1.114760000000000000e+05
1.115160000000000000e+05
1.115570000000000000e+05
1.115580000000000000e+05
1.117740000000000000e+05
1.118010000000000000e+05
1.119470000000000000e+05
1.120560000000000000e+05
1.122630000000000000e+05
1.124660000000000000e+05
1.127970000000000000e+05
1.128570000000000000e+05
1.129110000000000000e+05
1.129810000000000000e+05
1.130310000000000000e+05
1.131790000000000000e+05
1.132120000000000000e+05
1.132870000000000000e+05
1.133770000000000000e+05
1.134270000000000000e+05
1.134580000000000000e+05
1.138480000000000000e+05
1.139330000000000000e+05
1.139690000000000000e+05
1.145640000000000000e+05
1.148790000000000000e+05
1.149390000000000000e+05
1.149420000000000000e+05
1.151270000000000000e+05
1.151330000000000000e+05
1.151590000000000000e+05
1.151870000000000000e+05
1.152630000000000000e+05
1.153110000000000000e+05
1.153260000000000000e+05
1.153590000000000000e+05
1.154150000000000000e+05
1.154190000000000000e+05
1.155110000000000000e+05
1.155470000000000000e+05
1.155490000000000000e+05
1.155500000000000000e+05
1.155650000000000000e+05
1.155710000000000000e+05
1.155990000000000000e+05
1.156070000000000000e+05
1.156130000000000000e+05
1.156290000000000000e+05
1.156300000000000000e+05
1.156350000000000000e+05
1.156380000000000000e+05
1.156410000000000000e+05
1.156610000000000000e+05
1.156620000000000000e+05
1.156760000000000000e+05
1.156830000000000000e+05
1.156850000000000000e+05
1.156970000000000000e+05
1.157040000000000000e+05
1.158990000000000000e+05
1.159550000000000000e+05
1.161250000000000000e+05
1.162710000000000000e+05
1.164440000000000000e+05
1.164660000000000000e+05
1.164720000000000000e+05
1.165250000000000000e+05
1.165650000000000000e+05
1.165810000000000000e+05
1.166300000000000000e+05
1.166890000000000000e+05
1.167080000000000000e+05
1.169190000000000000e+05
1.170710000000000000e+05
1.171070000000000000e+05
1.171140000000000000e+05
1.171470000000000000e+05
1.172030000000000000e+05
1.172120000000000000e+05
1.172190000000000000e+05
1.173420000000000000e+05
1.173630000000000000e+05
1.174290000000000000e+05
1.174610000000000000e+05
1.175330000000000000e+05
1.175550000000000000e+05
1.175750000000000000e+05
1.176240000000000000e+05
1.178150000000000000e+05
1.179420000000000000e+05
1.180990000000000000e+05
1.182170000000000000e+05
1.182420000000000000e+05
1.184980000000000000e+05
1.188470000000000000e+05
1.191190000000000000e+05
1.191970000000000000e+05
1.192190000000000000e+05
1.193550000000000000e+05
1.193870000000000000e+05
1.195010000000000000e+05
1.195160000000000000e+05
1.196030000000000000e+05
1.196300000000000000e+05
1.196510000000000000e+05
1.196580000000000000e+05
1.196990000000000000e+05
1.197560000000000000e+05
1.197620000000000000e+05
1.199110000000000000e+05
1.199870000000000000e+05
1.200560000000000000e+05
1.200930000000000000e+05
1.202030000000000000e+05
1.202590000000000000e+05
1.207380000000000000e+05
1.209250000000000000e+05
1.210370000000000000e+05
1.211630000000000000e+05
1.214970000000000000e+05
1.219020000000000000e+05
1.219760000000000000e+05
1.221230000000000000e+05
1.224350000000000000e+05
1.224500000000000000e+05
1.230550000000000000e+05
1.230690000000000000e+05
1.231670000000000000e+05
1.233240000000000000e+05
1.233350000000000000e+05
1.235100000000000000e+05
1.235490000000000000e+05
1.236910000000000000e+05
1.236990000000000000e+05
1.237080000000000000e+05
1.237540000000000000e+05
1.238040000000000000e+05
1.238170000000000000e+05
1.243010000000000000e+05
1.245210000000000000e+05
1.245550000000000000e+05
1.247000000000000000e+05
1.248120000000000000e+05
1.248650000000000000e+05
1.251100000000000000e+05
1.252230000000000000e+05
1.253470000000000000e+05
1.256650000000000000e+05
1.257930000000000000e+05
1.259980000000000000e+05
1.263530000000000000e+05
1.270790000000000000e+05
1.270930000000000000e+05
1.273980000000000000e+05
1.275870000000000000e+05
1.276900000000000000e+05
1.277130000000000000e+05
1.277200000000000000e+05
1.277630000000000000e+05
1.281060000000000000e+05
1.281540000000000000e+05
1.287050000000000000e+05
1.292220000000000000e+05
1.293020000000000000e+05
1.296840000000000000e+05
