0 0 1.999964686967055
0 1 -2.919136570433984e-05
0 2 -8.355697337506009e-05
0 3 1.166331706110107e-05
0 4 1.549472521765891e-05
0 5 -4.206525684549928e-06
0 6 4.641469365683717e-07
0 7 4.579157849945051e-06
0 8 5.596250472059269e-06
0 9 0.0001010719232044177
0 10 1.670241032212114e-05
0 11 -1.832917078509255e-05
0 12 -1.264050928083853e-05
0 13 0.0001017317038786449
0 14 -0.0001309882240906415
0 15 0.0003100585855986409
0 16 2.70806070606676e-05
1 0 -2.919136570433987e-05
1 1 1.989056660674594
1 2 -0.0008760259983311605
1 3 -0.001810393456749105
1 4 -0.002099145888051305
1 5 0.0004327508302359277
1 6 0.0002097262997674664
1 7 8.165941355186518e-05
1 8 0.0007024711860895
1 9 -0.0006971746582075871
1 10 1.41460040283737e-05
1 11 0.0003135358474785971
1 12 0.0007120981241180457
1 13 -0.001214131642899454
1 14 -0.0002654846440223371
1 15 -0.0005105094455016755
1 16 -3.010368661883557e-06
2 0 -8.355697337506025e-05
2 1 -0.000876025998331161
2 2 1.985591428539642
2 3 0.001132945111795603
2 4 0.001362135625759935
2 5 -0.0002649200452318553
2 6 -0.0001757545081198396
2 7 -0.001223250727228428
2 8 0.002051188920545259
2 9 -0.0003857623119320211
2 10 -0.0004758143809719105
2 11 -0.000162284559592177
2 12 0.001568604931364569
2 13 -8.366268538621562e-05
2 14 0.0003721872964692766
2 15 -0.0007380913589391
2 16 -0.0002140298697209473
3 0 1.16633170611009e-05
3 1 -0.001810393456749106
3 2 0.001132945111795593
3 3 1.982658490960649
3 4 0.003758193784765109
3 5 -0.0006934899307414462
3 6 -0.0007515964752285356
3 7 -0.003135166763446542
3 8 0.004190042438647765
3 9 -0.00115763122295853
3 10 -0.00107155913213972
3 11 -0.0007656452447075089
3 12 -0.0001721662400493899
3 13 -0.0001226392521445779
3 14 5.297287738013869e-05
3 15 -0.0003509737348707194
3 16 0.0003071215269395207
4 0 1.549472521765889e-05
4 1 -0.002099145888051306
4 2 0.001362135625759938
4 3 0.003758193784765108
4 4 1.984993580520861
4 5 -0.001098141876252432
4 6 0.0002336244754567674
4 7 -0.004383520560687209
4 8 0.005977780258972355
4 9 -0.002038354262978159
4 10 -0.001672361475710776
4 11 0.001454412600605625
4 12 -4.614433589478652e-05
4 13 0.0001511419325531429
4 14 5.442891852245092e-05
4 15 -0.0007341479768200892
4 16 -0.0005576716685904797
5 0 -4.20652568454993e-06
5 1 0.0004327508302359282
5 2 -0.000264920045231883
5 3 -0.000693489930741442
5 4 -0.001098141876252428
5 5 1.978365693362257
5 6 -5.72906282241393e-05
5 7 0.001003334813024201
5 8 -0.00130284984198935
5 9 0.002192879121384409
5 10 -0.001676427808332809
5 11 0.0002710558128977992
5 12 -0.000983419028330382
5 13 -0.0003829993229053001
5 14 -0.0006501195518892494
5 15 -0.001016430526507173
5 16 0.0001855632038581317
6 0 4.641469365683163e-07
6 1 0.0002097262997674699
6 2 -0.0001757545081198445
6 3 -0.0007515964752285422
6 4 0.0002336244754567764
6 5 -5.729062822413786e-05
6 6 1.976404205122742
6 7 -4.182072680504283e-06
6 8 7.013661885297835e-05
6 9 -0.0002951812495815383
6 10 -0.0001428058515946428
6 11 0.0004490946510780953
6 12 0.0001514783836496164
6 13 0.0001059614735599737
6 14 -0.0003405616212716887
6 15 2.048249552832458e-06
6 16 0.0002053814792847162
7 0 4.579157849945077e-06
7 1 8.165941355186478e-05
7 2 -0.001223250727228418
7 3 -0.003135166763446559
7 4 -0.004383520560687197
7 5 0.00100333481302421
7 6 -4.182072680494362e-06
7 7 1.977415148022702
7 8 -0.001419859623550437
7 9 0.000955091303294811
7 10 -0.0006706648709524075
7 11 -5.929851253764113e-05
7 12 0.0002419278737237703
7 13 -0.0001795806604458358
7 14 0.0009512429324417904
7 15 0.0001222721478223193
7 16 -0.0001071500621518545
8 0 5.596250472059265e-06
8 1 0.0007024711860894965
8 2 0.00205118892054525
8 3 0.004190042438647781
8 4 0.005977780258972361
8 5 -0.001302849841989388
8 6 7.013661885297609e-05
8 7 -0.001419859623550443
8 8 1.973675270506406
8 9 0.0008288131803608679
8 10 -0.0005565969127737287
8 11 0.0004592370286823432
8 12 -0.003194661057158122
8 13 0.0002358901340826505
8 14 -0.0002781953117402041
8 15 -0.0005666622397216786
8 16 -0.0001679597976722106
9 0 0.0001010719232044174
9 1 -0.0006971746582075919
9 2 -0.000385762311932023
9 3 -0.001157631222958514
9 4 -0.002038354262978169
9 5 0.002192879121384406
9 6 -0.0002951812495815385
9 7 0.0009550913032948119
9 8 0.0008288131803608527
9 9 0.0206331771197923
9 10 -0.006486789513251774
9 11 -0.0002419382842954883
9 12 0.007492055853714071
9 13 0.002949982940182623
9 14 -0.0001643531613906725
9 15 0.002344192465024108
9 16 -0.0005268007967815112
10 0 1.67024103221211e-05
10 1 1.414600402837415e-05
10 2 -0.000475814380971914
10 3 -0.001071559132139721
10 4 -0.001672361475710776
10 5 -0.001676427808332816
10 6 -0.0001428058515946421
10 7 -0.0006706648709524051
10 8 -0.0005565969127737267
10 9 -0.006486789513251772
10 10 0.01722616006878859
10 11 0.0001605784150260904
10 12 0.003998889088506784
10 13 0.001779584921387395
10 14 -0.0005570366145200783
10 15 0.001207505352165734
10 16 -0.0001346056580270197
11 0 -1.832917078509241e-05
11 1 0.0003135358474785976
11 2 -0.000162284559592177
11 3 -0.0007656452447075197
11 4 0.001454412600605632
11 5 0.0002710558128977981
11 6 0.0004490946510780948
11 7 -5.92985125376415e-05
11 8 0.0004592370286823427
11 9 -0.0002419382842954905
11 10 0.0001605784150261025
11 11 0.02127868592569739
11 12 -0.0002296671869833886
11 13 0.001053554496796037
11 14 0.0006818815265152405
11 15 -0.0002297172804996766
11 16 0.0007266705132287477
12 0 -1.264050928083855e-05
12 1 0.0007120981241180484
12 2 0.001568604931364572
12 3 -0.0001721662400493884
12 4 -4.614433589478627e-05
12 5 -0.0009834190283303768
12 6 0.0001514783836496161
12 7 0.0002419278737237721
12 8 -0.003194661057158145
12 9 0.007492055853713983
12 10 0.003998889088506754
12 11 -0.0002296671869834
12 12 0.01988868419452525
12 13 -0.00147228803690817
12 14 -0.0003052463682287622
12 15 0.0001021349661132885
12 16 0.0004899565512896588
13 0 0.0001017317038786452
13 1 -0.001214131642899457
13 2 -8.366268538621562e-05
13 3 -0.0001226392521445759
13 4 0.0001511419325531454
13 5 -0.0003829993229053042
13 6 0.0001059614735599738
13 7 -0.0001795806604458371
13 8 0.0002358901340826515
13 9 0.002949982940182628
13 10 0.001779584921387391
13 11 0.001053554496796049
13 12 -0.00147228803690816
13 13 0.01621887775953729
13 14 -0.001897941726338382
13 15 -0.0006081861117138933
13 16 0.0008792502617714645
14 0 -0.000130988224090641
14 1 -0.0002654846440223368
14 2 0.0003721872964692753
14 3 5.297287738013897e-05
14 4 5.442891852245399e-05
14 5 -0.0006501195518892511
14 6 -0.0003405616212716862
14 7 0.0009512429324417778
14 8 -0.0002781953117402027
14 9 -0.00016435316139064
14 10 -0.000557036614520072
14 11 0.0006818815265152343
14 12 -0.0003052463682287653
14 13 -0.001897941726338388
14 14 0.01913775029871374
14 15 0.0004663986914477234
14 16 0.0003863873173458929
15 0 0.000310058585598641
15 1 -0.0005105094455016804
15 2 -0.0007380913589390998
15 3 -0.0003509737348707211
15 4 -0.000734147976820087
15 5 -0.001016430526507174
15 6 2.048249552832513e-06
15 7 0.0001222721478223206
15 8 -0.0005666622397216784
15 9 0.002344192465024137
15 10 0.001207505352165723
15 11 -0.0002297172804996821
15 12 0.0001021349661132948
15 13 -0.0006081861117138998
15 14 0.0004663986914477127
15 15 0.01911764157084594
15 16 5.927361149922205e-05
16 0 2.708060706066768e-05
16 1 -3.010368661883567e-06
16 2 -0.0002140298697209471
16 3 0.000307121526939521
16 4 -0.0005576716685904766
16 5 0.00018556320385813
16 6 0.0002053814792847168
16 7 -0.0001071500621518562
16 8 -0.0001679597976722119
16 9 -0.0005268007967815071
16 10 -0.0001346056580270158
16 11 0.0007266705132287436
16 12 0.0004899565512896692
16 13 0.0008792502617714578
16 14 0.0003863873173458955
16 15 5.927361149921956e-05
16 16 0.01837385838230721
