0 0 1.999972073786746
0 1 -1.310266877707032e-05
0 2 -5.700429466432541e-06
0 3 -5.471500160106532e-05
0 4 -5.011940940368343e-05
0 5 -3.2882845581707e-05
0 6 -3.839311275510458e-07
0 7 3.471150463766591e-05
0 8 -2.060427815719299e-05
0 9 -2.692168374565491e-05
0 10 1.177933003832577e-05
0 11 2.003575911336307e-05
0 12 7.000562035546137e-06
0 13 -2.496553149544013e-06
0 14 -1.435055778509373e-06
0 15 -4.945300351116256e-06
0 16 -5.233498202232422e-06
0 17 -1.295202632587553e-06
0 18 -7.964892922120754e-07
0 19 -1.189386902855703e-05
0 20 1.139195277610364e-05
0 21 -0.0001000492384466909
0 22 0.0001773943013349517
0 23 -7.886901949091815e-05
0 24 0.0001451699625671629
0 25 -5.732447841360911e-05
0 26 -0.0001657974849545142
0 27 -1.171443264506525e-05
0 28 -2.798574495411533e-06
0 29 -9.595981111331312e-05
0 30 8.241983925852593e-05
0 31 -5.653831423098408e-06
1 0 -1.310266877707027e-05
1 1 1.993247112129194
1 2 -0.0002813668654555184
1 3 4.882428519139583e-05
1 4 -0.0007736116070399599
1 5 -0.0006770626949209693
1 6 0.001004389933527955
1 7 -0.0005556052709230894
1 8 6.84878893138187e-05
1 9 0.000851996192831832
1 10 0.0004637272064723002
1 11 0.0001807944533132538
1 12 -4.012827006303687e-05
1 13 -9.563019204953627e-05
1 14 -0.0001570740087204405
1 15 0.0001254990974667848
1 16 -0.0001510911822107969
1 17 0.0001570592649278887
1 18 0.0006633765251686527
1 19 -0.0004737567930171134
1 20 -0.000223394424027365
1 21 -0.002258998807686408
1 22 0.00115537226810209
1 23 0.0003857270370031273
1 24 -0.0008000734914714984
1 25 -0.0007649271452050066
1 26 0.0003253078425396604
1 27 5.926211288990999e-05
1 28 0.000552966723388864
1 29 2.083290947841804e-05
1 30 -0.0001232423057958588
1 31 0.0003366009628186013
2 0 -5.700429466432538e-06
2 1 -0.0002813668654555178
2 2 1.990766510091858
2 3 0.0003834702000689629
2 4 0.0007383831937600207
2 5 -0.000593044579885745
2 6 0.001810300527167203
2 7 0.001412450604987466
2 8 8.408992102876235e-05
2 9 -0.0006522068350136061
2 10 0.0004513961745171745
2 11 0.001062052629843984
2 12 -0.0003226391759992797
2 13 0.0001438250393638586
2 14 0.0005859803915064775
2 15 -0.0001402667253674995
2 16 3.120988243060597e-05
2 17 -0.0004354565386508835
2 18 -0.001089086924086385
2 19 0.0006455284457685291
2 20 0.0001595294529287116
2 21 -0.0003441345110553162
2 22 -0.0009252246228303698
2 23 -0.0003920101642059106
2 24 0.0002998270763998716
2 25 0.0001498057817682949
2 26 -0.0001903239744356598
2 27 -0.0001716032217433238
2 28 0.0008068678127161159
2 29 0.0005436515273013402
2 30 -0.0009994615432366743
2 31 0.0006407484840221822
3 0 -5.47150016010653e-05
3 1 4.882428519139908e-05
3 2 0.0003834702000689595
3 3 1.989148297795325
3 4 -0.0004810025264542485
3 5 -0.0002560729802872171
3 6 3.170719750682304e-05
3 7 0.0003395011302883052
3 8 -7.32253445164881e-05
3 9 -0.0001907229227728024
3 10 0.0003441335678989972
3 11 0.0005373320756202935
3 12 2.504110515202491e-05
3 13 -2.934719782640075e-05
3 14 0.0001074946286556375
3 15 -0.0002842085410448448
3 16 -0.0001488262049854234
3 17 -0.0002795792012479725
3 18 0.0003172469675071427
3 19 -0.0001300598849048078
3 20 3.630618388561354e-05
3 21 0.0003696453907536801
3 22 -6.443551879243879e-05
3 23 0.0001982163331136565
3 24 -0.001206210194402214
3 25 0.0006019032243001941
3 26 0.0008715693658982122
3 27 -3.665588986152085e-05
3 28 1.508060338844162e-05
3 29 -0.001208209824829754
3 30 -0.0005819452603471702
3 31 -0.001331381612463953
4 0 -5.011940940368284e-05
4 1 -0.0007736116070399652
4 2 0.0007383831937600305
4 3 -0.0004810025264542433
4 4 1.986142522923066
4 5 -0.002566831809142904
4 6 0.002755517312375971
4 7 0.0009643452276537625
4 8 -0.0009387346577382607
4 9 0.0005600634755378879
4 10 0.0008326544354996406
4 11 0.001143280946594658
4 12 -0.0002528807688326253
4 13 -0.0001358282513589562
4 14 -0.0002051493088222582
4 15 0.0004029460386861031
4 16 0.0003534388202068166
4 17 -0.0007497151061168778
4 18 6.96532938177352e-06
4 19 0.0003103746705045113
4 20 -2.213145416445246e-05
4 21 -0.001048766361841239
4 22 -0.0008486276149727104
4 23 0.001270184006429182
4 24 -0.001384706124243613
4 25 -0.00158701723536997
4 26 -0.001235954969000033
4 27 -0.0002175812688160888
4 28 -0.0003074033442075781
4 29 -0.001093029569810109
4 30 0.0005614696205443429
4 31 -0.0001691500016596991
5 0 -3.288284558170694e-05
5 1 -0.0006770626949209534
5 2 -0.0005930445798857326
5 3 -0.0002560729802872117
5 4 -0.002566831809142902
5 5 1.986282049372956
5 6 -0.001614064595521086
5 7 -0.001359101357274647
5 8 0.002592714879783829
5 9 -0.00147342498116274
5 10 -0.001455736480248054
5 11 -0.001782594838246323
5 12 0.003369207206965463
5 13 -0.0003064704505000624
5 14 0.0001447362160435693
5 15 -0.000575840935882258
5 16 -9.913327098094446e-05
5 17 0.000980635464925612
5 18 0.0007217892591787733
5 19 -0.0007501985729092148
5 20 -1.017789943986852e-05
5 21 -0.0007124429979922892
5 22 -0.0007762317375061303
5 23 -0.002367429734429159
5 24 0.001302164507763602
5 25 0.003027013735964606
5 26 -0.001379402019981742
5 27 -0.0006017884885238791
5 28 -0.00194738502647146
5 29 -0.00073325762992106
5 30 0.001317717936511243
5 31 -0.00101177250701981
6 0 -3.83931127551151e-07
6 1 0.001004389933527953
6 2 0.001810300527167213
6 3 3.170719750680954e-05
6 4 0.002755517312375941
6 5 -0.001614064595521079
6 6 1.988077765623941
6 7 0.002929440367416625
6 8 -0.00165337054873984
6 9 -0.001125659471891012
6 10 0.001767299661763934
6 11 0.003057128333159447
6 12 0.002300161238786423
6 13 -0.0009221139803549485
6 14 0.0004403921594264477
6 15 -0.0002484105168113549
6 16 0.0007586033447867211
6 17 -0.0007870248442034658
6 18 0.0003242832388521012
6 19 3.81321633122357e-05
6 20 8.153454701324416e-05
6 21 0.00346738593432251
6 22 0.000364069797885941
6 23 0.0001727967387056985
6 24 -0.001956668945677045
6 25 -0.001284090778608097
6 26 0.003670625264848176
6 27 -0.001679708761806481
6 28 -0.001083564179085846
6 29 -0.0005489344998137619
6 30 0.0003353308632184699
6 31 -0.001656040539168376
7 0 3.471150463766613e-05
7 1 -0.000555605270923097
7 2 0.001412450604987455
7 3 0.0003395011302882994
7 4 0.0009643452276537966
7 5 -0.001359101357274622
7 6 0.002929440367416587
7 7 1.982133994378268
7 8 -6.077241045119202e-05
7 9 0.00100680789869632
7 10 0.000474257984003107
7 11 0.0007607460696105568
7 12 0.00339260668651415
7 13 -0.001108666534746978
7 14 0.0007357562391707186
7 15 0.0005502489298684972
7 16 -0.0003786617516112176
7 17 0.0006535663240076674
7 18 0.0006037416065321705
7 19 -0.0006625150224330323
7 20 -0.0007170089357350213
7 21 -0.001239187414023414
7 22 -0.0003658145320742871
7 23 -0.0001328481596716423
7 24 0.0009473585321399186
7 25 0.001221284517999463
7 26 0.0008605912451149626
7 27 -0.001911978188791055
7 28 -0.002266404285654957
7 29 0.001137064154497484
7 30 -0.0008304304007379153
7 31 -0.0002980691309566453
8 0 -2.06042781571932e-05
8 1 6.848788931380705e-05
8 2 8.408992102875153e-05
8 3 -7.32253445164907e-05
8 4 -0.0009387346577383001
8 5 0.002592714879783969
8 6 -0.001653370548739832
8 7 -6.077241045116766e-05
8 8 1.983025079623792
8 9 -0.002905460639026003
8 10 -0.003400344372248369
8 11 -2.247591471030226e-05
8 12 0.003481886935189865
8 13 -0.001780773444640128
8 14 -0.001970770557883444
8 15 0.002149845548591679
8 16 -0.002768436719544073
8 17 0.00309463932625323
8 18 0.005950893380595977
8 19 -0.005934680122163364
8 20 -0.001808766595096479
8 21 0.001272384848376006
8 22 0.002770975117402293
8 23 0.00131934733485783
8 24 -0.001244431236799667
8 25 -0.002084447375983147
8 26 0.001529678470054822
8 27 -0.001516129884082046
8 28 0.00132679860134762
8 29 -0.00107690208980923
8 30 0.0004817391968033199
8 31 -0.0009807630306935984
9 0 -2.692168374565543e-05
9 1 0.0008519961928318359
9 2 -0.0006522068350135973
9 3 -0.0001907229227728072
9 4 0.0005600634755378632
9 5 -0.00147342498116271
9 6 -0.001125659471891005
9 7 0.001006807898696316
9 8 -0.002905460639026027
9 9 1.980752241509961
9 10 0.0025755367064907
9 11 0.001201055655751454
9 12 -0.003518099821120805
9 13 0.002405048059661208
9 14 0.0003078465846088518
9 15 -0.0003512521187445133
9 16 0.001001916134576878
9 17 -0.001412843063446643
9 18 -0.002731916036801426
9 19 0.002631961042763838
9 20 0.0006228355961072417
9 21 -0.002956967461042404
9 22 -0.0006203577168705098
9 23 -0.001157219668687082
9 24 -0.002172088796052429
9 25 0.0001902009606989671
9 26 -0.0006777435966045011
9 27 0.0001742272655839257
9 28 0.001039714599389109
9 29 -0.0005075171615632201
9 30 -0.001683169747587794
9 31 -0.002355240956358117
10 0 1.177933003832597e-05
10 1 0.0004637272064722663
10 2 0.0004513961745171741
10 3 0.0003441335678990068
10 4 0.0008326544354996012
10 5 -0.001455736480248048
10 6 0.001767299661763928
10 7 0.0004742579840030805
10 8 -0.003400344372248198
10 9 0.002575536706490683
10 10 1.975561529541325
10 11 0.003599467658862989
10 12 -0.003797568258349046
10 13 -0.005085242209676946
10 14 -0.00520725107602569
10 15 0.005691709127102613
10 16 -0.006957695057138199
10 17 0.01041242483853837
10 18 0.01506964330491831
10 19 -0.01737357595649747
10 20 -0.004639986053658614
10 21 0.0002667744169906782
10 22 -0.002611584237797051
10 23 -0.0008183007422325752
10 24 -0.0001524405543887367
10 25 0.000430777455888217
10 26 -0.001736457758255576
10 27 0.001481163928373565
10 28 0.0006777219246210931
10 29 0.0008290190470715387
10 30 -0.0005230909800956773
10 31 0.001529806597829883
11 0 2.003575911336258e-05
11 1 0.000180794453313255
11 2 0.001062052629844018
11 3 0.0005373320756202963
11 4 0.001143280946594673
11 5 -0.001782594838246366
11 6 0.003057128333159449
11 7 0.0007607460696105325
11 8 -2.247591471033032e-05
11 9 0.001201055655751512
11 10 0.00359946765886306
11 11 1.982428822520894
11 12 -0.0003762455182868378
11 13 0.001915853431715075
11 14 0.001988798051917256
11 15 -0.002055267431996198
11 16 0.001663769750346005
11 17 -0.002490903177675613
11 18 -0.005663870149670862
11 19 0.006942926742089859
11 20 0.000795662336237671
11 21 0.004606764902290774
11 22 -0.001869579358940764
11 23 0.00187255265395192
11 24 -0.0001467422044904278
11 25 -0.001243617380842105
11 26 -0.0005923183862668086
11 27 0.00214344116253792
11 28 0.001413580180095521
11 29 0.001668189994203494
11 30 0.0001641668686938728
11 31 0.002857173808987416
12 0 7.000562035546584e-06
12 1 -4.012827006304046e-05
12 2 -0.0003226391759992756
12 3 2.504110515202194e-05
12 4 -0.000252880768832631
12 5 0.003369207206965445
12 6 0.002300161238786404
12 7 0.003392606686514221
12 8 0.003481886935189808
12 9 -0.003518099821120797
12 10 -0.00379756825834887
12 11 -0.0003762455182868344
12 12 1.983354790697035
12 13 -0.004745672558159209
12 14 0.0005972798670420257
12 15 -0.001558544261111062
12 16 -0.000646901242775087
12 17 -0.001459317165093067
12 18 -0.002019459404788064
12 19 0.000979520718663961
12 20 0.0005555872284529953
12 21 0.0005227192541428331
12 22 0.001145202791266225
12 23 0.001480103575247596
12 24 -0.002574638303568951
12 25 -0.002491165142651284
12 26 -0.001678277762114079
12 27 0.002459824311725092
12 28 -0.0002574802370784155
12 29 -0.001492957643007625
12 30 -0.001266308403645727
12 31 0.0005297022102771949
13 0 -2.496553149543896e-06
13 1 -9.56301920495332e-05
13 2 0.0001438250393638431
13 3 -2.934719782640328e-05
13 4 -0.0001358282513589571
13 5 -0.0003064704505000603
13 6 -0.0009221139803549281
13 7 -0.001108666534746987
13 8 -0.001780773444640255
13 9 0.002405048059661162
13 10 -0.005085242209676885
13 11 0.00191585343171512
13 12 -0.004745672558159142
13 13 1.953461382496262
13 14 0.006669443061702095
13 15 -0.009503190316309758
13 16 0.003927300395604235
13 17 -0.01210800884294206
13 18 -0.008794728107254981
13 19 0.01403544669196272
13 20 -0.0004896476798490479
13 21 -0.0007298445726699172
13 22 0.0002862843415086494
13 23 -0.0002282973985667899
13 24 0.0003886734019104352
13 25 -9.966068238552283e-05
13 26 0.0002227298749150729
13 27 -0.000842503937009938
13 28 -3.051978969714173e-05
13 29 0.0003909468686240029
13 30 6.614488376359355e-05
13 31 -0.0003233803842870252
14 0 -1.435055778509431e-06
14 1 -0.0001570740087204364
14 2 0.000585980391506481
14 3 0.0001074946286556407
14 4 -0.0002051493088222787
14 5 0.0001447362160435533
14 6 0.0004403921594264541
14 7 0.0007357562391706637
14 8 -0.001970770557883426
14 9 0.0003078465846088796
14 10 -0.005207251076025744
14 11 0.001988798051917283
14 12 0.0005972798670419749
14 13 0.006669443061702199
14 14 1.93570498882218
14 15 -0.008568937590145046
14 16 0.01538500734812249
14 17 0.000104157451889209
14 18 -0.01028238419421942
14 19 0.008020005311763223
14 20 0.002416095711309351
14 21 -0.001029802543695388
14 22 0.0001469974680402997
14 23 -5.530329215489604e-05
14 24 -0.0003821339290480707
14 25 0.0002952553839155435
14 26 0.001270693903977647
14 27 0.0006413343988358044
14 28 -0.000409483387284064
14 29 5.6938269575585e-06
14 30 0.0004189572554653945
14 31 -0.0001913608440143181
15 0 -4.945300351116207e-06
15 1 0.0001254990974667829
15 2 -0.0001402667253675055
15 3 -0.0002842085410448494
15 4 0.0004029460386860938
15 5 -0.0005758409358822283
15 6 -0.0002484105168113372
15 7 0.0005502489298684699
15 8 0.002149845548591699
15 9 -0.00035125211874451
15 10 0.005691709127102619
15 11 -0.002055267431996181
15 12 -0.001558544261110961
15 13 -0.009503190316309151
15 14 -0.008568937590145147
15 15 1.917164597240044
15 16 -0.004303412682710383
15 17 0.02515951761405629
15 18 9.5512941628183e-05
15 19 -0.01429349763713077
15 20 -0.005278255653313533
15 21 0.0006368537212264585
15 22 -0.0001726229148456905
15 23 -0.000402053857039613
15 24 8.055486236041227e-05
15 25 0.0003717994643743385
15 26 -0.000350752095703211
15 27 0.0003977920441037824
15 28 0.0004840927251387485
15 29 4.083257138593689e-05
15 30 0.000635227415076503
15 31 -0.0003053482704143328
16 0 -5.233498202232663e-06
16 1 -0.0001510911822107937
16 2 3.12098824305971e-05
16 3 -0.0001488262049854356
16 4 0.0003534388202068354
16 5 -9.913327098093604e-05
16 6 0.0007586033447867562
16 7 -0.0003786617516112429
16 8 -0.002768436719544216
16 9 0.001001916134576809
16 10 -0.006957695057137852
16 11 0.001663769750346053
16 12 -0.0006469012427751124
16 13 0.003927300395604284
16 14 0.01538500734812236
16 15 -0.004303412682710196
16 16 1.897723930778466
16 17 -0.0108910435617462
16 18 -0.0233142965240374
16 19 -0.004167218696243615
16 20 0.008480083367652082
16 21 -0.001759403026362269
16 22 0.0001928864161225847
16 23 0.0001626251369953407
16 24 -8.622227211620786e-06
16 25 0.0007504520042446593
16 26 0.001039284662470774
16 27 0.001163603677759875
16 28 -0.0001970713661249671
16 29 -0.000156763742442398
16 30 0.0005635120675763672
16 31 -0.0001182858184920693
17 0 -1.295202632587593e-06
17 1 0.0001570592649278953
17 2 -0.000435456538650853
17 3 -0.0002795792012479492
17 4 -0.0007497151061168345
17 5 0.0009806354649255825
17 6 -0.0007870248442034785
17 7 0.0006535663240076412
17 8 0.003094639326253185
17 9 -0.001412843063446602
17 10 0.01041242483853782
17 11 -0.002490903177675716
17 12 -0.001459317165092937
17 13 -0.0121080088429421
17 14 0.0001041574518892294
17 15 0.02515951761405578
17 16 -0.01089104356174756
17 17 0.1134041185337083
17 18 -0.0007994920180107558
17 19 0.00205070999941102
17 20 0.0002459298255439149
17 21 -0.0005535019983103988
17 22 -0.001226332088085899
17 23 -7.089430932339706e-05
17 24 0.0003374097452130475
17 25 -0.0008518404985178082
17 26 -0.0003694060818904769
17 27 0.0002619904146105546
17 28 9.192219426928377e-05
17 29 0.0003532654598113283
17 30 2.361179047745524e-05
17 31 -0.0001439426646206714
18 0 -7.96489292212075e-07
18 1 0.0006633765251686129
18 2 -0.001089086924086426
18 3 0.0003172469675071642
18 4 6.965329381759252e-06
18 5 0.0007217892591787857
18 6 0.0003242832388521008
18 7 0.0006037416065321388
18 8 0.005950893380595779
18 9 -0.002731916036801499
18 10 0.01506964330491729
18 11 -0.005663870149671249
18 12 -0.002019459404788137
18 13 -0.008794728107254624
18 14 -0.01028238419421945
18 15 9.551294162824723e-05
18 16 -0.02331429652404039
18 17 -0.0007994920180110222
18 18 0.08942513811832251
18 19 -0.001147524692785906
18 20 -0.0001204081268845732
18 21 0.0004480998277712878
18 22 -0.0006243463449602962
18 23 -0.0003101379728443367
18 24 0.001671587865641643
18 25 0.0005484969893090379
18 26 -0.0001738125093852919
18 27 -4.056249813471254e-05
18 28 -0.0002373098212269399
18 29 0.0001383273876759254
18 30 -0.0002116789246252887
18 31 -5.60588955242958e-05
19 0 -1.18938690285569e-05
19 1 -0.0004737567930171273
19 2 0.0006455284457685289
19 3 -0.0001300598849048061
19 4 0.00031037467050451
19 5 -0.0007501985729092336
19 6 3.813216331223823e-05
19 7 -0.000662515022433047
19 8 -0.005934680122163331
19 9 0.002631961042763764
19 10 -0.01737357595649471
19 11 0.006942926742089616
19 12 0.0009795207186640118
19 13 0.01403544669196291
19 14 0.008020005311762769
19 15 -0.01429349763713004
19 16 -0.004167218696243454
19 17 0.002050709999411181
19 18 -0.001147524692786052
19 19 0.07174409657682942
19 20 0.0003757005064843927
19 21 -0.001111355199816049
19 22 0.002013317594008448
19 23 0.0007583544310830492
19 24 0.0006569652747089417
19 25 8.738438787561021e-05
19 26 0.0008268603632911297
19 27 6.02054355878221e-05
19 28 -0.0001864010667630624
19 29 0.0004175584490420834
19 30 -0.0003934092891529961
19 31 0.0001733421462935763
20 0 1.139195277610385e-05
20 1 -0.0002233944240273759
20 2 0.0001595294529287084
20 3 3.630618388561362e-05
20 4 -2.213145416445301e-05
20 5 -1.017789943986838e-05
20 6 8.153454701324641e-05
20 7 -0.0007170089357350425
20 8 -0.001808766595096365
20 9 0.0006228355961072168
20 10 -0.004639986053658687
20 11 0.0007956623362376442
20 12 0.0005555872284530001
20 13 -0.0004896476798490957
20 14 0.002416095711309319
20 15 -0.005278255653313784
20 16 0.008480083367651953
20 17 0.0002459298255437331
20 18 -0.0001204081268839797
20 19 0.0003757005064848463
20 20 0.04671331046277057
20 21 -0.001220046228615155
20 22 -0.001150824285155944
20 23 0.001349816273613844
20 24 0.0005737026198818557
20 25 -0.0002683857144541026
20 26 -0.000319595269418775
20 27 0.0007534947523308798
20 28 0.0003993309353798875
20 29 0.0003253156915530607
20 30 0.0001963847995073001
20 31 -0.0004035588015474174
21 0 -0.0001000492384466901
21 1 -0.002258998807686481
21 2 -0.0003441345110553119
21 3 0.000369645390753677
21 4 -0.001048766361841262
21 5 -0.0007124429979922815
21 6 0.003467385934322835
21 7 -0.001239187414023366
21 8 0.00127238484837596
21 9 -0.002956967461042653
21 10 0.0002667744169906113
21 11 0.004606764902290805
21 12 0.0005227192541428548
21 13 -0.0007298445726699363
21 14 -0.001029802543695342
21 15 0.0006368537212263672
21 16 -0.001759403026362138
21 17 -0.0005535019983104114
21 18 0.0004480998277712483
21 19 -0.001111355199815988
21 20 -0.00122004622861513
21 21 0.01954655162657644
21 22 0.0001410261738892081
21 23 -0.0001262464106439321
21 24 0.0005804998222357796
21 25 -0.001591063179239755
21 26 0.002885665359931698
21 27 0.002097571136142132
21 28 0.0007528992233762315
21 29 0.001874740461125213
21 30 0.0009877455080236071
21 31 -0.0002626990956407424
22 0 0.0001773943013349514
22 1 0.001155372268102083
22 2 -0.0009252246228303807
22 3 -6.443551879244325e-05
22 4 -0.0008486276149727294
22 5 -0.0007762317375061233
22 6 0.0003640697978859394
22 7 -0.0003658145320742806
22 8 0.00277097511740237
22 9 -0.0006203577168704807
22 10 -0.002611584237796803
22 11 -0.00186957935894084
22 12 0.001145202791266297
22 13 0.0002862843415086622
22 14 0.0001469974680402965
22 15 -0.0001726229148456859
22 16 0.0001928864161225936
22 17 -0.00122633208808589
22 18 -0.000624346344960348
22 19 0.002013317594008353
22 20 -0.001150824285155982
22 21 0.0001410261738891847
22 22 0.01413245389329697
22 23 -0.000101058359218454
22 24 -0.0002655872691177071
22 25 -0.002757943933847907
22 26 -0.004985187991052903
22 27 0.001948262734077425
22 28 0.0008189694203354617
22 29 -0.001859054947984684
22 30 0.003552935708261487
22 31 -0.001835650882114453
23 0 -7.886901949091552e-05
23 1 0.0003857270370031208
23 2 -0.0003920101642058961
23 3 0.0001982163331136582
23 4 0.001270184006429159
23 5 -0.002367429734429062
23 6 0.0001727967387056975
23 7 -0.0001328481596716649
23 8 0.001319347334857858
23 9 -0.001157219668687085
23 10 -0.0008183007422325828
23 11 0.001872552653951908
23 12 0.001480103575247494
23 13 -0.0002282973985667954
23 14 -5.530329215489359e-05
23 15 -0.0004020538570395764
23 16 0.0001626251369953413
23 17 -7.089430932337662e-05
23 18 -0.0003101379728443481
23 19 0.0007583544310830602
23 20 0.001349816273613998
23 21 -0.0001262464106439492
23 22 -0.0001010583592184545
23 23 0.01781674390005293
23 24 -0.002069615062616634
23 25 0.000469493999115453
23 26 0.001498655117853122
23 27 0.0003720311802093752
23 28 0.0002208017636790083
23 29 -0.0006293195901528185
23 30 -0.0001407166872081121
23 31 -0.0002093714641539954
24 0 0.0001451699625671531
24 1 -0.0008000734914714571
24 2 0.0002998270763998585
24 3 -0.001206210194402227
24 4 -0.001384706124243556
24 5 0.001302164507763644
24 6 -0.001956668945677018
24 7 0.0009473585321399659
24 8 -0.001244431236799628
24 9 -0.002172088796052536
24 10 -0.0001524405543887396
24 11 -0.0001467422044904394
24 12 -0.002574638303568797
24 13 0.0003886734019104291
24 14 -0.0003821339290480609
24 15 8.05548623604169e-05
24 16 -8.622227211626148e-06
24 17 0.0003374097452130809
24 18 0.001671587865641714
24 19 0.0006569652747089572
24 20 0.0005737026198818651
24 21 0.0005804998222357893
24 22 -0.0002655872691177261
24 23 -0.002069615062616578
24 24 0.01415169313313579
24 25 -0.001090528061561166
24 26 -0.00108329604349071
24 27 0.0009788957569225889
24 28 0.001334896834146692
24 29 -0.003990386089264544
24 30 0.002378798936670108
24 31 0.0005928042489605724
25 0 -5.732447841360723e-05
25 1 -0.0007649271452050061
25 2 0.0001498057817683236
25 3 0.0006019032243002192
25 4 -0.001587017235370016
25 5 0.003027013735964668
25 6 -0.001284090778608024
25 7 0.001221284517999454
25 8 -0.002084447375983149
25 9 0.0001902009606989466
25 10 0.0004307774558882122
25 11 -0.001243617380841959
25 12 -0.002491165142651239
25 13 -9.96606823855259e-05
25 14 0.0002952553839155486
25 15 0.0003717994643743275
25 16 0.0007504520042446686
25 17 -0.0008518404985177702
25 18 0.0005484969893090009
25 19 8.738438787563791e-05
25 20 -0.0002683857144541088
25 21 -0.001591063179239711
25 22 -0.002757943933847944
25 23 0.0004694939991154388
25 24 -0.001090528061561144
25 25 0.01563050648420345
25 26 -0.001202455098644007
25 27 0.001389652190641135
25 28 0.000395361414220495
25 29 0.001525161081525871
25 30 -0.0001873578470091095
25 31 -0.0002064251584873659
26 0 -0.0001657974849545218
26 1 0.0003253078425397159
26 2 -0.0001903239744356624
26 3 0.0008715693658981874
26 4 -0.001235954968999999
26 5 -0.001379402019981732
26 6 0.003670625264848189
26 7 0.0008605912451149472
26 8 0.001529678470054917
26 9 -0.0006777435966045045
26 10 -0.001736457758255704
26 11 -0.0005923183862667609
26 12 -0.001678277762114009
26 13 0.0002227298749150729
26 14 0.001270693903977667
26 15 -0.0003507520957032274
26 16 0.001039284662470779
26 17 -0.0003694060818904794
26 18 -0.0001738125093852916
26 19 0.0008268603632911194
26 20 -0.000319595269418772
26 21 0.002885665359931655
26 22 -0.00498518799105295
26 23 0.001498655117853144
26 24 -0.001083296043490751
26 25 -0.001202455098644083
26 26 0.01454875389862381
26 27 0.001249947685922676
26 28 -0.0003813865226635873
26 29 0.0006339937233710926
26 30 0.0005987641782352283
26 31 -0.001561773420119592
27 0 -1.171443264506492e-05
27 1 5.926211288990377e-05
27 2 -0.0001716032217433237
27 3 -3.665588986152514e-05
27 4 -0.000217581268816062
27 5 -0.000601788488523852
27 6 -0.001679708761806414
27 7 -0.001911978188791012
27 8 -0.001516129884082015
27 9 0.0001742272655839526
27 10 0.001481163928373555
27 11 0.002143441162537932
27 12 0.00245982431172526
27 13 -0.0008425039370099421
27 14 0.000641334398835792
27 15 0.0003977920441037837
27 16 0.001163603677759734
27 17 0.000261990414610549
27 18 -4.056249813470269e-05
27 19 6.020543558782136e-05
27 20 0.0007534947523309027
27 21 0.002097571136142073
27 22 0.001948262734077515
27 23 0.0003720311802093447
27 24 0.000978895756922647
27 25 0.001389652190641168
27 26 0.001249947685922705
27 27 0.0119362847353025
27 28 -0.0006505584431801702
27 29 -0.000738228987960681
27 30 -0.001645274958262164
27 31 0.001528755999714724
28 0 -2.798574495411554e-06
28 1 0.0005529667233888582
28 2 0.0008068678127161358
28 3 1.50806033884417e-05
28 4 -0.0003074033442075777
28 5 -0.001947385026471474
28 6 -0.001083564179085874
28 7 -0.002266404285654937
28 8 0.00132679860134759
28 9 0.001039714599389156
28 10 0.0006777219246210885
28 11 0.001413580180095589
28 12 -0.0002574802370784212
28 13 -3.051978969714449e-05
28 14 -0.0004094833872840642
28 15 0.0004840927251387538
28 16 -0.0001970713661249676
28 17 9.19221942692797e-05
28 18 -0.0002373098212269798
28 19 -0.0001864010667630676
28 20 0.0003993309353799031
28 21 0.0007528992233762355
28 22 0.0008189694203354596
28 23 0.0002208017636790153
28 24 0.001334896834146631
28 25 0.0003953614142204617
28 26 -0.0003813865226636267
28 27 -0.0006505584431801433
28 28 0.0128022190271916
28 29 0.001210858933365863
28 30 -0.001199781889897088
28 31 0.00051854295211484
29 0 -9.595981111331185e-05
29 1 2.083290947841814e-05
29 2 0.000543651527301363
29 3 -0.001208209824829754
29 4 -0.001093029569810094
29 5 -0.000733257629921025
29 6 -0.0005489344998137461
29 7 0.001137064154497476
29 8 -0.00107690208980923
29 9 -0.0005075171615632395
29 10 0.0008290190470714961
29 11 0.001668189994203386
29 12 -0.001492957643007602
29 13 0.0003909468686240031
29 14 5.693826957559609e-06
29 15 4.083257138593902e-05
29 16 -0.0001567637424423999
29 17 0.0003532654598113143
29 18 0.0001383273876759152
29 19 0.0004175584490420769
29 20 0.0003253156915530842
29 21 0.001874740461125186
29 22 -0.001859054947984665
29 23 -0.0006293195901527966
29 24 -0.003990386089264571
29 25 0.001525161081525834
29 26 0.000633993723371102
29 27 -0.000738228987960678
29 28 0.001210858933365818
29 29 0.0107558860573542
29 30 0.001232315678279665
29 31 0.001383909569055008
30 0 8.241983925852492e-05
30 1 -0.0001232423057958585
30 2 -0.0009994615432366702
30 3 -0.0005819452603471862
30 4 0.0005614696205443585
30 5 0.001317717936511251
30 6 0.0003353308632184781
30 7 -0.0008304304007379401
30 8 0.0004817391968033119
30 9 -0.001683169747587738
30 10 -0.0005230909800956612
30 11 0.0001641668686938787
30 12 -0.00126630840364569
30 13 6.614488376359271e-05
30 14 0.0004189572554654009
30 15 0.000635227415076521
30 16 0.0005635120675763622
30 17 2.3611790477468e-05
30 18 -0.0002116789246252977
30 19 -0.0003934092891529808
30 20 0.0001963847995073042
30 21 0.0009877455080235722
30 22 0.003552935708261274
30 23 -0.0001407166872081349
30 24 0.002378798936670136
30 25 -0.0001873578470090813
30 26 0.0005987641782352424
30 27 -0.00164527495826219
30 28 -0.001199781889897069
30 29 0.001232315678279703
30 30 0.01166051301517444
30 31 -0.0002160738782647916
31 0 -5.653831423098031e-06
31 1 0.0003366009628186038
31 2 0.0006407484840221453
31 3 -0.00133138161246398
31 4 -0.0001691500016596997
31 5 -0.001011772507019813
31 6 -0.001656040539168325
31 7 -0.0002980691309566504
31 8 -0.0009807630306935158
31 9 -0.002355240956358221
31 10 0.001529806597829887
31 11 0.002857173808987425
31 12 0.0005297022102771828
31 13 -0.0003233803842870229
31 14 -0.0001913608440143237
31 15 -0.0003053482704143546
31 16 -0.0001182858184920765
31 17 -0.0001439426646206774
31 18 -5.605889552430281e-05
31 19 0.0001733421462935906
31 20 -0.000403558801547419
31 21 -0.000262699095640764
31 22 -0.001835650882114513
31 23 -0.0002093714641540167
31 24 0.0005928042489605442
31 25 -0.0002064251584873815
31 26 -0.001561773420119591
31 27 0.0015287559997147
31 28 0.0005185429521148619
31 29 0.001383909569054972
31 30 -0.0002160738782648094
31 31 0.01078404059609482
