 &FCI NORB=   9,NELEC=10,MS2=0,
  ORBSYM=1,1,1,1,1,1,1,1,1
  ISYM=1,
 &END
 0.4255227638804322    1    1    1    1
 0.03179643586744722    2    1    1    1
 0.05343005123089732    2    1    2    1
 0.3526086647522996    2    2    1    1
 0.06738929528710212    2    2    2    1
 0.4035105722503725    2    2    2    2
 0.03081604106752081    3    1    1    1
 -0.008189878429516361    3    1    2    1
 0.007662540003239091    3    1    2    2
 0.09006617789226823    3    1    3    1
 -0.01240070477494767    3    2    1    1
 -0.01136971762127111    3    2    2    1
 -0.01950421693956197    3    2    2    2
 0.02633340410905705    3    2    3    1
 0.02412107487689135    3    2    3    2
 0.4294862644857404    3    3    1    1
 0.04421991497953807    3    3    2    1
 0.355359513336907    3    3    2    2
 0.06932711330529016    3    3    3    1
 0.00163286038178375    3    3    3    2
 0.5036219952233889    3    3    3    3
 -0.008387917384853231    4    1    1    1
 -0.003609235474440426    4    1    2    1
 0.008636302123989092    4    1    2    2
 0.002219598669131413    4    1    3    1
 0.001651918331793578    4    1    3    2
 -0.01423644451742439    4    1    3    3
 0.07384822465239507    4    1    4    1
 0.009505781578795194    4    2    1    1
 0.01329195791985426    4    2    2    1
 0.02999368971565198    4    2    2    2
 -0.002132144184980779    4    2    3    1
 -0.004645791661490921    4    2    3    2
 0.003708738240871985    4    2    3    3
 0.02914800742457881    4    2    4    1
 0.02605995712375822    4    2    4    2
 -0.0004085846255091738    4    3    1    1
 0.003962952857527632    4    3    2    1
 -0.004992171483083377    4    3    2    2
 -0.01063115114934692    4    3    3    1
 -0.005425339118691764    4    3    3    2
 -0.004486522649149787    4    3    3    3
 -0.03252972896920467    4    3    4    1
 -0.01235487629240361    4    3    4    2
 0.03382712921509572    4    3    4    3
 0.4106530965489168    4    4    1    1
 0.0632481986012397    4    4    2    1
 0.3500208200639082    4    4    2    2
 -0.02267043937379457    4    4    3    1
 -0.02867008891074294    4    4    3    2
 0.4010116637523683    4    4    3    3
 -0.04313993629809575    4    4    4    1
 0.003150847555779377    4    4    4    2
 0.02739215338694021    4    4    4    3
 0.4930412074121903    4    4    4    4
 -0.05792166763884419    5    1    1    1
 0.004082313834279401    5    1    2    1
 0.009477083336896973    5    1    2    2
 0.00767319536634722    5    1    3    1
 0.004020147418189621    5    1    3    2
 -0.05431640966593505    5    1    3    3
 -0.002417910336473885    5    1    4    1
 0.002134268345382974    5    1    4    2
 0.002554284151419086    5    1    4    3
 -0.06371634427914108    5    1    4    4
 0.05624769295418855    5    1    5    1
 0.04385135675777761    5    2    1    1
 0.05353346093160518    5    2    2    1
 0.0898394763758721    5    2    2    2
 -0.007219879549174431    5    2    3    1
 -0.01646522553380866    5    2    3    2
 0.03719644853645736    5    2    3    3
 -0.001651387414197914    5    2    4    1
 0.0190014592082658    5    2    4    2
 0.003654317083655342    5    2    4    3
 0.06136076452259464    5    2    4    4
 0.007272308936784095    5    2    5    1
 0.07657466379234308    5    2    5    2
 0.01320232372005048    5    3    1    1
 0.003056564766874042    5    3    2    1
 -0.004678433443704206    5    3    2    2
 -0.03545527053946416    5    3    3    1
 -0.0104029408353778    5    3    3    2
 -0.008450022375661117    5    3    3    3
 0.005061536963987196    5    3    4    1
 0.002437818242174863    5    3    4    2
 0.0003471905929339756    5    3    4    3
 0.03436953760907359    5    3    4    4
 -0.02380920072244825    5    3    5    1
 0.002336693581476837    5    3    5    2
 0.03278584022215834    5    3    5    3
 -0.01292127709952813    5    4    1    1
 0.004054860782304082    5    4    2    1
 0.008353866336988931    5    4    2    2
 0.009185437803861005    5    4    3    1
 0.002003702721981213    5    4    3    2
 -0.004859632150030355    5    4    3    3
 -0.02814031708601254    5    4    4    1
 -0.002108355794068018    5    4    4    2
 0.01716234847248692    5    4    4    3
 -0.01060697297619357    5    4    4    4
 0.02265470656860491    5    4    5    1
 0.01004204969637721    5    4    5    2
 -0.01791827922177027    5    4    5    3
 0.03378606056656392    5    4    5    4
 0.3620206263651082    5    5    1    1
 0.03991176658902722    5    5    2    1
 0.3485873053499166    5    5    2    2
 -0.00397366626824229    5    5    3    1
 -0.01501034520176162    5    5    3    2
 0.3580944576588513    5    5    3    3
 0.02081747605608599    5    5    4    1
 0.02325538314840591    5    5    4    2
 -0.01574698912547446    5    5    4    3
 0.3576893435929195    5    5    4    4
 -0.03941714073718541    5    5    5    1
 0.05651633822658807    5    5    5    2
 0.01963424243562369    5    5    5    3
 -0.02110127206163914    5    5    5    4
 0.3640206151970912    5    5    5    5
 0.04150604956392951    6    1    1    1
 0.003679645024011102    6    1    2    1
 0.01968436160274109    6    1    2    2
 -0.002120110660608969    6    1    3    1
 -0.003892802511505774    6    1    3    2
 0.02120473947029402    6    1    3    3
 -0.01041018959870652    6    1    4    1
 0.0006156869221300516    6    1    4    2
 -0.001148100199730448    6    1    4    3
 0.03165047384490224    6    1    4    4
 -0.02145551624306872    6    1    5    1
 0.01650684841732237    6    1    5    2
 0.007710896385313011    6    1    5    3
 0.0001630352832424303    6    1    5    4
 0.02954045354431902    6    1    5    5
 0.03910245531956588    6    1    6    1
 -0.01072697775479125    6    2    1    1
 0.004563209341678251    6    2    2    1
 0.01110659442256234    6    2    2    2
 0.0007429573979774225    6    2    3    1
 -0.001412661249681139    6    2    3    2
 -0.0119886297820463    6    2    3    3
 0.0007885604595975678    6    2    4    1
 0.002170973650358734    6    2    4    2
 -0.001115610987895052    6    2    4    3
 -0.01371298433856283    6    2    4    4
 0.01516115203221966    6    2    5    1
 0.01052903417742742    6    2    5    2
 -0.00469551332392219    6    2    5    3
 0.005435300458959617    6    2    5    4
 0.0001917947576900647    6    2    5    5
 -0.004109327532582532    6    2    6    1
 0.01267323148501531    6    2    6    2
 -0.01070255697563267    6    3    1    1
 0.003810212318712514    6    3    2    1
 -0.009097827509565424    6    3    2    2
 -0.02445816692363522    6    3    3    1
 -0.01004152903652989    6    3    3    2
 -0.03655278359044534    6    3    3    3
 -0.007996727866401725    6    3    4    1
 -0.001152629514280118    6    3    4    2
 0.007447911285896945    6    3    4    3
 0.02029086937255255    6    3    4    4
 -0.001991256833233135    6    3    5    1
 0.00486410717261073    6    3    5    2
 0.01355371183758165    6    3    5    3
 -0.004145610007195329    6    3    5    4
 -0.008526889439641444    6    3    5    5
 0.001253882189408748    6    3    6    1
 -0.001931967541096652    6    3    6    2
 0.03019920238092833    6    3    6    3
 -0.03115881394588148    6    4    1    1
 -0.001574843331913265    6    4    2    1
 -0.01943478246734118    6    4    2    2
 -0.008403983201819332    6    4    3    1
 -0.001241638629133417    6    4    3    2
 -0.02390073065432138    6    4    3    3
 -0.01640773430978845    6    4    4    1
 -0.01013290875873023    6    4    4    2
 0.02261412689038013    6    4    4    3
 -0.007705446141247582    6    4    4    4
 0.01160039806190894    6    4    5    1
 -0.001988147552204474    6    4    5    2
 -0.005627284042365789    6    4    5    3
 0.01389347071904622    6    4    5    4
 -0.02794499218501088    6    4    5    5
 -0.01998694629025591    6    4    6    1
 0.0007221765041319825    6    4    6    2
 0.009231950526148234    6    4    6    3
 0.04648522055111425    6    4    6    4
 -0.03045169186115262    6    5    1    1
 0.010229574730231    6    5    2    1
 0.004491476142903807    6    5    2    2
 -0.00255088309008217    6    5    3    1
 0.0003358876010448433    6    5    3    2
 -0.01632642511532786    6    5    3    3
 0.009007920367923774    6    5    4    1
 0.004540201455102789    6    5    4    2
 -0.004908102655121085    6    5    4    3
 -0.01686289353297038    6    5    4    4
 0.02111902407925712    6    5    5    1
 0.007193339423241471    6    5    5    2
 -0.006087000963099594    6    5    5    3
 -0.0002228719168242475    6    5    5    4
 -0.009423251941236794    6    5    5    5
 -0.02252416248584595    6    5    6    1
 0.005974234126133852    6    5    6    2
 0.00206084789955633    6    5    6    3
 0.01004366884450386    6    5    6    4
 0.03187822808431243    6    5    6    5
 0.3655003313103923    6    6    1    1
 0.02309493108577469    6    6    2    1
 0.3043064904205506    6    6    2    2
 0.002654492170711193    6    6    3    1
 -0.01366285014302411    6    6    3    2
 0.3620745821892458    6    6    3    3
 -0.03224499738774034    6    6    4    1
 -0.0003042073071722129    6    6    4    2
 0.01460912482150338    6    6    4    3
 0.3874347483995303    6    6    4    4
 -0.05179831002904095    6    6    5    1
 0.0319258450562783    6    6    5    2
 0.01733456590717938    6    6    5    3
 -0.002223466098646128    6    6    5    4
 0.3217940400913755    6    6    5    5
 0.03430204313760651    6    6    6    1
 -0.01313172648883659    6    6    6    2
 0.005269280887185813    6    6    6    3
 -0.008758348017651376    6    6    6    4
 -0.02433205805496254    6    6    6    5
 0.3605709979518222    6    6    6    6
 -0.01021487198648854    7    1    1    1
 -0.004943834086709716    7    1    2    1
 -0.001522554509691677    7    1    2    2
 -0.006264347852446487    7    1    3    1
 -0.005641887660727923    7    1    3    2
 0.008237049701204936    7    1    3    3
 -0.01106982498002623    7    1    4    1
 -0.01103614971030986    7    1    4    2
 -0.006246956275968198    7    1    4    3
 -0.01995941879617583    7    1    4    4
 0.008839095294620992    7    1    5    1
 -0.008506126368017524    7    1    5    2
 -0.003031697627406473    7    1    5    3
 0.002058771536994772    7    1    5    4
 -0.003734140449788366    7    1    5    5
 -0.006510846275609069    7    1    6    1
 0.005047580249694164    7    1    6    2
 -0.01592998975070383    7    1    6    3
 -0.009207100490463195    7    1    6    4
 0.005974916383387339    7    1    6    5
 -0.01076208169442523    7    1    6    6
 0.04221444793112301    7    1    7    1
 0.002554993983587676    7    2    1    1
 0.006500760341341355    7    2    2    1
 0.005905015670848635    7    2    2    2
 -0.01866518830065106    7    2    3    1
 -0.01072710631330359    7    2    3    2
 0.003682228317976804    7    2    3    3
 -0.01593793435820186    7    2    4    1
 -0.01000283348254226    7    2    4    2
 0.003537552195216315    7    2    4    3
 0.01178455310026658    7    2    4    4
 -0.002628988850174591    7    2    5    1
 0.005425910542848481    7    2    5    2
 0.001660355997058949    7    2    5    3
 -0.001652115679598144    7    2    5    4
 0.004323875873092641    7    2    5    5
 0.006956358501470645    7    2    6    1
 -0.0003383704299971562    7    2    6    2
 0.002656859937545096    7    2    6    3
 -0.001183262069875467    7    2    6    4
 -0.001473859311851677    7    2    6    5
 0.007505812220078255    7    2    6    6
 0.01390232805977342    7    2    7    1
 0.0217577196850806    7    2    7    2
 -0.03703860565682858    7    3    1    1
 -0.0257764780548115    7    3    2    1
 -0.04298793418034576    7    3    2    2
 0.03090828315959501    7    3    3    1
 0.01761239361178802    7    3    3    2
 -0.009532659053505182    7    3    3    3
 -0.0136205446950826    7    3    4    1
 -0.01266326003247678    7    3    4    2
 0.0002264372920809608    7    3    4    3
 -0.0453313241480304    7    3    4    4
 0.0135062563852522    7    3    5    1
 -0.02985071620128704    7    3    5    2
 -0.02381990584260265    7    3    5    3
 0.01477262748963555    7    3    5    4
 -0.03909820670390059    7    3    5    5
 -0.02556029659005192    7    3    6    1
 0.0003336252357707953    7    3    6    2
 -0.01611895760133879    7    3    6    3
 0.02370174902219742    7    3    6    4
 0.01135772843428068    7    3    6    5
 -0.02028961312667961    7    3    6    6
 0.012487795201939    7    3    7    1
 -0.009991340808555991    7    3    7    2
 0.06849580783205168    7    3    7    3
 -0.0527387583750142    7    4    1    1
 -0.02206459765864981    7    4    2    1
 -0.0571176856398397    7    4    2    2
 -0.02072940152268023    7    4    3    1
 -0.0006780833512655362    7    4    3    2
 -0.05306148422076139    7    4    3    3
 -0.02308369567299284    7    4    4    1
 -0.01479248309196417    7    4    4    2
 0.01107287562028549    7    4    4    3
 -0.02840391561044431    7    4    4    4
 0.003714936821293727    7    4    5    1
 -0.02365220881903338    7    4    5    2
 0.006109965204843189    7    4    5    3
 0.007621580812028587    7    4    5    4
 -0.04178490057235909    7    4    5    5
 -0.02091449003239735    7    4    6    1
 -0.002291265929214031    7    4    6    2
 0.01765523200502192    7    4    6    3
 0.03526363748561351    7    4    6    4
 0.01186794423052353    7    4    6    5
 -0.01320078631129411    7    4    6    6
 0.004418424920592253    7    4    7    1
 0.001469705306416372    7    4    7    2
 0.03347782598617925    7    4    7    3
 0.06753960656294535    7    4    7    4
 0.01462038721926566    7    5    1    1
 0.0007072461627017677    7    5    2    1
 0.006985515813728142    7    5    2    2
 0.003700111487724358    7    5    3    1
 -0.005665456167179216    7    5    3    2
 0.003450918104632214    7    5    3    3
 -0.006273402478018578    7    5    4    1
 -0.004436096987458473    7    5    4    2
 0.008202016061140103    7    5    4    3
 0.01640265365397271    7    5    4    4
 -0.00280539642048223    7    5    5    1
 0.00514206577506295    7    5    5    2
 -0.003161850817161752    7    5    5    3
 0.001283951888030431    7    5    5    4
 0.001959236224336444    7    5    5    5
 0.006992483484074133    7    5    6    1
 -0.0008318872095448562    7    5    6    2
 0.005921713480952604    7    5    6    3
 0.005937220333691163    7    5    6    4
 -0.009212354483717971    7    5    6    5
 0.0111814491646511    7    5    6    6
 -0.009350162795529592    7    5    7    1
 0.003179334739106959    7    5    7    2
 -0.004161175074535397    7    5    7    3
 -0.004874993625435737    7    5    7    4
 0.01534428678480706    7    5    7    5
 -0.01062787629672804    7    6    1    1
 0.01466473128596333    7    6    2    1
 -0.002336202346867294    7    6    2    2
 -0.03770542480294319    7    6    3    1
 -0.0114396530087398    7    6    3    2
 -0.02464819302416198    7    6    3    3
 -0.03509433088133934    7    6    4    1
 -0.008884039361928785    7    6    4    2
 0.02910835608953915    7    6    4    3
 0.04517449388094714    7    6    4    4
 0.002683506208520015    7    6    5    1
 0.01088425547619522    7    6    5    2
 0.01392034907386895    7    6    5    3
 0.01342053827295123    7    6    5    4
 -0.01366769029575097    7    6    5    5
 -0.002850262446314289    7    6    6    1
 -0.000896061311364462    7    6    6    2
 0.02191250824281588    7    6    6    3
 0.02576973591298011    7    6    6    4
 0.001253793579656489    7    6    6    5
 0.01660697985859506    7    6    6    6
 -0.006118656420029329    7    6    7    1
 0.00671185716502963    7    6    7    2
 -0.007097460347189634    7    6    7    3
 0.02356112296756776    7    6    7    4
 0.00395630971635123    7    6    7    5
 0.05182511046867853    7    6    7    6
 0.4446720793076147    7    7    1    1
 0.06353001092063484    7    7    2    1
 0.3792337702511291    7    7    2    2
 0.02781039819086008    7    7    3    1
 -0.01932688272090377    7    7    3    2
 0.469375751656269    7    7    3    3
 -0.01782100437653947    7    7    4    1
 0.009350353147052895    7    7    4    2
 0.02266428693273147    7    7    4    3
 0.4685606061143935    7    7    4    4
 -0.06057822456481701    7    7    5    1
 0.0617333044355911    7    7    5    2
 0.01186794320327663    7    7    5    3
 -0.009079742581794562    7    7    5    4
 0.3732020570057709    7    7    5    5
 0.03207074892882446    7    7    6    1
 -0.01452782747694471    7    7    6    2
 -0.007044874353653033    7    7    6    3
 -0.01402104633247458    7    7    6    4
 -0.0256369130692878    7    7    6    5
 0.3921585029075272    7    7    6    6
 -0.02311990551883865    7    7    7    1
 0.005858561707829662    7    7    7    2
 -0.05062395757037752    7    7    7    3
 -0.06560243443122178    7    7    7    4
 0.02292624426106409    7    7    7    5
 0.01209280052124554    7    7    7    6
 0.5359143047913121    7    7    7    7
 0.009117277052037789    8    1    1    1
 -0.005027679941315065    8    1    2    1
 0.002313599889127907    8    1    2    2
 -0.006884444539099246    8    1    3    1
 -0.01016856945904855    8    1    3    2
 0.01592280712597055    8    1    3    3
 0.009375578391850697    8    1    4    1
 0.007264091022263797    8    1    4    2
 0.005066577329776922    8    1    4    3
 -0.000838670664982614    8    1    4    4
 -0.007404331946568384    8    1    5    1
 -0.005894190353561302    8    1    5    2
 -0.002292401567318768    8    1    5    3
 0.00577902341302962    8    1    5    4
 0.00423422867993683    8    1    5    5
 -0.002355601977480482    8    1    6    1
 -0.002688834701510312    8    1    6    2
 -0.01232273095712271    8    1    6    3
 0.008903973395265713    8    1    6    4
 -0.007754270154229314    8    1    6    5
 0.005290587979014045    8    1    6    6
 0.003536796086745359    8    1    7    1
 -5.862478537315282e-05    8    1    7    2
 0.00694904630082643    8    1    7    3
 -0.00306256809359643    8    1    7    4
 0.00377395859082787    8    1    7    5
 -0.00171912433549753    8    1    7    6
 0.01626019568418653    8    1    7    7
 0.03701125323455901    8    1    8    1
 -0.0116913639174568    8    2    1    1
 -0.002909827319410687    8    2    2    1
 -0.005705685976025394    8    2    2    2
 -0.02002731131506763    8    2    3    1
 -0.009630363217220326    8    2    3    2
 -0.01166553397764961    8    2    3    3
 0.01544377431724075    8    2    4    1
 0.01054164626807145    8    2    4    2
 -0.004133065935546826    8    2    4    3
 -0.008820248462280071    8    2    4    4
 -0.003489065474397754    8    2    5    1
 -0.004924116093608062    8    2    5    2
 0.001236035592526015    8    2    5    3
 -0.0004998683540333968    8    2    5    4
 -0.001031292082388907    8    2    5    5
 -0.005172864253607514    8    2    6    1
 -0.0007952764437119959    8    2    6    2
 -0.0002116238322204887    8    2    6    3
 0.00277209011820383    8    2    6    4
 0.003704866080155987    8    2    6    5
 -0.007811023429946939    8    2    6    6
 0.002170901625511097    8    2    7    1
 0.001746414265497913    8    2    7    2
 -0.001910550489152285    8    2    7    3
 0.004541902327896296    8    2    7    4
 -0.003747345878889404    8    2    7    5
 -0.0002356865585568684    8    2    7    6
 -0.01220375307479576    8    2    7    7
 0.01627602499214469    8    2    8    1
 0.02339026782300868    8    2    8    2
 -0.03654601328737962    8    3    1    1
 -0.03150217343635524    8    3    2    1
 -0.0455269666206814    8    3    2    2
 0.02445894952386847    8    3    3    1
 0.01497016656202168    8    3    3    2
 -0.01995641692620089    8    3    3    3
 0.01603703793263365    8    3    4    1
 -0.006077282208906977    8    3    4    2
 -0.01057043104980089    8    3    4    3
 -0.05818737988086997    8    3    4    4
 0.004230769115494034    8    3    5    1
 -0.03369299202489079    8    3    5    2
 -0.01575702293948504    8    3    5    3
 -0.00684971623720018    8    3    5    4
 -0.02408932786787474    8    3    5    5
 -0.02364409122223651    8    3    6    1
 -0.000524210987220835    8    3    6    2
 -0.01647164465242967    8    3    6    3
 0.004027477387568265    8    3    6    4
 0.01386699323134054    8    3    6    5
 -0.03101860754838161    8    3    6    6
 0.01311165919676686    8    3    7    1
 -0.009401809527368831    8    3    7    2
 0.04486885817779509    8    3    7    3
 0.01692413242916385    8    3    7    4
 -0.008739822411608684    8    3    7    5
 -0.02619052087912352    8    3    7    6
 -0.05277523188405991    8    3    7    7
 -0.0006824990735308702    8    3    8    1
 0.003179199286054403    8    3    8    2
 0.06248105914039429    8    3    8    3
 0.03921330216503588    8    4    1    1
 0.02343470705545599    8    4    2    1
 0.04693944536036113    8    4    2    2
 0.01592256402497094    8    4    3    1
 -0.003472758420259929    8    4    3    2
 0.03813158702443923    8    4    3    3
 -0.01447096226037558    8    4    4    1
 0.002158434729302521    8    4    4    2
 0.00103669303216497    8    4    4    3
 0.04110796586324954    8    4    4    4
 0.007096014062951226    8    4    5    1
 0.02555125174318489    8    4    5    2
 -0.01021643084215462    8    4    5    3
 0.01103102962605968    8    4    5    4
 0.01672540915452398    8    4    5    5
 0.01720162742111225    8    4    6    1
 0.003354670220991389    8    4    6    2
 -0.002216150672617294    8    4    6    3
 -0.009078029966482364    8    4    6    4
 -0.01031488622917724    8    4    6    5
 0.02196479975208025    8    4    6    6
 -0.00553429169215779    8    4    7    1
 0.003824280431986805    8    4    7    2
 -0.01135813906592206    8    4    7    3
 -0.03149805662964841    8    4    7    4
 0.01291024449814399    8    4    7    5
 0.003599750889447202    8    4    7    6
 0.04961878861928257    8    4    7    7
 0.001234184187106717    8    4    8    1
 -0.009293186881113465    8    4    8    2
 -0.0325599275881614    8    4    8    3
 0.04901846216555823    8    4    8    4
 -0.03139906403067554    8    5    1    1
 -0.01309462586230851    8    5    2    1
 -0.02651388392471719    8    5    2    2
 -0.01570591827254759    8    5    3    1
 -0.00543186531382752    8    5    3    2
 -0.04474402516656453    8    5    3    3
 0.0199188342711804    8    5    4    1
 0.00679479340481916    8    5    4    2
 -0.01136211731421776    8    5    4    3
 -0.02556104576416042    8    5    4    4
 4.501234421901629e-06    8    5    5    1
 -0.0117294764049107    8    5    5    2
 0.009799194484718143    8    5    5    3
 -0.01485748474640764    8    5    5    4
 -0.007425051627452674    8    5    5    5
 -0.01220972779663613    8    5    6    1
 0.001598373803456201    8    5    6    2
 0.01160578377820998    8    5    6    3
 -0.00404671712176781    8    5    6    4
 0.01539113805162707    8    5    6    5
 -0.02102091683622004    8    5    6    6
 0.003195203734248012    8    5    7    1
 -0.003615431420791722    8    5    7    2
 -0.0004186064920775039    8    5    7    3
 0.01977566584977466    8    5    7    4
 -0.009609774482068427    8    5    7    5
 -0.005894737811327352    8    5    7    6
 -0.04727816530162268    8    5    7    7
 -0.01124045163983747    8    5    8    1
 0.01097712088025633    8    5    8    2
 0.02403884300118605    8    5    8    3
 -0.03185305491056591    8    5    8    4
 0.04282901660157233    8    5    8    5
 -0.01496671218616058    8    6    1    1
 -0.004705679136241311    8    6    2    1
 -0.01104457383675365    8    6    2    2
 -0.03247367827253378    8    6    3    1
 -0.007487105595090453    8    6    3    2
 -0.03591766049798798    8    6    3    3
 0.02435649475188118    8    6    4    1
 0.008958907229663911    8    6    4    2
 -0.00661560367013994    8    6    4    3
 -0.01263425623362022    8    6    4    4
 -0.01094502318229785    8    6    5    1
 -0.0007121382238839632    8    6    5    2
 0.01997068101699501    8    6    5    3
 -0.01658279446340576    8    6    5    4
 0.009073724292823084    8    6    5    5
 0.001900668947883061    8    6    6    1
 -0.001133940208833544    8    6    6    2
 0.00738166665370151    8    6    6    3
 -0.006250158843798066    8    6    6    4
 0.001676538583927985    8    6    6    5
 -0.009473931092184111    8    6    6    6
 -0.002527739248992865    8    6    7    1
 0.001152142954655443    8    6    7    2
 -0.02025308881213946    8    6    7    3
 0.003189212016466272    8    6    7    4
 -0.005604013461673668    8    6    7    5
 -0.001689133804003069    8    6    7    6
 -0.02421348894606243    8    6    7    7
 0.003929346594903654    8    6    8    1
 0.009311324479242889    8    6    8    2
 1.911011413394151e-05    8    6    8    3
 -0.02192783407157439    8    6    8    4
 0.01802288592892469    8    6    8    5
 0.03268778580858397    8    6    8    6
 0.01374076448453961    8    7    1    1
 0.0007071843125153622    8    7    2    1
 0.01284420909400647    8    7    2    2
 0.02600617272224561    8    7    3    1
 0.004863972274281836    8    7    3    2
 0.04526467978724086    8    7    3    3
 -0.006877417680482725    8    7    4    1
 -0.00108050671284836    8    7    4    2
 0.0008743547824436489    8    7    4    3
 -0.01461131099062002    8    7    4    4
 0.007677005374459765    8    7    5    1
 -0.002376334942035937    8    7    5    2
 -0.01557957938146617    8    7    5    3
 0.01564399258174745    8    7    5    4
 -0.001973584505147649    8    7    5    5
 -0.001433547727788143    8    7    6    1
 0.001227098283987126    8    7    6    2
 -0.01957928738996793    8    7    6    3
 -8.846147972116819e-05    8    7    6    4
 -0.003774244485703832    8    7    6    5
 0.00126701393785426    8    7    6    6
 0.01254498637152351    8    7    7    1
 -0.0007630901481586315    8    7    7    2
 0.008958853921382551    8    7    7    3
 -0.007218985994493125    8    7    7    4
 -0.00346731835549546    8    7    7    5
 -0.01130637099949855    8    7    7    6
 0.01706447055191943    8    7    7    7
 0.01261082799259956    8    7    8    1
 0.000198178350637173    8    7    8    2
 -0.002481913988909839    8    7    8    3
 0.007238404948948044    8    7    8    4
 -0.017803464555471    8    7    8    5
 -0.01558445473555478    8    7    8    6
 0.03435448440144199    8    7    8    7
 0.4400722305344415    8    8    1    1
 0.06407161824460475    8    8    2    1
 0.3815178634545644    8    8    2    2
 0.007406696971457505    8    8    3    1
 -0.01655327385769289    8    8    3    2
 0.4554323259297314    8    8    3    3
 0.003808348960329754    8    8    4    1
 0.01404376261518233    8    8    4    2
 -0.02184035641253554    8    8    4    3
 0.4526984562198251    8    8    4    4
 -0.07023520731120629    8    8    5    1
 0.06386298053666875    8    8    5    2
 0.03679822783520027    8    8    5    3
 -0.03974637764670218    8    8    5    4
 0.4021011263232941    8    8    5    5
 0.0426362492304391    8    8    6    1
 -0.01162419003096548    8    8    6    2
 -0.004476323507905985    8    8    6    3
 -0.05173316241796452    8    8    6    4
 -0.01787786699709804    8    8    6    5
 0.3809326096523548    8    8    6    6
 0.0005622007476689042    8    8    7    1
 0.01289482879430513    8    8    7    2
 -0.06421045543101692    8    8    7    3
 -0.06289912275221798    8    8    7    4
 0.002123464475221987    8    8    7    5
 -0.009802934991277434    8    8    7    6
 0.4780998889090803    8    8    7    7
 -0.01174630844088394    8    8    8    1
 -0.01613628696152026    8    8    8    2
 -0.05547039185748567    8    8    8    3
 0.04300765984170116    8    8    8    4
 -0.02477278426418446    8    8    8    5
 -0.003405329732925548    8    8    8    6
 0.001277500322732085    8    8    8    7
 0.5473869305806444    8    8    8    8
 -0.02254124750775252    9    1    1    1
 -0.0198632524851712    9    1    2    1
 -0.02915563494139374    9    1    2    2
 0.001193691368771998    9    1    3    1
 0.002951338893505466    9    1    3    2
 -0.02668067290579156    9    1    3    3
 -0.004377386507665802    9    1    4    1
 -0.003467640096213876    9    1    4    2
 -0.0007752418002835871    9    1    4    3
 -0.02917938511874213    9    1    4    4
 -0.001443212424979473    9    1    5    1
 -0.008930750705160528    9    1    5    2
 -0.003352809380523013    9    1    5    3
 0.005265891703200395    9    1    5    4
 -0.01164012680711051    9    1    5    5
 -0.001309283666777697    9    1    6    1
 0.004564990692594515    9    1    6    2
 -0.0008556949084719327    9    1    6    3
 0.008943756347716488    9    1    6    4
 0.00396693380782061    9    1    6    5
 -0.007062920449701452    9    1    6    6
 0.003988976849266094    9    1    7    1
 -0.003341394773117688    9    1    7    2
 0.02298263748272646    9    1    7    3
 0.02468992777991038    9    1    7    4
 -0.003825555224788035    9    1    7    5
 -0.004317481738286531    9    1    7    6
 -0.04427859772144869    9    1    7    7
 0.0004654067601925024    9    1    8    1
 0.004500188498205684    9    1    8    2
 0.0232419765182261    9    1    8    3
 -0.01931020135686159    9    1    8    4
 0.01534678681115992    9    1    8    5
 0.004357937857924474    9    1    8    6
 -0.003556877575578301    9    1    8    7
 -0.04181328582402206    9    1    8    8
 0.02867761932125182    9    1    9    1
 -0.06210765651809123    9    2    1    1
 -0.01604130284063012    9    2    2    1
 -0.02898623850340655    9    2    2    2
 -0.002420640364541397    9    2    3    1
 0.004205477126497524    9    2    3    2
 -0.06504022019935188    9    2    3    3
 0.006417899283225219    9    2    4    1
 0.004931501858995482    9    2    4    2
 -0.003560513852886925    9    2    4    3
 -0.06952106855508802    9    2    4    4
 0.02400146472050554    9    2    5    1
 0.0007166656305093035    9    2    5    2
 -0.01330301699442762    9    2    5    3
 0.01457418105456731    9    2    5    4
 -0.02532412546680064    9    2    5    5
 -0.01018744045669359    9    2    6    1
 0.01741125352381637    9    2    6    2
 -0.003348812619650027    9    2    6    3
 0.01908884960457993    9    2    6    4
 0.02476133511422028    9    2    6    5
 -0.04064870288346664    9    2    6    6
 0.003490753260557307    9    2    7    1
 -0.007869463224231226    9    2    7    2
 0.02930711506994574    9    2    7    3
 0.02732851310479752    9    2    7    4
 -0.009218794727003687    9    2    7    5
 -0.005523089191907171    9    2    7    6
 -0.09017601114093395    9    2    7    7
 0.002035430336413541    9    2    8    1
 0.01171347788508568    9    2    8    2
 0.0279438900332466    9    2    8    3
 -0.02115708139717875    9    2    8    4
 0.02270309854817311    9    2    8    5
 0.007905177495048094    9    2    8    6
 -0.003547491467765233    9    2    8    7
 -0.08953918941583654    9    2    8    8
 0.03907197829065882    9    2    9    1
 0.08543247034140856    9    2    9    2
 0.01171122740390577    9    3    1    1
 -0.0002205218501020016    9    3    2    1
 0.006056910865409402    9    3    2    2
 -0.003850604759740406    9    3    3    1
 -0.008340170394971628    9    3    3    2
 0.02299874334609815    9    3    3    3
 -0.002922546931602785    9    3    4    1
 -0.002863974794431803    9    3    4    2
 -0.001457410053556564    9    3    4    3
 0.006587556263927885    9    3    4    4
 -0.004334509318544606    9    3    5    1
 -0.00663515693683267    9    3    5    2
 -0.003949411866310216    9    3    5    3
 0.0001601632195506341    9    3    5    4
 0.003433139596975073    9    3    5    5
 0.0004317285300359274    9    3    6    1
 -0.003413449972590281    9    3    6    2
 -0.008203224027398877    9    3    6    3
 -0.004053556425757294    9    3    6    4
 -0.005201329379426507    9    3    6    5
 0.005872547529808922    9    3    6    6
 0.01568498024048023    9    3    7    1
 0.01086278431145856    9    3    7    2
 0.001193191985806073    9    3    7    3
 -0.006287294858623583    9    3    7    4
 0.001702494144827508    9    3    7    5
 -0.00399134382826128    9    3    7    6
 0.01639708691786803    9    3    7    7
 0.01551364288294264    9    3    8    1
 0.008298450947347893    9    3    8    2
 -0.001531917881731993    9    3    8    3
 0.006527322165328308    9    3    8    4
 -0.008325099260668725    9    3    8    5
 -0.004551697584396702    9    3    8    6
 0.0105562369142737    9    3    8    7
 0.01204143033416543    9    3    8    8
 -0.006863838689423074    9    3    9    1
 -0.01487738725083505    9    3    9    2
 0.01991088808073715    9    3    9    3
 -0.01899337940497823    9    4    1    1
 0.0004314957532195429    9    4    2    1
 0.001331156024980967    9    4    2    2
 -0.005083590605512692    9    4    3    1
 -0.001478308890673597    9    4    3    2
 -0.02028391399941852    9    4    3    3
 -0.004523819510209586    9    4    4    1
 -0.006484246777226084    9    4    4    2
 -0.00423325270715592    9    4    4    3
 -0.02387771039385243    9    4    4    4
 0.01250625444662293    9    4    5    1
 0.009269069240683547    9    4    5    2
 -0.001909500807470097    9    4    5    3
 -0.00067358520995396    9    4    5    4
 0.0001436668709582248    9    4    5    5
 0.0009851610964639959    9    4    6    1
 0.01105789823517217    9    4    6    2
 -0.001651517899665804    9    4    6    3
 -0.002825164483464304    9    4    6    4
 0.01121193824785981    9    4    6    5
 -0.01560188605197972    9    4    6    6
 0.01665296740297727    9    4    7    1
 0.009200106496723592    9    4    7    2
 -0.0006273792966427255    9    4    7    3
 0.003978775838658643    9    4    7    4
 -0.004869848273143856    9    4    7    5
 -0.005520855494233997    9    4    7    6
 -0.03348411333154543    9    4    7    7
 -0.01308726236716513    9    4    8    1
 -0.004633672649404532    9    4    8    2
 0.007831354598211587    9    4    8    3
 -0.007085675400596418    9    4    8    4
 0.01089077563825091    9    4    8    5
 0.00531654417808405    9    4    8    6
 -0.003401637818952189    9    4    8    7
 -0.01079632350371034    9    4    8    8
 0.01185264068700455    9    4    9    1
 0.02584068610279892    9    4    9    2
 -0.004461090755034634    9    4    9    3
 0.02798600779731131    9    4    9    4
 -0.02370654344174486    9    5    1    1
 0.01142562234428241    9    5    2    1
 0.01896950128562843    9    5    2    2
 -0.007208073326166479    9    5    3    1
 -0.007735171589120623    9    5    3    2
 -0.02862064150363315    9    5    3    3
 0.009646468341538039    9    5    4    1
 0.01509942032311072    9    5    4    2
 -0.0005875777480790631    9    5    4    3
 -0.02324424249229063    9    5    4    4
 0.02251355978142134    9    5    5    1
 0.02673429086652055    9    5    5    2
 -0.00900402499265422    9    5    5    3
 0.01502971186773546    9    5    5    4
 -2.234927591986755e-05    9    5    5    5
 -0.002655020128369883    9    5    6    1
 0.01841606086130985    9    5    6    2
 -0.001247950727840139    9    5    6    3
 0.01091856132694232    9    5    6    4
 0.01669782635100596    9    5    6    5
 -0.0208724754295719    9    5    6    6
 -0.002562962167499121    9    5    7    1
 -0.004420637232997729    9    5    7    2
 0.0009447996485746862    9    5    7    3
 -0.001001692703912201    9    5    7    4
 -0.001576438196128889    9    5    7    5
 0.002044419398246127    9    5    7    6
 -0.02995133213972292    9    5    7    7
 0.009420060456924123    9    5    8    1
 0.0124213246943485    9    5    8    2
 -0.005144272128918446    9    5    8    3
 0.005965911660875681    9    5    8    4
 0.004241227001998843    9    5    8    5
 0.003423228055739766    9    5    8    6
 0.001578048166052418    9    5    8    7
 -0.03831391620785282    9    5    8    8
 0.01522023678603569    9    5    9    1
 0.05280272886027233    9    5    9    2
 -0.006831800443445299    9    5    9    3
 0.01427550366591505    9    5    9    4
 0.05378648298619976    9    5    9    5
 0.01925249786480525    9    6    1    1
 0.01860207983498365    9    6    2    1
 0.04339981782535282    9    6    2    2
 0.0002697528956956984    9    6    3    1
 -0.006696383199523307    9    6    3    2
 0.01031543153414143    9    6    3    3
 0.009308640668863043    9    6    4    1
 0.0167217404839934    9    6    4    2
 -0.004381145146685366    9    6    4    3
 0.01193908842305483    9    6    4    4
 0.00533813194981915    9    6    5    1
 0.03403951070685535    9    6    5    2
 -0.003383772626614513    9    6    5    3
 0.008268915767463185    9    6    5    4
 0.02880026623898662    9    6    5    5
 0.01372254787350704    9    6    6    1
 0.007526413833598985    9    6    6    2
 -0.002941970452469298    9    6    6    3
 -0.00801129839460935    9    6    6    4
 -0.002141217145730174    9    6    6    5
 0.008012388887664687    9    6    6    6
 -0.006327108170268906    9    6    7    1
 -0.002152579979999691    9    6    7    2
 -0.01506378566271101    9    6    7    3
 -0.01968350860414097    9    6    7    4
 0.002444065195674935    9    6    7    5
 -0.004690596626341713    9    6    7    6
 0.01669274697481711    9    6    7    7
 0.004276562285758834    9    6    8    1
 0.003828459376533922    9    6    8    2
 -0.01513448524904134    9    6    8    3
 0.01496687996038669    9    6    8    4
 -0.005323853951478726    9    6    8    5
 0.000951574295678614    9    6    8    6
 0.002520947270897839    9    6    8    7
 0.01662202456178109    9    6    8    8
 -0.0002967397259554162    9    6    9    1
 0.01066830704930187    9    6    9    2
 -0.002336390133842442    9    6    9    3
 0.002555238609679929    9    6    9    4
 0.02356714626665675    9    6    9    5
 0.02763569618909316    9    6    9    6
 0.007221685915604235    9    7    1    1
 -0.008149527423489993    9    7    2    1
 -0.005110640931175985    9    7    2    2
 0.03205256988329632    9    7    3    1
 0.01810642651971442    9    7    3    2
 0.01371794107904155    9    7    3    3
 0.03288054742633419    9    7    4    1
 0.01443489220283996    9    7    4    2
 -0.01589665525965369    9    7    4    3
 -0.01732889417661103    9    7    4    4
 -0.00470647145080785    9    7    5    1
 -0.01163119922159833    9    7    5    2
 -0.004619177861384422    9    7    5    3
 -0.01008037643076117    9    7    5    4
 0.005167769395056843    9    7    5    5
 -0.005502017972177172    9    7    6    1
 -0.00349113363771725    9    7    6    2
 -0.0107134006040545    9    7    6    3
 -0.01324769196711149    9    7    6    4
 0.00106312507908758    9    7    6    5
 -0.009575035723126707    9    7    6    6
 -0.01789974507825949    9    7    7    1
 -0.02392467612638461    9    7    7    2
 0.007125360824742565    9    7    7    3
 -0.01760118543391409    9    7    7    4
 -0.006056994733029878    9    7    7    5
 -0.02546380849869396    9    7    7    6
 0.002568439848166284    9    7    7    7
 -0.002417965198283969    9    7    8    1
 -0.00199503512782236    9    7    8    2
 0.01823660014494794    9    7    8    3
 -0.005042219198367713    9    7    8    4
 0.005308322085571991    9    7    8    5
 0.00111117996451816    9    7    8    6
 0.001067851447744065    9    7    8    7
 0.005401447769905546    9    7    8    8
 -0.001592922925485811    9    7    9    1
 -0.0004198742499982968    9    7    9    2
 -0.01152876348044964    9    7    9    3
 -0.01343137406155077    9    7    9    4
 -0.00428451897986331    9    7    9    5
 0.0008731561798639232    9    7    9    6
 0.04333506205025765    9    7    9    7
 0.002371864731700367    9    8    1    1
 0.009411756235512469    9    8    2    1
 0.02004900307930643    9    8    2    2
 0.03430678015247432    9    8    3    1
 0.01451262262452459    9    8    3    2
 0.01463830070573183    9    8    3    3
 -0.02598435201129584    9    8    4    1
 -0.009918602654981061    9    8    4    2
 0.01011708923775509    9    8    4    3
 -0.006163833818819061    9    8    4    4
 0.02331971170263635    9    8    5    1
 0.01833646211564905    9    8    5    2
 -0.02083088656629511    9    8    5    3
 0.02176175429812739    9    8    5    4
 -0.006531205409481201    9    8    5    5
 0.002872174698302961    9    8    6    1
 0.008663963869296618    9    8    6    2
 -0.008390160364944554    9    8    6    3
 0.008784449206925744    9    8    6    4
 0.00210943524078908    9    8    6    5
 0.0003584160360902456    9    8    6    6
 -0.001532801426853261    9    8    7    1
 -0.003081917073250316    9    8    7    2
 0.01643218299994939    9    8    7    3
 -0.0051457879857728    9    8    7    4
 0.004610408989645981    9    8    7    5
 0.001398942383768655    9    8    7    6
 0.004648794373551565    9    8    7    7
 -0.01520180469703791    9    8    8    1
 -0.02325125805544629    9    8    8    2
 -0.001594205092811197    9    8    8    3
 0.01893820163803871    9    8    8    4
 -0.0220754230826796    9    8    8    5
 -0.0233586562588206    9    8    8    6
 0.01193083272346364    9    8    8    7
 -0.01154308271822173    9    8    8    8
 0.001946567807226893    9    8    9    1
 0.009730433586350616    9    8    9    2
 -0.01162323654750429    9    8    9    3
 0.01129613930919112    9    8    9    4
 0.007401338751356064    9    8    9    5
 0.006720812728162794    9    8    9    6
 -0.001048447977764242    9    8    9    7
 0.0490171778266115    9    8    9    8
 0.3923124129097676    9    9    1    1
 0.1108984757371174    9    9    2    1
 0.464800096138127    9    9    2    2
 -0.007053893738405678    9    9    3    1
 -0.03715145261233112    9    9    3    2
 0.3919717529486827    9    9    3    3
 0.01720143308433924    9    9    4    1
 0.05200222455389809    9    9    4    2
 -0.005615573823485836    9    9    4    3
 0.4141746914108909    9    9    4    4
 0.0008949300068477376    9    9    5    1
 0.1454890991916583    9    9    5    2
 0.005521581823730262    9    9    5    3
 0.008655120886256376    9    9    5    4
 0.401839888927884    9    9    5    5
 0.03348592388432754    9    9    6    1
 0.01937554708139907    9    9    6    2
 -0.003618338949717294    9    9    6    3
 -0.02474173136655795    9    9    6    4
 0.01272381696976181    9    9    6    5
 0.339250907531576    9    9    6    6
 -0.01307868424303054    9    9    7    1
 0.007888108625356504    9    9    7    2
 -0.0753110426631375    9    9    7    3
 -0.08011940406131224    9    9    7    4
 0.007923756456907271    9    9    7    5
 0.006903388710958988    9    9    7    6
 0.4461363018582295    9    9    7    7
 0.005205517787617233    9    9    8    1
 0.001735718293046796    9    9    8    2
 -0.07687583642695561    9    9    8    3
 0.06560571342285067    9    9    8    4
 -0.02910786783715495    9    9    8    5
 -0.004098414326104692    9    9    8    6
 0.007825876720519908    9    9    8    7
 0.4526092655104977    9    9    8    8
 -0.03602520848301805    9    9    9    1
 -0.02207285558937327    9    9    9    2
 0.001599382189906918    9    9    9    3
 0.005275013434578171    9    9    9    4
 0.05211178138296196    9    9    9    5
 0.07734613654005529    9    9    9    6
 -0.01037992778025448    9    9    9    7
 0.02057746907824876    9    9    9    8
 0.6143466812118639    9    9    9    9
 -4.401164679031112    1    1  0  0
 -0.3311917710237394    2    1  0  0
 -3.684521140254954    2    2  0  0
 -0.1298886704081395    3    1  0  0
 0.1118255731922395    3    2  0  0
 -3.956147500859924    3    3  0  0
 0.0464086996967595    4    1  0  0
 -0.1050768681043323    4    2  0  0
 -0.000954612483786099    4    3  0  0
 -3.837790396571473    4    4  0  0
 0.3043880228985164    5    1  0  0
 -0.4396019370312852    5    2  0  0
 -0.08860075752577697    5    3  0  0
 0.06749307032769787    5    4  0  0
 -3.429836325421344    5    5  0  0
 -0.2608497194582268    6    1  0  0
 0.05206550274628496    6    2  0  0
 0.06561992956257742    6    3  0  0
 0.2115700546185827    6    4  0  0
 0.1442429538389778    6    5  0  0
 -2.697833105877214    6    6  0  0
 0.05569292825937741    7    1  0  0
 -0.04757821030536646    7    2  0  0
 0.3293644928752115    7    3  0  0
 0.4182473475290914    7    4  0  0
 -0.08681146131353044    7    5  0  0
 0.01529404486007335    7    6  0  0
 -3.380091027163203    7    7  0  0
 -0.0452984714845796    8    1  0  0
 0.07249392127362596    8    2  0  0
 0.3429769045898857    8    3  0  0
 -0.3286380638468036    8    4  0  0
 0.2468066271718052    8    5  0  0
 0.1176695419349212    8    6  0  0
 -0.1014852783217176    8    7  0  0
 -3.352296787447798    8    8  0  0
 0.2139507317663165    9    1  0  0
 0.4650190561378574    9    2  0  0
 -0.08641452324221863    9    3  0  0
 0.1136090387738822    9    4  0  0
 0.1078766795202729    9    5  0  0
 -0.2056427960755006    9    6  0  0
 -0.007620679310460368    9    7  0  0
 -0.04092574021192867    9    8  0  0
 -3.159782933856251    9    9  0  0
 0  0  0  0  0
