0 0 1.999963398356511
0 1 -3.567842027521092e-05
0 2 -1.23322328237907e-05
0 3 -8.238863967039701e-05
0 4 -4.204933019577162e-06
0 5 -1.108281772304555e-05
0 6 -2.036640970317509e-05
0 7 -3.052694075138986e-07
0 8 7.658317556686705e-06
0 9 -1.349261899837228e-05
0 10 -4.332089798205101e-06
0 11 7.424354695036064e-06
0 12 -7.372818589551492e-05
0 13 3.425391351586114e-05
0 14 1.052315596051408e-05
0 15 -6.325040778309063e-05
0 16 3.262412069985477e-05
0 17 -0.000102212791025328
0 18 -2.982010326607719e-05
0 19 -6.444847258069378e-05
0 20 0.0002094557135800712
0 21 -0.0002457403004651905
0 22 8.805952692615882e-06
0 23 -0.0001270383819555056
0 24 -5.82048315863086e-05
1 0 -3.567842027521091e-05
1 1 1.98889247760365
1 2 -6.881852337083923e-05
1 3 -0.0004040483319825735
1 4 0.0001473375995518736
1 5 0.000269613603926366
1 6 0.0007378972759109572
1 7 -0.000246661895583296
1 8 0.001142241415536548
1 9 0.0008035810181288494
1 10 0.0006621677153197242
1 11 0.0007971239986419089
1 12 0.0007367723559767185
1 13 -0.0001929003935815141
1 14 0.001358574366981379
1 15 0.0009152646511522819
1 16 -0.0005904407594772376
1 17 0.0005238009581509562
1 18 0.001106709972315915
1 19 -0.0002601057139844484
1 20 -0.0003331330199274221
1 21 0.0003340045914598739
1 22 3.825879168989663e-05
1 23 7.284754497325664e-05
1 24 -0.0006025967823901446
2 0 -1.233223282379079e-05
2 1 -6.881852337084257e-05
2 2 1.987331917651104
2 3 7.91793741587087e-05
2 4 -2.603347567590403e-05
2 5 1.126679723470673e-05
2 6 -0.0004789951688214446
2 7 -0.0006627588932474754
2 8 0.001107221588738083
2 9 0.0001681973736393394
2 10 -0.0002987441882520533
2 11 -0.001039200945242803
2 12 -0.0001794188180365207
2 13 -0.0007009951215984153
2 14 -0.0003751227706189753
2 15 0.0003524509779465903
2 16 -0.0001593954785747392
2 17 0.0001110055180661797
2 18 -0.0003612676021957816
2 19 -0.0001450725899016961
2 20 -0.0005830249894028133
2 21 -0.000242938304079801
2 22 -0.0007213115406122209
2 23 -0.0001111887794915052
2 24 0.0003746186654215812
3 0 -8.238863967039665e-05
3 1 -0.0004040483319825993
3 2 7.917937415871067e-05
3 3 1.984225966681269
3 4 -3.422697390223426e-05
3 5 0.0001358209154546352
3 6 -0.0003886493043731489
3 7 -0.0001280743884138149
3 8 0.0004550840200606414
3 9 0.0006756366899477922
3 10 0.0002276148980086627
3 11 0.0008175950309075443
3 12 0.00277531247900029
3 13 -0.001110361919519784
3 14 -0.0001991710905235531
3 15 0.0009705277486353857
3 16 0.0003847844792125786
3 17 -0.0004378461054995819
3 18 -6.228940342068825e-05
3 19 0.00014332836119661
3 20 0.0003270973943349306
3 21 -0.001738420105996858
3 22 -0.0001346374613021766
3 23 0.001226554793640607
3 24 0.0006726723540897458
4 0 -4.204933019577135e-06
4 1 0.0001473375995518582
4 2 -2.603347567590444e-05
4 3 -3.42269739022232e-05
4 4 1.983581645391662
4 5 0.001513698340342305
4 6 -0.0006357548511592072
4 7 0.0004328096627075917
4 8 -0.004593828994861061
4 9 -0.0008721079878818745
4 10 -0.00169173037826693
4 11 -0.003304896005098588
4 12 -0.00256757366284579
4 13 0.00139995825855663
4 14 -0.002581593898309869
4 15 -0.001437400433584259
4 16 0.001126797393071315
4 17 0.0003380009078977807
4 18 -0.000290854534681793
4 19 -0.0002489092271148794
4 20 -0.0005697126649144861
4 21 -0.0001495962637327352
4 22 0.000479185604975721
4 23 0.0006268035827409022
4 24 1.591911708999716e-05
5 0 -1.108281772304545e-05
5 1 0.000269613603926365
5 2 1.126679723471771e-05
5 3 0.0001358209154546257
5 4 0.001513698340342292
5 5 1.980086252902078
5 6 -0.0001370946310042679
5 7 0.0001244665292863452
5 8 -0.002523420167545844
5 9 -0.0009656827804161989
5 10 -0.002168237605718979
5 11 -0.001595912572979493
5 12 -0.001338617216093846
5 13 0.001000753711537689
5 14 -0.0006029434312199282
5 15 -0.002447423604963868
5 16 0.0003100112226574432
5 17 -0.0003595555659814334
5 18 9.94427644714989e-05
5 19 0.000398498103248365
5 20 -0.0003932961567537998
5 21 0.0005152002969448077
5 22 -7.242532786765981e-05
5 23 7.932803694283106e-05
5 24 -0.0004925257862055537
6 0 -2.036640970317527e-05
6 1 0.0007378972759109449
6 2 -0.0004789951688214576
6 3 -0.0003886493043731483
6 4 -0.0006357548511591708
6 5 -0.0001370946310042676
6 6 1.978892516818093
6 7 0.0001359681890196399
6 8 -6.396868581736711e-05
6 9 -0.0001300883556434616
6 10 -0.0008558168476516894
6 11 -0.002675464903114458
6 12 -0.005365328297687596
6 13 0.003509621691012096
6 14 0.003153201580099632
6 15 -0.0006650979533043757
6 16 -0.002944087225956268
6 17 0.00108614275305429
6 18 0.002864320091331642
6 19 0.001479866069906816
6 20 0.002228431669230831
6 21 0.001094579731737075
6 22 -0.002240950690417428
6 23 -0.00140243458982607
6 24 -0.001174699227705269
7 0 -3.052694075138734e-07
7 1 -0.0002466618955833131
7 2 -0.0006627588932475016
7 3 -0.0001280743884137966
7 4 0.0004328096627075825
7 5 0.0001244665292863305
7 6 0.0001359681890196387
7 7 1.978051667148383
7 8 0.0006626686038684309
7 9 0.0005387172057307496
7 10 -9.750407756101934e-06
7 11 -0.001133390526188842
7 12 -0.001682604306572808
7 13 6.859849558225513e-06
7 14 0.0009689036291031081
7 15 0.0008812030093705416
7 16 -0.0007309450935204917
7 17 0.000540253198671928
7 18 -8.21005749844146e-05
7 19 -6.757300492791013e-05
7 20 6.805562819715548e-05
7 21 -0.0002388596932466471
7 22 0.000739697718178101
7 23 -0.0001952418463566157
7 24 0.0001972564719385059
8 0 7.658317556686723e-06
8 1 0.001142241415536541
8 2 0.001107221588738069
8 3 0.0004550840200606823
8 4 -0.004593828994861215
8 5 -0.002523420167545789
8 6 -6.396868581737901e-05
8 7 0.0006626686038684534
8 8 1.982159958151523
8 9 -0.0003914991223663866
8 10 0.003939075437614935
8 11 0.005546371786720161
8 12 0.004122413364976905
8 13 0.0008679576557991404
8 14 -0.001471787709832329
8 15 -3.554014746545956e-05
8 16 -0.0001402455615681737
8 17 0.0006307487708165052
8 18 -0.0005573407813993914
8 19 0.0007448252566645221
8 20 -0.0004780821250514966
8 21 0.001361498776047392
8 22 0.001057919505314681
8 23 -0.0006422223226017069
8 24 0.0003389560607662967
9 0 -1.349261899837211e-05
9 1 0.0008035810181289128
9 2 0.0001681973736393538
9 3 0.0006756366899477509
9 4 -0.0008721079878818992
9 5 -0.0009656827804161677
9 6 -0.0001300883556434285
9 7 0.0005387172057307501
9 8 -0.0003914991223663995
9 9 1.974276134403682
9 10 0.0008699735331922831
9 11 0.0009384010102797002
9 12 -0.0009668922539714141
9 13 0.0002847648754332122
9 14 -0.001256025349781832
9 15 -0.0009522888483795928
9 16 0.003295924519884985
9 17 0.0003073821059966976
9 18 -0.0007291846006191295
9 19 -0.0007074162683326959
9 20 -0.0006061859128506262
9 21 -0.001649220912107866
9 22 0.001220964373621624
9 23 0.0006627018738700309
9 24 0.0002028521453077918
10 0 -4.332089798204891e-06
10 1 0.0006621677153197288
10 2 -0.0002987441882519852
10 3 0.0002276148980086215
10 4 -0.001691730378266912
10 5 -0.002168237605718952
10 6 -0.0008558168476516803
10 7 -9.750407756106596e-06
10 8 0.003939075437614882
10 9 0.000869973533192279
10 10 1.976527263869048
10 11 0.000618710471662412
10 12 -0.0009181923902195243
10 13 -0.001209917151462876
10 14 0.0004083905614717801
10 15 0.001517987708519825
10 16 -0.003027301062144929
10 17 0.001235307412943846
10 18 -0.0009901072144319267
10 19 0.0009688477486621476
10 20 0.000155770647564023
10 21 0.0008770647906134997
10 22 0.0006990499158686047
10 23 0.0003550732682534857
10 24 -0.001238587972546573
11 0 7.424354695036219e-06
11 1 0.0007971239986419237
11 2 -0.001039200945242818
11 3 0.0008175950309075461
11 4 -0.0033048960050986
11 5 -0.001595912572979557
11 6 -0.002675464903114499
11 7 -0.001133390526188797
11 8 0.00554637178672016
11 9 0.0009384010102795715
11 10 0.0006187104716624317
11 11 1.974171587266826
11 12 -0.003127851447756938
11 13 -0.002715938538963021
11 14 -0.001659155875395774
11 15 0.0002673587770825393
11 16 -0.004703192398411547
11 17 0.001604473694548278
11 18 -0.001488198272646214
11 19 0.002788618656179494
11 20 -0.000243406645732179
11 21 0.001305761618361149
11 22 0.001707160869070941
11 23 -9.640807076508141e-05
11 24 -0.0001510511382341094
12 0 -7.372818589551427e-05
12 1 0.0007367723559767195
12 2 -0.0001794188180365217
12 3 0.002775312479000306
12 4 -0.002567573662845743
12 5 -0.001338617216093854
12 6 -0.005365328297687579
12 7 -0.00168260430657279
12 8 0.004122413364976847
12 9 -0.0009668922539713984
12 10 -0.0009181923902195342
12 11 -0.003127851447756943
12 12 0.008431972188238251
12 13 0.003553220300874891
12 14 -0.0007715949713956078
12 15 -0.001554771308534081
12 16 -0.002293244343517377
12 17 0.003458752416810703
12 18 -4.810537436481077e-05
12 19 2.742714482751305e-07
12 20 -0.00187890048734491
12 21 0.002191084017122444
12 22 0.002339502399033915
12 23 0.0002858080781869637
12 24 -0.0007525627231038376
13 0 3.425391351586042e-05
13 1 -0.0001929003935815146
13 2 -0.0007009951215984174
13 3 -0.001110361919519809
13 4 0.001399958258556596
13 5 0.001000753711537705
13 6 0.003509621691012083
13 7 6.859849558224755e-06
13 8 0.0008679576557991405
13 9 0.0002847648754332144
13 10 -0.001209917151462868
13 11 -0.002715938538963055
13 12 0.003553220300874897
13 13 0.01777805473899616
13 14 0.001548106769479455
13 15 0.002957999614665131
13 16 -0.003996961006052934
13 17 0.0005449847293796851
13 18 -0.002431121780664908
13 19 0.006709210975895325
13 20 0.002698976211679363
13 21 -0.001627293251235104
13 22 0.003070164358615777
13 23 0.0006596709993080922
13 24 -0.001467504855236499
14 0 1.05231559605141e-05
14 1 0.001358574366981353
14 2 -0.0003751227706189645
14 3 -0.0001991710905235516
14 4 -0.00258159389830992
14 5 -0.0006029434312199349
14 6 0.00315320158009963
14 7 0.0009689036291031248
14 8 -0.001471787709832322
14 9 -0.001256025349781848
14 10 0.0004083905614717738
14 11 -0.001659155875395773
14 12 -0.0007715949713955947
14 13 0.001548106769479455
14 14 0.02297909600509193
14 15 -0.001533100067888221
14 16 0.001866826832569559
14 17 0.0008309721855809702
14 18 0.0001704667891132887
14 19 0.001270547172199186
14 20 -0.0004281037771843352
14 21 -0.001211155348950844
14 22 0.0008386864470204903
14 23 9.087552690990362e-05
14 24 0.0001692759212141322
15 0 -6.325040778309071e-05
15 1 0.0009152646511522787
15 2 0.0003524509779465886
15 3 0.000970527748635385
15 4 -0.00143740043358424
15 5 -0.00244742360496389
15 6 -0.0006650979533043709
15 7 0.0008812030093705429
15 8 -3.554014746546065e-05
15 9 -0.000952288848379572
15 10 0.001517987708519815
15 11 0.0002673587770825347
15 12 -0.001554771308534102
15 13 0.002957999614665249
15 14 -0.001533100067888191
15 15 0.02025091232913514
15 16 0.002250527520765221
15 17 -0.001051005405331748
15 18 0.001173859930381139
15 19 -0.001974833945605256
15 20 -0.001712500646888519
15 21 0.0009154763169822511
15 22 -0.001118249888020987
15 23 0.0001312208546138256
15 24 -0.0004546044248825369
16 0 3.262412069985463e-05
16 1 -0.0005904407594772486
16 2 -0.00015939547857474
16 3 0.0003847844792125725
16 4 0.001126797393071298
16 5 0.0003100112226574477
16 6 -0.002944087225956287
16 7 -0.0007309450935204913
16 8 -0.0001402455615681811
16 9 0.003295924519885037
16 10 -0.003027301062144937
16 11 -0.004703192398411471
16 12 -0.00229324434351737
16 13 -0.003996961006052929
16 14 0.001866826832569497
16 15 0.002250527520765217
16 16 0.01114298693649479
16 17 -0.003229388102041784
16 18 -0.003749319823190852
16 19 -0.00429091531545411
16 20 -0.0007628632338980014
16 21 -0.002321536653088666
16 22 0.001338846695348933
16 23 0.002681553061589803
16 24 0.002615498438611351
17 0 -0.0001022127910253278
17 1 0.0005238009581509597
17 2 0.0001110055180661789
17 3 -0.0004378461054995873
17 4 0.0003380009078977785
17 5 -0.0003595555659814354
17 6 0.001086142753054267
17 7 0.000540253198671911
17 8 0.0006307487708165126
17 9 0.0003073821059966909
17 10 0.001235307412943843
17 11 0.001604473694548256
17 12 0.003458752416810642
17 13 0.0005449847293796683
17 14 0.0008309721855810201
17 15 -0.00105100540533166
17 16 -0.003229388102041741
17 17 0.01683566569214232
17 18 -0.001975371202982553
17 19 -0.00281517471417814
17 20 -0.001204569561539664
17 21 0.0002168923466747732
17 22 -0.001300696198702383
17 23 0.0006878317552573207
17 24 0.002240288833648708
18 0 -2.982010326607744e-05
18 1 0.001106709972315937
18 2 -0.0003612676021957834
18 3 -6.228940342068741e-05
18 4 -0.0002908545346818029
18 5 9.944276447149898e-05
18 6 0.002864320091331637
18 7 -8.210057498441673e-05
18 8 -0.0005573407813993826
18 9 -0.0007291846006191288
18 10 -0.0009901072144319217
18 11 -0.001488198272646213
18 12 -4.810537436482305e-05
18 13 -0.002431121780664957
18 14 0.0001704667891133424
18 15 0.001173859930381171
18 16 -0.003749319823190901
18 17 -0.001975371202982555
18 18 0.01770085062626974
18 19 -0.00134834842923934
18 20 0.0005960727460961619
18 21 -0.001196169955440411
18 22 0.0008823835714949009
18 23 0.001611659469708198
18 24 0.001959468400288213
19 0 -6.444847258069394e-05
19 1 -0.0002601057139844534
19 2 -0.0001450725899016976
19 3 0.0001433283611966078
19 4 -0.0002489092271148743
19 5 0.0003984981032483642
19 6 0.001479866069906797
19 7 -6.757300492790963e-05
19 8 0.0007448252566645149
19 9 -0.0007074162683326871
19 10 0.000968847748662145
19 11 0.0027886186561795
19 12 2.742714482522877e-07
19 13 0.006709210975895274
19 14 0.001270547172199209
19 15 -0.001974833945605233
19 16 -0.004290915315454161
19 17 -0.002815174714178175
19 18 -0.001348348429239333
19 19 0.01155911472100567
19 20 -0.003473155225834819
19 21 -0.001446477089018936
19 22 6.651768657003727e-05
19 23 0.002226908210895599
19 24 0.002769260895240812
20 0 0.0002094557135800744
20 1 -0.0003331330199274235
20 2 -0.0005830249894028128
20 3 0.0003270973943349258
20 4 -0.0005697126649144915
20 5 -0.000393296156753799
20 6 0.00222843166923082
20 7 6.80556281971553e-05
20 8 -0.0004780821250514968
20 9 -0.0006061859128506199
20 10 0.0001557706475640186
20 11 -0.0002434066457321803
20 12 -0.001878900487344878
20 13 0.002698976211679333
20 14 -0.000428103777184329
20 15 -0.001712500646888532
20 16 -0.0007628632338979725
20 17 -0.001204569561539639
20 18 0.0005960727460961508
20 19 -0.003473155225834864
20 20 0.01675986375993406
20 21 -0.001731350530426636
20 22 -0.0008957463989258015
20 23 0.0006367175409577675
20 24 0.001196569999054006
21 0 -0.0002457403004651902
21 1 0.0003340045914598729
21 2 -0.0002429383040797989
21 3 -0.001738420105996873
21 4 -0.0001495962637327358
21 5 0.0005152002969448223
21 6 0.001094579731737078
21 7 -0.0002388596932466475
21 8 0.001361498776047406
21 9 -0.001649220912107866
21 10 0.0008770647906135113
21 11 0.00130576161836115
21 12 0.002191084017122417
21 13 -0.001627293251235122
21 14 -0.001211155348950842
21 15 0.0009154763169822704
21 16 -0.002321536653088693
21 17 0.000216892346674734
21 18 -0.001196169955440418
21 19 -0.001446477089018938
21 20 -0.001731350530426662
21 21 0.01935060389276164
21 22 0.0008918245013258281
21 23 0.0001318644960901782
21 24 0.0003158962700977366
22 0 8.805952692615858e-06
22 1 3.825879168989556e-05
22 2 -0.0007213115406122267
22 3 -0.0001346374613021773
22 4 0.0004791856049757179
22 5 -7.242532786766315e-05
22 6 -0.002240950690417409
22 7 0.00073969771817811
22 8 0.001057919505314704
22 9 0.001220964373621585
22 10 0.0006990499158686046
22 11 0.00170716086907096
22 12 0.002339502399033921
22 13 0.003070164358615724
22 14 0.0008386864470204768
22 15 -0.001118249888020961
22 16 0.001338846695348914
22 17 -0.0013006961987024
22 18 0.000882383571494899
22 19 6.651768657006392e-05
22 20 -0.0008957463989258132
22 21 0.0008918245013258283
22 22 0.01568991462343204
22 23 -0.001734359979778553
22 24 0.0006273858130285859
23 0 -0.0001270383819555052
23 1 7.284754497325583e-05
23 2 -0.0001111887794915053
23 3 0.001226554793640587
23 4 0.0006268035827408974
23 5 7.932803694283051e-05
23 6 -0.001402434589826059
23 7 -0.0001952418463566164
23 8 -0.0006422223226017123
23 9 0.000662701873870039
23 10 0.0003550732682534831
23 11 -9.640807076508095e-05
23 12 0.0002858080781869482
23 13 0.0006596709993080751
23 14 9.087552690992812e-05
23 15 0.0001312208546137518
23 16 0.002681553061589786
23 17 0.0006878317552572984
23 18 0.001611659469708188
23 19 0.002226908210895594
23 20 0.0006367175409577161
23 21 0.0001318644960901827
23 22 -0.001734359979778543
23 23 0.01663522352383218
23 24 -0.001260048587418514
24 0 -5.820483158630844e-05
24 1 -0.0006025967823901457
24 2 0.0003746186654215745
24 3 0.0006726723540897421
24 4 1.591911708999818e-05
24 5 -0.0004925257862055564
24 6 -0.001174699227705266
24 7 0.0001972564719385063
24 8 0.0003389560607663015
24 9 0.0002028521453077927
24 10 -0.001238587972546579
24 11 -0.0001510511382341109
24 12 -0.0007525627231038349
24 13 -0.001467504855236494
24 14 0.0001692759212141373
24 15 -0.0004546044248825554
24 16 0.002615498438611306
24 17 0.002240288833648713
24 18 0.00195946840028819
24 19 0.002769260895240858
24 20 0.001196569999053986
24 21 0.0003158962700977289
24 22 0.0006273858130285995
24 23 -0.001260048587418512
24 24 0.01672495471020445
